1.685220846108749975e+05 3.440856933593750000e-02 5.508422851562500000e-02 -9.989318847656250000e-01
1.685221183558749908e+05 3.518676757812500000e-02 5.366516113281250000e-02 -9.958038330078125000e-01
1.685221481068750145e+05 3.256225585937500000e-02 5.455017089843750000e-02 -9.972686767578125000e-01
1.685221778308750072e+05 3.247070312500000000e-02 5.459594726562500000e-02 -1.002838134765625000e+00
1.685222075888749969e+05 3.401184082031250000e-02 5.450439453125000000e-02 -1.002807617187500000e+00
1.685222373318749887e+05 3.414916992187500000e-02 5.471801757812500000e-02 -9.992218017578125000e-01
1.685222670518750092e+05 3.233337402343750000e-02 5.508422851562500000e-02 -9.979858398437500000e-01
1.685222968148750078e+05 3.292846679687500000e-02 5.482482910156250000e-02 -9.969482421875000000e-01
1.685223265598749858e+05 3.324890136718750000e-02 5.433654785156250000e-02 -9.999389648437500000e-01
1.685223562968749902e+05 3.613281250000000000e-02 5.442810058593750000e-02 -9.989166259765625000e-01
1.685223860408749897e+05 3.356933593750000000e-02 5.456542968750000000e-02 -9.995269775390625000e-01
1.685224157828750031e+05 3.181457519531250000e-02 5.438232421875000000e-02 -9.983520507812500000e-01
1.685224455238750088e+05 3.303527832031250000e-02 5.523681640625000000e-02 -9.994506835937500000e-01
1.685224752658749931e+05 3.240966796875000000e-02 5.476379394531250000e-02 -9.972839355468750000e-01
1.685225050088750140e+05 3.471374511718750000e-02 5.511474609375000000e-02 -9.962615966796875000e-01
1.685225347508749983e+05 3.370666503906250000e-02 5.484008789062500000e-02 -1.001190185546875000e+00
1.685225644928750116e+05 3.335571289062500000e-02 5.468750000000000000e-02 -1.000900268554687944e+00
1.685225942338749883e+05 3.384399414062500000e-02 5.493164062500000000e-02 -1.001052856445312056e+00
1.685226239728750079e+05 3.395080566406250000e-02 5.477905273437500000e-02 -9.987792968750000000e-01
1.685226537158749998e+05 3.320312500000000000e-02 5.491638183593750000e-02 -9.978332519531250000e-01
1.685226834588749916e+05 3.413391113281250000e-02 5.514526367187500000e-02 -9.973754882812500000e-01
1.685227131998749974e+05 3.411865234375000000e-02 5.488586425781250000e-02 -1.000366210937500000e+00
1.685227429418750107e+05 3.276062011718750000e-02 5.509948730468750000e-02 -9.996795654296875000e-01
1.685227726838749950e+05 3.106689453125000000e-02 5.508422851562500000e-02 -9.990692138671875000e-01
1.685228024268749868e+05 3.479003906250000000e-02 5.479431152343750000e-02 -9.998626708984375000e-01
1.685228321808750043e+05 3.388977050781250000e-02 5.448913574218750000e-02 -9.973907470703125000e-01
1.685228619188749872e+05 3.253173828125000000e-02 5.412292480468750000e-02 -9.989624023437500000e-01
1.685228916628749867e+05 3.353881835937500000e-02 5.473327636718750000e-02 -1.000732421875000000e+00
1.685229214018750063e+05 3.417968750000000000e-02 5.509948730468750000e-02 -9.990997314453125000e-01
1.685229511428750120e+05 3.271484375000000000e-02 5.488586425781250000e-02 -9.978485107421875000e-01
1.685229808878749900e+05 3.337097167968750000e-02 5.456542968750000000e-02 -9.978179931640625000e-01
1.685230106298750034e+05 3.268432617187500000e-02 5.464172363281250000e-02 -9.979858398437500000e-01
1.685230403718749876e+05 3.202819824218750000e-02 5.488586425781250000e-02 -9.991455078125000000e-01
1.685230701158749871e+05 3.392028808593750000e-02 5.517578125000000000e-02 -9.995727539062500000e-01
1.685230998588750081e+05 3.372192382812500000e-02 5.485534667968750000e-02 -9.992065429687500000e-01
1.685231296683750115e+05 3.224182128906250000e-02 5.484008789062500000e-02 -9.976196289062500000e-01
1.685231594083750097e+05 3.311157226562500000e-02 5.506896972656250000e-02 -9.959564208984375000e-01
1.685231891473750002e+05 3.251647949218750000e-02 5.516052246093750000e-02 -9.977874755859375000e-01
1.685232188713749929e+05 3.317260742187500000e-02 5.468750000000000000e-02 -9.991455078125000000e-01
1.685232486383749929e+05 3.324890136718750000e-02 5.520629882812500000e-02 -9.987792968750000000e-01
1.685232783753749973e+05 3.477478027343750000e-02 5.537414550781250000e-02 -9.990539550781250000e-01
1.685233081173750106e+05 3.305053710937500000e-02 5.441284179687500000e-02 -9.972991943359375000e-01
1.685233378643750038e+05 3.291320800781250000e-02 5.491638183593750000e-02 -9.974975585937500000e-01
1.685233675913749903e+05 3.211975097656250000e-02 5.435180664062500000e-02 -9.978790283203125000e-01
1.685233973603750055e+05 3.245544433593750000e-02 5.494689941406250000e-02 -9.996948242187500000e-01
1.685234270923750009e+05 3.308105468750000000e-02 5.503845214843750000e-02 -9.979705810546875000e-01
1.685234568373750080e+05 3.161621093750000000e-02 5.516052246093750000e-02 -1.000076293945312056e+00
1.685234865843750013e+05 3.237915039062500000e-02 5.462646484375000000e-02 -9.983673095703125000e-01
1.685235163233749918e+05 3.359985351562500000e-02 5.499267578125000000e-02 -9.992065429687500000e-01
1.685235460623750114e+05 3.515625000000000000e-02 5.422973632812500000e-02 -9.994354248046875000e-01
1.685235758173750073e+05 3.311157226562500000e-02 5.494689941406250000e-02 -9.980010986328125000e-01
1.685236055373749987e+05 3.158569335937500000e-02 5.520629882812500000e-02 -9.975585937500000000e-01
1.685236352843749919e+05 3.311157226562500000e-02 5.468750000000000000e-02 -9.992828369140625000e-01
1.685236650443749968e+05 3.311157226562500000e-02 5.503845214843750000e-02 -9.977874755859375000e-01
1.685236947943750129e+05 3.317260742187500000e-02 5.468750000000000000e-02 -9.991912841796875000e-01
1.685237245253750007e+05 3.184509277343750000e-02 5.445861816406250000e-02 -9.995422363281250000e-01
1.685237542833749903e+05 3.424072265625000000e-02 5.480957031250000000e-02 -9.969940185546875000e-01
1.685237840083749907e+05 3.411865234375000000e-02 5.517578125000000000e-02 -9.978179931640625000e-01
1.685238137633749866e+05 3.335571289062500000e-02 5.494689941406250000e-02 -9.982147216796875000e-01
1.685238435133750027e+05 3.317260742187500000e-02 5.511474609375000000e-02 -9.992370605468750000e-01
1.685238732493749994e+05 3.433227539062500000e-02 5.465698242187500000e-02 -9.987335205078125000e-01
1.685239029813749949e+05 3.295898437500000000e-02 5.441284179687500000e-02 -9.980773925781250000e-01
1.685239327503750101e+05 3.315734863281250000e-02 5.529785156250000000e-02 -9.969787597656250000e-01
1.685239624723749876e+05 3.387451171875000000e-02 5.459594726562500000e-02 -9.967803955078125000e-01
1.685239922173749947e+05 3.306579589843750000e-02 5.427551269531250000e-02 -9.974060058593750000e-01
1.685240219573749928e+05 3.364562988281250000e-02 5.531311035156250000e-02 -1.000289916992187944e+00
1.685240517123749887e+05 3.379821777343750000e-02 5.491638183593750000e-02 -9.977569580078125000e-01
1.685240814643749909e+05 3.393554687500000000e-02 5.484008789062500000e-02 -9.987792968750000000e-01
1.685241111993750092e+05 3.425598144531250000e-02 5.462646484375000000e-02 -9.972991943359375000e-01
1.685241409413749934e+05 3.271484375000000000e-02 5.432128906250000000e-02 -9.991760253906250000e-01
1.685241706863750005e+05 3.419494628906250000e-02 5.502319335937500000e-02 -9.974517822265625000e-01
1.685242004263749986e+05 3.318786621093750000e-02 5.439758300781250000e-02 -9.987792968750000000e-01
1.685242301693749905e+05 3.324890136718750000e-02 5.517578125000000000e-02 -9.988250732421875000e-01
1.685242599203750142e+05 3.297424316406250000e-02 5.497741699218750000e-02 -9.992980957031250000e-01
1.685242896613749908e+05 3.163146972656250000e-02 5.514526367187500000e-02 -9.985351562500000000e-01
1.685243194083750132e+05 3.242492675781250000e-02 5.480957031250000000e-02 -9.990997314453125000e-01
1.685243491533749911e+05 3.251647949218750000e-02 5.484008789062500000e-02 -9.982147216796875000e-01
1.685243788973749906e+05 3.170776367187500000e-02 5.456542968750000000e-02 -9.990692138671875000e-01
1.685244086403750116e+05 3.250122070312500000e-02 5.523681640625000000e-02 -9.994201660156250000e-01
1.685244383933749923e+05 3.390502929687500000e-02 5.458068847656250000e-02 -9.972686767578125000e-01
1.685244681323750119e+05 3.359985351562500000e-02 5.464172363281250000e-02 -9.971771240234375000e-01
1.685244978783749975e+05 3.349304199218750000e-02 5.468750000000000000e-02 -9.989013671875000000e-01
1.685245276233750046e+05 3.405761718750000000e-02 5.477905273437500000e-02 -9.990844726562500000e-01
1.685245573653749889e+05 3.253173828125000000e-02 5.516052246093750000e-02 -9.984436035156250000e-01
1.685245871083750098e+05 3.257751464843750000e-02 5.458068847656250000e-02 -9.983978271484375000e-01
1.685246168643750134e+05 3.213500976562500000e-02 5.471801757812500000e-02 -9.984436035156250000e-01
1.685246465973749873e+05 3.370666503906250000e-02 5.534362792968750000e-02 -9.996032714843750000e-01
1.685246763423749944e+05 3.334045410156250000e-02 5.493164062500000000e-02 -9.979400634765625000e-01
1.685247060873750015e+05 3.332519531250000000e-02 5.506896972656250000e-02 -9.985351562500000000e-01
1.685247358333749871e+05 3.263854980468750000e-02 5.487060546875000000e-02 -9.979858398437500000e-01
1.685247655823749956e+05 3.306579589843750000e-02 5.523681640625000000e-02 -9.975433349609375000e-01
1.685247953283750103e+05 3.289794921875000000e-02 5.484008789062500000e-02 -9.988403320312500000e-01
1.685248250663749932e+05 3.318786621093750000e-02 5.422973632812500000e-02 -9.993286132812500000e-01
1.685248548153750016e+05 3.369140625000000000e-02 5.497741699218750000e-02 -9.981994628906250000e-01
1.685248845593750011e+05 3.552246093750000000e-02 5.496215820312500000e-02 -9.974365234375000000e-01
1.685249143033750006e+05 3.283691406250000000e-02 5.474853515625000000e-02 -9.978485107421875000e-01
1.685249440503749938e+05 3.286743164062500000e-02 5.508422851562500000e-02 -9.999237060546875000e-01
1.685249738003750099e+05 3.204345703125000000e-02 5.471801757812500000e-02 -9.970245361328125000e-01
1.685250035373750143e+05 3.208923339843750000e-02 5.484008789062500000e-02 -9.986724853515625000e-01
1.685250332823749923e+05 3.302001953125000000e-02 5.516052246093750000e-02 -9.992675781250000000e-01
1.685250630263749918e+05 3.405761718750000000e-02 5.477905273437500000e-02 -9.991302490234375000e-01
1.685250927713749988e+05 3.369140625000000000e-02 5.484008789062500000e-02 -9.990692138671875000e-01
1.685251225163750059e+05 3.398132324218750000e-02 5.433654785156250000e-02 -9.978942871093750000e-01
1.685251522633749992e+05 3.295898437500000000e-02 5.540466308593750000e-02 -9.990692138671875000e-01
1.685251820193750027e+05 3.346252441406250000e-02 5.494689941406250000e-02 -9.996490478515625000e-01
1.685252117563750071e+05 3.356933593750000000e-02 5.490112304687500000e-02 -9.986572265625000000e-01
1.685252415213749919e+05 3.340148925781250000e-02 5.465698242187500000e-02 -9.993286132812500000e-01
1.685252712523750088e+05 3.329467773437500000e-02 5.500793457031250000e-02 -9.985961914062500000e-01
1.685253009893750132e+05 3.393554687500000000e-02 5.513000488281250000e-02 -9.981536865234375000e-01
1.685253307173750072e+05 3.268432617187500000e-02 5.467224121093750000e-02 -9.981536865234375000e-01
1.685253604833749996e+05 3.381347656250000000e-02 5.502319335937500000e-02 -9.976196289062500000e-01
1.685253902293750143e+05 3.274536132812500000e-02 5.450439453125000000e-02 -9.981994628906250000e-01
1.685254199753749999e+05 3.334045410156250000e-02 5.494689941406250000e-02 -9.983062744140625000e-01
1.685254497233750008e+05 3.399658203125000000e-02 5.465698242187500000e-02 -9.987487792968750000e-01
1.685254794573750114e+05 3.224182128906250000e-02 5.541992187500000000e-02 -9.987792968750000000e-01
1.685255092203750100e+05 3.134155273437500000e-02 5.513000488281250000e-02 -9.969024658203125000e-01
1.685255389663749957e+05 3.323364257812500000e-02 5.465698242187500000e-02 -9.984130859375000000e-01
1.685255687213749916e+05 3.190612792968750000e-02 5.484008789062500000e-02 -9.989624023437500000e-01
1.685255984593750036e+05 3.303527832031250000e-02 5.473327636718750000e-02 -9.992675781250000000e-01
1.685256282063749968e+05 3.266906738281250000e-02 5.480957031250000000e-02 -9.982604980468750000e-01
1.685256579503749963e+05 3.253173828125000000e-02 5.517578125000000000e-02 -9.981231689453125000e-01
1.685256876883750083e+05 3.231811523437500000e-02 5.430603027343750000e-02 -9.993591308593750000e-01
1.685257174343749939e+05 3.327941894531250000e-02 5.480957031250000000e-02 -9.989929199218750000e-01
1.685257471913750051e+05 3.453063964843750000e-02 5.444335937500000000e-02 -9.958801269531250000e-01
1.685257769203750067e+05 3.417968750000000000e-02 5.465698242187500000e-02 -9.978027343750000000e-01
1.685258066673750000e+05 3.253173828125000000e-02 5.459594726562500000e-02 -9.962921142578125000e-01
1.685258364213749883e+05 3.268432617187500000e-02 5.494689941406250000e-02 -9.975585937500000000e-01
1.685258661763750133e+05 3.344726562500000000e-02 5.514526367187500000e-02 -1.000076293945312056e+00
1.685258959003750060e+05 3.311157226562500000e-02 5.500793457031250000e-02 -9.981689453125000000e-01
1.685259256553750020e+05 3.265380859375000000e-02 5.569458007812500000e-02 -9.986724853515625000e-01
1.685259554143749992e+05 3.446960449218750000e-02 5.482482910156250000e-02 -9.981994628906250000e-01
1.685259851333750121e+05 3.237915039062500000e-02 5.499267578125000000e-02 -9.987792968750000000e-01
1.685260148803750053e+05 3.372192382812500000e-02 5.513000488281250000e-02 -9.989013671875000000e-01
1.685260446503749990e+05 3.234863281250000000e-02 5.458068847656250000e-02 -9.971771240234375000e-01
1.685260743853749882e+05 3.269958496093750000e-02 5.505371093750000000e-02 -9.998931884765625000e-01
1.685261041203750065e+05 3.138732910156250000e-02 5.459594726562500000e-02 -9.996185302734375000e-01
1.685261338663749921e+05 3.187561035156250000e-02 5.522155761718750000e-02 -9.986114501953125000e-01
1.685261636213749880e+05 3.399658203125000000e-02 5.520629882812500000e-02 -9.995727539062500000e-01
1.685261933733749902e+05 3.359985351562500000e-02 5.456542968750000000e-02 -1.000518798828125000e+00
1.685262231113750022e+05 3.312683105468750000e-02 5.433654785156250000e-02 -9.989318847656250000e-01
1.685262528503749927e+05 3.274536132812500000e-02 5.506896972656250000e-02 -9.995117187500000000e-01
1.685262825953749998e+05 3.317260742187500000e-02 5.519104003906250000e-02 -9.980316162109375000e-01
1.685263123393749993e+05 3.335571289062500000e-02 5.487060546875000000e-02 -9.995422363281250000e-01
1.685263420793749974e+05 3.204345703125000000e-02 5.491638183593750000e-02 -9.978790283203125000e-01
1.685263718223749893e+05 3.384399414062500000e-02 5.476379394531250000e-02 -9.976806640625000000e-01
1.685264015653750103e+05 3.410339355468750000e-02 5.508422851562500000e-02 -9.992218017578125000e-01
1.685264313243750075e+05 3.366088867187500000e-02 5.471801757812500000e-02 -9.979095458984375000e-01
1.685264610703749931e+05 3.211975097656250000e-02 5.503845214843750000e-02 -9.980621337890625000e-01
1.685264907923749997e+05 3.253173828125000000e-02 5.476379394531250000e-02 -9.978942871093750000e-01
1.685265205353749916e+05 3.150939941406250000e-02 5.554199218750000000e-02 -9.989166259765625000e-01
1.685265502883750014e+05 3.173828125000000000e-02 5.465698242187500000e-02 -9.986419677734375000e-01
1.685265800333750085e+05 3.424072265625000000e-02 5.476379394531250000e-02 -9.978637695312500000e-01
1.685266097673749900e+05 3.372192382812500000e-02 5.494689941406250000e-02 -9.965667724609375000e-01
1.685266395203749998e+05 3.199768066406250000e-02 5.459594726562500000e-02 -9.968414306640625000e-01
1.685266692463750078e+05 3.150939941406250000e-02 5.502319335937500000e-02 -9.988250732421875000e-01
1.685266990053750051e+05 3.280639648437500000e-02 5.482482910156250000e-02 -9.980773925781250000e-01
1.685267287493750046e+05 3.236389160156250000e-02 5.513000488281250000e-02 -9.985504150390625000e-01
1.685267584953749902e+05 3.276062011718750000e-02 5.438232421875000000e-02 -9.994964599609375000e-01
1.685267882363749959e+05 3.245544433593750000e-02 5.479431152343750000e-02 -9.993743896484375000e-01
1.685268179793749878e+05 3.257751464843750000e-02 5.494689941406250000e-02 -9.984588623046875000e-01
1.685268477203749935e+05 3.364562988281250000e-02 5.476379394531250000e-02 -9.972991943359375000e-01
1.685268774613749993e+05 3.274536132812500000e-02 5.465698242187500000e-02 -9.980010986328125000e-01
1.685269071913750086e+05 3.335571289062500000e-02 5.517578125000000000e-02 -9.996643066406250000e-01
1.685269369453749969e+05 3.355407714843750000e-02 5.505371093750000000e-02 -9.982299804687500000e-01
1.685269666893749963e+05 3.277587890625000000e-02 5.499267578125000000e-02 -9.984741210937500000e-01
1.685269964313750097e+05 3.407287597656250000e-02 5.468750000000000000e-02 -9.989929199218750000e-01
1.685270261673750065e+05 3.370666503906250000e-02 5.487060546875000000e-02 -9.982147216796875000e-01
1.685270559163749858e+05 3.378295898437500000e-02 5.441284179687500000e-02 -9.989166259765625000e-01
1.685270856453749875e+05 3.361511230468750000e-02 5.473327636718750000e-02 -9.969940185546875000e-01
1.685271154133749951e+05 3.311157226562500000e-02 5.508422851562500000e-02 -9.989013671875000000e-01
1.685271451503749995e+05 3.265380859375000000e-02 5.496215820312500000e-02 -9.989013671875000000e-01
1.685271748963750142e+05 3.318786621093750000e-02 5.496215820312500000e-02 -9.985809326171875000e-01
1.685272046463750012e+05 3.268432617187500000e-02 5.499267578125000000e-02 -9.996337890625000000e-01
1.685272343923749868e+05 3.099060058593750000e-02 5.488586425781250000e-02 -9.976654052734375000e-01
1.685272641263749974e+05 3.318786621093750000e-02 5.522155761718750000e-02 -9.991760253906250000e-01
1.685272938843749871e+05 3.207397460937500000e-02 5.497741699218750000e-02 -9.978485107421875000e-01
1.685273236333749956e+05 3.279113769531250000e-02 5.485534667968750000e-02 -9.996948242187500000e-01
1.685273533793750103e+05 3.298950195312500000e-02 5.502319335937500000e-02 -9.989624023437500000e-01
1.685273831243749883e+05 3.335571289062500000e-02 5.490112304687500000e-02 -9.974670410156250000e-01
1.685274128693749954e+05 3.408813476562500000e-02 5.485534667968750000e-02 -1.000000000000000000e+00
1.685274426223750052e+05 3.373718261718750000e-02 5.464172363281250000e-02 -9.996032714843750000e-01
1.685274723613749957e+05 3.359985351562500000e-02 5.522155761718750000e-02 -9.974365234375000000e-01
1.685275021003749862e+05 3.402709960937500000e-02 5.464172363281250000e-02 -9.978332519531250000e-01
1.685275318433750072e+05 3.350830078125000000e-02 5.451965332031250000e-02 -9.987182617187500000e-01
1.685275616103750071e+05 3.253173828125000000e-02 5.480957031250000000e-02 -9.987335205078125000e-01
1.685275913343749999e+05 3.334045410156250000e-02 5.525207519531250000e-02 -9.983215332031250000e-01
1.685276211033749860e+05 3.294372558593750000e-02 5.477905273437500000e-02 -9.981689453125000000e-01
1.685276508263750002e+05 3.224182128906250000e-02 5.447387695312500000e-02 -9.979705810546875000e-01
1.685276805983750091e+05 3.298950195312500000e-02 5.535888671875000000e-02 -9.994049072265625000e-01
1.685277103223750019e+05 3.219604492187500000e-02 5.473327636718750000e-02 -1.000030517578125000e+00
1.685277400773749978e+05 3.251647949218750000e-02 5.490112304687500000e-02 -9.998016357421875000e-01
1.685277698323749937e+05 3.274536132812500000e-02 5.447387695312500000e-02 -9.989471435546875000e-01
1.685277995763749932e+05 3.370666503906250000e-02 5.535888671875000000e-02 -9.971160888671875000e-01
1.685278293113750115e+05 3.369140625000000000e-02 5.480957031250000000e-02 -9.984588623046875000e-01
1.685278590663750074e+05 3.323364257812500000e-02 5.485534667968750000e-02 -9.984893798828125000e-01
1.685278887993750104e+05 3.457641601562500000e-02 5.474853515625000000e-02 -1.001983642578125000e+00
1.685279185543750064e+05 3.266906738281250000e-02 5.511474609375000000e-02 -9.973602294921875000e-01
1.685279482973749982e+05 3.405761718750000000e-02 5.476379394531250000e-02 -9.993743896484375000e-01
1.685279780243750138e+05 3.175354003906250000e-02 5.520629882812500000e-02 -9.985809326171875000e-01
1.685280077943750075e+05 3.373718261718750000e-02 5.491638183593750000e-02 -9.998321533203125000e-01
1.685280375353750132e+05 3.382873535156250000e-02 5.494689941406250000e-02 -9.979400634765625000e-01
1.685280672803749912e+05 3.311157226562500000e-02 5.459594726562500000e-02 -9.987945556640625000e-01
1.685280970073750068e+05 3.245544433593750000e-02 5.487060546875000000e-02 -9.982910156250000000e-01
1.685281268688749988e+05 3.129577636718750000e-02 5.473327636718750000e-02 -9.996643066406250000e-01
1.685281566288750037e+05 3.346252441406250000e-02 5.534362792968750000e-02 -9.994354248046875000e-01
1.685281863698750094e+05 3.224182128906250000e-02 5.488586425781250000e-02 -9.968414306640625000e-01
1.685282161268749915e+05 3.456115722656250000e-02 5.455017089843750000e-02 -1.000000000000000000e+00
1.685282458728750062e+05 3.469848632812500000e-02 5.534362792968750000e-02 -1.000213623046875000e+00
1.685282756188749918e+05 3.373718261718750000e-02 5.488586425781250000e-02 -9.983825683593750000e-01
1.685283053748749953e+05 3.320312500000000000e-02 5.487060546875000000e-02 -9.999237060546875000e-01
1.685283351108749921e+05 3.320312500000000000e-02 5.458068847656250000e-02 -9.990234375000000000e-01
1.685283648568750068e+05 3.421020507812500000e-02 5.549621582031250000e-02 -9.984893798828125000e-01
1.685283946018750139e+05 3.350830078125000000e-02 5.513000488281250000e-02 -9.976806640625000000e-01
1.685284243508749933e+05 3.355407714843750000e-02 5.496215820312500000e-02 -1.000900268554687944e+00
1.685284540978749865e+05 3.288269042968750000e-02 5.459594726562500000e-02 -9.993133544921875000e-01
1.685284838518750039e+05 3.315734863281250000e-02 5.490112304687500000e-02 -9.975433349609375000e-01
1.685285135908749944e+05 3.332519531250000000e-02 5.529785156250000000e-02 -9.996032714843750000e-01
1.685285433368750091e+05 3.207397460937500000e-02 5.494689941406250000e-02 -9.983062744140625000e-01
1.685285730848750100e+05 3.218078613281250000e-02 5.490112304687500000e-02 -9.987182617187500000e-01
1.685286028338749893e+05 3.352355957031250000e-02 5.496215820312500000e-02 -9.985809326171875000e-01
1.685286325808750116e+05 3.230285644531250000e-02 5.441284179687500000e-02 -9.992980957031250000e-01
1.685286623108749918e+05 3.283691406250000000e-02 5.494689941406250000e-02 -9.972381591796875000e-01
1.685286920688750106e+05 3.314208984375000000e-02 5.563354492187500000e-02 -9.984588623046875000e-01
1.685287218128750101e+05 3.387451171875000000e-02 5.508422851562500000e-02 -9.988555908203125000e-01
1.685287515588749957e+05 3.321838378906250000e-02 5.474853515625000000e-02 -9.996643066406250000e-01
1.685287813058749889e+05 3.340148925781250000e-02 5.506896972656250000e-02 -9.977874755859375000e-01
1.685288110488750099e+05 3.329467773437500000e-02 5.462646484375000000e-02 -9.986114501953125000e-01
1.685288408028749982e+05 3.280639648437500000e-02 5.488586425781250000e-02 -9.994354248046875000e-01
1.685288705398750026e+05 3.091430664062500000e-02 5.467224121093750000e-02 -9.982299804687500000e-01
1.685289002858749882e+05 3.314208984375000000e-02 5.485534667968750000e-02 -9.990997314453125000e-01
1.685289300298749877e+05 3.312683105468750000e-02 5.410766601562500000e-02 -9.970245361328125000e-01
1.685289597768750100e+05 3.289794921875000000e-02 5.525207519531250000e-02 -9.985046386718750000e-01
1.685289895208750095e+05 3.086853027343750000e-02 5.470275878906250000e-02 -1.000717163085937944e+00
1.685290192748749978e+05 3.356933593750000000e-02 5.535888671875000000e-02 -9.991607666015625000e-01
1.685290490098749870e+05 3.236389160156250000e-02 5.545043945312500000e-02 -9.995269775390625000e-01
1.685290787548749940e+05 3.208923339843750000e-02 5.490112304687500000e-02 -9.969940185546875000e-01
1.685291085018749873e+05 3.366088867187500000e-02 5.490112304687500000e-02 -9.987182617187500000e-01
1.685291382318749966e+05 3.269958496093750000e-02 5.491638183593750000e-02 -9.967346191406250000e-01
1.685291679878750001e+05 3.279113769531250000e-02 5.503845214843750000e-02 -9.992675781250000000e-01
1.685291977278749982e+05 3.247070312500000000e-02 5.535888671875000000e-02 -9.989929199218750000e-01
1.685292274778750143e+05 3.111267089843750000e-02 5.511474609375000000e-02 -9.999847412109375000e-01
1.685292572218750138e+05 3.352355957031250000e-02 5.506896972656250000e-02 -9.996643066406250000e-01
1.685292869798750035e+05 3.320312500000000000e-02 5.513000488281250000e-02 -9.978942871093750000e-01
1.685293167198750016e+05 3.205871582031250000e-02 5.516052246093750000e-02 -1.000183105468750000e+00
1.685293464538750122e+05 3.198242187500000000e-02 5.494689941406250000e-02 -9.981994628906250000e-01
1.685293762088750082e+05 3.201293945312500000e-02 5.491638183593750000e-02 -9.985198974609375000e-01
1.685294059638750041e+05 3.276062011718750000e-02 5.447387695312500000e-02 -9.979705810546875000e-01
1.685294356878749968e+05 3.219604492187500000e-02 5.543518066406250000e-02 -9.985046386718750000e-01
1.685294654418750142e+05 3.192138671875000000e-02 5.500793457031250000e-02 -9.997863769531250000e-01
1.685294951668750145e+05 3.230285644531250000e-02 5.471801757812500000e-02 -9.987792968750000000e-01
1.685295249208750029e+05 3.384399414062500000e-02 5.427551269531250000e-02 -9.988403320312500000e-01
1.685295546758749988e+05 3.269958496093750000e-02 5.517578125000000000e-02 -9.992065429687500000e-01
1.685295843928749964e+05 3.305053710937500000e-02 5.497741699218750000e-02 -9.972686767578125000e-01
1.685296141508749861e+05 3.469848632812500000e-02 5.519104003906250000e-02 -9.986572265625000000e-01
1.685296438788750092e+05 3.227233886718750000e-02 5.445861816406250000e-02 -9.969482421875000000e-01
1.685296736498750106e+05 3.245544433593750000e-02 5.485534667968750000e-02 -1.000228881835937944e+00
1.685297033878749935e+05 3.181457519531250000e-02 5.534362792968750000e-02 -9.985351562500000000e-01
1.685297331108750077e+05 3.355407714843750000e-02 5.508422851562500000e-02 -9.983673095703125000e-01
1.685297628538749996e+05 3.273010253906250000e-02 5.455017089843750000e-02 -1.000045776367187944e+00
1.685297926008749928e+05 3.289794921875000000e-02 5.503845214843750000e-02 -9.990997314453125000e-01
1.685298223478749860e+05 3.390502929687500000e-02 5.480957031250000000e-02 -9.999084472656250000e-01
1.685298520948750083e+05 3.184509277343750000e-02 5.522155761718750000e-02 -9.984283447265625000e-01
1.685298818498750043e+05 3.306579589843750000e-02 5.485534667968750000e-02 -1.001907348632812056e+00
1.685299115958749899e+05 3.236389160156250000e-02 5.522155761718750000e-02 -9.977722167968750000e-01
1.685299413398749894e+05 3.137207031250000000e-02 5.497741699218750000e-02 -9.988098144531250000e-01
1.685299710848749964e+05 3.271484375000000000e-02 5.497741699218750000e-02 -1.000289916992187944e+00
1.685300008288749959e+05 3.330993652343750000e-02 5.505371093750000000e-02 -9.998168945312500000e-01
1.685300305718749878e+05 3.292846679687500000e-02 5.491638183593750000e-02 -9.978027343750000000e-01
1.685300603158749873e+05 3.227233886718750000e-02 5.485534667968750000e-02 -9.990844726562500000e-01
1.685300900598749868e+05 3.305053710937500000e-02 5.482482910156250000e-02 -9.970397949218750000e-01
1.685301198068750091e+05 3.289794921875000000e-02 5.511474609375000000e-02 -9.983978271484375000e-01
1.685301495538750023e+05 3.419494628906250000e-02 5.444335937500000000e-02 -9.980773925781250000e-01
1.685301792998749879e+05 3.219604492187500000e-02 5.453491210937500000e-02 -9.988250732421875000e-01
1.685302090538750053e+05 3.199768066406250000e-02 5.520629882812500000e-02 -9.996490478515625000e-01
1.685302387888749945e+05 3.186035156250000000e-02 5.458068847656250000e-02 -9.984588623046875000e-01
1.685302685308750079e+05 3.103637695312500000e-02 5.488586425781250000e-02 -9.993133544921875000e-01
1.685302982728749921e+05 3.399658203125000000e-02 5.511474609375000000e-02 -9.978637695312500000e-01
1.685303280178749992e+05 3.352355957031250000e-02 5.522155761718750000e-02 -9.993896484375000000e-01
1.685303577628750063e+05 3.315734863281250000e-02 5.546569824218750000e-02 -9.979858398437500000e-01
1.685303875118749856e+05 3.207397460937500000e-02 5.557250976562500000e-02 -9.999084472656250000e-01
1.685304172548750066e+05 3.283691406250000000e-02 5.522155761718750000e-02 -9.977264404296875000e-01
1.685304469888749882e+05 3.247070312500000000e-02 5.499267578125000000e-02 -9.984283447265625000e-01
1.685304767298749939e+05 3.228759765625000000e-02 5.513000488281250000e-02 -9.976959228515625000e-01
1.685305064738749934e+05 3.428649902343750000e-02 5.471801757812500000e-02 -9.998779296875000000e-01
1.685305362168750144e+05 3.419494628906250000e-02 5.441284179687500000e-02 -9.974975585937500000e-01
1.685305659668750013e+05 3.431701660156250000e-02 5.467224121093750000e-02 -1.000274658203125000e+00
1.685305957018749905e+05 3.277587890625000000e-02 5.531311035156250000e-02 -9.970855712890625000e-01
1.685306254448750115e+05 3.350830078125000000e-02 5.493164062500000000e-02 -9.985961914062500000e-01
1.685306551878750033e+05 3.306579589843750000e-02 5.493164062500000000e-02 -9.974365234375000000e-01
1.685306849308749952e+05 3.338623046875000000e-02 5.494689941406250000e-02 -9.988555908203125000e-01
1.685307146708749933e+05 3.434753417968750000e-02 5.455017089843750000e-02 -9.971923828125000000e-01
1.685307444098750129e+05 3.045654296875000000e-02 5.513000488281250000e-02 -9.979248046875000000e-01
1.685307741578750138e+05 3.140258789062500000e-02 5.557250976562500000e-02 -9.985351562500000000e-01
1.685308039038749994e+05 3.417968750000000000e-02 5.471801757812500000e-02 -9.978942871093750000e-01
1.685308336488750065e+05 3.250122070312500000e-02 5.497741699218750000e-02 -9.983062744140625000e-01
1.685308633938750136e+05 3.312683105468750000e-02 5.570983886718750000e-02 -1.000427246093750000e+00
1.685308931548749970e+05 3.443908691406250000e-02 5.497741699218750000e-02 -9.982910156250000000e-01
1.685309228968750103e+05 3.456115722656250000e-02 5.511474609375000000e-02 -9.993133544921875000e-01
1.685309526168750017e+05 3.303527832031250000e-02 5.494689941406250000e-02 -9.997711181640625000e-01
1.685309823718749976e+05 3.242492675781250000e-02 5.488586425781250000e-02 -9.991149902343750000e-01
1.685310121078749944e+05 3.158569335937500000e-02 5.476379394531250000e-02 -9.995117187500000000e-01
1.685310418428750127e+05 3.196716308593750000e-02 5.485534667968750000e-02 -1.000274658203125000e+00
1.685310715958749934e+05 3.036499023437500000e-02 5.513000488281250000e-02 -9.988555908203125000e-01
1.685311013428749866e+05 3.202819824218750000e-02 5.508422851562500000e-02 -9.986572265625000000e-01
1.685311310878749937e+05 3.329467773437500000e-02 5.494689941406250000e-02 -9.983215332031250000e-01
1.685311608308749855e+05 3.359985351562500000e-02 5.467224121093750000e-02 -9.988250732421875000e-01
1.685311905718749913e+05 3.265380859375000000e-02 5.540466308593750000e-02 -9.999542236328125000e-01
1.685312203138750046e+05 3.231811523437500000e-02 5.540466308593750000e-02 -9.997100830078125000e-01
1.685312500558749889e+05 3.227233886718750000e-02 5.474853515625000000e-02 -9.972991943359375000e-01
1.685312797878750134e+05 3.175354003906250000e-02 5.503845214843750000e-02 -9.999084472656250000e-01
1.685313095398749865e+05 3.465270996093750000e-02 5.458068847656250000e-02 -9.989471435546875000e-01
1.685313392628750007e+05 3.332519531250000000e-02 5.493164062500000000e-02 -1.000213623046875000e+00
1.685313690258749994e+05 3.271484375000000000e-02 5.436706542968750000e-02 -9.974670410156250000e-01
1.685313987688749912e+05 3.294372558593750000e-02 5.528259277343750000e-02 -9.993743896484375000e-01
1.685314284988750005e+05 3.030395507812500000e-02 5.458068847656250000e-02 -9.984893798828125000e-01
1.685314582518750103e+05 3.318786621093750000e-02 5.479431152343750000e-02 -1.000564575195312056e+00
1.685314879778749892e+05 3.204345703125000000e-02 5.497741699218750000e-02 -1.000518798828125000e+00
1.685315177318750066e+05 3.372192382812500000e-02 5.474853515625000000e-02 -9.977569580078125000e-01
1.685315474878750101e+05 3.385925292968750000e-02 5.503845214843750000e-02 -9.982452392578125000e-01
1.685315772208750132e+05 3.211975097656250000e-02 5.493164062500000000e-02 -9.994354248046875000e-01
1.685316069668749988e+05 3.179931640625000000e-02 5.468750000000000000e-02 -9.977264404296875000e-01
1.685316367198750086e+05 3.306579589843750000e-02 5.471801757812500000e-02 -9.985961914062500000e-01
1.685316664448750089e+05 3.279113769531250000e-02 5.471801757812500000e-02 -9.978637695312500000e-01
1.685316961948749959e+05 3.295898437500000000e-02 5.441284179687500000e-02 -9.987182617187500000e-01
1.685317259498749918e+05 3.181457519531250000e-02 5.516052246093750000e-02 -9.983673095703125000e-01
1.685317556948749989e+05 3.213500976562500000e-02 5.502319335937500000e-02 -9.982147216796875000e-01
1.685317854328750109e+05 3.268432617187500000e-02 5.509948730468750000e-02 -9.997711181640625000e-01
1.685318151408749982e+05 3.208923339843750000e-02 5.496215820312500000e-02 -9.993896484375000000e-01
1.685318448958749941e+05 3.126525878906250000e-02 5.487060546875000000e-02 -9.987640380859375000e-01
1.685318746488750039e+05 3.337097167968750000e-02 5.529785156250000000e-02 -9.989624023437500000e-01
1.685319043748750119e+05 3.256225585937500000e-02 5.506896972656250000e-02 -9.999084472656250000e-01
1.685319341288750002e+05 3.205871582031250000e-02 5.456542968750000000e-02 -9.982910156250000000e-01
1.685319639388750074e+05 3.324890136718750000e-02 5.546569824218750000e-02 -1.000732421875000000e+00
1.685319936908750096e+05 3.462219238281250000e-02 5.455017089843750000e-02 -9.994964599609375000e-01
1.685320234308750078e+05 3.062438964843750000e-02 5.503845214843750000e-02 -9.972991943359375000e-01
1.685320531768749934e+05 3.312683105468750000e-02 5.484008789062500000e-02 -9.982147216796875000e-01
1.685320829198750143e+05 3.265380859375000000e-02 5.503845214843750000e-02 -1.000228881835937944e+00
1.685321126608749910e+05 3.172302246093750000e-02 5.502319335937500000e-02 -9.991302490234375000e-01
1.685321424038750120e+05 3.068542480468750000e-02 5.487060546875000000e-02 -9.993896484375000000e-01
1.685321721528749913e+05 3.237915039062500000e-02 5.487060546875000000e-02 -9.992065429687500000e-01
1.685322018918750109e+05 3.404235839843750000e-02 5.456542968750000000e-02 -9.986114501953125000e-01
1.685322316348750028e+05 3.094482421875000000e-02 5.545043945312500000e-02 -9.993438720703125000e-01
1.685322613828750036e+05 3.257751464843750000e-02 5.534362792968750000e-02 -9.971160888671875000e-01
1.685322911278750107e+05 3.334045410156250000e-02 5.531311035156250000e-02 -1.001007080078125000e+00
1.685323208718750102e+05 3.370666503906250000e-02 5.482482910156250000e-02 -9.992828369140625000e-01
1.685323506068749994e+05 3.208923339843750000e-02 5.503845214843750000e-02 -9.988708496093750000e-01
1.685323803608749877e+05 3.392028808593750000e-02 5.490112304687500000e-02 -9.981231689453125000e-01
1.685324101068750024e+05 3.318786621093750000e-02 5.529785156250000000e-02 -9.986114501953125000e-01
1.685324398528749880e+05 3.221130371093750000e-02 5.499267578125000000e-02 -9.990997314453125000e-01
1.685324695958750090e+05 3.340148925781250000e-02 5.529785156250000000e-02 -9.990844726562500000e-01
1.685324993428750022e+05 3.173828125000000000e-02 5.491638183593750000e-02 -9.979095458984375000e-01
1.685325290728750115e+05 2.993774414062500000e-02 5.528259277343750000e-02 -9.992828369140625000e-01
1.685325588228749984e+05 3.393554687500000000e-02 5.517578125000000000e-02 -9.962310791015625000e-01
1.685325885808749881e+05 3.056335449218750000e-02 5.473327636718750000e-02 -9.998931884765625000e-01
1.685326183368749917e+05 3.353881835937500000e-02 5.488586425781250000e-02 -9.987487792968750000e-01
1.685326480678750086e+05 3.240966796875000000e-02 5.517578125000000000e-02 -9.994201660156250000e-01
1.685326778158750094e+05 3.340148925781250000e-02 5.467224121093750000e-02 -1.001266479492187944e+00
1.685327075398750021e+05 3.248596191406250000e-02 5.563354492187500000e-02 -9.999542236328125000e-01
1.685327372798750002e+05 3.187561035156250000e-02 5.526733398437500000e-02 -9.991149902343750000e-01
1.685327670188749908e+05 3.311157226562500000e-02 5.493164062500000000e-02 -9.988708496093750000e-01
1.685327967428750126e+05 3.353881835937500000e-02 5.525207519531250000e-02 -1.000244140625000000e+00
1.685328264928749995e+05 3.288269042968750000e-02 5.445861816406250000e-02 -9.997406005859375000e-01
1.685328562208749936e+05 3.228759765625000000e-02 5.529785156250000000e-02 -9.996185302734375000e-01
1.685328859648749931e+05 3.269958496093750000e-02 5.488586425781250000e-02 -9.999237060546875000e-01
1.685329156818749907e+05 3.294372558593750000e-02 5.462646484375000000e-02 -9.970703125000000000e-01
1.685329454468750046e+05 3.244018554687500000e-02 5.508422851562500000e-02 -9.998168945312500000e-01
1.685329751708749973e+05 3.192138671875000000e-02 5.499267578125000000e-02 -9.994506835937500000e-01
1.685330049218749919e+05 3.222656250000000000e-02 5.458068847656250000e-02 -9.980468750000000000e-01
1.685330346598750039e+05 3.372192382812500000e-02 5.490112304687500000e-02 -9.980010986328125000e-01
1.685330643928750069e+05 3.312683105468750000e-02 5.458068847656250000e-02 -1.000259399414062056e+00
1.685330941268749884e+05 3.257751464843750000e-02 5.490112304687500000e-02 -9.998474121093750000e-01
1.685331239530000021e+05 3.340148925781250000e-02 5.520629882812500000e-02 -1.000396728515625000e+00
1.685331536849999975e+05 3.289794921875000000e-02 5.549621582031250000e-02 -9.994354248046875000e-01
1.685331834199999867e+05 3.317260742187500000e-02 5.511474609375000000e-02 -9.977416992187500000e-01
1.685332131569999910e+05 3.509521484375000000e-02 5.528259277343750000e-02 -9.985198974609375000e-01
1.685332428770000115e+05 3.364562988281250000e-02 5.470275878906250000e-02 -9.998321533203125000e-01
1.685332726109999930e+05 3.163146972656250000e-02 5.511474609375000000e-02 -9.991760253906250000e-01
1.685333023629999952e+05 3.187561035156250000e-02 5.490112304687500000e-02 -9.977874755859375000e-01
1.685333320909999893e+05 3.218078613281250000e-02 5.465698242187500000e-02 -9.988861083984375000e-01
1.685333618309999874e+05 3.312683105468750000e-02 5.509948730468750000e-02 -1.000198364257812056e+00
1.685333915700000071e+05 3.334045410156250000e-02 5.548095703125000000e-02 -1.000350952148437944e+00
1.685334212939999998e+05 3.373718261718750000e-02 5.513000488281250000e-02 -9.980316162109375000e-01
1.685334510339999979e+05 3.318786621093750000e-02 5.529785156250000000e-02 -9.988403320312500000e-01
1.685334807750000036e+05 3.277587890625000000e-02 5.471801757812500000e-02 -1.000076293945312056e+00
1.685335104970000102e+05 3.233337402343750000e-02 5.540466308593750000e-02 -9.968719482421875000e-01
1.685335402509999985e+05 3.013610839843750000e-02 5.549621582031250000e-02 -9.988861083984375000e-01
1.685335699880000029e+05 3.195190429687500000e-02 5.503845214843750000e-02 -9.994201660156250000e-01
1.685335997250000073e+05 3.207397460937500000e-02 5.522155761718750000e-02 -9.974670410156250000e-01
1.685336294620000117e+05 3.170776367187500000e-02 5.516052246093750000e-02 -9.970245361328125000e-01
1.685336591970000009e+05 3.288269042968750000e-02 5.490112304687500000e-02 -9.991455078125000000e-01
1.685336889199999860e+05 3.408813476562500000e-02 5.496215820312500000e-02 -9.993591308593750000e-01
1.685337186670000083e+05 3.395080566406250000e-02 5.493164062500000000e-02 -9.982147216796875000e-01
1.685337484030000051e+05 3.465270996093750000e-02 5.497741699218750000e-02 -9.992980957031250000e-01
1.685337781360000081e+05 3.311157226562500000e-02 5.484008789062500000e-02 -1.000000000000000000e+00
1.685338078790000000e+05 3.302001953125000000e-02 5.482482910156250000e-02 -9.988098144531250000e-01
1.685338376170000120e+05 3.305053710937500000e-02 5.502319335937500000e-02 -9.977874755859375000e-01
1.685338673560000025e+05 3.309631347656250000e-02 5.494689941406250000e-02 -9.981536865234375000e-01
1.685338970900000131e+05 3.184509277343750000e-02 5.427551269531250000e-02 -1.001419067382812056e+00
1.685339268260000099e+05 3.376770019531250000e-02 5.549621582031250000e-02 -9.973297119140625000e-01
1.685339565609999991e+05 3.236389160156250000e-02 5.537414550781250000e-02 -9.989929199218750000e-01
1.685339862969999958e+05 3.192138671875000000e-02 5.540466308593750000e-02 -9.978790283203125000e-01
1.685340160340000002e+05 3.233337402343750000e-02 5.477905273437500000e-02 -1.001113891601562056e+00
1.685340457729999907e+05 3.388977050781250000e-02 5.458068847656250000e-02 -9.997558593750000000e-01
1.685340755110000027e+05 3.372192382812500000e-02 5.479431152343750000e-02 -9.996337890625000000e-01
1.685341052510000009e+05 3.355407714843750000e-02 5.476379394531250000e-02 -9.983673095703125000e-01
1.685341349960000080e+05 3.247070312500000000e-02 5.503845214843750000e-02 -9.980773925781250000e-01
1.685341647309999971e+05 3.485107421875000000e-02 5.514526367187500000e-02 -9.999237060546875000e-01
1.685341944559999974e+05 3.337097167968750000e-02 5.548095703125000000e-02 -1.000381469726562056e+00
1.685342242090000072e+05 3.311157226562500000e-02 5.516052246093750000e-02 -9.970703125000000000e-01
1.685342539460000116e+05 3.269958496093750000e-02 5.490112304687500000e-02 -1.001190185546875000e+00
1.685342836900000111e+05 3.340148925781250000e-02 5.470275878906250000e-02 -1.000778198242187944e+00
1.685343134140000038e+05 3.231811523437500000e-02 5.517578125000000000e-02 -9.984893798828125000e-01
1.685343431559999881e+05 3.323364257812500000e-02 5.494689941406250000e-02 -9.979400634765625000e-01
1.685343728889999911e+05 3.274536132812500000e-02 5.500793457031250000e-02 -9.999084472656250000e-01
1.685344026259999955e+05 3.161621093750000000e-02 5.444335937500000000e-02 -9.996948242187500000e-01
1.685344323629999999e+05 3.163146972656250000e-02 5.554199218750000000e-02 -9.984588623046875000e-01
1.685344620829999913e+05 3.309631347656250000e-02 5.505371093750000000e-02 -9.996185302734375000e-01
1.685344918199999956e+05 3.181457519531250000e-02 5.453491210937500000e-02 -9.976806640625000000e-01
1.685345215740000131e+05 3.247070312500000000e-02 5.485534667968750000e-02 -1.000961303710937944e+00
1.685345512990000134e+05 3.172302246093750000e-02 5.519104003906250000e-02 -9.976959228515625000e-01
1.685345810460000066e+05 3.347778320312500000e-02 5.514526367187500000e-02 -9.987335205078125000e-01
1.685346107769999944e+05 3.277587890625000000e-02 5.513000488281250000e-02 -9.995574951171875000e-01
1.685346405059999961e+05 3.224182128906250000e-02 5.474853515625000000e-02 -9.984283447265625000e-01
1.685346702649999934e+05 3.216552734375000000e-02 5.413818359375000000e-02 -9.994659423828125000e-01
1.685347000080000143e+05 3.196716308593750000e-02 5.522155761718750000e-02 -9.982910156250000000e-01
1.685347297390000022e+05 3.117370605468750000e-02 5.534362792968750000e-02 -1.000198364257812056e+00
1.685347594760000065e+05 3.460693359375000000e-02 5.477905273437500000e-02 -1.000137329101562056e+00
1.685347892200000060e+05 3.221130371093750000e-02 5.517578125000000000e-02 -9.978179931640625000e-01
1.685348189439999987e+05 3.193664550781250000e-02 5.509948730468750000e-02 -9.981689453125000000e-01
1.685348486919999996e+05 3.340148925781250000e-02 5.554199218750000000e-02 -9.994659423828125000e-01
1.685348784290000040e+05 3.350830078125000000e-02 5.493164062500000000e-02 -1.000579833984375000e+00
1.685349081690000021e+05 3.326416015625000000e-02 5.523681640625000000e-02 -9.986877441406250000e-01
1.685349378980000038e+05 3.137207031250000000e-02 5.506896972656250000e-02 -9.995880126953125000e-01
1.685349676270000055e+05 3.425598144531250000e-02 5.532836914062500000e-02 -9.973754882812500000e-01
1.685349973729999911e+05 3.370666503906250000e-02 5.514526367187500000e-02 -9.991607666015625000e-01
1.685350271000000066e+05 3.291320800781250000e-02 5.535888671875000000e-02 -1.000274658203125000e+00
1.685350568349999958e+05 3.265380859375000000e-02 5.453491210937500000e-02 -9.996337890625000000e-01
1.685350865709999925e+05 3.247070312500000000e-02 5.503845214843750000e-02 -9.993286132812500000e-01
1.685351163069999893e+05 3.172302246093750000e-02 5.488586425781250000e-02 -9.995880126953125000e-01
1.685351460410000000e+05 3.370666503906250000e-02 5.448913574218750000e-02 -1.001922607421875000e+00
1.685351757780000044e+05 3.437805175781250000e-02 5.578613281250000000e-02 -9.981842041015625000e-01
1.685352055169999949e+05 3.242492675781250000e-02 5.511474609375000000e-02 -9.982147216796875000e-01
1.685352352590000082e+05 3.250122070312500000e-02 5.499267578125000000e-02 -9.989776611328125000e-01
1.685352649979999987e+05 3.497314453125000000e-02 5.513000488281250000e-02 -1.000610351562500000e+00
1.685352947390000045e+05 3.276062011718750000e-02 5.540466308593750000e-02 -9.992828369140625000e-01
1.685353244769999874e+05 3.312683105468750000e-02 5.511474609375000000e-02 -9.985198974609375000e-01
1.685353542160000070e+05 3.294372558593750000e-02 5.509948730468750000e-02 -1.000152587890625000e+00
1.685353839579999913e+05 3.242492675781250000e-02 5.482482910156250000e-02 -9.981536865234375000e-01
1.685354136970000109e+05 3.454589843750000000e-02 5.484008789062500000e-02 -9.984893798828125000e-01
1.685354434360000014e+05 3.187561035156250000e-02 5.497741699218750000e-02 -9.981994628906250000e-01
1.685354731810000085e+05 3.176879882812500000e-02 5.491638183593750000e-02 -9.976654052734375000e-01
1.685355029229999927e+05 3.198242187500000000e-02 5.410766601562500000e-02 -1.000167846679687944e+00
1.685355326610000047e+05 3.193664550781250000e-02 5.516052246093750000e-02 -9.992218017578125000e-01
1.685355623989999876e+05 3.358459472656250000e-02 5.470275878906250000e-02 -9.986419677734375000e-01
1.685355921190000081e+05 3.314208984375000000e-02 5.491638183593750000e-02 -1.000778198242187944e+00
1.685356218719999888e+05 3.196716308593750000e-02 5.485534667968750000e-02 -9.982757568359375000e-01
1.685356516059999994e+05 3.338623046875000000e-02 5.482482910156250000e-02 -1.000030517578125000e+00
1.685356813470000052e+05 3.329467773437500000e-02 5.456542968750000000e-02 -1.000854492187500000e+00
1.685357110760000069e+05 3.221130371093750000e-02 5.520629882812500000e-02 -9.985198974609375000e-01
1.685357408109999960e+05 3.312683105468750000e-02 5.509948730468750000e-02 -9.989624023437500000e-01
1.685357705469999928e+05 3.163146972656250000e-02 5.500793457031250000e-02 -9.989929199218750000e-01
1.685358002850000048e+05 3.234863281250000000e-02 5.479431152343750000e-02 -9.964294433593750000e-01
1.685358300290000043e+05 3.157043457031250000e-02 5.500793457031250000e-02 -9.984130859375000000e-01
1.685358597400000144e+05 3.277587890625000000e-02 5.513000488281250000e-02 -9.996795654296875000e-01
1.685358894969999965e+05 3.314208984375000000e-02 5.514526367187500000e-02 -9.966278076171875000e-01
1.685359192160000093e+05 3.338623046875000000e-02 5.450439453125000000e-02 -9.966278076171875000e-01
1.685359489680000115e+05 3.248596191406250000e-02 5.488586425781250000e-02 -9.990997314453125000e-01
1.685359787040000083e+05 3.317260742187500000e-02 5.459594726562500000e-02 -9.986114501953125000e-01
1.685360084410000127e+05 3.294372558593750000e-02 5.494689941406250000e-02 -9.962463378906250000e-01
1.685360381760000018e+05 3.320312500000000000e-02 5.513000488281250000e-02 -9.960937500000000000e-01
1.685360679010000022e+05 3.198242187500000000e-02 5.548095703125000000e-02 -9.998474121093750000e-01
1.685360976540000120e+05 3.454589843750000000e-02 5.514526367187500000e-02 -9.974212646484375000e-01
1.685361273890000011e+05 3.363037109375000000e-02 5.477905273437500000e-02 -1.000625610351562056e+00
1.685361571330000006e+05 3.401184082031250000e-02 5.570983886718750000e-02 -9.992065429687500000e-01
1.685361868580000009e+05 3.292846679687500000e-02 5.522155761718750000e-02 -1.000152587890625000e+00
1.685362166169999982e+05 3.208923339843750000e-02 5.513000488281250000e-02 -9.997253417968750000e-01
1.685362463390000048e+05 3.340148925781250000e-02 5.558776855468750000e-02 -1.001388549804687944e+00
1.685362760760000092e+05 3.219604492187500000e-02 5.487060546875000000e-02 -9.984436035156250000e-01
1.685363058059999894e+05 3.211975097656250000e-02 5.509948730468750000e-02 -1.000503540039062056e+00
1.685363355640000082e+05 3.344726562500000000e-02 5.458068847656250000e-02 -9.994659423828125000e-01
1.685363652909999946e+05 3.355407714843750000e-02 5.477905273437500000e-02 -9.983062744140625000e-01
1.685363950180000102e+05 3.184509277343750000e-02 5.522155761718750000e-02 -9.985504150390625000e-01
1.685364247719999985e+05 3.262329101562500000e-02 5.529785156250000000e-02 -9.977722167968750000e-01
1.685364545269999944e+05 3.343200683593750000e-02 5.493164062500000000e-02 -9.986114501953125000e-01
1.685364842629999912e+05 3.314208984375000000e-02 5.584716796875000000e-02 -1.000000000000000000e+00
1.685365140060000122e+05 3.392028808593750000e-02 5.546569824218750000e-02 -1.000213623046875000e+00
1.685365437230000098e+05 3.121948242187500000e-02 5.513000488281250000e-02 -9.961395263671875000e-01
1.685365734649999940e+05 3.544616699218750000e-02 5.496215820312500000e-02 -9.999237060546875000e-01
1.685366032059999998e+05 3.358459472656250000e-02 5.468750000000000000e-02 -9.992980957031250000e-01
1.685366329459999979e+05 3.306579589843750000e-02 5.462646484375000000e-02 -9.975738525390625000e-01
1.685366626870000036e+05 3.402709960937500000e-02 5.519104003906250000e-02 -1.000823974609375000e+00
1.685366924369999906e+05 3.384399414062500000e-02 5.513000488281250000e-02 -9.990386962890625000e-01
1.685367221760000102e+05 3.326416015625000000e-02 5.484008789062500000e-02 -9.984130859375000000e-01
1.685367519240000111e+05 3.289794921875000000e-02 5.494689941406250000e-02 -9.972686767578125000e-01
1.685367816530000127e+05 3.248596191406250000e-02 5.525207519531250000e-02 -9.989318847656250000e-01
1.685368113949999970e+05 3.404235839843750000e-02 5.490112304687500000e-02 -9.997558593750000000e-01
1.685368411349999951e+05 3.291320800781250000e-02 5.541992187500000000e-02 -9.977416992187500000e-01
1.685368708770000085e+05 3.269958496093750000e-02 5.534362792968750000e-02 -9.996032714843750000e-01
1.685369006149999914e+05 3.372192382812500000e-02 5.502319335937500000e-02 -9.976806640625000000e-01
1.685369303439999931e+05 3.419494628906250000e-02 5.476379394531250000e-02 -9.976348876953125000e-01
1.685369600949999876e+05 3.381347656250000000e-02 5.470275878906250000e-02 -9.996948242187500000e-01
1.685369898340000072e+05 3.295898437500000000e-02 5.474853515625000000e-02 -9.991455078125000000e-01
1.685370195750000130e+05 3.349304199218750000e-02 5.453491210937500000e-02 -1.000030517578125000e+00
1.685370493159999896e+05 3.315734863281250000e-02 5.480957031250000000e-02 -9.997558593750000000e-01
1.685370790590000106e+05 3.440856933593750000e-02 5.541992187500000000e-02 -9.985351562500000000e-01
1.685371087990000087e+05 3.379821777343750000e-02 5.464172363281250000e-02 -9.985656738281250000e-01
1.685371385400000145e+05 3.355407714843750000e-02 5.513000488281250000e-02 -1.000366210937500000e+00
1.685371682809999911e+05 3.317260742187500000e-02 5.505371093750000000e-02 -9.981536865234375000e-01
1.685371980179999955e+05 3.373718261718750000e-02 5.462646484375000000e-02 -9.986572265625000000e-01
1.685372277590000012e+05 3.213500976562500000e-02 5.503845214843750000e-02 -9.974060058593750000e-01
1.685372575000000070e+05 3.381347656250000000e-02 5.477905273437500000e-02 -1.001220703125000000e+00
1.685372872299999872e+05 3.244018554687500000e-02 5.496215820312500000e-02 -9.996490478515625000e-01
1.685373169739999867e+05 3.410339355468750000e-02 5.525207519531250000e-02 -9.984588623046875000e-01
1.685373467119999987e+05 3.236389160156250000e-02 5.526733398437500000e-02 -9.990234375000000000e-01
1.685373764519999968e+05 3.343200683593750000e-02 5.488586425781250000e-02 -9.980316162109375000e-01
1.685374061890000012e+05 3.227233886718750000e-02 5.471801757812500000e-02 -9.974060058593750000e-01
1.685374359270000132e+05 3.358459472656250000e-02 5.480957031250000000e-02 -9.982910156250000000e-01
1.685374656660000037e+05 3.439331054687500000e-02 5.545043945312500000e-02 -9.978637695312500000e-01
1.685374954079999879e+05 3.271484375000000000e-02 5.545043945312500000e-02 -9.987335205078125000e-01
1.685375251459999999e+05 3.408813476562500000e-02 5.485534667968750000e-02 -9.981231689453125000e-01
1.685375548819999967e+05 3.167724609375000000e-02 5.502319335937500000e-02 -9.994506835937500000e-01
1.685375846200000087e+05 3.236389160156250000e-02 5.508422851562500000e-02 -9.977874755859375000e-01
1.685376143549999979e+05 3.218078613281250000e-02 5.545043945312500000e-02 -9.983215332031250000e-01
1.685376440970000112e+05 3.459167480468750000e-02 5.493164062500000000e-02 -9.999084472656250000e-01
1.685376738349999941e+05 3.273010253906250000e-02 5.531311035156250000e-02 -9.993743896484375000e-01
1.685377035800000012e+05 3.298950195312500000e-02 5.470275878906250000e-02 -9.987030029296875000e-01
1.685377333159999980e+05 2.413940429687500000e-02 5.261230468750000000e-02 -9.884338378906250000e-01
1.685377630570000038e+05 3.625488281250000000e-02 5.328369140625000000e-02 -1.011688232421875000e+00
1.685377927959999943e+05 2.894592285156250000e-02 5.416870117187500000e-02 -1.001052856445312056e+00
1.685378225370000000e+05 3.564453125000000000e-02 5.468750000000000000e-02 -9.954986572265625000e-01
1.685378522799999919e+05 2.684020996093750000e-02 5.395507812500000000e-02 -9.905395507812500000e-01
1.685378820180000039e+05 4.081726074218750000e-02 5.525207519531250000e-02 -9.812011718750000000e-01
1.685379117550000083e+05 4.884338378906250000e-02 5.555725097656250000e-02 -1.004364013671875000e+00
1.685379414960000140e+05 5.552673339843750000e-02 5.572509765625000000e-02 -1.003952026367187944e+00
1.685379712350000045e+05 5.039978027343750000e-02 5.599975585937500000e-02 -1.010910034179687944e+00
1.685380009750000027e+05 4.336547851562500000e-02 5.587768554687500000e-02 -1.015869140625000000e+00
1.685380307299999986e+05 4.510498046875000000e-02 5.554199218750000000e-02 -9.962005615234375000e-01
1.685380604469999962e+05 4.309082031250000000e-02 5.438232421875000000e-02 -9.917602539062500000e-01
1.685380902019999921e+05 4.724121093750000000e-02 5.523681640625000000e-02 -9.917907714843750000e-01
1.685381200366250123e+05 4.739379882812500000e-02 5.477905273437500000e-02 -9.994354248046875000e-01
1.685381497616250126e+05 4.469299316406250000e-02 5.479431152343750000e-02 -1.004013061523437944e+00
1.685381795236250036e+05 4.763793945312500000e-02 5.387878417968750000e-02 -1.005737304687500000e+00
1.685382092606250080e+05 1.942443847656250000e-02 5.104064941406250000e-02 -9.570617675781250000e-01
1.685382389946249896e+05 5.424499511718750000e-02 5.888366699218750000e-02 -1.002548217773437944e+00
1.685382687186250114e+05 6.372070312500000000e-02 5.667114257812500000e-02 -1.036514282226562056e+00
1.685382984726249997e+05 5.674743652343750000e-02 5.763244628906250000e-02 -1.036178588867187944e+00
1.685383281906250049e+05 5.528259277343750000e-02 4.400634765625000000e-02 -1.012756347656250000e+00
1.685383579546250112e+05 4.118347167968750000e-02 4.571533203125000000e-02 -9.841766357421875000e-01
1.685383876696249936e+05 2.735900878906250000e-02 5.926513671875000000e-02 -1.032424926757812056e+00
1.685384174056249904e+05 4.278564453125000000e-02 7.800292968750000000e-02 -8.963012695312500000e-01
1.685384471426249947e+05 5.564880371093750000e-02 5.065917968750000000e-02 -1.030975341796875000e+00
1.685384768876250018e+05 7.554626464843750000e-02 4.940795898437500000e-02 -1.024887084960937944e+00
1.685385066476250067e+05 1.010131835937500000e-02 2.107238769531250000e-02 -1.045394897460937944e+00
1.685385363786249945e+05 2.664184570312500000e-02 3.842163085937500000e-02 -1.003845214843750000e+00
1.685385661216249864e+05 3.434753417968750000e-02 5.012512207031250000e-02 -1.012161254882812056e+00
1.685385958626249922e+05 5.368041992187500000e-02 2.772521972656250000e-02 -9.884185791015625000e-01
1.685386256036249979e+05 1.612854003906250000e-02 4.017639160156250000e-02 -9.782104492187500000e-01
1.685386553416250099e+05 3.475952148437500000e-02 3.686523437500000000e-02 -9.938659667968750000e-01
1.685386850756249914e+05 4.219055175781250000e-02 2.737426757812500000e-02 -9.809722900390625000e-01
1.685387148186250124e+05 4.412841796875000000e-02 2.619934082031250000e-02 -9.860229492187500000e-01
1.685387445596249891e+05 3.794860839843750000e-02 1.649475097656250000e-02 -9.910430908203125000e-01
1.685387742976250011e+05 2.789306640625000000e-02 9.552001953125000000e-03 -9.978027343750000000e-01
1.685388040346250054e+05 2.885437011718750000e-02 2.397155761718750000e-02 -1.002944946289062056e+00
1.685388337656249932e+05 1.344299316406250000e-02 3.886413574218750000e-02 -1.007263183593750000e+00
1.685388634976249887e+05 3.150939941406250000e-02 2.862548828125000000e-02 -1.018707275390625000e+00
1.685388932516250061e+05 4.202270507812500000e-02 2.455139160156250000e-02 -1.013137817382812056e+00
1.685389229956250056e+05 4.566955566406250000e-02 2.537536621093750000e-02 -9.270782470703125000e-01
1.685389527366250113e+05 6.318664550781250000e-02 2.830505371093750000e-02 -1.072479248046875000e+00
1.685389824776249880e+05 3.041076660156250000e-02 5.470275878906250000e-02 -1.007217407226562056e+00
1.685390122186249937e+05 3.880310058593750000e-02 2.612304687500000000e-02 -9.802856445312500000e-01
1.685390419566250057e+05 3.028869628906250000e-02 1.301574707031250000e-02 -9.900817871093750000e-01
1.685390716976250114e+05 4.244995117187500000e-02 7.553100585937500000e-03 -9.739227294921875000e-01
1.685391014326250006e+05 4.190063476562500000e-02 3.768920898437500000e-02 -9.887542724609375000e-01
1.685391311696250050e+05 4.472351074218750000e-02 4.925537109375000000e-02 -1.018310546875000000e+00
1.685391609066250094e+05 5.105590820312500000e-02 4.394531250000000000e-02 -1.022979736328125000e+00
1.685391906436250138e+05 4.238891601562500000e-02 2.871704101562500000e-02 -9.945526123046875000e-01
1.685392203766249877e+05 4.585266113281250000e-02 1.979064941406250000e-02 -9.903717041015625000e-01
1.685392501106249983e+05 5.364990234375000000e-02 2.961730957031250000e-02 -9.894104003906250000e-01
1.685392798466249951e+05 4.983520507812500000e-02 3.742980957031250000e-02 -9.984130859375000000e-01
1.685393095846250071e+05 5.398559570312500000e-02 4.800415039062500000e-02 -1.023223876953125000e+00
1.685393393226249900e+05 5.397033691406250000e-02 5.335998535156250000e-02 -1.023666381835937944e+00
1.685393690676249971e+05 5.543518066406250000e-02 5.278015136718750000e-02 -1.007690429687500000e+00
1.685393988026249863e+05 3.953552246093750000e-02 4.141235351562500000e-02 -9.910888671875000000e-01
1.685394285386250122e+05 4.144287109375000000e-02 3.988647460937500000e-02 -9.932708740234375000e-01
1.685394582836249901e+05 4.855346679687500000e-02 4.042053222656250000e-02 -9.769439697265625000e-01
1.685394880226250098e+05 4.284667968750000000e-02 5.465698242187500000e-02 -9.893035888671875000e-01
1.685395177596250142e+05 4.232788085937500000e-02 5.506896972656250000e-02 -1.015594482421875000e+00
1.685395474926249881e+05 5.346679687500000000e-02 4.981994628906250000e-02 -1.000976562500000000e+00
1.685395772366249876e+05 6.484985351562500000e-02 3.460693359375000000e-02 -9.998779296875000000e-01
1.685396069746249996e+05 6.497192382812500000e-02 3.550720214843750000e-02 -1.009002685546875000e+00
1.685396367106249963e+05 5.140686035156250000e-02 4.565429687500000000e-02 -1.002426147460937944e+00
1.685396664516250021e+05 5.413818359375000000e-02 5.455017089843750000e-02 -9.956817626953125000e-01
1.685396961936249863e+05 3.375244140625000000e-02 5.101013183593750000e-02 -9.864196777343750000e-01
1.685397259346249921e+05 4.588317871093750000e-02 4.666137695312500000e-02 -9.858551025390625000e-01
1.685397556946249970e+05 5.418395996093750000e-02 4.016113281250000000e-02 -1.004760742187500000e+00
1.685397854106249870e+05 6.300354003906250000e-02 4.159545898437500000e-02 -9.981536865234375000e-01
1.685398151606250030e+05 6.114196777343750000e-02 4.597473144531250000e-02 -1.008819580078125000e+00
1.685398449016250088e+05 5.685424804687500000e-02 4.681396484375000000e-02 -1.005386352539062056e+00
1.685398746456250083e+05 5.885314941406250000e-02 4.885864257812500000e-02 -9.995574951171875000e-01
1.685399043696250010e+05 4.594421386718750000e-02 3.375244140625000000e-02 -8.872833251953125000e-01
1.685399341236249893e+05 9.938049316406250000e-02 7.225036621093750000e-02 -1.047546386718750000e+00
1.685399638556250138e+05 1.034698486328125000e-01 2.243957519531250000e-01 -1.240478515625000000e+00
1.685399936196249910e+05 2.797393798828125000e-01 1.112976074218750000e-01 -9.779205322265625000e-01
1.685400233576250030e+05 1.700134277343750000e-01 1.007843017578125000e-01 -9.898529052734375000e-01
1.685400530996249872e+05 -1.652221679687500000e-01 -5.294799804687500000e-02 -1.068130493164062056e+00
1.685400828366249916e+05 -8.016967773437500000e-02 -1.777343750000000000e-01 -8.751983642578125000e-01
1.685401125606250134e+05 2.711639404296875000e-01 4.409790039062500000e-02 -1.251937866210937944e+00
1.685401423066249990e+05 1.250305175781250000e-01 -1.176300048828125000e-01 -1.487564086914062056e+00
1.685401720426249958e+05 -3.330688476562500000e-01 3.060150146484375000e-01 -1.043380737304687944e+00
1.685402017866249953e+05 -2.566375732421875000e-01 4.791259765625000000e-03 -1.158508300781250000e+00
1.685402315316250024e+05 -3.261718750000000000e-01 4.336700439453125000e-01 -1.287841796875000000e+00
1.685402612956250086e+05 -5.925292968750000000e-01 6.757812500000000000e-01 -1.343688964843750000e+00
1.685402910116249986e+05 -1.176727294921875000e+00 -9.947204589843750000e-02 -6.063079833984375000e-01
1.685403207656249870e+05 -9.155426025390625000e-01 5.652618408203125000e-01 -5.500335693359375000e-01
1.685403505136249878e+05 -9.835815429687500000e-01 4.596710205078125000e-01 -1.016418457031250000e+00
1.685403802516249998e+05 -7.490539550781250000e-01 1.969604492187500000e-01 -7.889862060546875000e-01
1.685404100016249868e+05 -6.685333251953125000e-01 2.272949218750000000e-01 -7.636718750000000000e-01
1.685404397306249884e+05 -4.664764404296875000e-01 4.823303222656250000e-02 -8.991241455078125000e-01
1.685404694726250018e+05 -1.907348632812500000e-02 6.155395507812500000e-02 -1.126541137695312056e+00
1.685404992116249923e+05 1.005859375000000000e-01 -1.573181152343750000e-02 -8.889007568359375000e-01
1.685405289506250119e+05 3.821105957031250000e-01 5.094909667968750000e-02 -7.034606933593750000e-01
1.685405586896250024e+05 4.767608642578125000e-01 -9.538269042968750000e-02 -6.274108886718750000e-01
1.685405884206249902e+05 5.647888183593750000e-01 1.058959960937500000e-02 -6.075439453125000000e-01
1.685406181686249911e+05 4.753570556640625000e-01 1.445770263671875000e-01 -6.471405029296875000e-01
1.685406479046249879e+05 4.858703613281250000e-01 4.592895507812500000e-02 -3.868560791015625000e-01
1.685406776426249999e+05 7.354736328125000000e-01 1.299743652343750000e-01 -2.816009521484375000e-01
1.685407073806250119e+05 8.283233642578125000e-01 2.276000976562500000e-01 -2.817840576171875000e-01
1.685407371196250024e+05 1.130996704101562056e+00 3.000793457031250000e-01 -2.825927734375000000e-01
1.685407668576250144e+05 1.042205810546875000e+00 9.953308105468750000e-02 -1.413116455078125000e-01
1.685407965976250125e+05 1.082275390625000000e+00 4.338989257812500000e-01 1.119842529296875000e-01
1.685408263356249954e+05 8.681030273437500000e-01 2.315826416015625000e-01 5.226135253906250000e-02
1.685408560716249922e+05 8.570098876953125000e-01 3.099822998046875000e-01 3.809814453125000000e-01
1.685408858086249966e+05 1.138366699218750000e+00 1.683654785156250000e-01 3.346862792968750000e-01
1.685409155496250023e+05 9.001007080078125000e-01 1.445007324218750000e-01 4.782257080078125000e-01
1.685409452916249866e+05 1.113372802734375000e+00 1.194763183593750000e-01 4.441833496093750000e-01
1.685409750306250062e+05 1.098495483398437944e+00 1.190185546875000000e-01 2.977447509765625000e-01
1.685410047506249975e+05 1.162460327148437944e+00 5.276489257812500000e-02 3.428039550781250000e-01
1.685410345156250114e+05 1.127441406250000000e+00 4.613342285156250000e-01 4.841613769531250000e-02
1.685410642576249957e+05 1.155578613281250000e+00 5.923461914062500000e-02 2.144317626953125000e-01
1.685410939966249862e+05 1.166351318359375000e+00 3.887634277343750000e-01 1.534423828125000000e-01
1.685411237356250058e+05 1.140228271484375000e+00 1.811676025390625000e-01 2.235717773437500000e-01
1.685411534776249900e+05 1.014328002929687944e+00 1.902160644531250000e-01 1.660766601562500000e-01
1.685411832166250097e+05 8.090057373046875000e-01 1.137084960937500000e-01 -3.147888183593750000e-02
1.685412129566250078e+05 6.170501708984375000e-01 -6.245422363281250000e-02 -1.217346191406250000e-01
1.685412426936250122e+05 6.110534667968750000e-01 -1.345062255859375000e-01 -4.425048828125000000e-03
1.685412724426249915e+05 7.112426757812500000e-01 -2.608795166015625000e-01 5.111694335937500000e-03
1.685413021546250093e+05 8.673858642578125000e-01 -2.361297607421875000e-01 -2.445983886718750000e-02
1.685413319086249976e+05 9.826049804687500000e-01 -2.015686035156250000e-01 -7.661437988281250000e-02
1.685413616496250033e+05 1.132888793945312056e+00 -1.108245849609375000e-01 -3.002929687500000000e-02
1.685413913886249939e+05 1.063354492187500000e+00 -4.649353027343750000e-02 -6.709289550781250000e-02
1.685414211296249996e+05 1.045578002929687944e+00 6.124877929687500000e-02 -2.868652343750000000e-02
1.685414508836249879e+05 1.100219726562500000e+00 2.426452636718750000e-01 -1.132202148437500000e-01
1.685414806026250008e+05 1.049194335937500000e+00 2.977905273437500000e-01 -8.807373046875000000e-02
1.685415103446250141e+05 9.410400390625000000e-01 3.246612548828125000e-01 -2.369079589843750000e-01
1.685415400776249880e+05 9.010009765625000000e-01 2.718353271484375000e-01 -2.926635742187500000e-01
1.685415698166250077e+05 1.037414550781250000e+00 3.053131103515625000e-01 -7.408142089843750000e-02
1.685415995596249995e+05 1.068115234375000000e+00 1.976013183593750000e-01 -1.806640625000000000e-02
1.685416293016250129e+05 1.056671142578125000e+00 1.045684814453125000e-01 3.707885742187500000e-03
1.685416590376250097e+05 1.024566650390625000e+00 8.549499511718750000e-02 -1.586608886718750000e-01
1.685416887626250100e+05 1.180877685546875000e+00 1.672363281250000000e-02 1.718139648437500000e-02
1.685417185176250059e+05 1.220230102539062056e+00 -2.888488769531250000e-02 1.037597656250000000e-02
1.685417482716249942e+05 1.081710815429687944e+00 7.997131347656250000e-02 -1.363983154296875000e-01
1.685417779846249905e+05 1.000625610351562056e+00 6.123352050781250000e-02 -1.099548339843750000e-01
1.685418077386250079e+05 1.023269653320312056e+00 2.354431152343750000e-02 5.798339843750000000e-03
1.685418374736249971e+05 9.543762207031250000e-01 5.149841308593750000e-02 6.359863281250000000e-02
1.685418672346250096e+05 1.100326538085937944e+00 5.568084716796875000e-01 -5.934600830078125000e-01
1.685418969486250135e+05 1.289413452148437944e+00 2.325439453125000000e-02 3.837280273437500000e-01
1.685419267086249893e+05 9.653930664062500000e-01 1.641235351562500000e-01 5.358886718750000000e-02
1.685419564326250111e+05 6.543426513671875000e-01 4.626922607421875000e-01 -2.823791503906250000e-01
1.685419861686250078e+05 6.142578125000000000e-01 4.010925292968750000e-01 -2.270050048828125000e-01
1.685420159276250051e+05 8.062286376953125000e-01 2.503662109375000000e-01 2.265930175781250000e-02
1.685420456486250041e+05 9.073181152343750000e-01 2.625427246093750000e-01 1.466674804687500000e-01
1.685420753866249870e+05 8.249969482421875000e-01 3.714904785156250000e-01 8.653259277343750000e-02
1.685421051236249914e+05 7.519073486328125000e-01 5.719299316406250000e-01 4.612731933593750000e-02
1.685421348716249922e+05 8.100433349609375000e-01 6.801147460937500000e-01 1.275177001953125000e-01
1.685421646106250118e+05 8.672943115234375000e-01 3.688812255859375000e-01 3.919372558593750000e-01
1.685421943486249947e+05 7.962036132812500000e-01 1.915740966796875000e-01 5.131072998046875000e-01
1.685422240876250144e+05 8.948516845703125000e-01 7.350158691406250000e-02 6.741790771484375000e-01
1.685422696586250095e+05 1.388259887695312056e+00 4.680023193359375000e-01 4.160766601562500000e-01
1.685422934956249956e+05 9.163970947265625000e-01 2.095642089843750000e-01 2.376556396484375000e-01
1.685423172266249894e+05 8.104095458984375000e-01 -1.013946533203125000e-01 2.533111572265625000e-01
1.685423410556250019e+05 9.208068847656250000e-01 -4.553222656250000000e-02 1.457214355468750000e-02
1.685423647966250137e+05 9.930267333984375000e-01 4.590911865234375000e-01 -7.144775390625000000e-01
1.685423886256249971e+05 1.109558105468750000e+00 4.847106933593750000e-01 -7.901458740234375000e-01
1.685424124516249867e+05 8.811187744140625000e-01 6.396484375000000000e-02 -6.409759521484375000e-01
1.685424361926249985e+05 4.727478027343750000e-01 3.713989257812500000e-02 -5.886077880859375000e-01
1.685424600186249882e+05 5.784606933593750000e-02 -1.032562255859375000e-01 -5.127410888671875000e-01
1.685424837596249999e+05 1.442260742187500000e-01 -4.233245849609375000e-01 -5.403137207031250000e-02
1.685425075876250048e+05 5.400238037109375000e-01 -3.742218017578125000e-01 4.574279785156250000e-01
1.685425314156250097e+05 9.326629638671875000e-01 -2.559051513671875000e-01 5.491180419921875000e-01
1.685425551546250063e+05 1.625045776367187944e+00 -2.174377441406250000e-02 6.578063964843750000e-02
1.685425789786250098e+05 1.980972290039062056e+00 1.587219238281250000e-01 -5.950775146484375000e-01
1.685426027146250126e+05 1.547760009765625000e+00 1.952819824218750000e-01 -3.791351318359375000e-01
1.685426265406250022e+05 1.338714599609375000e+00 -5.065765380859375000e-01 -1.673431396484375000e-01
1.685426503726250085e+05 1.698074340820312056e+00 -4.076538085937500000e-01 -9.938659667968750000e-01
1.685426741026249947e+05 1.853927612304687944e+00 -3.199310302734375000e-01 -1.445007324218750000e+00
1.685426979256249906e+05 1.605987548828125000e+00 -2.189025878906250000e-01 -1.102661132812500000e+00
1.685427216556250060e+05 7.636566162109375000e-01 -1.228332519531250000e-01 -8.433837890625000000e-01
1.685427454876250122e+05 1.589355468750000000e-01 -5.750427246093750000e-01 -5.699157714843750000e-01
1.685427693136250018e+05 7.528991699218750000e-01 -5.378723144531250000e-02 7.341003417968750000e-02
1.685427930556249921e+05 9.090270996093750000e-01 5.380249023437500000e-02 9.596252441406250000e-02
1.685428168786249880e+05 9.599914550781250000e-01 1.819152832031250000e-01 3.500366210937500000e-01
1.685428406166250061e+05 1.257827758789062056e+00 3.519744873046875000e-01 3.554229736328125000e-01
1.685428644426249957e+05 1.137695312500000000e+00 3.347015380859375000e-01 4.029083251953125000e-01
1.685428882686250145e+05 1.037353515625000000e+00 2.921295166015625000e-01 3.172302246093750000e-01
1.685429120066250034e+05 9.211883544921875000e-01 2.994537353515625000e-01 2.334442138671875000e-01
1.685429358326249931e+05 9.467468261718750000e-01 3.253479003906250000e-01 1.370239257812500000e-01
1.685429595716249896e+05 8.193206787109375000e-01 2.090454101562500000e-01 5.938720703125000000e-02
1.685429834066249896e+05 8.157501220703125000e-01 2.035064697265625000e-01 2.822875976562500000e-02
1.685430072136250092e+05 8.883209228515625000e-01 2.513122558593750000e-01 -3.695678710937500000e-02
1.685430309656249883e+05 9.438476562500000000e-01 1.989593505859375000e-01 9.754943847656250000e-02
1.685430548006249883e+05 1.042266845703125000e+00 1.638031005859375000e-01 9.045410156250000000e-02
1.685430785286249884e+05 1.068969726562500000e+00 1.387329101562500000e-01 7.102966308593750000e-02
1.685431023656250036e+05 1.017944335937500000e+00 9.521484375000000000e-02 8.648681640625000000e-02
1.685431262547500082e+05 1.023086547851562056e+00 7.846069335937500000e-02 3.733825683593750000e-02
1.685431499967499985e+05 1.004257202148437944e+00 3.012084960937500000e-02 6.103515625000000000e-05
1.685431738197499944e+05 9.806671142578125000e-01 2.485656738281250000e-02 -3.466796875000000000e-02
1.685431975477499946e+05 1.007354736328125000e+00 4.701232910156250000e-02 -2.774047851562500000e-02
1.685432213747499918e+05 1.014877319335937944e+00 6.666564941406250000e-02 2.447509765625000000e-02
1.685432452247499896e+05 1.014495849609375000e+00 6.790161132812500000e-02 3.135681152343750000e-02
1.685432689477500098e+05 1.034713745117187944e+00 5.735778808593750000e-02 5.084228515625000000e-02
1.685432927707500057e+05 1.076690673828125000e+00 2.662658691406250000e-02 8.303833007812500000e-02
1.685433165207499987e+05 1.106079101562500000e+00 1.347351074218750000e-02 8.839416503906250000e-02
1.685433403367499996e+05 1.088378906250000000e+00 5.035400390625000000e-04 9.764099121093750000e-02
1.685433641617500107e+05 1.030441284179687944e+00 1.171875000000000000e-02 1.039123535156250000e-02
1.685433879017499858e+05 9.948272705078125000e-01 2.679443359375000000e-02 -2.700805664062500000e-02
1.685434117277500045e+05 9.657287597656250000e-01 -5.703735351562500000e-02 -1.222229003906250000e-02
1.685434354637500073e+05 9.663848876953125000e-01 -3.541564941406250000e-02 -2.624511718750000000e-03
1.685434593157499912e+05 1.023483276367187944e+00 5.560302734375000000e-02 -6.578063964843750000e-02
1.685434831347499858e+05 9.651184082031250000e-01 4.675292968750000000e-02 1.280212402343750000e-02
1.685435068747499899e+05 9.332885742187500000e-01 6.721496582031250000e-02 7.762145996093750000e-02
1.685435306757499930e+05 9.480133056640625000e-01 1.100006103515625000e-01 1.501617431640625000e-01
1.685435544227499922e+05 1.002014160156250000e+00 1.917114257812500000e-01 6.040954589843750000e-02
1.685435782417499868e+05 9.926910400390625000e-01 1.955718994140625000e-01 -5.096435546875000000e-03
1.685436020787500020e+05 9.693908691406250000e-01 1.684112548828125000e-01 7.415771484375000000e-03
1.685436258267500089e+05 9.849090576171875000e-01 1.231384277343750000e-01 -4.930114746093750000e-02
1.685436496527499985e+05 9.759216308593750000e-01 6.330871582031250000e-02 -6.500244140625000000e-03
1.685436733837499924e+05 1.007293701171875000e+00 7.698059082031250000e-02 -5.166625976562500000e-02
1.685436972047500021e+05 1.007064819335937944e+00 8.375549316406250000e-02 -1.160430908203125000e-01
1.685437210447500111e+05 1.014572143554687944e+00 1.138458251953125000e-01 -1.062011718750000000e-01
1.685437447867500014e+05 9.763488769531250000e-01 8.486938476562500000e-02 -1.228485107421875000e-01
1.685437686147500062e+05 9.379577636718750000e-01 6.530761718750000000e-02 -6.207275390625000000e-02
1.685437923567499965e+05 9.670867919921875000e-01 3.919982910156250000e-02 -1.217651367187500000e-02
1.685438161817500077e+05 9.694671630859375000e-01 -9.643554687500000000e-03 -2.375793457031250000e-02
1.685438400097500125e+05 9.547882080078125000e-01 -1.167297363281250000e-02 -6.700134277343750000e-02
1.685438637487500091e+05 9.477081298828125000e-01 -3.698730468750000000e-02 -1.618957519531250000e-02
1.685438875757500064e+05 9.133453369140625000e-01 -5.255126953125000000e-02 1.789855957031250000e-02
1.685439113167499891e+05 8.789215087890625000e-01 -2.456665039062500000e-02 2.236938476562500000e-02
1.685439351477499877e+05 8.691101074218750000e-01 1.347198486328125000e-01 -2.502441406250000000e-03
1.685439589757499925e+05 9.304046630859375000e-01 1.692504882812500000e-01 7.450866699218750000e-02
1.685439827177500119e+05 1.060791015625000000e+00 1.455383300781250000e-01 -3.274536132812500000e-02
1.685440065497499891e+05 1.427841186523437944e+00 2.141265869140625000e-01 -1.713562011718750000e-01
1.685440302937499946e+05 1.721405029296875000e+00 3.263397216796875000e-01 -6.300811767578125000e-01
1.685440541227500071e+05 1.597717285156250000e+00 8.484802246093750000e-01 -1.362808227539062056e+00
1.685440779577500070e+05 1.494018554687500000e+00 3.318634033203125000e-01 -1.390365600585937944e+00
1.685441016997499974e+05 1.227478027343750000e+00 6.025543212890625000e-01 -6.489410400390625000e-01
1.685441255057500093e+05 1.288284301757812056e+00 4.919281005859375000e-01 7.019042968750000000e-02
1.685441492607500113e+05 3.970336914062500000e-02 -7.191925048828125000e-01 1.241485595703125000e+00
1.685441730877500086e+05 -8.027648925781250000e-02 -2.027740478515625000e-01 5.609893798828125000e-01
1.685441969127499906e+05 -2.751770019531250000e-01 -4.343261718750000000e-01 -2.292022705078125000e-01
1.685442206567499961e+05 1.576995849609375000e-01 -7.171630859375000000e-01 -5.298004150390625000e-01
1.685442444627500081e+05 6.118774414062500000e-01 -2.047729492187500000e-02 -1.201141357421875000e+00
1.685442682197499962e+05 8.657836914062500000e-01 -6.130065917968750000e-01 -1.053207397460937944e+00
1.685442920477500011e+05 1.238159179687500000e+00 -1.103775024414062056e+00 -4.227752685546875000e-01
1.685443158747499983e+05 2.143447875976562056e+00 -3.470764160156250000e-01 -4.756317138671875000e-01
1.685443396147500025e+05 1.687210083007812056e+00 -7.566833496093750000e-01 -2.769927978515625000e-01
1.685443634447499935e+05 1.253875732421875000e+00 -1.131072998046875000e+00 3.047943115234375000e-01
1.685443871817500039e+05 1.006484985351562056e+00 -3.672332763671875000e-01 -7.217864990234375000e-01
1.685444110097500088e+05 1.568572998046875000e+00 -7.630462646484375000e-01 -2.046051025390625000e-01
1.685444348367500061e+05 1.732437133789062056e+00 -6.293945312500000000e-01 -6.042633056640625000e-01
1.685444585657500138e+05 1.737258911132812056e+00 -5.529785156250000000e-01 -5.114593505859375000e-01
1.685444824037500075e+05 9.818115234375000000e-01 -5.944061279296875000e-01 -2.638854980468750000e-01
1.685445061487499916e+05 5.788421630859375000e-01 -6.395721435546875000e-01 1.443481445312500000e-01
1.685445299717499875e+05 5.805816650390625000e-01 -2.660522460937500000e-01 -1.475067138671875000e-01
1.685445538007499999e+05 6.578826904296875000e-01 -2.150268554687500000e-01 4.851684570312500000e-01
1.685445775397499965e+05 5.933532714843750000e-01 3.404846191406250000e-01 6.405639648437500000e-02
1.685446013687500090e+05 6.955871582031250000e-01 1.226043701171875000e-01 2.290191650390625000e-01
1.685446251077500056e+05 5.540466308593750000e-01 1.740264892578125000e-01 6.009368896484375000e-01
1.685446489347500028e+05 6.803894042968750000e-02 2.387847900390625000e-01 2.597503662109375000e-01
1.685446727617500001e+05 5.907287597656250000e-01 4.255676269531250000e-01 3.968658447265625000e-01
1.685446965007499966e+05 8.120727539062500000e-01 4.219360351562500000e-01 4.330902099609375000e-01
1.685447203267499863e+05 8.957672119140625000e-01 4.939727783203125000e-01 4.210815429687500000e-01
1.685447440657500119e+05 9.371795654296875000e-01 4.716186523437500000e-01 2.474822998046875000e-01
1.685447678907499940e+05 9.630432128906250000e-01 2.541046142578125000e-01 3.679656982421875000e-01
1.685447917177499912e+05 9.070281982421875000e-01 2.099914550781250000e-01 5.918426513671875000e-01
1.685448154577499954e+05 8.542022705078125000e-01 1.554718017578125000e-01 5.069732666015625000e-01
1.685448392847499927e+05 8.660583496093750000e-01 1.485900878906250000e-01 4.596710205078125000e-01
1.685448630347499857e+05 8.795623779296875000e-01 9.826660156250000000e-02 4.330291748046875000e-01
1.685448868477499927e+05 9.187927246093750000e-01 1.857757568359375000e-01 3.679504394531250000e-01
1.685449106717499963e+05 9.141998291015625000e-01 1.911621093750000000e-01 3.409423828125000000e-01
1.685449344107499928e+05 1.032501220703125000e+00 1.930236816406250000e-01 3.576812744140625000e-01
1.685449582377499901e+05 1.125091552734375000e+00 1.623229980468750000e-01 3.560485839843750000e-01
1.685449819777499943e+05 1.272247314453125000e+00 1.331176757812500000e-01 5.255889892578125000e-01
1.685450058037500130e+05 1.260681152343750000e+00 2.007904052734375000e-01 4.896545410156250000e-01
1.685450296287499950e+05 1.270065307617187944e+00 1.604003906250000000e-01 6.404266357421875000e-01
1.685450533677499916e+05 1.179702758789062056e+00 4.498291015625000000e-02 6.475677490234375000e-01
1.685450772077500005e+05 9.620513916015625000e-01 -3.584289550781250000e-02 4.831390380859375000e-01
1.685451009297500132e+05 8.595428466796875000e-01 -9.313964843750000000e-02 2.516021728515625000e-01
1.685451247567500104e+05 9.218750000000000000e-01 -1.773071289062500000e-02 2.476806640625000000e-01
1.685451485667499946e+05 7.294921875000000000e-01 3.184509277343750000e-02 1.484832763671875000e-01
