1.319925602348750108e+05 -5.828857421875000000e-03 1.205444335937500000e-02 -1.004913330078125000e+00
1.319926039688749879e+05 -4.928588867187500000e-03 1.078796386718750000e-02 -1.002700805664062056e+00
1.319926337808750104e+05 -6.134033203125000000e-03 8.544921875000000000e-03 -1.003067016601562056e+00
1.319926635838749935e+05 -5.584716796875000000e-03 1.278686523437500000e-02 -1.002883911132812056e+00
1.319926933978750021e+05 -5.294799804687500000e-03 1.202392578125000000e-02 -1.004440307617187944e+00
1.319927232188750058e+05 -6.607055664062500000e-03 1.292419433593750000e-02 -1.003387451171875000e+00
1.319927530348750006e+05 -3.875732421875000000e-03 9.841918945312500000e-03 -1.005020141601562056e+00
1.319927828418750141e+05 -4.089355468750000000e-03 9.719848632812500000e-03 -1.005401611328125000e+00
1.319928126678749977e+05 -6.576538085937500000e-03 1.264953613281250000e-02 -1.003402709960937944e+00
1.319928424808749987e+05 -6.408691406250000000e-03 1.130676269531250000e-02 -1.003051757812500000e+00
1.319928722948750074e+05 -6.744384765625000000e-03 1.303100585937500000e-02 -1.004043579101562056e+00
1.319929020998750057e+05 -5.416870117187500000e-03 1.000976562500000000e-02 -1.002975463867187944e+00
1.319929319228749955e+05 -6.607055664062500000e-03 9.323120117187500000e-03 -1.002105712890625000e+00
1.319929617398749979e+05 -5.783081054687500000e-03 1.243591308593750000e-02 -1.001022338867187944e+00
1.319929915528749989e+05 -6.164550781250000000e-03 1.222229003906250000e-02 -1.004730224609375000e+00
1.319930213438750070e+05 -6.134033203125000000e-03 1.133728027343750000e-02 -1.002044677734375000e+00
1.319930511538750143e+05 -4.867553710937500000e-03 1.000976562500000000e-02 -1.004043579101562056e+00
1.319930809688750014e+05 -4.501342773437500000e-03 1.161193847656250000e-02 -1.000991821289062056e+00
1.319931107908750128e+05 -5.111694335937500000e-03 1.278686523437500000e-02 -1.001831054687500000e+00
1.319931406078749860e+05 -6.317138671875000000e-03 1.165771484375000000e-02 -1.003402709960937944e+00
1.319931704028749955e+05 -3.890991210937500000e-03 1.091003417968750000e-02 -1.002441406250000000e+00
1.319932002138750104e+05 -5.554199218750000000e-03 1.184082031250000000e-02 -1.003753662109375000e+00
1.319932300458750105e+05 -3.875732421875000000e-03 1.013183593750000000e-02 -1.003326416015625000e+00
1.319932598648749990e+05 -6.286621093750000000e-03 1.411437988281250000e-02 -1.002914428710937944e+00
1.319932896508749982e+05 -5.081176757812500000e-03 1.461791992187500000e-02 -1.002456665039062056e+00
1.319933194618750131e+05 -4.669189453125000000e-03 1.019287109375000000e-02 -1.002227783203125000e+00
1.319933492738750065e+05 -7.034301757812500000e-03 1.072692871093750000e-02 -1.004043579101562056e+00
1.319933790838750137e+05 -6.118774414062500000e-03 1.301574707031250000e-02 -1.002639770507812056e+00
1.319934089168749924e+05 -7.644653320312500000e-03 1.011657714843750000e-02 -1.003845214843750000e+00
1.319934387268749997e+05 -7.644653320312500000e-03 1.155090332031250000e-02 -1.001937866210937944e+00
1.319934685238749953e+05 -5.294799804687500000e-03 1.219177246093750000e-02 -1.002410888671875000e+00
1.319934983318749873e+05 -5.737304687500000000e-03 1.176452636718750000e-02 -1.003128051757812056e+00
1.319935281388750009e+05 -6.866455078125000000e-03 1.010131835937500000e-02 -1.004135131835937944e+00
1.319935579498749867e+05 -5.844116210937500000e-03 1.144409179687500000e-02 -1.003219604492187944e+00
1.319935877588749863e+05 -6.515502929687500000e-03 1.046752929687500000e-02 -1.002975463867187944e+00
1.319936175678749860e+05 -5.920410156250000000e-03 1.113891601562500000e-02 -1.001770019531250000e+00
1.319936473768749856e+05 -6.378173828125000000e-03 1.258850097656250000e-02 -1.001647949218750000e+00
1.319936771858750144e+05 -5.340576171875000000e-03 9.658813476562500000e-03 -1.003051757812500000e+00
1.319937069938750064e+05 -4.898071289062500000e-03 1.161193847656250000e-02 -1.002410888671875000e+00
1.319937368098750012e+05 -6.698608398437500000e-03 1.130676269531250000e-02 -1.004089355468750000e+00
1.319937666118750058e+05 -7.034301757812500000e-03 1.208496093750000000e-02 -1.002746582031250000e+00
1.319937964208750054e+05 -5.447387695312500000e-03 1.008605957031250000e-02 -1.002655029296875000e+00
1.319938262268750113e+05 -5.813598632812500000e-03 1.089477539062500000e-02 -1.002120971679687944e+00
1.319938560338749958e+05 -2.426147460937500000e-03 1.202392578125000000e-02 -1.003646850585937944e+00
1.319938858398750017e+05 -7.064819335937500000e-03 1.148986816406250000e-02 -1.002227783203125000e+00
1.319939156388750125e+05 -4.638671875000000000e-03 1.124572753906250000e-02 -1.000915527343750000e+00
1.319939454468750046e+05 -4.287719726562500000e-03 1.065063476562500000e-02 -1.004867553710937944e+00
1.319939752538749890e+05 -6.378173828125000000e-03 1.182556152343750000e-02 -1.003112792968750000e+00
1.319940050578750088e+05 -6.195068359375000000e-03 1.129150390625000000e-02 -1.001815795898437944e+00
1.319940348828750139e+05 -6.301879882812500000e-03 1.129150390625000000e-02 -1.003875732421875000e+00
1.319940646608750103e+05 -5.386352539062500000e-03 1.248168945312500000e-02 -1.003479003906250000e+00
1.319940944958750042e+05 -6.240844726562500000e-03 9.002685546875000000e-03 -1.001983642578125000e+00
1.319941243118749990e+05 -5.538940429687500000e-03 1.240539550781250000e-02 -1.003173828125000000e+00
1.319941540968749905e+05 -7.965087890625000000e-03 1.139831542968750000e-02 -1.002593994140625000e+00
1.319941839238750108e+05 -5.584716796875000000e-03 1.150512695312500000e-02 -1.003890991210937944e+00
1.319942137358750042e+05 -6.240844726562500000e-03 1.235961914062500000e-02 -1.003921508789062056e+00
1.319942435498750128e+05 -3.585815429687500000e-03 1.255798339843750000e-02 -1.002609252929687944e+00
1.319942733618750062e+05 -4.089355468750000000e-03 1.196289062500000000e-02 -1.002014160156250000e+00
1.319943031728749920e+05 -5.432128906250000000e-03 1.196289062500000000e-02 -1.003112792968750000e+00
1.319943329908750020e+05 -5.477905273437500000e-03 1.181030273437500000e-02 -1.001281738281250000e+00
1.319943627998750017e+05 -4.226684570312500000e-03 1.145935058593750000e-02 -1.003799438476562056e+00
1.319943926128750027e+05 -5.020141601562500000e-03 1.217651367187500000e-02 -1.004989624023437944e+00
1.319944224248749961e+05 -4.638671875000000000e-03 1.390075683593750000e-02 -1.001770019531250000e+00
1.319944522228749993e+05 -4.425048828125000000e-03 1.104736328125000000e-02 -1.003128051757812056e+00
1.319944820548749994e+05 -6.469726562500000000e-03 7.919311523437500000e-03 -1.003387451171875000e+00
1.319945118688750081e+05 -6.988525390625000000e-03 1.133728027343750000e-02 -1.001174926757812056e+00
1.319945416818750091e+05 -6.240844726562500000e-03 1.155090332031250000e-02 -1.002990722656250000e+00
1.319945714988750115e+05 -5.035400390625000000e-03 9.887695312500000000e-03 -1.003631591796875000e+00
1.319946012998750084e+05 -5.310058593750000000e-03 1.242065429687500000e-02 -1.002044677734375000e+00
1.319946311288749857e+05 -3.921508789062500000e-03 9.933471679687500000e-03 -1.001693725585937944e+00
1.319946609448750096e+05 -3.829956054687500000e-03 9.552001953125000000e-03 -1.003662109375000000e+00
1.319946907578750106e+05 -5.096435546875000000e-03 1.243591308593750000e-02 -1.002792358398437944e+00
1.319947205698750040e+05 -5.767822265625000000e-03 1.100158691406250000e-02 -1.001815795898437944e+00
1.319947503838750126e+05 -4.272460937500000000e-03 1.179504394531250000e-02 -1.001739501953125000e+00
1.319947801988749998e+05 -4.669189453125000000e-03 1.199340820312500000e-02 -1.003738403320312056e+00
1.319948100108749932e+05 -7.827758789062500000e-03 1.179504394531250000e-02 -1.005142211914062056e+00
1.319948398218750081e+05 -4.547119140625000000e-03 1.116943359375000000e-02 -1.002746582031250000e+00
1.319948696368749952e+05 -4.257202148437500000e-03 1.217651367187500000e-02 -1.003616333007812056e+00
1.319948994508750038e+05 -6.652832031250000000e-03 1.167297363281250000e-02 -1.001235961914062056e+00
1.319949292608750111e+05 -6.378173828125000000e-03 1.141357421875000000e-02 -1.003326416015625000e+00
1.319949590768750058e+05 -4.684448242187500000e-03 1.391601562500000000e-02 -1.001434326171875000e+00
1.319949888748750091e+05 -5.142211914062500000e-03 1.133728027343750000e-02 -1.002243041992187944e+00
1.319950187058750016e+05 -7.415771484375000000e-03 1.351928710937500000e-02 -1.003265380859375000e+00
1.319950485058749910e+05 -3.250122070312500000e-03 1.029968261718750000e-02 -1.004043579101562056e+00
1.319950783358750050e+05 -5.371093750000000000e-03 1.116943359375000000e-02 -1.004364013671875000e+00
1.319951081358749943e+05 -6.774902343750000000e-03 1.284790039062500000e-02 -1.002044677734375000e+00
1.319951379658750084e+05 -6.713867187500000000e-03 1.092529296875000000e-02 -1.004440307617187944e+00
1.319951677758749865e+05 -5.203247070312500000e-03 1.330566406250000000e-02 -1.003601074218750000e+00
1.319951975878750090e+05 -5.859375000000000000e-03 1.112365722656250000e-02 -1.002807617187500000e+00
1.319952274088750128e+05 -4.928588867187500000e-03 1.089477539062500000e-02 -1.003448486328125000e+00
1.319952572158749972e+05 -4.348754882812500000e-03 1.048278808593750000e-02 -1.002899169921875000e+00
1.319952870308750134e+05 -3.494262695312500000e-03 1.092529296875000000e-02 -1.002304077148437944e+00
1.319953168468750082e+05 -5.905151367187500000e-03 1.130676269531250000e-02 -1.002334594726562056e+00
1.319953466468749975e+05 -3.585815429687500000e-03 1.153564453125000000e-02 -1.003829956054687944e+00
1.319953764658749860e+05 -4.776000976562500000e-03 1.203918457031250000e-02 -1.002258300781250000e+00
1.319954062758749933e+05 -5.767822265625000000e-03 1.055908203125000000e-02 -1.004638671875000000e+00
1.319954361168750038e+05 -5.294799804687500000e-03 1.097106933593750000e-02 -1.003555297851562056e+00
1.319954659058749967e+05 -6.103515625000000000e-03 1.188659667968750000e-02 -1.002502441406250000e+00
1.319954957178749901e+05 -6.088256835937500000e-03 1.228332519531250000e-02 -1.004501342773437944e+00
1.319955255258750112e+05 -4.455566406250000000e-03 1.173400878906250000e-02 -1.002944946289062056e+00
1.319955553458750073e+05 -7.339477539062500000e-03 1.316833496093750000e-02 -1.003692626953125000e+00
1.319955851568749931e+05 -6.500244140625000000e-03 1.078796386718750000e-02 -1.002426147460937944e+00
1.319956149728749879e+05 -6.317138671875000000e-03 1.150512695312500000e-02 -1.002090454101562056e+00
1.319956447908749979e+05 -5.859375000000000000e-03 1.187133789062500000e-02 -1.003372192382812056e+00
1.319956746188749967e+05 -6.134033203125000000e-03 1.065063476562500000e-02 -1.002822875976562056e+00
1.319957044188749860e+05 -5.249023437500000000e-03 1.251220703125000000e-02 -1.003890991210937944e+00
1.319957342388750112e+05 -5.950927734375000000e-03 1.138305664062500000e-02 -1.003875732421875000e+00
1.319957640558750136e+05 -5.371093750000000000e-03 1.222229003906250000e-02 -1.002426147460937944e+00
1.319957939008749963e+05 -3.997802734375000000e-03 9.216308593750000000e-03 -1.002670288085937944e+00
1.319958239371666859e+05 -6.271362304687500000e-03 1.025390625000000000e-02 -1.002227783203125000e+00
1.319958537501666870e+05 -5.615234375000000000e-03 1.257324218750000000e-02 -1.003585815429687944e+00
1.319958835751666920e+05 -5.233764648437500000e-03 1.051330566406250000e-02 -1.003814697265625000e+00
1.319959133891667007e+05 -7.125854492187500000e-03 1.268005371093750000e-02 -1.002517700195312056e+00
1.319959431871667039e+05 -5.538940429687500000e-03 1.159667968750000000e-02 -1.002410888671875000e+00
1.319959730191667040e+05 -5.264282226562500000e-03 1.141357421875000000e-02 -1.003234863281250000e+00
1.319960028281667037e+05 -4.425048828125000000e-03 9.796142578125000000e-03 -1.000305175781250000e+00
1.319960326391666895e+05 -4.898071289062500000e-03 1.017761230468750000e-02 -1.002227783203125000e+00
1.319960624501667044e+05 -4.364013671875000000e-03 1.097106933593750000e-02 -1.001708984375000000e+00
1.319960922641667130e+05 -3.128051757812500000e-03 9.902954101562500000e-03 -1.003097534179687944e+00
1.319961220841667091e+05 -5.065917968750000000e-03 1.191711425781250000e-02 -1.003143310546875000e+00
1.319961518901666859e+05 -6.011962890625000000e-03 1.147460937500000000e-02 -1.001998901367187944e+00
1.319961817021667084e+05 -6.256103515625000000e-03 1.127624511718750000e-02 -1.001586914062500000e+00
1.319962115181667032e+05 -5.294799804687500000e-03 1.255798339843750000e-02 -1.002532958984375000e+00
1.319962413311667042e+05 -5.508422851562500000e-03 1.300048828125000000e-02 -9.998168945312500000e-01
1.319962711471666989e+05 -3.875732421875000000e-03 1.275634765625000000e-02 -1.001754760742187944e+00
1.319963009601667000e+05 -5.187988281250000000e-03 1.333618164062500000e-02 -1.001571655273437944e+00
1.319963307511667081e+05 -5.416870117187500000e-03 1.167297363281250000e-02 -1.003067016601562056e+00
1.319963605831667082e+05 -5.538940429687500000e-03 1.078796386718750000e-02 -1.003845214843750000e+00
1.319963903941666940e+05 -5.447387695312500000e-03 1.089477539062500000e-02 -1.002563476562500000e+00
1.319964202041667013e+05 -6.011962890625000000e-03 1.222229003906250000e-02 -1.003067016601562056e+00
1.319964500251667050e+05 -3.158569335937500000e-03 1.301574707031250000e-02 -1.004562377929687944e+00
1.319964798281666881e+05 -6.271362304687500000e-03 1.000976562500000000e-02 -1.005355834960937944e+00
1.319965096401667106e+05 -5.249023437500000000e-03 1.176452636718750000e-02 -1.001663208007812056e+00
1.319965394491667103e+05 -4.592895507812500000e-03 1.091003417968750000e-02 -1.006027221679687944e+00
1.319965692621667113e+05 -3.875732421875000000e-03 1.286315917968750000e-02 -1.002395629882812056e+00
1.319965990811666998e+05 -5.493164062500000000e-03 1.068115234375000000e-02 -1.002883911132812056e+00
1.319966288901666994e+05 -5.081176757812500000e-03 1.168823242187500000e-02 -1.002578735351562056e+00
1.319966587091666879e+05 -7.019042968750000000e-03 1.103210449218750000e-02 -1.001510620117187944e+00
1.319966885251667118e+05 -5.935668945312500000e-03 1.179504394531250000e-02 -1.003128051757812056e+00
1.319967183411667065e+05 -6.164550781250000000e-03 1.242065429687500000e-02 -1.001632690429687944e+00
1.319967481561666937e+05 -6.393432617187500000e-03 1.234436035156250000e-02 -1.004333496093750000e+00
1.319967779681666871e+05 -5.828857421875000000e-03 1.173400878906250000e-02 -1.003295898437500000e+00
1.319968077741666930e+05 -5.538940429687500000e-03 1.322937011718750000e-02 -1.002212524414062056e+00
1.319968375911666953e+05 -4.730224609375000000e-03 1.113891601562500000e-02 -1.003494262695312056e+00
1.319968674061667116e+05 -6.958007812500000000e-03 1.107788085937500000e-02 -1.000534057617187944e+00
1.319968972201666911e+05 -8.102416992187500000e-03 1.350402832031250000e-02 -1.004791259765625000e+00
1.319969270531666989e+05 -6.286621093750000000e-03 1.014709472656250000e-02 -1.003723144531250000e+00
1.319969568531666882e+05 -4.653930664062500000e-03 1.100158691406250000e-02 -1.003265380859375000e+00
1.319969866761667072e+05 -4.913330078125000000e-03 1.127624511718750000e-02 -1.001846313476562056e+00
1.319970164881667006e+05 -5.462646484375000000e-03 1.062011718750000000e-02 -1.001617431640625000e+00
1.319970463011667016e+05 -6.851196289062500000e-03 9.719848632812500000e-03 -1.002593994140625000e+00
1.319970761241666914e+05 -5.599975585937500000e-03 1.057434082031250000e-02 -1.002365112304687944e+00
1.319971059331666911e+05 -5.798339843750000000e-03 1.315307617187500000e-02 -1.002975463867187944e+00
1.319971357391666970e+05 -5.661010742187500000e-03 1.210021972656250000e-02 -1.003677368164062056e+00
1.319971655651667097e+05 -4.089355468750000000e-03 1.194763183593750000e-02 -1.003677368164062056e+00
1.319971953811667045e+05 -4.760742187500000000e-03 1.078796386718750000e-02 -1.002151489257812056e+00
1.319972251981667068e+05 -5.645751953125000000e-03 1.071166992187500000e-02 -1.003433227539062056e+00
1.319972550191667106e+05 -4.882812500000000000e-03 1.242065429687500000e-02 -1.001464843750000000e+00
1.319972848281667102e+05 -4.592895507812500000e-03 1.206970214843750000e-02 -1.001693725585937944e+00
1.319973146431666974e+05 -6.805419921875000000e-03 1.109313964843750000e-02 -1.002944946289062056e+00
1.319973444661666872e+05 -3.631591796875000000e-03 1.239013671875000000e-02 -1.003372192382812056e+00
1.319973742821667111e+05 -5.371093750000000000e-03 1.249694824218750000e-02 -1.002929687500000000e+00
1.319974040861667017e+05 -4.562377929687500000e-03 1.164245605468750000e-02 -1.002838134765625000e+00
1.319974339131666929e+05 -5.844116210937500000e-03 1.139831542968750000e-02 -1.003479003906250000e+00
1.319974636981667136e+05 -6.347656250000000000e-03 1.106262207031250000e-02 -1.003524780273437944e+00
1.319974935431666963e+05 -5.447387695312500000e-03 1.071166992187500000e-02 -1.000656127929687944e+00
1.319975233471666870e+05 -6.027221679687500000e-03 9.399414062500000000e-03 -1.004486083984375000e+00
1.319975531451666902e+05 -4.364013671875000000e-03 1.173400878906250000e-02 -1.002059936523437944e+00
1.319975829611667141e+05 -5.538940429687500000e-03 9.597778320312500000e-03 -1.002426147460937944e+00
1.319976127771667088e+05 -6.256103515625000000e-03 1.118469238281250000e-02 -1.002868652343750000e+00
1.319976426061666862e+05 -5.508422851562500000e-03 1.338195800781250000e-02 -1.004898071289062056e+00
1.319976724051666970e+05 -4.638671875000000000e-03 9.643554687500000000e-03 -1.000686645507812056e+00
1.319977022241666855e+05 -6.362915039062500000e-03 1.155090332031250000e-02 -1.002136230468750000e+00
1.319977320491666906e+05 -2.883911132812500000e-03 1.237487792968750000e-02 -1.001953125000000000e+00
1.319977618551666965e+05 -5.508422851562500000e-03 1.214599609375000000e-02 -1.003067016601562056e+00
1.319977916711666912e+05 -4.379272460937500000e-03 1.219177246093750000e-02 -1.002593994140625000e+00
1.319978214861667075e+05 -5.157470703125000000e-03 1.055908203125000000e-02 -1.002655029296875000e+00
1.319978513021667022e+05 -5.859375000000000000e-03 1.081848144531250000e-02 -1.002182006835937944e+00
1.319978811181666970e+05 -5.538940429687500000e-03 1.129150390625000000e-02 -1.004043579101562056e+00
1.319979109331667132e+05 -6.561279296875000000e-03 1.191711425781250000e-02 -1.002120971679687944e+00
1.319979407481667004e+05 -5.416870117187500000e-03 1.219177246093750000e-02 -1.003814697265625000e+00
1.319979705641666951e+05 -6.652832031250000000e-03 1.268005371093750000e-02 -1.003646850585937944e+00
1.319980003811666975e+05 -5.554199218750000000e-03 1.083374023437500000e-02 -1.004028320312500000e+00
1.319980301801667083e+05 -6.591796875000000000e-03 1.112365722656250000e-02 -1.004287719726562056e+00
1.319980599851667066e+05 -6.103515625000000000e-03 1.228332519531250000e-02 -1.004287719726562056e+00
1.319980898101667117e+05 -6.271362304687500000e-03 1.203918457031250000e-02 -1.004333496093750000e+00
1.319981196201666899e+05 -6.622314453125000000e-03 1.190185546875000000e-02 -1.002883911132812056e+00
1.319981494421667012e+05 -7.354736328125000000e-03 1.268005371093750000e-02 -1.002685546875000000e+00
1.319981792281667003e+05 -4.882812500000000000e-03 1.159667968750000000e-02 -1.001449584960937944e+00
1.319982090621666866e+05 -5.798339843750000000e-03 1.097106933593750000e-02 -1.002883911132812056e+00
1.319982388591667113e+05 -7.141113281250000000e-03 1.182556152343750000e-02 -1.003753662109375000e+00
1.319982686931666976e+05 -5.981445312500000000e-03 1.231384277343750000e-02 -1.002059936523437944e+00
1.319982985051666910e+05 -5.599975585937500000e-03 1.022338867187500000e-02 -1.001770019531250000e+00
1.319983283041667019e+05 -4.089355468750000000e-03 1.081848144531250000e-02 -1.001449584960937944e+00
1.319983581111666863e+05 -2.807617187500000000e-03 1.234436035156250000e-02 -1.001159667968750000e+00
1.319983879261667025e+05 -7.019042968750000000e-03 1.216125488281250000e-02 -1.002090454101562056e+00
1.319984177471667062e+05 -4.852294921875000000e-03 1.051330566406250000e-02 -1.002380371093750000e+00
1.319984475571667135e+05 -5.294799804687500000e-03 1.219177246093750000e-02 -1.001861572265625000e+00
1.319984773741666868e+05 -5.966186523437500000e-03 1.336669921875000000e-02 -1.004196166992187944e+00
1.319985072161667049e+05 -5.416870117187500000e-03 1.242065429687500000e-02 -1.005569458007812056e+00
1.319985370121666929e+05 -4.272460937500000000e-03 9.323120117187500000e-03 -1.004318237304687944e+00
1.319985668301667029e+05 -4.684448242187500000e-03 1.153564453125000000e-02 -1.002975463867187944e+00
1.319985966471667052e+05 -5.462646484375000000e-03 1.150512695312500000e-02 -1.001220703125000000e+00
1.319986264641667076e+05 -4.653930664062500000e-03 1.187133789062500000e-02 -1.002929687500000000e+00
1.319986562971666863e+05 -4.287719726562500000e-03 1.159667968750000000e-02 -1.003982543945312056e+00
1.319986861021667137e+05 -7.400512695312500000e-03 1.170349121093750000e-02 -1.001693725585937944e+00
1.319987159171667008e+05 -5.432128906250000000e-03 1.127624511718750000e-02 -1.002746582031250000e+00
1.319987457331666956e+05 -5.371093750000000000e-03 1.179504394531250000e-02 -1.002197265625000000e+00
1.319987755471667042e+05 -6.271362304687500000e-03 1.152038574218750000e-02 -1.002716064453125000e+00
1.319988053631666990e+05 -5.157470703125000000e-03 9.353637695312500000e-03 -1.003372192382812056e+00
1.319988351801667013e+05 -6.240844726562500000e-03 9.719848632812500000e-03 -1.002182006835937944e+00
1.319988649911666871e+05 -3.540039062500000000e-03 1.213073730468750000e-02 -1.004852294921875000e+00
1.319988948081666895e+05 -4.882812500000000000e-03 1.190185546875000000e-02 -1.004211425781250000e+00
1.319989246221666981e+05 -4.165649414062500000e-03 1.301574707031250000e-02 -1.003402709960937944e+00
1.319989544391667005e+05 -6.378173828125000000e-03 1.164245605468750000e-02 -1.002273559570312056e+00
1.319989842661666917e+05 -5.722045898437500000e-03 1.159667968750000000e-02 -1.002914428710937944e+00
1.319990140811667079e+05 -3.677368164062500000e-03 1.214599609375000000e-02 -1.003234863281250000e+00
1.319990438901667076e+05 -6.958007812500000000e-03 1.368713378906250000e-02 -1.001953125000000000e+00
1.319990737111667113e+05 -6.973266601562500000e-03 1.219177246093750000e-02 -1.003387451171875000e+00
1.319991035121667082e+05 -4.852294921875000000e-03 1.048278808593750000e-02 -1.004074096679687944e+00
1.319991333441667084e+05 -5.859375000000000000e-03 1.025390625000000000e-02 -1.003799438476562056e+00
1.319991631451667054e+05 -4.638671875000000000e-03 1.249694824218750000e-02 -1.003204345703125000e+00
1.319991929751666903e+05 -8.926391601562500000e-03 1.202392578125000000e-02 -1.003677368164062056e+00
1.319992227931667003e+05 -6.652832031250000000e-03 1.286315917968750000e-02 -1.003158569335937944e+00
1.319992526091666950e+05 -5.432128906250000000e-03 1.211547851562500000e-02 -1.004486083984375000e+00
1.319992824211666884e+05 -6.011962890625000000e-03 1.057434082031250000e-02 -1.003295898437500000e+00
1.319993122401667060e+05 -4.516601562500000000e-03 1.100158691406250000e-02 -1.002502441406250000e+00
1.319993420391666878e+05 -5.050659179687500000e-03 1.220703125000000000e-02 -1.003082275390625000e+00
1.319993718691667018e+05 -7.614135742187500000e-03 1.304626464843750000e-02 -1.003021240234375000e+00
1.319994016861667042e+05 -5.264282226562500000e-03 1.164245605468750000e-02 -1.004516601562500000e+00
1.319994315031667065e+05 -5.126953125000000000e-03 1.094055175781250000e-02 -1.004806518554687944e+00
1.319994613161667075e+05 -5.599975585937500000e-03 1.239013671875000000e-02 -1.002838134765625000e+00
1.319994911311666947e+05 -6.134033203125000000e-03 1.231384277343750000e-02 -1.003829956054687944e+00
1.319995209331666993e+05 -5.722045898437500000e-03 1.226806640625000000e-02 -1.005645751953125000e+00
1.319995507591667119e+05 -4.608154296875000000e-03 1.039123535156250000e-02 -1.003540039062500000e+00
1.319995805741666991e+05 -5.447387695312500000e-03 1.219177246093750000e-02 -1.001953125000000000e+00
1.319996103881667077e+05 -5.187988281250000000e-03 1.130676269531250000e-02 -1.002182006835937944e+00
1.319996402041667025e+05 -5.477905273437500000e-03 1.205444335937500000e-02 -1.003326416015625000e+00
1.319996700181667111e+05 -5.905151367187500000e-03 1.109313964843750000e-02 -1.001800537109375000e+00
1.319996998331666982e+05 -5.828857421875000000e-03 1.200866699218750000e-02 -1.002792358398437944e+00
1.319997296491666930e+05 -4.974365234375000000e-03 1.266479492187500000e-02 -1.001419067382812056e+00
1.319997594681667106e+05 -5.920410156250000000e-03 1.107788085937500000e-02 -1.004058837890625000e+00
1.319997892841667053e+05 -6.484985351562500000e-03 1.158142089843750000e-02 -1.004150390625000000e+00
1.319998191081667028e+05 -6.134033203125000000e-03 1.454162597656250000e-02 -1.003112792968750000e+00
1.319998489191666886e+05 -6.317138671875000000e-03 1.095581054687500000e-02 -1.001373291015625000e+00
1.319998787331666972e+05 -5.813598632812500000e-03 1.188659667968750000e-02 -1.002593994140625000e+00
1.319999085441667121e+05 -5.844116210937500000e-03 1.266479492187500000e-02 -1.002319335937500000e+00
1.319999383591666992e+05 -3.936767578125000000e-03 1.101684570312500000e-02 -1.002960205078125000e+00
1.319999681751666940e+05 -5.538940429687500000e-03 1.261901855468750000e-02 -1.004135131835937944e+00
1.319999979881666950e+05 -7.019042968750000000e-03 1.129150390625000000e-02 -1.002777099609375000e+00
1.320000278051666974e+05 -3.936767578125000000e-03 1.112365722656250000e-02 -1.003128051757812056e+00
1.320000576151667046e+05 -6.195068359375000000e-03 9.628295898437500000e-03 -1.002563476562500000e+00
1.320000874441667111e+05 -7.125854492187500000e-03 1.312255859375000000e-02 -1.003814697265625000e+00
1.320001172401666990e+05 -6.912231445312500000e-03 1.173400878906250000e-02 -1.002853393554687944e+00
1.320001470621667104e+05 -5.935668945312500000e-03 1.283264160156250000e-02 -1.003326416015625000e+00
1.320001768881666940e+05 -4.959106445312500000e-03 1.098632812500000000e-02 -1.003433227539062056e+00
1.320002067011666950e+05 -5.264282226562500000e-03 1.065063476562500000e-02 -1.003128051757812056e+00
1.320002365091666870e+05 -5.249023437500000000e-03 1.214599609375000000e-02 -1.001983642578125000e+00
1.320002663251667109e+05 -7.446289062500000000e-03 1.142883300781250000e-02 -1.004623413085937944e+00
1.320002961431666918e+05 -4.547119140625000000e-03 1.121520996093750000e-02 -1.004669189453125000e+00
1.320003259411666950e+05 -4.455566406250000000e-03 1.167297363281250000e-02 -1.002883911132812056e+00
1.320003557721666875e+05 -3.845214843750000000e-03 1.066589355468750000e-02 -1.001678466796875000e+00
1.320003855881667114e+05 -5.172729492187500000e-03 1.078796386718750000e-02 -1.001541137695312056e+00
1.320004154031666985e+05 -5.187988281250000000e-03 1.243591308593750000e-02 -1.002349853515625000e+00
1.320004452181666857e+05 -3.524780273437500000e-03 1.159667968750000000e-02 -1.002502441406250000e+00
1.320004750371667033e+05 -6.042480468750000000e-03 1.052856445312500000e-02 -1.002456665039062056e+00
1.320005048501667043e+05 -5.966186523437500000e-03 1.280212402343750000e-02 -1.004547119140625000e+00
1.320005346681667143e+05 -4.287719726562500000e-03 1.124572753906250000e-02 -1.003234863281250000e+00
1.320005644841667090e+05 -7.431030273437500000e-03 1.016235351562500000e-02 -1.004745483398437944e+00
1.320005942971667100e+05 -5.950927734375000000e-03 1.129150390625000000e-02 -1.002700805664062056e+00
1.320006241131667048e+05 -4.348754882812500000e-03 1.095581054687500000e-02 -1.003829956054687944e+00
1.320006539291666995e+05 -5.249023437500000000e-03 1.165771484375000000e-02 -1.004394531250000000e+00
1.320006837441666867e+05 -2.593994140625000000e-03 1.354980468750000000e-02 -1.001937866210937944e+00
1.320007135601667105e+05 -5.813598632812500000e-03 1.119995117187500000e-02 -1.003707885742187944e+00
1.320007433761667053e+05 -3.570556640625000000e-03 1.287841796875000000e-02 -1.003982543945312056e+00
1.320007731751666870e+05 -6.698608398437500000e-03 1.007080078125000000e-02 -1.004592895507812056e+00
1.320008029751667054e+05 -5.447387695312500000e-03 1.196289062500000000e-02 -1.002838134765625000e+00
1.320008330300416856e+05 -5.142211914062500000e-03 1.173400878906250000e-02 -1.003295898437500000e+00
1.320008628630416933e+05 -4.409790039062500000e-03 1.217651367187500000e-02 -1.002716064453125000e+00
1.320008926770417020e+05 -5.157470703125000000e-03 1.210021972656250000e-02 -1.002944946289062056e+00
1.320009224880416878e+05 -5.020141601562500000e-03 1.210021972656250000e-02 -1.004989624023437944e+00
1.320009522970416874e+05 -5.279541015625000000e-03 1.095581054687500000e-02 -1.002868652343750000e+00
1.320009820810417004e+05 -5.737304687500000000e-03 1.092529296875000000e-02 -1.004104614257812056e+00
1.320010119060417055e+05 -4.989624023437500000e-03 1.161193847656250000e-02 -1.005157470703125000e+00
1.320010417130416899e+05 -5.584716796875000000e-03 1.339721679687500000e-02 -1.005096435546875000e+00
1.320010715260416910e+05 -5.096435546875000000e-03 1.190185546875000000e-02 -1.002975463867187944e+00
1.320011013140417053e+05 -5.706787109375000000e-03 1.162719726562500000e-02 -1.002853393554687944e+00
1.320011311230417050e+05 -6.179809570312500000e-03 1.336669921875000000e-02 -1.002624511718750000e+00
1.320011609490416886e+05 -7.522583007812500000e-03 1.235961914062500000e-02 -1.003692626953125000e+00
1.320011907460417133e+05 -6.423950195312500000e-03 1.309204101562500000e-02 -1.002822875976562056e+00
1.320012205370416923e+05 -4.623413085937500000e-03 1.184082031250000000e-02 -1.003723144531250000e+00
1.320012503660416987e+05 -5.645751953125000000e-03 1.220703125000000000e-02 -1.003448486328125000e+00
1.320012801690417109e+05 -4.730224609375000000e-03 1.097106933593750000e-02 -1.004196166992187944e+00
1.320013099710416864e+05 -3.952026367187500000e-03 1.188659667968750000e-02 -1.003173828125000000e+00
1.320013397860417026e+05 -2.395629882812500000e-03 1.206970214843750000e-02 -1.003082275390625000e+00
1.320013695920417085e+05 -5.157470703125000000e-03 1.167297363281250000e-02 -1.001266479492187944e+00
1.320013994020416867e+05 -6.652832031250000000e-03 1.004028320312500000e-02 -1.003845214843750000e+00
1.320014292090417002e+05 -5.569458007812500000e-03 1.408386230468750000e-02 -1.003341674804687944e+00
1.320014590190417075e+05 -5.798339843750000000e-03 1.219177246093750000e-02 -1.003295898437500000e+00
1.320014888300416933e+05 -4.455566406250000000e-03 1.228332519531250000e-02 -1.003829956054687944e+00
1.320015186410417082e+05 -5.783081054687500000e-03 1.226806640625000000e-02 -1.003784179687500000e+00
1.320015484480416926e+05 -7.186889648437500000e-03 1.295471191406250000e-02 -1.003067016601562056e+00
1.320015782590417075e+05 -4.379272460937500000e-03 1.228332519531250000e-02 -1.001434326171875000e+00
1.320016080700416933e+05 -6.698608398437500000e-03 1.165771484375000000e-02 -1.001296997070312056e+00
1.320016378820416867e+05 -7.263183593750000000e-03 1.304626464843750000e-02 -1.002471923828125000e+00
1.320016676920416940e+05 -2.822875976562500000e-03 1.155090332031250000e-02 -1.003448486328125000e+00
1.320016975010416936e+05 -6.240844726562500000e-03 1.199340820312500000e-02 -1.002624511718750000e+00
1.320017273170416884e+05 -5.325317382812500000e-03 1.159667968750000000e-02 -1.001419067382812056e+00
1.320017571260416880e+05 -4.959106445312500000e-03 1.110839843750000000e-02 -1.006637573242187944e+00
1.320017869300417078e+05 -5.294799804687500000e-03 1.116943359375000000e-02 -1.001708984375000000e+00
1.320018167370416922e+05 -5.798339843750000000e-03 1.329040527343750000e-02 -1.003021240234375000e+00
1.320018465450417134e+05 -4.150390625000000000e-03 1.039123535156250000e-02 -1.002914428710937944e+00
1.320018763510416902e+05 -5.462646484375000000e-03 1.203918457031250000e-02 -1.004623413085937944e+00
1.320019061590417114e+05 -4.608154296875000000e-03 1.115417480468750000e-02 -1.004547119140625000e+00
1.320019359670417034e+05 -3.921508789062500000e-03 1.074218750000000000e-02 -1.004257202148437944e+00
1.320019657730417093e+05 -4.959106445312500000e-03 1.057434082031250000e-02 -1.002990722656250000e+00
1.320019955820417090e+05 -6.134033203125000000e-03 1.138305664062500000e-02 -1.002731323242187944e+00
1.320020253900417010e+05 -6.454467773437500000e-03 1.199340820312500000e-02 -1.003677368164062056e+00
1.320020551980416931e+05 -6.484985351562500000e-03 1.269531250000000000e-02 -1.003585815429687944e+00
1.320020850060417142e+05 -7.080078125000000000e-03 1.254272460937500000e-02 -1.003814697265625000e+00
1.320021148110417125e+05 -5.371093750000000000e-03 1.469421386718750000e-02 -1.001998901367187944e+00
1.320021446180416970e+05 -6.210327148437500000e-03 1.365661621093750000e-02 -1.004150390625000000e+00
1.320021744200417015e+05 -6.179809570312500000e-03 1.113891601562500000e-02 -1.003753662109375000e+00
1.320022042290417012e+05 -4.714965820312500000e-03 1.101684570312500000e-02 -1.003997802734375000e+00
1.320022340400416870e+05 -6.362915039062500000e-03 1.281738281250000000e-02 -1.005661010742187944e+00
1.320022638490416866e+05 -4.730224609375000000e-03 1.232910156250000000e-02 -1.004013061523437944e+00
1.320022936560417002e+05 -3.875732421875000000e-03 1.315307617187500000e-02 -1.004440307617187944e+00
1.320023234600416909e+05 -5.889892578125000000e-03 9.552001953125000000e-03 -1.002197265625000000e+00
1.320023532710417057e+05 -4.928588867187500000e-03 1.078796386718750000e-02 -1.003067016601562056e+00
1.320023830910417018e+05 -6.332397460937500000e-03 1.382446289062500000e-02 -1.002609252929687944e+00
1.320024129070416966e+05 -7.492065429687500000e-03 1.081848144531250000e-02 -1.004516601562500000e+00
1.320024427160416963e+05 -4.241943359375000000e-03 1.167297363281250000e-02 -1.004287719726562056e+00
1.320024725060416968e+05 -5.416870117187500000e-03 9.979248046875000000e-03 -1.003219604492187944e+00
1.320025023250417144e+05 -3.723144531250000000e-03 9.445190429687500000e-03 -1.004119873046875000e+00
1.320025321410417091e+05 -5.157470703125000000e-03 1.193237304687500000e-02 -1.001068115234375000e+00
1.320025619450416998e+05 -4.028320312500000000e-03 1.142883300781250000e-02 -1.004196166992187944e+00
1.320025917400417093e+05 -5.432128906250000000e-03 1.243591308593750000e-02 -1.004776000976562056e+00
1.320026215550416964e+05 -4.669189453125000000e-03 1.043701171875000000e-02 -1.004684448242187944e+00
1.320026513710416912e+05 -6.195068359375000000e-03 1.235961914062500000e-02 -1.001846313476562056e+00
1.320026811740417033e+05 -5.065917968750000000e-03 1.062011718750000000e-02 -1.005126953125000000e+00
1.320027109720417066e+05 -6.561279296875000000e-03 1.211547851562500000e-02 -1.003372192382812056e+00
1.320027407870416937e+05 -6.500244140625000000e-03 1.191711425781250000e-02 -1.004562377929687944e+00
1.320027706010417023e+05 -3.341674804687500000e-03 1.289367675781250000e-02 -1.003967285156250000e+00
1.320028004180417047e+05 -4.898071289062500000e-03 1.185607910156250000e-02 -1.001953125000000000e+00
1.320028302310417057e+05 -5.035400390625000000e-03 1.087951660156250000e-02 -1.002319335937500000e+00
1.320028600200416986e+05 -5.584716796875000000e-03 1.277160644531250000e-02 -1.002395629882812056e+00
1.320028898480416974e+05 -6.378173828125000000e-03 1.254272460937500000e-02 -1.004821777343750000e+00
1.320029196510417096e+05 -7.629394531250000000e-03 1.100158691406250000e-02 -1.004516601562500000e+00
1.320029494660416967e+05 -4.379272460937500000e-03 1.037597656250000000e-02 -1.002899169921875000e+00
1.320029792520416959e+05 -4.455566406250000000e-03 1.060485839843750000e-02 -1.002838134765625000e+00
1.320030090810417023e+05 -6.607055664062500000e-03 9.933471679687500000e-03 -1.002822875976562056e+00
1.320030388830417069e+05 -5.889892578125000000e-03 1.106262207031250000e-02 -1.004028320312500000e+00
1.320030686990417016e+05 -5.187988281250000000e-03 1.344299316406250000e-02 -1.004501342773437944e+00
1.320030985140416888e+05 -4.837036132812500000e-03 1.139831542968750000e-02 -1.002563476562500000e+00
1.320031283170417009e+05 -5.294799804687500000e-03 1.306152343750000000e-02 -1.004989624023437944e+00
1.320031581150417041e+05 -3.707885742187500000e-03 1.139831542968750000e-02 -1.003921508789062056e+00
1.320031879460416967e+05 -4.547119140625000000e-03 1.004028320312500000e-02 -1.002792358398437944e+00
1.320032177330417035e+05 -3.952026367187500000e-03 1.364135742187500000e-02 -1.003814697265625000e+00
1.320032475540417072e+05 -4.364013671875000000e-03 1.155090332031250000e-02 -1.004959106445312056e+00
1.320032773560417118e+05 -4.760742187500000000e-03 1.138305664062500000e-02 -1.003524780273437944e+00
1.320033071690417128e+05 -5.416870117187500000e-03 1.066589355468750000e-02 -1.001983642578125000e+00
1.320033369800416986e+05 -8.316040039062500000e-03 1.116943359375000000e-02 -1.003540039062500000e+00
1.320033668030416884e+05 -5.813598632812500000e-03 1.188659667968750000e-02 -1.002716064453125000e+00
1.320033966220417060e+05 -4.547119140625000000e-03 1.144409179687500000e-02 -1.004455566406250000e+00
1.320034264180416940e+05 -5.554199218750000000e-03 1.393127441406250000e-02 -1.003402709960937944e+00
1.320034562300416874e+05 -6.362915039062500000e-03 9.613037109375000000e-03 -1.003494262695312056e+00
1.320034860500417126e+05 -4.501342773437500000e-03 1.191711425781250000e-02 -1.001663208007812056e+00
1.320035158580417046e+05 -6.362915039062500000e-03 1.142883300781250000e-02 -1.003356933593750000e+00
1.320035456430416962e+05 -6.546020507812500000e-03 1.087951660156250000e-02 -1.004409790039062056e+00
1.320035754610417061e+05 -4.714965820312500000e-03 1.322937011718750000e-02 -1.003082275390625000e+00
1.320036052690416982e+05 -6.134033203125000000e-03 1.200866699218750000e-02 -1.003952026367187944e+00
1.320036350780416979e+05 -6.546020507812500000e-03 1.071166992187500000e-02 -1.004608154296875000e+00
1.320036649120417133e+05 -6.408691406250000000e-03 1.019287109375000000e-02 -1.003204345703125000e+00
1.320036946990416909e+05 -3.509521484375000000e-03 1.210021972656250000e-02 -1.005874633789062056e+00
1.320037245070417121e+05 -4.898071289062500000e-03 9.475708007812500000e-03 -1.001998901367187944e+00
1.320037543180416978e+05 -4.547119140625000000e-03 1.248168945312500000e-02 -1.001602172851562056e+00
1.320037841370416863e+05 -5.508422851562500000e-03 1.057434082031250000e-02 -1.002655029296875000e+00
1.320038139540416887e+05 -5.706787109375000000e-03 1.033020019531250000e-02 -1.002380371093750000e+00
1.320038437530416995e+05 -3.997802734375000000e-03 1.091003417968750000e-02 -1.004791259765625000e+00
1.320038735610416916e+05 -5.905151367187500000e-03 1.179504394531250000e-02 -1.003311157226562056e+00
1.320039033690417127e+05 -4.943847656250000000e-03 1.306152343750000000e-02 -1.002609252929687944e+00
1.320039331770417048e+05 -5.661010742187500000e-03 1.080322265625000000e-02 -1.004455566406250000e+00
1.320039629860417044e+05 -6.500244140625000000e-03 9.719848632812500000e-03 -1.002288818359375000e+00
1.320039927850416861e+05 -4.898071289062500000e-03 1.081848144531250000e-02 -1.003875732421875000e+00
1.320040226020416885e+05 -5.920410156250000000e-03 1.112365722656250000e-02 -1.003845214843750000e+00
1.320040524110416882e+05 -4.318237304687500000e-03 1.176452636718750000e-02 -1.003433227539062056e+00
1.320040822210416954e+05 -6.240844726562500000e-03 1.124572753906250000e-02 -1.003768920898437944e+00
1.320041120310417027e+05 -6.286621093750000000e-03 1.097106933593750000e-02 -1.003341674804687944e+00
1.320041418390416948e+05 -6.088256835937500000e-03 1.264953613281250000e-02 -1.004776000976562056e+00
1.320041716460417083e+05 -5.905151367187500000e-03 1.104736328125000000e-02 -1.005096435546875000e+00
1.320042014520417142e+05 -6.896972656250000000e-03 1.112365722656250000e-02 -1.003997802734375000e+00
1.320042312600417063e+05 -5.889892578125000000e-03 1.078796386718750000e-02 -1.004150390625000000e+00
1.320042610610417032e+05 -6.591796875000000000e-03 1.126098632812500000e-02 -1.003585815429687944e+00
1.320042908680416876e+05 -5.752563476562500000e-03 1.159667968750000000e-02 -1.002212524414062056e+00
1.320043206920417142e+05 -4.531860351562500000e-03 1.286315917968750000e-02 -1.005096435546875000e+00
1.320043504840417008e+05 -6.057739257812500000e-03 1.017761230468750000e-02 -1.005401611328125000e+00
1.320043802830417117e+05 -5.279541015625000000e-03 1.074218750000000000e-02 -1.003173828125000000e+00
1.320044101130416966e+05 -6.423950195312500000e-03 1.171875000000000000e-02 -1.003250122070312056e+00
1.320044399100416922e+05 -7.049560546875000000e-03 1.078796386718750000e-02 -1.004180908203125000e+00
1.320044697140417120e+05 -5.981445312500000000e-03 1.026916503906250000e-02 -1.002899169921875000e+00
1.320044995240416902e+05 -5.218505859375000000e-03 1.182556152343750000e-02 -1.002761840820312056e+00
1.320045293340416974e+05 -7.598876953125000000e-03 1.159667968750000000e-02 -1.002166748046875000e+00
1.320045591220417118e+05 -3.982543945312500000e-03 1.182556152343750000e-02 -1.001815795898437944e+00
1.320045889340417052e+05 -5.111694335937500000e-03 1.188659667968750000e-02 -1.002639770507812056e+00
1.320046187530416937e+05 -4.714965820312500000e-03 1.258850097656250000e-02 -1.004440307617187944e+00
1.320046485580416920e+05 -6.790161132812500000e-03 1.152038574218750000e-02 -1.004882812500000000e+00
1.320046783760417020e+05 -6.408691406250000000e-03 1.051330566406250000e-02 -1.001861572265625000e+00
1.320047081740417052e+05 -7.003784179687500000e-03 1.200866699218750000e-02 -1.001190185546875000e+00
1.320047379780416959e+05 -4.776000976562500000e-03 1.129150390625000000e-02 -1.003616333007812056e+00
1.320047677840417018e+05 -5.874633789062500000e-03 1.106262207031250000e-02 -1.003646850585937944e+00
1.320047975910416862e+05 -6.393432617187500000e-03 1.243591308593750000e-02 -1.002929687500000000e+00
1.320048273980416998e+05 -4.943847656250000000e-03 1.092529296875000000e-02 -1.003387451171875000e+00
1.320048571960417030e+05 -6.118774414062500000e-03 1.048278808593750000e-02 -1.004104614257812056e+00
1.320048870100417116e+05 -8.193969726562500000e-03 1.097106933593750000e-02 -1.003112792968750000e+00
1.320049168160416884e+05 -4.974365234375000000e-03 1.217651367187500000e-02 -1.003326416015625000e+00
1.320049466210416867e+05 -3.921508789062500000e-03 1.200866699218750000e-02 -1.002105712890625000e+00
1.320049764250417065e+05 -7.110595703125000000e-03 1.097106933593750000e-02 -1.004821777343750000e+00
1.320050062320416910e+05 -5.172729492187500000e-03 1.029968261718750000e-02 -1.002853393554687944e+00
1.320050360370416893e+05 -5.233764648437500000e-03 1.072692871093750000e-02 -1.004180908203125000e+00
1.320050658440417028e+05 -4.257202148437500000e-03 1.121520996093750000e-02 -1.002761840820312056e+00
1.320050956500417087e+05 -4.913330078125000000e-03 1.269531250000000000e-02 -1.003723144531250000e+00
1.320051254590417084e+05 -4.867553710937500000e-03 1.029968261718750000e-02 -1.004409790039062056e+00
1.320051552660416928e+05 -4.348754882812500000e-03 1.280212402343750000e-02 -1.005203247070312056e+00
1.320051850740417140e+05 -7.461547851562500000e-03 1.235961914062500000e-02 -1.003524780273437944e+00
1.320052148820417060e+05 -6.118774414062500000e-03 1.138305664062500000e-02 -1.003448486328125000e+00
1.320052446880417119e+05 -5.767822265625000000e-03 1.281738281250000000e-02 -1.003311157226562056e+00
1.320052744950416964e+05 -6.027221679687500000e-03 1.091003417968750000e-02 -1.002731323242187944e+00
1.320053043020417099e+05 -5.081176757812500000e-03 1.203918457031250000e-02 -1.003601074218750000e+00
1.320053341070417082e+05 -5.432128906250000000e-03 1.028442382812500000e-02 -1.004074096679687944e+00
1.320053639130417141e+05 -4.745483398437500000e-03 9.246826171875000000e-03 -1.005538940429687944e+00
1.320053937190416909e+05 -4.028320312500000000e-03 9.887695312500000000e-03 -1.004882812500000000e+00
1.320054235100416990e+05 -7.064819335937500000e-03 1.054382324218750000e-02 -1.005722045898437944e+00
1.320054533310417028e+05 -4.104614257812500000e-03 9.704589843750000000e-03 -1.003570556640625000e+00
1.320054831420416886e+05 -4.196166992187500000e-03 1.344299316406250000e-02 -1.002792358398437944e+00
1.320055129410416994e+05 -4.257202148437500000e-03 1.158142089843750000e-02 -1.003707885742187944e+00
1.320055427610416955e+05 -4.257202148437500000e-03 1.246643066406250000e-02 -1.004211425781250000e+00
1.320055725580416911e+05 -4.104614257812500000e-03 9.796142578125000000e-03 -1.005340576171875000e+00
1.320056023740416858e+05 -6.118774414062500000e-03 1.164245605468750000e-02 -1.004531860351562056e+00
1.320056321880416945e+05 -3.433227539062500000e-03 1.300048828125000000e-02 -1.004806518554687944e+00
1.320056619750417012e+05 -5.508422851562500000e-03 1.116943359375000000e-02 -1.005676269531250000e+00
1.320056917900416884e+05 -6.881713867187500000e-03 9.552001953125000000e-03 -1.003967285156250000e+00
1.320057216060417122e+05 -4.867553710937500000e-03 1.110839843750000000e-02 -1.002471923828125000e+00
1.320057514160416904e+05 -5.859375000000000000e-03 1.033020019531250000e-02 -1.003112792968750000e+00
1.320057812210416887e+05 -5.386352539062500000e-03 1.144409179687500000e-02 -1.001647949218750000e+00
1.320058110380416911e+05 -5.859375000000000000e-03 1.054382324218750000e-02 -1.002838134765625000e+00
1.320058410867500061e+05 -4.806518554687500000e-03 1.208496093750000000e-02 -1.005645751953125000e+00
1.320058708777500142e+05 -4.516601562500000000e-03 1.109313964843750000e-02 -1.001922607421875000e+00
1.320059006877499924e+05 -5.706787109375000000e-03 1.104736328125000000e-02 -1.004379272460937944e+00
1.320059305027500086e+05 -3.433227539062500000e-03 1.136779785156250000e-02 -1.003585815429687944e+00
1.320059603107500006e+05 -4.180908203125000000e-03 1.197814941406250000e-02 -1.001922607421875000e+00
1.320059901197500003e+05 -4.547119140625000000e-03 1.284790039062500000e-02 -1.004928588867187944e+00
1.320060199297500076e+05 -4.608154296875000000e-03 1.187133789062500000e-02 -1.002761840820312056e+00
1.320060497397499857e+05 -5.111694335937500000e-03 1.052856445312500000e-02 -1.003479003906250000e+00
1.320060795757499873e+05 -4.302978515625000000e-03 1.139831542968750000e-02 -1.001617431640625000e+00
1.320061093607500079e+05 -6.393432617187500000e-03 1.231384277343750000e-02 -1.001693725585937944e+00
1.320061391707499861e+05 -5.233764648437500000e-03 1.356506347656250000e-02 -1.004821777343750000e+00
1.320061689917499898e+05 -6.561279296875000000e-03 1.055908203125000000e-02 -1.003265380859375000e+00
1.320061988007499895e+05 -4.638671875000000000e-03 1.220703125000000000e-02 -1.004882812500000000e+00
1.320062285987499927e+05 -6.118774414062500000e-03 1.196289062500000000e-02 -1.004379272460937944e+00
1.320062584677500126e+05 -6.057739257812500000e-03 1.072692871093750000e-02 -1.002609252929687944e+00
1.320062882657499867e+05 -4.714965820312500000e-03 1.161193847656250000e-02 -1.001861572265625000e+00
1.320063180827499891e+05 -5.615234375000000000e-03 1.034545898437500000e-02 -1.002655029296875000e+00
1.320063478937500040e+05 -6.164550781250000000e-03 1.234436035156250000e-02 -1.003341674804687944e+00
1.320063777127499925e+05 -6.301879882812500000e-03 1.251220703125000000e-02 -1.003005981445312056e+00
1.320064075127500109e+05 -8.117675781250000000e-03 1.252746582031250000e-02 -1.003128051757812056e+00
1.320064373067500128e+05 -7.354736328125000000e-03 1.213073730468750000e-02 -1.004791259765625000e+00
1.320064671287499950e+05 -4.089355468750000000e-03 1.255798339843750000e-02 -1.003097534179687944e+00
1.320064969447499898e+05 -6.103515625000000000e-03 1.058959960937500000e-02 -1.003295898437500000e+00
1.320065267597500060e+05 -4.821777343750000000e-03 1.319885253906250000e-02 -1.002975463867187944e+00
1.320065565757500008e+05 -5.752563476562500000e-03 1.138305664062500000e-02 -1.003173828125000000e+00
1.320065863917499955e+05 -5.691528320312500000e-03 1.217651367187500000e-02 -1.002578735351562056e+00
1.320066161967499938e+05 -5.386352539062500000e-03 1.148986816406250000e-02 -1.001785278320312056e+00
1.320066459987499984e+05 -4.669189453125000000e-03 1.205444335937500000e-02 -1.001464843750000000e+00
1.320066758027499891e+05 -4.623413085937500000e-03 1.051330566406250000e-02 -1.004257202148437944e+00
1.320067056237499928e+05 -5.081176757812500000e-03 1.159667968750000000e-02 -1.005691528320312056e+00
1.320067354327499925e+05 -4.806518554687500000e-03 1.045227050781250000e-02 -1.002410888671875000e+00
1.320067652347499970e+05 -6.393432617187500000e-03 1.142883300781250000e-02 -1.002868652343750000e+00
1.320067950527500070e+05 -6.103515625000000000e-03 1.145935058593750000e-02 -1.003143310546875000e+00
1.320068248807500058e+05 -5.584716796875000000e-03 1.025390625000000000e-02 -1.006011962890625000e+00
1.320068546927499992e+05 -4.547119140625000000e-03 1.206970214843750000e-02 -1.002502441406250000e+00
1.320068845087499940e+05 -5.279541015625000000e-03 9.719848632812500000e-03 -1.003707885742187944e+00
1.320069143027499958e+05 -6.713867187500000000e-03 1.087951660156250000e-02 -1.003753662109375000e+00
1.320069441187499906e+05 -5.386352539062500000e-03 1.193237304687500000e-02 -1.004013061523437944e+00
1.320069739337500068e+05 -6.637573242187500000e-03 1.019287109375000000e-02 -1.004119873046875000e+00
1.320070037337499962e+05 -5.004882812500000000e-03 1.080322265625000000e-02 -1.002975463867187944e+00
1.320070335447500111e+05 -4.974365234375000000e-03 1.280212402343750000e-02 -1.003677368164062056e+00
1.320070633627499919e+05 -6.622314453125000000e-03 1.199340820312500000e-02 -1.004318237304687944e+00
1.320070931707500131e+05 -4.440307617187500000e-03 1.126098632812500000e-02 -1.005691528320312056e+00
1.320071229817499989e+05 -6.332397460937500000e-03 1.104736328125000000e-02 -1.004180908203125000e+00
1.320071528187500080e+05 -6.134033203125000000e-03 9.628295898437500000e-03 -1.004409790039062056e+00
1.320071826027499919e+05 -5.798339843750000000e-03 1.062011718750000000e-02 -1.005798339843750000e+00
1.320072124147500144e+05 -4.455566406250000000e-03 1.330566406250000000e-02 -1.003952026367187944e+00
1.320072422247499926e+05 -4.714965820312500000e-03 1.237487792968750000e-02 -1.004333496093750000e+00
1.320072720367499860e+05 -4.989624023437500000e-03 1.190185546875000000e-02 -1.003952026367187944e+00
1.320073018677500077e+05 -4.837036132812500000e-03 1.081848144531250000e-02 -1.002975463867187944e+00
1.320073316687500046e+05 -5.371093750000000000e-03 1.051330566406250000e-02 -1.005920410156250000e+00
1.320073614797499904e+05 -5.096435546875000000e-03 1.123046875000000000e-02 -1.005508422851562056e+00
1.320073912907500053e+05 -5.203247070312500000e-03 1.249694824218750000e-02 -1.002273559570312056e+00
1.320074210997500049e+05 -6.240844726562500000e-03 1.127624511718750000e-02 -1.002914428710937944e+00
1.320074509097500122e+05 -5.920410156250000000e-03 1.336669921875000000e-02 -1.005050659179687944e+00
1.320074807207499980e+05 -6.607055664062500000e-03 1.187133789062500000e-02 -1.002517700195312056e+00
1.320075105307500053e+05 -6.332397460937500000e-03 1.193237304687500000e-02 -1.001846313476562056e+00
1.320075403407500125e+05 -6.500244140625000000e-03 1.325988769531250000e-02 -1.004913330078125000e+00
1.320075701517499983e+05 -4.745483398437500000e-03 1.205444335937500000e-02 -1.002761840820312056e+00
1.320075999597499904e+05 -5.203247070312500000e-03 1.248168945312500000e-02 -1.002426147460937944e+00
1.320076297667500039e+05 -5.249023437500000000e-03 1.148986816406250000e-02 -1.004348754882812056e+00
1.320076595677500009e+05 -4.760742187500000000e-03 1.254272460937500000e-02 -1.003585815429687944e+00
1.320076893787499866e+05 -6.423950195312500000e-03 1.046752929687500000e-02 -1.002899169921875000e+00
1.320077191887499939e+05 -4.943847656250000000e-03 1.048278808593750000e-02 -1.002136230468750000e+00
1.320077490147500066e+05 -4.226684570312500000e-03 1.284790039062500000e-02 -1.001968383789062056e+00
1.320077788127500098e+05 -3.524780273437500000e-03 1.309204101562500000e-02 -1.003585815429687944e+00
1.320078086227499880e+05 -5.981445312500000000e-03 1.295471191406250000e-02 -1.003646850585937944e+00
1.320078384287499939e+05 -7.461547851562500000e-03 1.156616210937500000e-02 -1.003982543945312056e+00
1.320078682497499976e+05 -5.447387695312500000e-03 1.290893554687500000e-02 -1.003936767578125000e+00
1.320078980667500000e+05 -5.874633789062500000e-03 1.182556152343750000e-02 -1.004028320312500000e+00
1.320079278687500046e+05 -6.729125976562500000e-03 1.223754882812500000e-02 -1.005462646484375000e+00
1.320079576777500042e+05 -5.126953125000000000e-03 1.150512695312500000e-02 -1.003799438476562056e+00
1.320079874977500003e+05 -5.981445312500000000e-03 1.039123535156250000e-02 -1.003707885742187944e+00
1.320080172997500049e+05 -2.975463867187500000e-03 1.158142089843750000e-02 -1.003417968750000000e+00
1.320080471107499907e+05 -6.958007812500000000e-03 1.167297363281250000e-02 -1.003219604492187944e+00
1.320080769227500132e+05 -3.936767578125000000e-03 1.127624511718750000e-02 -1.003952026367187944e+00
1.320081067327499914e+05 -3.906250000000000000e-03 1.135253906250000000e-02 -1.003219604492187944e+00
1.320081365467500000e+05 -6.698608398437500000e-03 1.167297363281250000e-02 -1.003784179687500000e+00
1.320081663467499893e+05 -5.691528320312500000e-03 1.104736328125000000e-02 -1.001922607421875000e+00
1.320081961707499868e+05 -6.637573242187500000e-03 1.060485839843750000e-02 -1.003875732421875000e+00
1.320082259807499941e+05 -4.913330078125000000e-03 1.327514648437500000e-02 -1.006164550781250000e+00
1.320082557907500013e+05 -6.988525390625000000e-03 1.367187500000000000e-02 -1.003387451171875000e+00
1.320082856027499947e+05 -5.325317382812500000e-03 1.081848144531250000e-02 -1.003433227539062056e+00
1.320083154137500096e+05 -4.348754882812500000e-03 1.109313964843750000e-02 -1.003662109375000000e+00
1.320083452267500106e+05 -5.584716796875000000e-03 1.237487792968750000e-02 -1.003402709960937944e+00
1.320083750377499964e+05 -5.493164062500000000e-03 1.345825195312500000e-02 -1.002670288085937944e+00
1.320084048497499898e+05 -4.455566406250000000e-03 1.190185546875000000e-02 -1.004272460937500000e+00
1.320084346607500047e+05 -8.178710937500000000e-03 1.290893554687500000e-02 -1.003082275390625000e+00
1.320084644737500057e+05 -6.347656250000000000e-03 1.283264160156250000e-02 -1.004135131835937944e+00
1.320084942857499991e+05 -4.119873046875000000e-03 1.441955566406250000e-02 -1.002868652343750000e+00
1.320085240967500140e+05 -4.623413085937500000e-03 1.091003417968750000e-02 -1.004119873046875000e+00
1.320085539057500137e+05 -6.118774414062500000e-03 1.106262207031250000e-02 -1.005706787109375000e+00
1.320085837137500057e+05 -3.952026367187500000e-03 1.104736328125000000e-02 -1.003356933593750000e+00
1.320086135227500054e+05 -4.852294921875000000e-03 1.119995117187500000e-02 -1.003036499023437944e+00
1.320086433357500064e+05 -5.142211914062500000e-03 1.124572753906250000e-02 -1.000778198242187944e+00
1.320086731527500087e+05 -4.425048828125000000e-03 1.232910156250000000e-02 -1.004150390625000000e+00
1.320087029607500008e+05 -5.325317382812500000e-03 1.126098632812500000e-02 -1.003326416015625000e+00
1.320087327727499942e+05 -6.240844726562500000e-03 1.046752929687500000e-02 -1.004653930664062056e+00
1.320087625787500001e+05 -4.699707031250000000e-03 1.210021972656250000e-02 -1.002426147460937944e+00
1.320087923887500074e+05 -5.477905273437500000e-03 1.206970214843750000e-02 -1.002624511718750000e+00
1.320088222017500084e+05 -4.440307617187500000e-03 1.242065429687500000e-02 -1.005401611328125000e+00
1.320088520127499942e+05 -4.913330078125000000e-03 1.142883300781250000e-02 -1.005874633789062056e+00
1.320088818267500028e+05 -5.691528320312500000e-03 1.058959960937500000e-02 -1.003936767578125000e+00
1.320089116537499940e+05 -4.760742187500000000e-03 1.368713378906250000e-02 -1.004196166992187944e+00
1.320089414537500124e+05 -4.455566406250000000e-03 1.213073730468750000e-02 -1.003280639648437944e+00
1.320089712797499960e+05 -6.896972656250000000e-03 1.261901855468750000e-02 -1.003112792968750000e+00
1.320090010947500123e+05 -4.562377929687500000e-03 1.252746582031250000e-02 -1.002670288085937944e+00
1.320090309107500070e+05 -6.515502929687500000e-03 1.086425781250000000e-02 -1.004135131835937944e+00
1.320090607257499942e+05 -6.240844726562500000e-03 1.174926757812500000e-02 -1.002075195312500000e+00
1.320090905417499889e+05 -5.661010742187500000e-03 1.069641113281250000e-02 -1.002288818359375000e+00
1.320091203597499989e+05 -5.493164062500000000e-03 1.109313964843750000e-02 -1.003890991210937944e+00
1.320091501737500075e+05 -5.157470703125000000e-03 9.140014648437500000e-03 -1.003997802734375000e+00
1.320091799887499947e+05 -5.508422851562500000e-03 1.026916503906250000e-02 -1.004287719726562056e+00
1.320092098047499894e+05 -7.080078125000000000e-03 1.168823242187500000e-02 -1.002182006835937944e+00
1.320092396167500119e+05 -3.540039062500000000e-03 1.173400878906250000e-02 -1.005538940429687944e+00
1.320092694357500004e+05 -6.607055664062500000e-03 1.110839843750000000e-02 -1.002304077148437944e+00
1.320092992397499911e+05 -5.050659179687500000e-03 1.182556152343750000e-02 -1.001586914062500000e+00
1.320093290357500082e+05 -4.699707031250000000e-03 1.179504394531250000e-02 -1.002975463867187944e+00
1.320093588517500029e+05 -6.134033203125000000e-03 1.278686523437500000e-02 -1.002334594726562056e+00
1.320093886687500053e+05 -3.250122070312500000e-03 1.159667968750000000e-02 -1.003768920898437944e+00
1.320094184727499960e+05 -4.257202148437500000e-03 1.087951660156250000e-02 -1.003601074218750000e+00
1.320094483037499886e+05 -4.455566406250000000e-03 1.303100585937500000e-02 -1.002899169921875000e+00
1.320094781147500034e+05 -5.249023437500000000e-03 1.232910156250000000e-02 -1.001770019531250000e+00
1.320095079107499914e+05 -7.263183593750000000e-03 1.223754882812500000e-02 -1.003433227539062056e+00
1.320095377437499992e+05 -6.530761718750000000e-03 1.107788085937500000e-02 -1.004913330078125000e+00
1.320095675577500078e+05 -3.189086914062500000e-03 1.121520996093750000e-02 -1.005401611328125000e+00
1.320095973457499931e+05 -4.364013671875000000e-03 9.902954101562500000e-03 -1.005325317382812056e+00
1.320096271567500080e+05 -4.135131835937500000e-03 9.613037109375000000e-03 -1.003524780273437944e+00
1.320096569687500014e+05 -5.477905273437500000e-03 1.048278808593750000e-02 -1.003463745117187944e+00
1.320096867817500024e+05 -5.279541015625000000e-03 1.200866699218750000e-02 -1.004043579101562056e+00
1.320097166017499985e+05 -4.699707031250000000e-03 1.257324218750000000e-02 -1.004028320312500000e+00
1.320097464137499919e+05 -5.813598632812500000e-03 1.206970214843750000e-02 -1.005599975585937944e+00
1.320097762247500068e+05 -5.340576171875000000e-03 1.068115234375000000e-02 -1.004623413085937944e+00
1.320098060327499988e+05 -6.103515625000000000e-03 1.287841796875000000e-02 -1.002944946289062056e+00
1.320098358407499909e+05 -4.989624023437500000e-03 1.179504394531250000e-02 -1.003295898437500000e+00
1.320098656537499919e+05 -5.783081054687500000e-03 1.145935058593750000e-02 -1.004302978515625000e+00
1.320098954647500068e+05 -6.103515625000000000e-03 9.033203125000000000e-03 -1.005493164062500000e+00
1.320099252737500065e+05 -5.096435546875000000e-03 1.147460937500000000e-02 -1.002151489257812056e+00
1.320099550807499909e+05 -6.134033203125000000e-03 1.049804687500000000e-02 -1.002761840820312056e+00
1.320099848897499905e+05 -6.057739257812500000e-03 1.094055175781250000e-02 -1.003753662109375000e+00
1.320100147007500054e+05 -4.577636718750000000e-03 1.077270507812500000e-02 -1.005477905273437944e+00
1.320100445317499980e+05 -5.920410156250000000e-03 1.167297363281250000e-02 -1.002960205078125000e+00
1.320100743237500137e+05 -5.523681640625000000e-03 1.127624511718750000e-02 -1.002410888671875000e+00
1.320101041507500049e+05 -4.959106445312500000e-03 1.239013671875000000e-02 -1.005447387695312056e+00
1.320101339557500032e+05 -4.806518554687500000e-03 9.399414062500000000e-03 -1.003524780273437944e+00
1.320101637637499953e+05 -4.928588867187500000e-03 1.103210449218750000e-02 -1.001510620117187944e+00
1.320101935757499887e+05 -4.653930664062500000e-03 1.179504394531250000e-02 -1.004287719726562056e+00
1.320102233857499959e+05 -5.935668945312500000e-03 1.097106933593750000e-02 -1.003860473632812056e+00
1.320102532007500122e+05 -6.179809570312500000e-03 1.193237304687500000e-02 -1.003311157226562056e+00
1.320102830097500118e+05 -6.210327148437500000e-03 1.139831542968750000e-02 -1.002120971679687944e+00
1.320103128217500052e+05 -6.469726562500000000e-03 1.214599609375000000e-02 -1.004425048828125000e+00
1.320103426307500049e+05 -5.218505859375000000e-03 1.162719726562500000e-02 -1.004318237304687944e+00
1.320103724417499907e+05 -4.440307617187500000e-03 1.193237304687500000e-02 -1.004623413085937944e+00
1.320104022407500015e+05 -4.531860351562500000e-03 1.115417480468750000e-02 -1.004852294921875000e+00
1.320104320667500142e+05 -4.196166992187500000e-03 1.188659667968750000e-02 -1.002151489257812056e+00
1.320104618787500076e+05 -5.432128906250000000e-03 1.054382324218750000e-02 -1.003051757812500000e+00
1.320104916877500073e+05 -5.447387695312500000e-03 1.174926757812500000e-02 -1.003952026367187944e+00
1.320105214997500007e+05 -6.072998046875000000e-03 1.109313964843750000e-02 -1.005249023437500000e+00
1.320105513137500093e+05 -5.813598632812500000e-03 1.243591308593750000e-02 -1.002182006835937944e+00
1.320105811267500103e+05 -6.332397460937500000e-03 1.379394531250000000e-02 -1.003067016601562056e+00
1.320106109387500037e+05 -6.210327148437500000e-03 1.290893554687500000e-02 -1.001754760742187944e+00
1.320106407307499903e+05 -5.157470703125000000e-03 1.100158691406250000e-02 -1.004318237304687944e+00
1.320106705647500057e+05 -6.118774414062500000e-03 1.075744628906250000e-02 -1.002395629882812056e+00
1.320107003747500130e+05 -6.515502929687500000e-03 1.211547851562500000e-02 -1.006072998046875000e+00
1.320107301947500091e+05 -6.118774414062500000e-03 1.400756835937500000e-02 -1.004119873046875000e+00
1.320107600007499859e+05 -4.882812500000000000e-03 1.173400878906250000e-02 -1.004150390625000000e+00
1.320107898107499932e+05 -6.317138671875000000e-03 1.190185546875000000e-02 -1.003433227539062056e+00
1.320108196227499866e+05 -3.799438476562500000e-03 1.226806640625000000e-02 -1.003952026367187944e+00
1.320108496668750013e+05 -4.760742187500000000e-03 1.240539550781250000e-02 -1.005172729492187944e+00
1.320108794798750023e+05 -6.103515625000000000e-03 1.029968261718750000e-02 -1.006164550781250000e+00
1.320109092878749943e+05 -6.317138671875000000e-03 1.188659667968750000e-02 -1.001449584960937944e+00
1.320109391038749891e+05 -5.737304687500000000e-03 1.187133789062500000e-02 -1.003326416015625000e+00
1.320109689158750116e+05 -5.035400390625000000e-03 1.203918457031250000e-02 -1.003692626953125000e+00
1.320109987308749987e+05 -6.332397460937500000e-03 1.296997070312500000e-02 -1.004287719726562056e+00
1.320110285438749997e+05 -6.103515625000000000e-03 1.014709472656250000e-02 -1.005554199218750000e+00
1.320110583578750084e+05 -3.555297851562500000e-03 1.264953613281250000e-02 -1.004089355468750000e+00
1.320110881678749865e+05 -5.111694335937500000e-03 1.162719726562500000e-02 -1.003738403320312056e+00
1.320111179758750077e+05 -6.561279296875000000e-03 1.052856445312500000e-02 -1.004470825195312056e+00
1.320111477818750136e+05 -4.669189453125000000e-03 1.185607910156250000e-02 -1.002517700195312056e+00
1.320111775978750084e+05 -5.981445312500000000e-03 1.445007324218750000e-02 -1.003189086914062056e+00
1.320112074108750094e+05 -4.730224609375000000e-03 1.234436035156250000e-02 -1.003799438476562056e+00
1.320112372188750014e+05 -6.698608398437500000e-03 1.211547851562500000e-02 -1.005081176757812056e+00
1.320112670438750065e+05 -3.585815429687500000e-03 1.229858398437500000e-02 -1.003479003906250000e+00
1.320112968308750133e+05 -5.523681640625000000e-03 1.284790039062500000e-02 -1.003387451171875000e+00
1.320113266478749865e+05 -6.454467773437500000e-03 1.187133789062500000e-02 -1.003219604492187944e+00
1.320113564678750117e+05 -5.111694335937500000e-03 1.182556152343750000e-02 -1.003112792968750000e+00
1.320113862608750060e+05 -5.142211914062500000e-03 1.245117187500000000e-02 -1.001373291015625000e+00
1.320114160768750007e+05 -7.858276367187500000e-03 1.296997070312500000e-02 -1.001617431640625000e+00
1.320114458878749865e+05 -3.936767578125000000e-03 1.225280761718750000e-02 -1.003753662109375000e+00
1.320114757088749902e+05 -6.210327148437500000e-03 1.055908203125000000e-02 -1.004089355468750000e+00
1.320115054928750033e+05 -5.386352539062500000e-03 1.243591308593750000e-02 -1.001922607421875000e+00
1.320115353308749909e+05 -6.378173828125000000e-03 1.231384277343750000e-02 -1.001953125000000000e+00
1.320115651248749928e+05 -6.439208984375000000e-03 1.217651367187500000e-02 -1.003555297851562056e+00
1.320115949278750049e+05 -5.828857421875000000e-03 1.197814941406250000e-02 -1.002868652343750000e+00
1.320116247588749975e+05 -4.440307617187500000e-03 1.121520996093750000e-02 -1.002288818359375000e+00
1.320116545718749985e+05 -4.028320312500000000e-03 8.880615234375000000e-03 -1.002792358398437944e+00
1.320116843798749906e+05 -5.691528320312500000e-03 1.184082031250000000e-02 -1.002746582031250000e+00
1.320117141728750139e+05 -7.049560546875000000e-03 1.226806640625000000e-02 -1.002548217773437944e+00
1.320117440038750065e+05 -5.615234375000000000e-03 1.252746582031250000e-02 -1.004608154296875000e+00
1.320117737898750056e+05 -3.250122070312500000e-03 1.269531250000000000e-02 -1.004104614257812056e+00
1.320118036198749905e+05 -5.523681640625000000e-03 1.300048828125000000e-02 -1.004699707031250000e+00
1.320118334048750112e+05 -4.730224609375000000e-03 1.020812988281250000e-02 -1.003723144531250000e+00
1.320118632208750059e+05 -6.378173828125000000e-03 9.338378906250000000e-03 -1.004776000976562056e+00
1.320118930368750007e+05 -4.699707031250000000e-03 1.245117187500000000e-02 -1.004791259765625000e+00
1.320119228518749878e+05 -5.996704101562500000e-03 1.289367675781250000e-02 -1.004745483398437944e+00
1.320119526518750063e+05 -5.783081054687500000e-03 1.263427734375000000e-02 -1.003005981445312056e+00
1.320119824838750064e+05 -6.301879882812500000e-03 1.278686523437500000e-02 -1.004165649414062056e+00
1.320120122678749904e+05 -5.218505859375000000e-03 1.147460937500000000e-02 -1.005462646484375000e+00
1.320120420838750142e+05 -6.408691406250000000e-03 1.081848144531250000e-02 -1.004638671875000000e+00
1.320120718988750014e+05 -5.477905273437500000e-03 1.316833496093750000e-02 -1.003051757812500000e+00
1.320121017158750037e+05 -6.484985351562500000e-03 1.097106933593750000e-02 -1.003662109375000000e+00
1.320121315378749860e+05 -6.149291992187500000e-03 1.161193847656250000e-02 -1.002197265625000000e+00
1.320121613328749954e+05 -4.974365234375000000e-03 1.181030273437500000e-02 -1.003387451171875000e+00
1.320121911418749951e+05 -6.286621093750000000e-03 1.121520996093750000e-02 -1.003982543945312056e+00
1.320122209678750078e+05 -4.592895507812500000e-03 1.222229003906250000e-02 -1.003082275390625000e+00
1.320122507778749859e+05 -5.386352539062500000e-03 1.283264160156250000e-02 -1.004974365234375000e+00
1.320122805978750112e+05 -5.493164062500000000e-03 1.269531250000000000e-02 -1.003204345703125000e+00
1.320123103978750005e+05 -6.973266601562500000e-03 1.292419433593750000e-02 -1.003540039062500000e+00
1.320123402108750015e+05 -5.035400390625000000e-03 9.490966796875000000e-03 -1.004165649414062056e+00
1.320123700258749886e+05 -4.425048828125000000e-03 1.123046875000000000e-02 -1.002716064453125000e+00
1.320123998158749891e+05 -6.118774414062500000e-03 1.164245605468750000e-02 -1.002609252929687944e+00
1.320124296268750040e+05 -4.241943359375000000e-03 1.107788085937500000e-02 -1.004531860351562056e+00
1.320124594468750001e+05 -5.264282226562500000e-03 1.016235351562500000e-02 -1.004226684570312056e+00
1.320124892558749998e+05 -6.729125976562500000e-03 1.124572753906250000e-02 -1.003356933593750000e+00
1.320125190658750071e+05 -5.249023437500000000e-03 1.182556152343750000e-02 -1.002655029296875000e+00
1.320125488768749929e+05 -6.088256835937500000e-03 1.121520996093750000e-02 -1.004058837890625000e+00
1.320125786878750077e+05 -5.096435546875000000e-03 1.042175292968750000e-02 -1.001052856445312056e+00
1.320126084968750074e+05 -5.279541015625000000e-03 1.156616210937500000e-02 -1.004272460937500000e+00
1.320126383068749856e+05 -5.493164062500000000e-03 1.010131835937500000e-02 -1.004592895507812056e+00
1.320126681168749928e+05 -7.019042968750000000e-03 1.141357421875000000e-02 -1.003723144531250000e+00
1.320126979298749939e+05 -4.623413085937500000e-03 1.304626464843750000e-02 -1.001586914062500000e+00
1.320127456188749929e+05 -7.492065429687500000e-03 1.171875000000000000e-02 -1.003433227539062056e+00
1.320127694948750141e+05 -6.134033203125000000e-03 1.232910156250000000e-02 -1.003234863281250000e+00
1.320127933088749996e+05 -4.333496093750000000e-03 1.249694824218750000e-02 -1.003692626953125000e+00
1.320128171838750131e+05 -4.547119140625000000e-03 1.159667968750000000e-02 -1.004638671875000000e+00
1.320128409978749987e+05 -5.844116210937500000e-03 1.199340820312500000e-02 -1.003356933593750000e+00
1.320128648738749907e+05 -4.989624023437500000e-03 1.261901855468750000e-02 -1.003921508789062056e+00
1.320128887498750119e+05 -7.125854492187500000e-03 1.229858398437500000e-02 -1.002029418945312056e+00
1.320129125668749912e+05 -7.751464843750000000e-03 1.194763183593750000e-02 -1.003570556640625000e+00
1.320129364468750136e+05 -4.272460937500000000e-03 1.152038574218750000e-02 -1.002700805664062056e+00
1.320129602638749930e+05 -4.196166992187500000e-03 1.152038574218750000e-02 -1.003265380859375000e+00
1.320129841428750078e+05 -5.096435546875000000e-03 1.078796386718750000e-02 -1.001770019531250000e+00
1.320130080198750074e+05 -6.149291992187500000e-03 1.176452636718750000e-02 -1.002273559570312056e+00
1.320130318388750020e+05 -6.042480468750000000e-03 1.242065429687500000e-02 -1.006225585937500000e+00
1.320130557158750016e+05 -3.356933593750000000e-03 1.283264160156250000e-02 -1.002151489257812056e+00
1.320130795348749962e+05 -3.906250000000000000e-03 1.217651367187500000e-02 -1.003570556640625000e+00
1.320131034118749958e+05 -4.135131835937500000e-03 1.113891601562500000e-02 -1.003890991210937944e+00
1.320131272898750030e+05 -4.791259765625000000e-03 1.147460937500000000e-02 -1.003097534179687944e+00
1.320131511058750039e+05 -4.547119140625000000e-03 1.167297363281250000e-02 -1.003601074218750000e+00
1.320131749838750111e+05 -6.118774414062500000e-03 1.174926757812500000e-02 -1.004470825195312056e+00
1.320131987978749967e+05 -5.233764648437500000e-03 1.066589355468750000e-02 -1.004104614257812056e+00
1.320132226758750039e+05 -5.020141601562500000e-03 1.333618164062500000e-02 -1.003387451171875000e+00
1.320132465378750057e+05 -6.393432617187500000e-03 1.100158691406250000e-02 -1.002761840820312056e+00
1.320132703698750120e+05 -4.425048828125000000e-03 1.159667968750000000e-02 -1.002441406250000000e+00
1.320132942288749909e+05 -6.729125976562500000e-03 1.046752929687500000e-02 -1.001022338867187944e+00
1.320133180588750110e+05 -5.661010742187500000e-03 1.432800292968750000e-02 -1.004714965820312056e+00
1.320133419298749941e+05 -5.859375000000000000e-03 1.072692871093750000e-02 -1.004379272460937944e+00
1.320133658138749888e+05 -5.325317382812500000e-03 1.113891601562500000e-02 -1.004608154296875000e+00
1.320133896278750035e+05 -4.547119140625000000e-03 1.344299316406250000e-02 -1.002868652343750000e+00
1.320134135008750018e+05 -5.783081054687500000e-03 8.529663085937500000e-03 -1.003387451171875000e+00
1.320134373168750026e+05 -4.684448242187500000e-03 1.153564453125000000e-02 -1.002197265625000000e+00
1.320134612108749861e+05 -4.852294921875000000e-03 1.139831542968750000e-02 -1.004562377929687944e+00
1.320134850558750040e+05 -5.737304687500000000e-03 1.112365722656250000e-02 -1.003952026367187944e+00
1.320135088828750013e+05 -3.585815429687500000e-03 1.107788085937500000e-02 -1.004119873046875000e+00
1.320135327578749857e+05 -4.257202148437500000e-03 1.110839843750000000e-02 -1.001907348632812056e+00
1.320135565858749906e+05 -3.509521484375000000e-03 1.309204101562500000e-02 -1.002578735351562056e+00
1.320135804588749888e+05 -3.494262695312500000e-03 1.124572753906250000e-02 -1.002166748046875000e+00
1.320136043258749996e+05 -6.378173828125000000e-03 9.826660156250000000e-03 -1.005203247070312056e+00
1.320136281438749866e+05 -5.798339843750000000e-03 1.033020019531250000e-02 -1.004928588867187944e+00
1.320136520088750112e+05 -5.249023437500000000e-03 1.130676269531250000e-02 -1.004623413085937944e+00
1.320136758338749933e+05 -5.950927734375000000e-03 9.017944335937500000e-03 -1.005828857421875000e+00
1.320136997218749893e+05 -4.852294921875000000e-03 9.567260742187500000e-03 -1.001708984375000000e+00
1.320137235918749939e+05 -5.676269531250000000e-03 1.243591308593750000e-02 -1.002517700195312056e+00
1.320137473968749982e+05 -3.311157226562500000e-03 1.084899902343750000e-02 -1.001480102539062056e+00
1.320137712698749965e+05 -5.752563476562500000e-03 1.135253906250000000e-02 -1.002853393554687944e+00
1.320137950868750049e+05 -3.936767578125000000e-03 9.811401367187500000e-03 -1.003555297851562056e+00
1.320138189848749898e+05 -6.973266601562500000e-03 1.094055175781250000e-02 -1.004165649414062056e+00
1.320138428518750006e+05 -5.371093750000000000e-03 1.087951660156250000e-02 -1.005218505859375000e+00
1.320138666728750104e+05 -6.210327148437500000e-03 1.080322265625000000e-02 -1.003768920898437944e+00
1.320138905338750046e+05 -5.386352539062500000e-03 1.333618164062500000e-02 -1.004974365234375000e+00
1.320139143568750005e+05 -4.272460937500000000e-03 1.156616210937500000e-02 -1.003677368164062056e+00
1.320139382348750078e+05 -4.989624023437500000e-03 1.342773437500000000e-02 -1.003051757812500000e+00
1.320139621138749935e+05 -5.111694335937500000e-03 1.136779785156250000e-02 -1.003173828125000000e+00
1.320139859418749984e+05 -5.783081054687500000e-03 9.292602539062500000e-03 -1.004470825195312056e+00
1.320140098248749855e+05 -6.591796875000000000e-03 1.199340820312500000e-02 -1.004745483398437944e+00
1.320140336368750141e+05 -6.622314453125000000e-03 8.895874023437500000e-03 -1.005355834960937944e+00
1.320140575098750123e+05 -5.538940429687500000e-03 1.344299316406250000e-02 -1.000686645507812056e+00
1.320140813958749932e+05 -6.744384765625000000e-03 1.266479492187500000e-02 -1.004165649414062056e+00
1.320141052188749891e+05 -4.852294921875000000e-03 1.020812988281250000e-02 -1.003555297851562056e+00
1.320141290898750012e+05 -5.142211914062500000e-03 1.239013671875000000e-02 -1.003631591796875000e+00
1.320141529078749882e+05 -4.196166992187500000e-03 1.164245605468750000e-02 -1.005172729492187944e+00
1.320141767868750030e+05 -5.783081054687500000e-03 1.055908203125000000e-02 -1.004318237304687944e+00
1.320142006658749888e+05 -6.179809570312500000e-03 1.196289062500000000e-02 -1.005584716796875000e+00
1.320142244838750048e+05 -5.050659179687500000e-03 1.136779785156250000e-02 -1.004440307617187944e+00
1.320142483628749906e+05 -5.844116210937500000e-03 9.429931640625000000e-03 -1.004669189453125000e+00
1.320142721808750066e+05 -6.240844726562500000e-03 1.011657714843750000e-02 -1.004257202148437944e+00
1.320142960588750138e+05 -6.027221679687500000e-03 1.106262207031250000e-02 -1.004425048828125000e+00
1.320143199378749996e+05 -5.157470703125000000e-03 1.057434082031250000e-02 -1.003707885742187944e+00
1.320143437548750080e+05 -6.668090820312500000e-03 1.446533203125000000e-02 -1.005386352539062056e+00
1.320143676328749862e+05 -5.279541015625000000e-03 1.290893554687500000e-02 -1.003234863281250000e+00
1.320143914508750022e+05 -4.074096679687500000e-03 1.269531250000000000e-02 -1.004745483398437944e+00
1.320144153278750018e+05 -6.805419921875000000e-03 1.226806640625000000e-02 -1.004165649414062056e+00
1.320144392058750091e+05 -4.974365234375000000e-03 1.176452636718750000e-02 -1.002960205078125000e+00
1.320144630218750099e+05 -4.806518554687500000e-03 1.278686523437500000e-02 -1.001770019531250000e+00
1.320144868988750095e+05 -5.462646484375000000e-03 1.214599609375000000e-02 -1.004028320312500000e+00
1.320145107238749915e+05 -5.065917968750000000e-03 1.155090332031250000e-02 -1.004409790039062056e+00
1.320145345938749961e+05 -4.592895507812500000e-03 1.054382324218750000e-02 -1.004455566406250000e+00
1.320145584708749957e+05 -5.874633789062500000e-03 1.223754882812500000e-02 -1.001846313476562056e+00
1.320145822858749889e+05 -4.669189453125000000e-03 1.277160644531250000e-02 -1.003067016601562056e+00
1.320146061638749961e+05 -4.791259765625000000e-03 1.004028320312500000e-02 -1.002517700195312056e+00
1.320146299818750122e+05 -4.898071289062500000e-03 9.887695312500000000e-03 -1.002700805664062056e+00
1.320146538588750118e+05 -4.547119140625000000e-03 1.148986816406250000e-02 -1.003173828125000000e+00
1.320146777388750052e+05 -6.484985351562500000e-03 1.213073730468750000e-02 -1.005386352539062056e+00
1.320147015568749921e+05 -5.599975585937500000e-03 1.074218750000000000e-02 -1.004348754882812056e+00
1.320147254338749917e+05 -4.806518554687500000e-03 1.022338867187500000e-02 -1.003890991210937944e+00
1.320147492448750127e+05 -4.821777343750000000e-03 1.211547851562500000e-02 -1.004974365234375000e+00
1.320147731238749984e+05 -4.714965820312500000e-03 1.231384277343750000e-02 -1.002532958984375000e+00
1.320147970138750097e+05 -3.250122070312500000e-03 1.199340820312500000e-02 -1.003494262695312056e+00
1.320148208158749912e+05 -3.890991210937500000e-03 1.112365722656250000e-02 -1.004791259765625000e+00
1.320148446928749909e+05 -5.386352539062500000e-03 1.293945312500000000e-02 -1.004272460937500000e+00
1.320148685168749944e+05 -5.935668945312500000e-03 1.075744628906250000e-02 -1.002502441406250000e+00
1.320148923968749878e+05 -4.943847656250000000e-03 1.222229003906250000e-02 -1.005340576171875000e+00
1.320149162668749923e+05 -5.554199218750000000e-03 1.086425781250000000e-02 -1.002349853515625000e+00
1.320149400748749904e+05 -5.294799804687500000e-03 1.312255859375000000e-02 -1.003433227539062056e+00
1.320149639588750142e+05 -4.302978515625000000e-03 1.057434082031250000e-02 -1.004653930664062056e+00
1.320149877708750137e+05 -4.119873046875000000e-03 1.358032226562500000e-02 -1.004837036132812056e+00
1.320150116358750092e+05 -3.219604492187500000e-03 1.179504394531250000e-02 -1.005386352539062056e+00
1.320150355088750075e+05 -6.362915039062500000e-03 1.142883300781250000e-02 -1.003158569335937944e+00
1.320150593278750021e+05 -6.637573242187500000e-03 1.411437988281250000e-02 -1.004043579101562056e+00
1.320150832028749865e+05 -4.699707031250000000e-03 1.371765136718750000e-02 -1.005645751953125000e+00
1.320151070138750074e+05 -4.623413085937500000e-03 1.039123535156250000e-02 -1.002731323242187944e+00
1.320151308878750133e+05 -6.118774414062500000e-03 1.190185546875000000e-02 -1.002593994140625000e+00
1.320151547718750080e+05 -5.096435546875000000e-03 1.306152343750000000e-02 -1.004058837890625000e+00
1.320151785768750124e+05 -7.247924804687500000e-03 1.147460937500000000e-02 -1.002685546875000000e+00
1.320152024538750120e+05 -6.561279296875000000e-03 1.199340820312500000e-02 -1.004333496093750000e+00
1.320152262658750114e+05 -5.844116210937500000e-03 1.091003417968750000e-02 -1.003311157226562056e+00
1.320152501388750097e+05 -7.232666015625000000e-03 1.068115234375000000e-02 -1.005004882812500000e+00
1.320152740138749941e+05 -4.806518554687500000e-03 1.026916503906250000e-02 -1.003570556640625000e+00
1.320152978268750012e+05 -6.179809570312500000e-03 1.206970214843750000e-02 -1.003463745117187944e+00
1.320153216998749995e+05 -5.844116210937500000e-03 1.219177246093750000e-02 -1.004684448242187944e+00
1.320153455098750128e+05 -6.271362304687500000e-03 1.004028320312500000e-02 -1.002609252929687944e+00
1.320153693828750111e+05 -5.538940429687500000e-03 9.689331054687500000e-03 -1.005218505859375000e+00
1.320153932588750031e+05 -5.371093750000000000e-03 1.283264160156250000e-02 -1.003967285156250000e+00
1.320154170728749887e+05 -4.974365234375000000e-03 1.167297363281250000e-02 -1.003723144531250000e+00
1.320154409468749946e+05 -5.065917968750000000e-03 1.161193847656250000e-02 -1.001953125000000000e+00
1.320154647588749940e+05 -5.386352539062500000e-03 1.150512695312500000e-02 -1.003341674804687944e+00
1.320154886348749860e+05 -5.950927734375000000e-03 1.007080078125000000e-02 -1.004959106445312056e+00
1.320155125128749933e+05 -5.249023437500000000e-03 1.277160644531250000e-02 -1.003387451171875000e+00
1.320155363278749865e+05 -7.034301757812500000e-03 1.129150390625000000e-02 -1.003417968750000000e+00
1.320155602058749937e+05 -6.530761718750000000e-03 1.249694824218750000e-02 -1.004272460937500000e+00
1.320155840218749945e+05 -5.325317382812500000e-03 1.112365722656250000e-02 -1.001052856445312056e+00
1.320156078998750017e+05 -6.195068359375000000e-03 1.139831542968750000e-02 -1.004394531250000000e+00
1.320156317778750090e+05 -7.171630859375000000e-03 9.552001953125000000e-03 -1.005233764648437944e+00
1.320156556018750125e+05 -5.966186523437500000e-03 1.155090332031250000e-02 -1.002960205078125000e+00
1.320156794738750032e+05 -5.111694335937500000e-03 1.138305664062500000e-02 -1.003128051757812056e+00
