6.310663884225000220e+04 2.962341308593750000e-01 5.361480712890625000e-01 8.018798828125000000e-01
6.310667261324999708e+04 2.966613769531250000e-01 5.361938476562500000e-01 8.028106689453125000e-01
6.310670241225000063e+04 2.962951660156250000e-01 5.321350097656250000e-01 7.965087890625000000e-01
6.310673218225000164e+04 2.924499511718750000e-01 5.315246582031250000e-01 7.961425781250000000e-01
6.310676195925001230e+04 2.932891845703125000e-01 5.315093994140625000e-01 7.913818359375000000e-01
6.310679173625000112e+04 2.931518554687500000e-01 5.345306396484375000e-01 7.956848144531250000e-01
6.310682151424999756e+04 2.938385009765625000e-01 5.371398925781250000e-01 8.018493652343750000e-01
6.310685129125000094e+04 2.974700927734375000e-01 5.339508056640625000e-01 7.995452880859375000e-01
6.310688106624999637e+04 2.940368652343750000e-01 5.303955078125000000e-01 7.975769042968750000e-01
6.310691085225000279e+04 2.951049804687500000e-01 5.266265869140625000e-01 7.955017089843750000e-01
6.310694061125000735e+04 3.000030517578125000e-01 5.340881347656250000e-01 7.993011474609375000e-01
6.310697039625001344e+04 3.050689697265625000e-01 5.389099121093750000e-01 8.017730712890625000e-01
6.310700017325000226e+04 3.053741455078125000e-01 5.363159179687500000e-01 8.000183105468750000e-01
6.310702995825000107e+04 2.997131347656250000e-01 5.336456298828125000e-01 7.933349609375000000e-01
6.310705972925000242e+04 2.956085205078125000e-01 5.342102050781250000e-01 7.917633056640625000e-01
6.310708951125000021e+04 2.824859619140625000e-01 5.345764160156250000e-01 7.919311523437500000e-01
6.310711926924999716e+04 2.847137451171875000e-01 5.352325439453125000e-01 7.942504882812500000e-01
6.310714905425000325e+04 2.924499511718750000e-01 5.368194580078125000e-01 7.974243164062500000e-01
6.310717883525000070e+04 2.996520996093750000e-01 5.385437011718750000e-01 8.036804199218750000e-01
6.310720859625001322e+04 3.030242919921875000e-01 5.381774902343750000e-01 8.020477294921875000e-01
6.310723837924999680e+04 3.015441894531250000e-01 5.332794189453125000e-01 7.987670898437500000e-01
6.310726816425000288e+04 2.999572753906250000e-01 5.305938720703125000e-01 7.958221435546875000e-01
6.310729794125001354e+04 2.977905273437500000e-01 5.317993164062500000e-01 7.973785400390625000e-01
6.310732770324999728e+04 3.009796142578125000e-01 5.357818603515625000e-01 7.966308593750000000e-01
6.310735748825000337e+04 2.973480224609375000e-01 5.343627929687500000e-01 7.953033447265625000e-01
6.310738726225001301e+04 2.945404052734375000e-01 5.360870361328125000e-01 7.943267822265625000e-01
6.310741705925000133e+04 2.931213378906250000e-01 5.360717773437500000e-01 7.932434082031250000e-01
6.310744682325000031e+04 2.962493896484375000e-01 5.379333496093750000e-01 8.029479980468750000e-01
6.310747659925000335e+04 3.003234863281250000e-01 5.380859375000000000e-01 8.012237548828125000e-01
6.310750638425000216e+04 2.977600097656250000e-01 5.393218994140625000e-01 7.994079589843750000e-01
6.310753615924999758e+04 2.973937988281250000e-01 5.353698730468750000e-01 7.946166992187500000e-01
6.310756593425000028e+04 2.982177734375000000e-01 5.339355468750000000e-01 7.957611083984375000e-01
6.310759569925000687e+04 3.000183105468750000e-01 5.370025634765625000e-01 7.960357666015625000e-01
6.310762549425000179e+04 2.993621826171875000e-01 5.395355224609375000e-01 7.961120605468750000e-01
6.310765527825000026e+04 2.997283935546875000e-01 5.379180908203125000e-01 7.943878173828125000e-01
6.310768505325000297e+04 2.996215820312500000e-01 5.351562500000000000e-01 7.957000732421875000e-01
6.310771480725001311e+04 2.994689941406250000e-01 5.386810302734375000e-01 7.973022460937500000e-01
6.310774460425000143e+04 3.002166748046875000e-01 5.394897460937500000e-01 7.883911132812500000e-01
6.310777439025000058e+04 2.982788085937500000e-01 5.414733886718750000e-01 7.955017089843750000e-01
6.310780415125001309e+04 2.999725341796875000e-01 5.428619384765625000e-01 7.938690185546875000e-01
6.310783392925000226e+04 2.955474853515625000e-01 5.438995361328125000e-01 7.913513183593750000e-01
6.310786370224999700e+04 2.941131591796875000e-01 5.440826416015625000e-01 7.907257080078125000e-01
6.310789347725000698e+04 2.947082519531250000e-01 5.409698486328125000e-01 7.952880859375000000e-01
6.310792325325000274e+04 2.980957031250000000e-01 5.407714843750000000e-01 7.931976318359375000e-01
6.310795302825001272e+04 3.007354736328125000e-01 5.429840087890625000e-01 7.902526855468750000e-01
6.310798280325000087e+04 3.007202148437500000e-01 5.431671142578125000e-01 7.916107177734375000e-01
6.310801257924999663e+04 3.009185791015625000e-01 5.451660156250000000e-01 7.922363281250000000e-01
6.310804235625000729e+04 2.980041503906250000e-01 5.453186035156250000e-01 7.890625000000000000e-01
6.310807213325000339e+04 2.982482910156250000e-01 5.465850830078125000e-01 7.855987548828125000e-01
6.310810191025000677e+04 3.018951416015625000e-01 5.451812744140625000e-01 7.867126464843750000e-01
6.310813168725000287e+04 3.038177490234375000e-01 5.462951660156250000e-01 7.892761230468750000e-01
6.310816146525000659e+04 3.054809570312500000e-01 5.448303222656250000e-01 7.849578857421875000e-01
6.310819124325000303e+04 3.037109375000000000e-01 5.442047119140625000e-01 7.883758544921875000e-01
6.310822102325000742e+04 3.072509765625000000e-01 5.465393066406250000e-01 7.914123535156250000e-01
6.310825079925000318e+04 3.088684082031250000e-01 5.485687255859375000e-01 7.891235351562500000e-01
6.310828058025000064e+04 3.039398193359375000e-01 5.444641113281250000e-01 7.894287109375000000e-01
6.310831035624999640e+04 2.988433837890625000e-01 5.422668457031250000e-01 7.825622558593750000e-01
6.310834013325000706e+04 2.933807373046875000e-01 5.410766601562500000e-01 7.827758789062500000e-01
6.310836991125000350e+04 2.991485595703125000e-01 5.450897216796875000e-01 7.888793945312500000e-01
6.310839968425001280e+04 3.009490966796875000e-01 5.466766357421875000e-01 7.946166992187500000e-01
6.310842945925000095e+04 2.997894287109375000e-01 5.386810302734375000e-01 7.913818359375000000e-01
6.310845923424999637e+04 2.989959716796875000e-01 5.380401611328125000e-01 7.958068847656250000e-01
6.310848900925001362e+04 3.017272949218750000e-01 5.397033691406250000e-01 7.970428466796875000e-01
6.310851878525000211e+04 3.026123046875000000e-01 5.434722900390625000e-01 7.930908203125000000e-01
6.310854855924999720e+04 2.992401123046875000e-01 5.427093505859375000e-01 7.912139892578125000e-01
6.310857833225000650e+04 2.977600097656250000e-01 5.440063476562500000e-01 7.888793945312500000e-01
6.310860811424999702e+04 3.009948730468750000e-01 5.425872802734375000e-01 7.916717529296875000e-01
6.310863789325000107e+04 2.987213134765625000e-01 5.402221679687500000e-01 7.926330566406250000e-01
6.310866765725000732e+04 2.913208007812500000e-01 5.389404296875000000e-01 7.927551269531250000e-01
6.310869744525000715e+04 2.883148193359375000e-01 5.422821044921875000e-01 7.898559570312500000e-01
6.310872722424999665e+04 2.884063720703125000e-01 5.451660156250000000e-01 7.937011718750000000e-01
6.310875699525001255e+04 2.909545898437500000e-01 5.462341308593750000e-01 7.963256835937500000e-01
6.310878678024999681e+04 2.991638183593750000e-01 5.438690185546875000e-01 7.975769042968750000e-01
6.310881656225000188e+04 2.996978759765625000e-01 5.401763916015625000e-01 7.963409423828125000e-01
6.310884633624999697e+04 2.982940673828125000e-01 5.368957519531250000e-01 7.984924316406250000e-01
6.310887613325000711e+04 2.949218750000000000e-01 5.367431640625000000e-01 7.954559326171875000e-01
6.310890590225000051e+04 2.909088134765625000e-01 5.387420654296875000e-01 7.933044433593750000e-01
6.310893568425001286e+04 2.888946533203125000e-01 5.371246337890625000e-01 7.918090820312500000e-01
6.310896546525000304e+04 2.873840332031250000e-01 5.418090820312500000e-01 7.982788085937500000e-01
6.310899524725000083e+04 2.912597656250000000e-01 5.444946289062500000e-01 7.990264892578125000e-01
6.310902503025001351e+04 2.907867431640625000e-01 5.418395996093750000e-01 7.971954345703125000e-01
6.310905481625001266e+04 2.875366210937500000e-01 5.354919433593750000e-01 7.926483154296875000e-01
6.310908460224999726e+04 2.874145507812500000e-01 5.352325439453125000e-01 7.956237792968750000e-01
6.310911435525000707e+04 2.889404296875000000e-01 5.375213623046875000e-01 8.007965087890625000e-01
6.310914415125000232e+04 2.922515869140625000e-01 5.374145507812500000e-01 8.014526367187500000e-01
6.310917392625001230e+04 2.929534912109375000e-01 5.358886718750000000e-01 7.987976074218750000e-01
6.310920371025000350e+04 2.902069091796875000e-01 5.330505371093750000e-01 7.955780029296875000e-01
6.310923349625000264e+04 2.915039062500000000e-01 5.365295410156250000e-01 7.997894287109375000e-01
6.310926325125001313e+04 2.936553955078125000e-01 5.393829345703125000e-01 8.023529052734375000e-01
6.310929303125000297e+04 2.894897460937500000e-01 5.379943847656250000e-01 8.000640869140625000e-01
6.310932281625000178e+04 2.870330810546875000e-01 5.348815917968750000e-01 7.981567382812500000e-01
6.310935260525000194e+04 2.897033691406250000e-01 5.371551513671875000e-01 7.992248535156250000e-01
6.310938239025000075e+04 2.892150878906250000e-01 5.371551513671875000e-01 8.012695312500000000e-01
6.310941217625000718e+04 2.904205322265625000e-01 5.382995605468750000e-01 8.012084960937500000e-01
6.310944193125000311e+04 2.908935546875000000e-01 5.368041992187500000e-01 8.003997802734375000e-01
6.310947171525000158e+04 2.901153564453125000e-01 5.367279052734375000e-01 7.991333007812500000e-01
6.310950150125000073e+04 2.905578613281250000e-01 5.358123779296875000e-01 7.995758056640625000e-01
6.310953128024999751e+04 2.898712158203125000e-01 5.360412597656250000e-01 7.957916259765625000e-01
6.310956107025001256e+04 2.898406982421875000e-01 5.327453613281250000e-01 7.966308593750000000e-01
6.310959086625000054e+04 2.894134521484375000e-01 5.312042236328125000e-01 7.962646484375000000e-01
6.310962062925000646e+04 2.878723144531250000e-01 5.368957519531250000e-01 8.048400878906250000e-01
6.310965040325000155e+04 2.949371337890625000e-01 5.407409667968750000e-01 8.076934814453125000e-01
6.310968018425001355e+04 2.903594970703125000e-01 5.386810302734375000e-01 8.064422607421875000e-01
6.310970996524999646e+04 2.878570556640625000e-01 5.340576171875000000e-01 8.004760742187500000e-01
6.310973976625000068e+04 2.887725830078125000e-01 5.332946777343750000e-01 7.973632812500000000e-01
6.310976953325000068e+04 2.905426025390625000e-01 5.340423583984375000e-01 7.952270507812500000e-01
6.310979931224999746e+04 2.890167236328125000e-01 5.345001220703125000e-01 7.962341308593750000e-01
6.310982909125000151e+04 2.877960205078125000e-01 5.343933105468750000e-01 7.944030761718750000e-01
6.310985887125001318e+04 2.886962890625000000e-01 5.377960205078125000e-01 7.987670898437500000e-01
6.310988865424999676e+04 2.928314208984375000e-01 5.387268066406250000e-01 8.024597167968750000e-01
6.310991842024999642e+04 2.926788330078125000e-01 5.351409912109375000e-01 8.054809570312500000e-01
6.310994821325001249e+04 2.915954589843750000e-01 5.362701416015625000e-01 8.050842285156250000e-01
6.310997798425000656e+04 2.874755859375000000e-01 5.352325439453125000e-01 7.995910644531250000e-01
6.311000776225000300e+04 2.846984863281250000e-01 5.330047607421875000e-01 8.002624511718750000e-01
6.311003753725001297e+04 2.843170166015625000e-01 5.341796875000000000e-01 7.996215820312500000e-01
6.311006733425000130e+04 2.889709472656250000e-01 5.345764160156250000e-01 8.015747070312500000e-01
6.311009709525000653e+04 2.893829345703125000e-01 5.350494384765625000e-01 8.011016845703125000e-01
6.311012689025000145e+04 2.893829345703125000e-01 5.315093994140625000e-01 8.009338378906250000e-01
6.311015666424999654e+04 2.912750244140625000e-01 5.325775146484375000e-01 8.007354736328125000e-01
6.311018643825001345e+04 2.894592285156250000e-01 5.343933105468750000e-01 8.022766113281250000e-01
6.311021622425001260e+04 2.920989990234375000e-01 5.335693359375000000e-01 7.981414794921875000e-01
6.311024599225001293e+04 2.886810302734375000e-01 5.324707031250000000e-01 8.010864257812500000e-01
6.311027578325000650e+04 2.863922119140625000e-01 5.355682373046875000e-01 8.023834228515625000e-01
6.311030554825001309e+04 2.871093750000000000e-01 5.361480712890625000e-01 8.030853271484375000e-01
6.311033533324999735e+04 2.887725830078125000e-01 5.333404541015625000e-01 8.016662597656250000e-01
6.311036510725000699e+04 2.879638671875000000e-01 5.311279296875000000e-01 8.010711669921875000e-01
6.311039488325000275e+04 2.893981933593750000e-01 5.329284667968750000e-01 7.998809814453125000e-01
6.311042466325000714e+04 2.890625000000000000e-01 5.349273681640625000e-01 8.041687011718750000e-01
6.311045443925000291e+04 2.898101806640625000e-01 5.341949462890625000e-01 8.023834228515625000e-01
6.311048421725000662e+04 2.906951904296875000e-01 5.355682373046875000e-01 8.035125732421875000e-01
6.311051399924999714e+04 2.904052734375000000e-01 5.345306396484375000e-01 8.011932373046875000e-01
6.311054377625000052e+04 2.906341552734375000e-01 5.354461669921875000e-01 8.006744384765625000e-01
6.311057354725000187e+04 2.893981933593750000e-01 5.350341796875000000e-01 7.996368408203125000e-01
6.311060333825000271e+04 2.880401611328125000e-01 5.366668701171875000e-01 7.987518310546875000e-01
6.311063310625000304e+04 2.899169921875000000e-01 5.375518798828125000e-01 8.019866943359375000e-01
6.311066290024999762e+04 2.919158935546875000e-01 5.372009277343750000e-01 8.015289306640625000e-01
6.311069268125000235e+04 2.923431396484375000e-01 5.349884033203125000e-01 8.008728027343750000e-01
6.311072245925001334e+04 2.925567626953125000e-01 5.345306396484375000e-01 7.986755371093750000e-01
6.311075223825000285e+04 2.904663085937500000e-01 5.361328125000000000e-01 7.984161376953125000e-01
6.311078201825000724e+04 2.950286865234375000e-01 5.383758544921875000e-01 7.982482910156250000e-01
6.311081179525000334e+04 2.924041748046875000e-01 5.399322509765625000e-01 7.951202392578125000e-01
6.311084157525000046e+04 2.932739257812500000e-01 5.402679443359375000e-01 7.966918945312500000e-01
6.311087135125000350e+04 2.943267822265625000e-01 5.391693115234375000e-01 7.969360351562500000e-01
6.311090112525001314e+04 2.960510253906250000e-01 5.412445068359375000e-01 7.969512939453125000e-01
6.311093090924999706e+04 2.955322265625000000e-01 5.411071777343750000e-01 7.954559326171875000e-01
6.311096068825000111e+04 2.984619140625000000e-01 5.413513183593750000e-01 7.952728271484375000e-01
6.311099046524999721e+04 2.967987060546875000e-01 5.404052734375000000e-01 7.916107177734375000e-01
6.311102024225000059e+04 2.969360351562500000e-01 5.395507812500000000e-01 7.916412353515625000e-01
6.311105002224999771e+04 2.964172363281250000e-01 5.403747558593750000e-01 7.935638427734375000e-01
6.311107979925000109e+04 3.001098632812500000e-01 5.423889160156250000e-01 7.972717285156250000e-01
6.311110957825001242e+04 3.015136718750000000e-01 5.423583984375000000e-01 7.899627685546875000e-01
6.311113935925000260e+04 2.971954345703125000e-01 5.433349609375000000e-01 7.883300781250000000e-01
6.311116914025000733e+04 2.998809814453125000e-01 5.450439453125000000e-01 7.862701416015625000e-01
6.311119892124999751e+04 3.032379150390625000e-01 5.465850830078125000e-01 7.864990234375000000e-01
6.311122880637500202e+04 3.008117675781250000e-01 5.462036132812500000e-01 7.901153564453125000e-01
6.311125857637500303e+04 3.017425537109375000e-01 5.464324951171875000e-01 7.881011962890625000e-01
6.311128834237500269e+04 2.968292236328125000e-01 5.485534667968750000e-01 7.881774902343750000e-01
6.311131812737500150e+04 2.946929931640625000e-01 5.457916259765625000e-01 7.889251708984375000e-01
6.311134791637500166e+04 2.977905273437500000e-01 5.440673828125000000e-01 7.895507812500000000e-01
6.311137771437499759e+04 3.003234863281250000e-01 5.440673828125000000e-01 7.916870117187500000e-01
6.311140749237500131e+04 2.997741699218750000e-01 5.437927246093750000e-01 7.900848388671875000e-01
6.311143724737499724e+04 2.982940673828125000e-01 5.431060791015625000e-01 7.893066406250000000e-01
6.311146705137500248e+04 2.956695556640625000e-01 5.413665771484375000e-01 7.889099121093750000e-01
6.311149680437501229e+04 2.973175048828125000e-01 5.429840087890625000e-01 7.897033691406250000e-01
6.311152659837500687e+04 2.973632812500000000e-01 5.423736572265625000e-01 7.908477783203125000e-01
6.311155637437500263e+04 2.946472167968750000e-01 5.434570312500000000e-01 7.927856445312500000e-01
6.311158616337500280e+04 2.975006103515625000e-01 5.440979003906250000e-01 7.924499511718750000e-01
6.311161593137500313e+04 2.965698242187500000e-01 5.449218750000000000e-01 7.960510253906250000e-01
6.311164570537501277e+04 2.948913574218750000e-01 5.424346923828125000e-01 7.926788330078125000e-01
6.311167549837500701e+04 2.933959960937500000e-01 5.389709472656250000e-01 7.914581298828125000e-01
6.311170525637499668e+04 2.921447753906250000e-01 5.404052734375000000e-01 7.939758300781250000e-01
6.311173504137500277e+04 2.964324951171875000e-01 5.412597656250000000e-01 7.977600097656250000e-01
6.311176482637500158e+04 3.028869628906250000e-01 5.413665771484375000e-01 8.024291992187500000e-01
6.311179459637500258e+04 2.971038818359375000e-01 5.365447998046875000e-01 7.919464111328125000e-01
6.311182439737500681e+04 2.908630371093750000e-01 5.349121093750000000e-01 7.955627441406250000e-01
6.311185415837499750e+04 2.953948974609375000e-01 5.415191650390625000e-01 7.967681884765625000e-01
6.311188393737500155e+04 2.962036132812500000e-01 5.408477783203125000e-01 8.022766113281250000e-01
6.311191372237500036e+04 2.903900146484375000e-01 5.357513427734375000e-01 7.899932861328125000e-01
6.311194349037500069e+04 2.873382568359375000e-01 5.303649902343750000e-01 7.874908447265625000e-01
6.311197326837499713e+04 2.902221679687500000e-01 5.339050292968750000e-01 7.955169677734375000e-01
6.311200305837499764e+04 2.978820800781250000e-01 5.431060791015625000e-01 8.001861572265625000e-01
6.311203284137500304e+04 3.030700683593750000e-01 5.439147949218750000e-01 8.024139404296875000e-01
6.311206262437500118e+04 3.095397949218750000e-01 5.367279052734375000e-01 7.993469238281250000e-01
6.311209244237499661e+04 3.027954101562500000e-01 5.315399169921875000e-01 7.958068847656250000e-01
6.311212220537500252e+04 2.907257080078125000e-01 5.366363525390625000e-01 7.989959716796875000e-01
6.311215199137500167e+04 2.870025634765625000e-01 5.440979003906250000e-01 8.084411621093750000e-01
6.311218177337500674e+04 2.890777587890625000e-01 5.414428710937500000e-01 8.005676269531250000e-01
6.311221156837500166e+04 2.855682373046875000e-01 5.286254882812500000e-01 7.911987304687500000e-01
6.311224135437500081e+04 2.917480468750000000e-01 5.268402099609375000e-01 7.846984863281250000e-01
6.311227113737501350e+04 2.996826171875000000e-01 5.305175781250000000e-01 7.918548583984375000e-01
6.311230092137499742e+04 2.995758056640625000e-01 5.360717773437500000e-01 8.002166748046875000e-01
6.311233070537500316e+04 2.970428466796875000e-01 5.384063720703125000e-01 8.037109375000000000e-01
6.311236048537500028e+04 2.918548583984375000e-01 5.426177978515625000e-01 8.050537109375000000e-01
6.311239028937501280e+04 2.936706542968750000e-01 5.434722900390625000e-01 8.025817871093750000e-01
6.311242005537501245e+04 2.910003662109375000e-01 5.398864746093750000e-01 8.010711669921875000e-01
6.311244984037499671e+04 2.924194335937500000e-01 5.353698730468750000e-01 7.926940917968750000e-01
6.311247962537500280e+04 2.904357910156250000e-01 5.329437255859375000e-01 7.945861816406250000e-01
6.311250942837500043e+04 2.916107177734375000e-01 5.352478027343750000e-01 7.920379638671875000e-01
6.311253919237500668e+04 2.937011718750000000e-01 5.370330810546875000e-01 7.972717285156250000e-01
6.311256897837501310e+04 2.964477539062500000e-01 5.366210937500000000e-01 7.986297607421875000e-01
6.311259875037500024e+04 2.889099121093750000e-01 5.341491699218750000e-01 7.927093505859375000e-01
6.311262856337500125e+04 2.864074707031250000e-01 5.388641357421875000e-01 8.029327392578125000e-01
6.311265835137500108e+04 2.926940917968750000e-01 5.411987304687500000e-01 8.051605224609375000e-01
6.311268811637500039e+04 2.924194335937500000e-01 5.404663085937500000e-01 8.014831542968750000e-01
6.311271789537499717e+04 2.900238037109375000e-01 5.381927490234375000e-01 7.969818115234375000e-01
6.311274769537500106e+04 2.892913818359375000e-01 5.361633300781250000e-01 7.989807128906250000e-01
6.311277747237499716e+04 2.892761230468750000e-01 5.363464355468750000e-01 8.007812500000000000e-01
6.311280727137500071e+04 2.895202636718750000e-01 5.328826904296875000e-01 7.982788085937500000e-01
6.311283706737500324e+04 2.856750488281250000e-01 5.328369140625000000e-01 7.955780029296875000e-01
6.311286684037501254e+04 2.861022949218750000e-01 5.361785888671875000e-01 8.022766113281250000e-01
6.311289663237500645e+04 2.884826660156250000e-01 5.376739501953125000e-01 8.051147460937500000e-01
6.311292641337499663e+04 2.919921875000000000e-01 5.361480712890625000e-01 8.011779785156250000e-01
6.311295620037500339e+04 2.917785644531250000e-01 5.356597900390625000e-01 7.962188720703125000e-01
6.311298598537500220e+04 2.929534912109375000e-01 5.355224609375000000e-01 7.973327636718750000e-01
6.311301577037500101e+04 2.920227050781250000e-01 5.391998291015625000e-01 7.980651855468750000e-01
6.311304555737500050e+04 2.920074462890625000e-01 5.393524169921875000e-01 7.985992431640625000e-01
6.311307534537500032e+04 2.899322509765625000e-01 5.400543212890625000e-01 7.989349365234375000e-01
6.311310513137500675e+04 2.895355224609375000e-01 5.426635742187500000e-01 7.995452880859375000e-01
6.311313491737501317e+04 2.903289794921875000e-01 5.403747558593750000e-01 8.034210205078125000e-01
6.311316470337501232e+04 2.944793701171875000e-01 5.373687744140625000e-01 7.996215820312500000e-01
6.311319448837499658e+04 2.939147949218750000e-01 5.351409912109375000e-01 7.960815429687500000e-01
6.311322427637499641e+04 2.937469482421875000e-01 5.316619873046875000e-01 7.960205078125000000e-01
6.311325406537499657e+04 2.968139648437500000e-01 5.332489013671875000e-01 8.000030517578125000e-01
6.311328384937500232e+04 2.999877929687500000e-01 5.395355224609375000e-01 8.031005859375000000e-01
6.311331363737500214e+04 3.028106689453125000e-01 5.409698486328125000e-01 8.014526367187500000e-01
6.311334342237500096e+04 3.023529052734375000e-01 5.365600585937500000e-01 7.963867187500000000e-01
6.311337320737500704e+04 2.918853759765625000e-01 5.328979492187500000e-01 7.923583984375000000e-01
6.311340298037500179e+04 2.896881103515625000e-01 5.467224121093750000e-01 8.038482666015625000e-01
6.311343279537500348e+04 3.020019531250000000e-01 5.476379394531250000e-01 7.972259521484375000e-01
6.311346257137500652e+04 2.993469238281250000e-01 5.370635986328125000e-01 7.835540771484375000e-01
6.311349236037500668e+04 2.913970947265625000e-01 5.252685546875000000e-01 7.765655517578125000e-01
6.311352214837500651e+04 2.910614013671875000e-01 5.296630859375000000e-01 7.825775146484375000e-01
6.311355193637501361e+04 3.011169433593750000e-01 5.476226806640625000e-01 7.991638183593750000e-01
6.311358172637500684e+04 3.066101074218750000e-01 5.535278320312500000e-01 8.059082031250000000e-01
6.311361150637499668e+04 3.094177246093750000e-01 5.457458496093750000e-01 7.997131347656250000e-01
6.311364130337500683e+04 3.066253662109375000e-01 5.411071777343750000e-01 7.988891601562500000e-01
6.311367108937501325e+04 3.077850341796875000e-01 5.427093505859375000e-01 7.890625000000000000e-01
6.311370086237500072e+04 2.993011474609375000e-01 5.436401367187500000e-01 7.836151123046875000e-01
6.311373067437500140e+04 2.988281250000000000e-01 5.421447753906250000e-01 7.808074951171875000e-01
6.311376043237501290e+04 2.989501953125000000e-01 5.429534912109375000e-01 7.771301269531250000e-01
6.311379021737499716e+04 3.003845214843750000e-01 5.396575927734375000e-01 7.771911621093750000e-01
6.311382002137500240e+04 3.110961914062500000e-01 5.476379394531250000e-01 7.893829345703125000e-01
6.311384979537499748e+04 3.218994140625000000e-01 5.577697753906250000e-01 7.908020019531250000e-01
6.311387959637500171e+04 3.020019531250000000e-01 5.636291503906250000e-01 7.871246337890625000e-01
6.311390937237499747e+04 2.944488525390625000e-01 5.525665283203125000e-01 7.857666015625000000e-01
6.311393914337501337e+04 2.916564941406250000e-01 5.429687500000000000e-01 7.856140136718750000e-01
6.311396892837499763e+04 3.037109375000000000e-01 5.310211181640625000e-01 7.971954345703125000e-01
6.311399873737499729e+04 2.902374267578125000e-01 5.536346435546875000e-01 7.929382324218750000e-01
6.311402851737500168e+04 2.822570800781250000e-01 5.530242919921875000e-01 7.894744873046875000e-01
6.311405829237499711e+04 2.857971191406250000e-01 5.419616699218750000e-01 7.793426513671875000e-01
6.311408807837500353e+04 2.947692871093750000e-01 5.305938720703125000e-01 7.844085693359375000e-01
6.311411785437500657e+04 3.115692138671875000e-01 5.377044677734375000e-01 7.898864746093750000e-01
6.311414763937501266e+04 3.063964843750000000e-01 5.409698486328125000e-01 7.868347167968750000e-01
6.311417742437499692e+04 3.040161132812500000e-01 5.489196777343750000e-01 7.940063476562500000e-01
6.311420722737500182e+04 3.131866455078125000e-01 5.543212890625000000e-01 8.076629638671875000e-01
6.311423700337499758e+04 3.023681640625000000e-01 5.559997558593750000e-01 8.020019531250000000e-01
6.311426678637500299e+04 2.965850830078125000e-01 5.499420166015625000e-01 7.875518798828125000e-01
6.311429657037500147e+04 2.971496582031250000e-01 5.426025390625000000e-01 7.867889404296875000e-01
6.311432635437500721e+04 2.979583740234375000e-01 5.417022705078125000e-01 7.843780517578125000e-01
6.311435614337500738e+04 3.069610595703125000e-01 5.511169433593750000e-01 8.000488281250000000e-01
6.311438593037500686e+04 3.107147216796875000e-01 5.568389892578125000e-01 7.998199462890625000e-01
6.311441573637501278e+04 3.026885986328125000e-01 5.559844970703125000e-01 7.896423339843750000e-01
6.311444550937500026e+04 2.913513183593750000e-01 5.485382080078125000e-01 7.903289794921875000e-01
6.311447529537500668e+04 2.813873291015625000e-01 5.602264404296875000e-01 8.002777099609375000e-01
6.311450508037501277e+04 3.104705810546875000e-01 5.874328613281250000e-01 7.906799316406250000e-01
6.311453486737499770e+04 2.337036132812500000e-01 5.938568115234375000e-01 7.928009033203125000e-01
6.311456465437499719e+04 2.031250000000000000e-01 6.282348632812500000e-01 7.878875732421875000e-01
6.311459443937500328e+04 1.745452880859375000e-01 5.956726074218750000e-01 7.810821533203125000e-01
6.311462422837500344e+04 1.706542968750000000e-01 5.978240966796875000e-01 7.986907958984375000e-01
6.311465402037499734e+04 1.574401855468750000e-01 5.227508544921875000e-01 8.094482421875000000e-01
6.311468380937499751e+04 1.795806884765625000e-01 5.414581298828125000e-01 7.754669189453125000e-01
6.311471359637499700e+04 1.786346435546875000e-01 5.507049560546875000e-01 8.340454101562500000e-01
6.311474337337500037e+04 1.879577636718750000e-01 5.390777587890625000e-01 8.241119384765625000e-01
6.311477316637500189e+04 1.927947998046875000e-01 5.527496337890625000e-01 8.344879150390625000e-01
6.311480295137500070e+04 1.930236816406250000e-01 5.409698486328125000e-01 8.143920898437500000e-01
6.311483273337501305e+04 1.892242431640625000e-01 5.435791015625000000e-01 8.088836669921875000e-01
6.311486251837499731e+04 1.955566406250000000e-01 5.383605957031250000e-01 8.014221191406250000e-01
6.311489230337500339e+04 1.814575195312500000e-01 5.471801757812500000e-01 8.149261474609375000e-01
6.311492208337500051e+04 1.618347167968750000e-01 5.522308349609375000e-01 8.368835449218750000e-01
6.311495188137499645e+04 1.255187988281250000e-01 5.321350097656250000e-01 8.503723144531250000e-01
6.311498168737500237e+04 1.185302734375000000e-01 5.363006591796875000e-01 5.617675781250000000e-01
6.311501145737500337e+04 1.259918212890625000e-01 5.397186279296875000e-01 9.633941650390625000e-01
6.311504123337500641e+04 2.145080566406250000e-01 6.243896484375000000e-01 1.028991699218750000e+00
6.311507103937501233e+04 2.012176513671875000e-01 5.419921875000000000e-01 8.889007568359375000e-01
6.311510080737501266e+04 1.670989990234375000e-01 5.319976806640625000e-01 8.223876953125000000e-01
6.311513060737500200e+04 1.475677490234375000e-01 5.659637451171875000e-01 8.025054931640625000e-01
6.311516039537500183e+04 1.534118652343750000e-01 5.386657714843750000e-01 8.014221191406250000e-01
6.311519018437500199e+04 1.696014404296875000e-01 5.588684082031250000e-01 7.933959960937500000e-01
6.311521996937500080e+04 1.648254394531250000e-01 5.474853515625000000e-01 7.836914062500000000e-01
6.311524975837500097e+04 1.773223876953125000e-01 5.874023437500000000e-01 8.190307617187500000e-01
6.311527954637500079e+04 1.580200195312500000e-01 5.594177246093750000e-01 8.038482666015625000e-01
6.311530933737500163e+04 1.476745605468750000e-01 5.194702148437500000e-01 7.767944335937500000e-01
6.311533912437500112e+04 1.628265380859375000e-01 5.268707275390625000e-01 7.844543457031250000e-01
6.311536891737500264e+04 1.663818359375000000e-01 4.971771240234375000e-01 8.046264648437500000e-01
6.311539871437501279e+04 2.109527587890625000e-01 5.519256591796875000e-01 8.481292724609375000e-01
6.311542849237500195e+04 2.461547851562500000e-01 5.895690917968750000e-01 8.632354736328125000e-01
6.311545828237500245e+04 2.381134033203125000e-01 5.562896728515625000e-01 8.745422363281250000e-01
6.311548806937500194e+04 2.155151367187500000e-01 5.176086425781250000e-01 8.508605957031250000e-01
6.311551785637500143e+04 2.401275634765625000e-01 5.258026123046875000e-01 8.512573242187500000e-01
6.311554764337500092e+04 2.493591308593750000e-01 5.187225341796875000e-01 8.596343994140625000e-01
6.311557741937499668e+04 2.314147949218750000e-01 5.242156982421875000e-01 8.320617675781250000e-01
6.311560721937500057e+04 1.941070556640625000e-01 5.007324218750000000e-01 7.940521240234375000e-01
6.311563699437500327e+04 1.821746826171875000e-01 4.866943359375000000e-01 7.858734130859375000e-01
6.311566679337500682e+04 1.883392333984375000e-01 5.032196044921875000e-01 7.921905517578125000e-01
6.311569658437500038e+04 2.337951660156250000e-01 5.895385742187500000e-01 8.382568359375000000e-01
6.311572637337500055e+04 2.372131347656250000e-01 5.894927978515625000e-01 8.288116455078125000e-01
6.311575615937500697e+04 2.471313476562500000e-01 6.013488769531250000e-01 8.044281005859375000e-01
6.311578594537501340e+04 2.432403564453125000e-01 6.034851074218750000e-01 7.890625000000000000e-01
6.311581573137501255e+04 2.285766601562500000e-01 5.747375488281250000e-01 7.680053710937500000e-01
6.311584551837499748e+04 2.437896728515625000e-01 5.516510009765625000e-01 7.757415771484375000e-01
6.311587530537499697e+04 2.622070312500000000e-01 5.650024414062500000e-01 8.196105957031250000e-01
6.311590508537500136e+04 2.666168212890625000e-01 5.353240966796875000e-01 7.966156005859375000e-01
6.311593487137500051e+04 2.277221679687500000e-01 5.263977050781250000e-01 7.787322998046875000e-01
6.311596467037499679e+04 2.129058837890625000e-01 5.619201660156250000e-01 7.994079589843750000e-01
6.311599447037500067e+04 2.149353027343750000e-01 5.880126953125000000e-01 8.300170898437500000e-01
6.311602425737500744e+04 2.294158935546875000e-01 5.853729248046875000e-01 8.205718994140625000e-01
6.311605403437500354e+04 2.375183105468750000e-01 5.624694824218750000e-01 8.032531738281250000e-01
6.311608382737501233e+04 2.340545654296875000e-01 5.483703613281250000e-01 7.949981689453125000e-01
6.311611360937500285e+04 2.314758300781250000e-01 5.484771728515625000e-01 7.852478027343750000e-01
6.311614339737500268e+04 2.308349609375000000e-01 5.493011474609375000e-01 7.926177978515625000e-01
6.311617318337500183e+04 2.407379150390625000e-01 5.561218261718750000e-01 7.914733886718750000e-01
6.311620298137501231e+04 2.460021972656250000e-01 5.875701904296875000e-01 7.964172363281250000e-01
6.311623284941667225e+04 2.318572998046875000e-01 5.952453613281250000e-01 8.144073486328125000e-01
6.311626263241667039e+04 2.401428222656250000e-01 5.997314453125000000e-01 8.275451660156250000e-01
6.311629241741666920e+04 2.431030273437500000e-01 5.765533447265625000e-01 8.108062744140625000e-01
6.311632223441667156e+04 2.398681640625000000e-01 5.525665283203125000e-01 7.896881103515625000e-01
6.311635201941667037e+04 2.258148193359375000e-01 5.440063476562500000e-01 7.769470214843750000e-01
6.311638181041667121e+04 2.253570556640625000e-01 5.560607910156250000e-01 7.807006835937500000e-01
6.311641158941666799e+04 2.408447265625000000e-01 5.759277343750000000e-01 7.956085205078125000e-01
6.311644137341666647e+04 2.383422851562500000e-01 5.756225585937500000e-01 8.037109375000000000e-01
6.311647117741667171e+04 2.331237792968750000e-01 5.616302490234375000e-01 7.941589355468750000e-01
6.311650094541667204e+04 2.363891601562500000e-01 5.565643310546875000e-01 7.953338623046875000e-01
6.311653073341667186e+04 2.371215820312500000e-01 5.651550292968750000e-01 8.010253906250000000e-01
6.311656052141667169e+04 2.357788085937500000e-01 5.695953369140625000e-01 8.071289062500000000e-01
6.311659031041667185e+04 2.405853271484375000e-01 5.693511962890625000e-01 8.056335449218750000e-01
6.311662009941667202e+04 2.361145019531250000e-01 5.650939941406250000e-01 7.954254150390625000e-01
6.311664988341667049e+04 2.289276123046875000e-01 5.610961914062500000e-01 7.951202392578125000e-01
6.311667968541666778e+04 2.336425781250000000e-01 5.629730224609375000e-01 7.996063232421875000e-01
6.311670947241666727e+04 2.359771728515625000e-01 5.655364990234375000e-01 8.030395507812500000e-01
6.311673925641667302e+04 2.364501953125000000e-01 5.665435791015625000e-01 8.001708984375000000e-01
6.311676905041666760e+04 2.356414794921875000e-01 5.630950927734375000e-01 7.968902587890625000e-01
6.311679883741666708e+04 2.359466552734375000e-01 5.598907470703125000e-01 7.872924804687500000e-01
6.311682862341667351e+04 2.350311279296875000e-01 5.614471435546875000e-01 7.897338867187500000e-01
6.311685841141667333e+04 2.373504638671875000e-01 5.715026855468750000e-01 7.973175048828125000e-01
6.311688819841667282e+04 2.420654296875000000e-01 5.722808837890625000e-01 7.994537353515625000e-01
6.311691798241667129e+04 2.413787841796875000e-01 5.697174072265625000e-01 8.000030517578125000e-01
6.311694776941667078e+04 2.380676269531250000e-01 5.691070556640625000e-01 7.967681884765625000e-01
6.311697755641667027e+04 2.367401123046875000e-01 5.677032470703125000e-01 7.928314208984375000e-01
6.311700734741667111e+04 2.362060546875000000e-01 5.681457519531250000e-01 7.917022705078125000e-01
6.311703713641667127e+04 2.396545410156250000e-01 5.703582763671875000e-01 7.937622070312500000e-01
6.311706693041667313e+04 2.398681640625000000e-01 5.703735351562500000e-01 7.925109863281250000e-01
6.311709671041667025e+04 2.405700683593750000e-01 5.680236816406250000e-01 7.913665771484375000e-01
6.311712649841667007e+04 2.411651611328125000e-01 5.704803466796875000e-01 7.904052734375000000e-01
6.311715628341666888e+04 2.440643310546875000e-01 5.714263916015625000e-01 7.928771972656250000e-01
6.311718607141666871e+04 2.382812500000000000e-01 5.752105712890625000e-01 7.829895019531250000e-01
6.311721585941666854e+04 2.421264648437500000e-01 5.782775878906250000e-01 7.937622070312500000e-01
6.311724564441666735e+04 2.447662353515625000e-01 5.798492431640625000e-01 7.903137207031250000e-01
6.311727543041666650e+04 2.438049316406250000e-01 5.747680664062500000e-01 7.835388183593750000e-01
6.311730521541667258e+04 2.393188476562500000e-01 5.696258544921875000e-01 7.827301025390625000e-01
6.311733500241667207e+04 2.424926757812500000e-01 5.738983154296875000e-01 7.887573242187500000e-01
6.311736479041667189e+04 2.426605224609375000e-01 5.778808593750000000e-01 7.943878173828125000e-01
6.311739457641667104e+04 2.430725097656250000e-01 5.762176513671875000e-01 7.911529541015625000e-01
6.311742436441667087e+04 2.387237548828125000e-01 5.697174072265625000e-01 7.859191894531250000e-01
6.311745415441667137e+04 2.428894042968750000e-01 5.725708007812500000e-01 7.856597900390625000e-01
6.311748394641667255e+04 2.418365478515625000e-01 5.736083984375000000e-01 7.875671386718750000e-01
6.311751372941667069e+04 2.410430908203125000e-01 5.733337402343750000e-01 7.901763916015625000e-01
6.311754351841667085e+04 2.405700683593750000e-01 5.740203857421875000e-01 7.886657714843750000e-01
6.311757332441666949e+04 2.405853271484375000e-01 5.741729736328125000e-01 7.897491455078125000e-01
6.311760309241666982e+04 2.411193847656250000e-01 5.750274658203125000e-01 7.926177978515625000e-01
6.311763287741666863e+04 2.416381835937500000e-01 5.730285644531250000e-01 7.929687500000000000e-01
6.311766266541666846e+04 2.397155761718750000e-01 5.705871582031250000e-01 7.927703857421875000e-01
6.311769246641667269e+04 2.390747070312500000e-01 5.706176757812500000e-01 7.901458740234375000e-01
6.311772224441666913e+04 2.393493652343750000e-01 5.678710937500000000e-01 7.914886474609375000e-01
6.311775203341666929e+04 2.415161132812500000e-01 5.670471191406250000e-01 7.967987060546875000e-01
6.311778181641666743e+04 2.410125732421875000e-01 5.692749023437500000e-01 7.929534912109375000e-01
6.311781161641667131e+04 2.382507324218750000e-01 5.681457519531250000e-01 7.957153320312500000e-01
6.311784139941666945e+04 2.401428222656250000e-01 5.707702636718750000e-01 7.996215820312500000e-01
6.311787118541666860e+04 2.419738769531250000e-01 5.708465576171875000e-01 7.969512939453125000e-01
6.311790095341666893e+04 2.419281005859375000e-01 5.690612792968750000e-01 7.982788085937500000e-01
6.311793075641666655e+04 2.456970214843750000e-01 5.669403076171875000e-01 7.970886230468750000e-01
6.311796055341666943e+04 2.396392822265625000e-01 5.698242187500000000e-01 7.917633056640625000e-01
6.311799034041666891e+04 2.394714355468750000e-01 5.702514648437500000e-01 8.029327392578125000e-01
6.311802012941666908e+04 2.355041503906250000e-01 5.637207031250000000e-01 7.859497070312500000e-01
6.311804991941666958e+04 2.223052978515625000e-01 5.634765625000000000e-01 7.858734130859375000e-01
6.311807970941667008e+04 2.348175048828125000e-01 5.598449707031250000e-01 7.801361083984375000e-01
6.311810949841667025e+04 2.359924316406250000e-01 5.616149902343750000e-01 7.939605712890625000e-01
6.311813928741667041e+04 2.361907958984375000e-01 5.719604492187500000e-01 8.088684082031250000e-01
6.311816907841667125e+04 2.420959472656250000e-01 5.751800537109375000e-01 8.162536621093750000e-01
6.311819886841667176e+04 2.434997558593750000e-01 5.732879638671875000e-01 8.077392578125000000e-01
6.311822866741666803e+04 2.367553710937500000e-01 5.661163330078125000e-01 7.939910888671875000e-01
6.311825844841667276e+04 2.362670898437500000e-01 5.599365234375000000e-01 7.853851318359375000e-01
6.311828823741667293e+04 2.364807128906250000e-01 5.636749267578125000e-01 7.932739257812500000e-01
6.311831802841666649e+04 2.370910644531250000e-01 5.671539306640625000e-01 7.981109619140625000e-01
6.311834781741666666e+04 2.333221435546875000e-01 5.674743652343750000e-01 7.965850830078125000e-01
6.311837760441667342e+04 2.340698242187500000e-01 5.608062744140625000e-01 7.944335937500000000e-01
6.311840738541667088e+04 2.343750000000000000e-01 5.596160888671875000e-01 7.989196777343750000e-01
6.311843718341666681e+04 2.366333007812500000e-01 5.633087158203125000e-01 8.031463623046875000e-01
6.311846698441667104e+04 2.397003173828125000e-01 5.627593994140625000e-01 8.019714355468750000e-01
6.311849676441666816e+04 2.396240234375000000e-01 5.610961914062500000e-01 7.995147705078125000e-01
6.311852656241667137e+04 2.368774414062500000e-01 5.582122802734375000e-01 7.939453125000000000e-01
6.311855634841667052e+04 2.361907958984375000e-01 5.591125488281250000e-01 7.987976074218750000e-01
6.311858613341666933e+04 2.379608154296875000e-01 5.622253417968750000e-01 8.021087646484375000e-01
6.311861591341666644e+04 2.375640869140625000e-01 5.642242431640625000e-01 8.052825927734375000e-01
6.311864570441666729e+04 2.403259277343750000e-01 5.640716552734375000e-01 8.032226562500000000e-01
6.311867548941667337e+04 2.408752441406250000e-01 5.632781982421875000e-01 8.042755126953125000e-01
6.311870527041667083e+04 2.435607910156250000e-01 5.597534179687500000e-01 8.065185546875000000e-01
6.311873507741666981e+04 2.325439453125000000e-01 5.558166503906250000e-01 7.927856445312500000e-01
6.311876487541667302e+04 2.271423339843750000e-01 5.526428222656250000e-01 7.896270751953125000e-01
6.311879466041667183e+04 2.289428710937500000e-01 5.519104003906250000e-01 7.963867187500000000e-01
6.311882445241667301e+04 2.424163818359375000e-01 5.636291503906250000e-01 8.093414306640625000e-01
6.311885423041666945e+04 2.464141845703125000e-01 5.647583007812500000e-01 8.068389892578125000e-01
6.311888401541666826e+04 2.459716796875000000e-01 5.595245361328125000e-01 7.971191406250000000e-01
6.311891380141666741e+04 2.446594238281250000e-01 5.562438964843750000e-01 7.951812744140625000e-01
6.311894357341666910e+04 2.443542480468750000e-01 5.604095458984375000e-01 8.003234863281250000e-01
6.311897336441666994e+04 2.434692382812500000e-01 5.627136230468750000e-01 8.071746826171875000e-01
6.311900315841667179e+04 2.427368164062500000e-01 5.600433349609375000e-01 8.070983886718750000e-01
6.311903294341667061e+04 2.416687011718750000e-01 5.569152832031250000e-01 8.025054931640625000e-01
6.311906273441667145e+04 2.365264892578125000e-01 5.552368164062500000e-01 7.989044189453125000e-01
6.311909252341667161e+04 2.397613525390625000e-01 5.551452636718750000e-01 7.953033447265625000e-01
6.311912228341666923e+04 2.403259277343750000e-01 5.594177246093750000e-01 8.010101318359375000e-01
6.311915207241666940e+04 2.317199707031250000e-01 5.626525878906250000e-01 7.960815429687500000e-01
6.311918186741667159e+04 2.187805175781250000e-01 5.626220703125000000e-01 7.946166992187500000e-01
6.311921165841667244e+04 2.327575683593750000e-01 5.625762939453125000e-01 7.983703613281250000e-01
6.311924143741666921e+04 2.374572753906250000e-01 5.666656494140625000e-01 8.072357177734375000e-01
6.311927123541667243e+04 2.405700683593750000e-01 5.708007812500000000e-01 8.064117431640625000e-01
6.311930102341667225e+04 2.391662597656250000e-01 5.623168945312500000e-01 7.952575683593750000e-01
6.311933081241667242e+04 2.358245849609375000e-01 5.581970214843750000e-01 7.887573242187500000e-01
6.311936060241667292e+04 2.377166748046875000e-01 5.584259033203125000e-01 7.906646728515625000e-01
6.311939039141667308e+04 2.408294677734375000e-01 5.641021728515625000e-01 7.970123291015625000e-01
6.311942017941667291e+04 2.397460937500000000e-01 5.635833740234375000e-01 8.003845214843750000e-01
6.311944996641667240e+04 2.393188476562500000e-01 5.641326904296875000e-01 8.018951416015625000e-01
6.311947975641667290e+04 2.402954101562500000e-01 5.603637695312500000e-01 8.009338378906250000e-01
6.311950954741666646e+04 2.391662597656250000e-01 5.598602294921875000e-01 7.993774414062500000e-01
6.311953933441667323e+04 2.335052490234375000e-01 5.596771240234375000e-01 8.020935058593750000e-01
6.311956912341667339e+04 2.313537597656250000e-01 5.650787353515625000e-01 8.061218261718750000e-01
6.311959891141667322e+04 2.381744384765625000e-01 5.664062500000000000e-01 8.170471191406250000e-01
6.311962869741667237e+04 2.389984130859375000e-01 5.669708251953125000e-01 8.075561523437500000e-01
6.311965849141666695e+04 2.372131347656250000e-01 5.574951171875000000e-01 7.814178466796875000e-01
6.311968827841666644e+04 2.297973632812500000e-01 5.557250976562500000e-01 7.717895507812500000e-01
6.311971806141667184e+04 2.336425781250000000e-01 5.554046630859375000e-01 7.858276367187500000e-01
6.311974785441667336e+04 2.394561767578125000e-01 5.639190673828125000e-01 7.909240722656250000e-01
6.311977764041667251e+04 2.421722412109375000e-01 5.734558105468750000e-01 8.025817871093750000e-01
6.311980743641666777e+04 2.411041259765625000e-01 5.745697021484375000e-01 8.204193115234375000e-01
6.311983722841666895e+04 2.462463378906250000e-01 5.773162841796875000e-01 8.227081298828125000e-01
6.311986701841666945e+04 2.415161132812500000e-01 5.668334960937500000e-01 8.158264160156250000e-01
6.311989680841666996e+04 2.431945800781250000e-01 5.626831054687500000e-01 8.059539794921875000e-01
6.311992659941667080e+04 2.378234863281250000e-01 5.587921142578125000e-01 7.850341796875000000e-01
6.311995639341667265e+04 2.391967773437500000e-01 5.579986572265625000e-01 7.798614501953125000e-01
6.311998618941666791e+04 2.326354980468750000e-01 5.574798583984375000e-01 7.762298583984375000e-01
6.312001598241666943e+04 2.333221435546875000e-01 5.618133544921875000e-01 7.835845947265625000e-01
6.312004578241667332e+04 2.378387451171875000e-01 5.668640136718750000e-01 7.904510498046875000e-01
6.312007557141667348e+04 2.396240234375000000e-01 5.831909179687500000e-01 8.131256103515625000e-01
6.312010536341666739e+04 2.451019287109375000e-01 5.820617675781250000e-01 8.090362548828125000e-01
6.312013515441666823e+04 2.466125488281250000e-01 5.775299072265625000e-01 8.070373535156250000e-01
6.312016494741666975e+04 2.489013671875000000e-01 5.685119628906250000e-01 7.979583740234375000e-01
6.312019474041667127e+04 2.396240234375000000e-01 5.627441406250000000e-01 7.867126464843750000e-01
6.312022453241667245e+04 2.322845458984375000e-01 5.660247802734375000e-01 7.846527099609375000e-01
6.312025432241667295e+04 2.260284423828125000e-01 5.657196044921875000e-01 7.771301269531250000e-01
6.312028411341666651e+04 2.417297363281250000e-01 5.666503906250000000e-01 7.849731445312500000e-01
6.312031390341666702e+04 2.379760742187500000e-01 5.739898681640625000e-01 7.855834960937500000e-01
6.312034369441666786e+04 2.425994873046875000e-01 5.778656005859375000e-01 7.911224365234375000e-01
6.312037349341667141e+04 2.528991699218750000e-01 5.818176269531250000e-01 7.949676513671875000e-01
6.312040327141666785e+04 2.509002685546875000e-01 5.803070068359375000e-01 7.966918945312500000e-01
6.312043305941666767e+04 2.483062744140625000e-01 5.783386230468750000e-01 7.899169921875000000e-01
6.312046285341666953e+04 2.458038330078125000e-01 5.712585449218750000e-01 7.811584472656250000e-01
6.312049264541667071e+04 2.443237304687500000e-01 5.690612792968750000e-01 7.817687988281250000e-01
6.312052244341666665e+04 2.336120605468750000e-01 5.675048828125000000e-01 7.781982421875000000e-01
6.312055223641666817e+04 2.377624511718750000e-01 5.700073242187500000e-01 7.826080322265625000e-01
6.312058201841667324e+04 2.446136474609375000e-01 5.724487304687500000e-01 8.004455566406250000e-01
6.312061181741666951e+04 2.445678710937500000e-01 5.767517089843750000e-01 8.008422851562500000e-01
6.312064159741666663e+04 2.440948486328125000e-01 5.732727050781250000e-01 7.970581054687500000e-01
6.312067139841667085e+04 2.508850097656250000e-01 5.713043212890625000e-01 7.982635498046875000e-01
6.312070118541667034e+04 2.488403320312500000e-01 5.699768066406250000e-01 7.941436767578125000e-01
6.312073097541667084e+04 2.451782226562500000e-01 5.706939697265625000e-01 7.854461669921875000e-01
6.312076076441667101e+04 2.431182861328125000e-01 5.705871582031250000e-01 7.868804931640625000e-01
6.312079055341667117e+04 2.460632324218750000e-01 5.708618164062500000e-01 7.847442626953125000e-01
6.312082034841667337e+04 2.479705810546875000e-01 5.662536621093750000e-01 7.852783203125000000e-01
6.312085013041667116e+04 2.452697753906250000e-01 5.661773681640625000e-01 7.879333496093750000e-01
6.312087992641666642e+04 2.445526123046875000e-01 5.677795410156250000e-01 7.887573242187500000e-01
6.312090971141667251e+04 2.437286376953125000e-01 5.731658935546875000e-01 7.988128662109375000e-01
6.312093952541666658e+04 2.443542480468750000e-01 5.786743164062500000e-01 8.026123046875000000e-01
6.312096930141666962e+04 2.459716796875000000e-01 5.763854980468750000e-01 8.041534423828125000e-01
6.312099909541667148e+04 2.450866699218750000e-01 5.777740478515625000e-01 7.956542968750000000e-01
6.312102888241667097e+04 2.461547851562500000e-01 5.737609863281250000e-01 7.836761474609375000e-01
6.312105869841667300e+04 2.468261718750000000e-01 5.725555419921875000e-01 7.804870605468750000e-01
6.312108848341667181e+04 2.488708496093750000e-01 5.751342773437500000e-01 7.792358398437500000e-01
6.312111826441666926e+04 2.498016357421875000e-01 5.761108398437500000e-01 7.818756103515625000e-01
6.312114805341666943e+04 2.496490478515625000e-01 5.767364501953125000e-01 7.791137695312500000e-01
6.312117784941667196e+04 2.440185546875000000e-01 5.795898437500000000e-01 7.778625488281250000e-01
6.312120765441667027e+04 2.434234619140625000e-01 5.754394531250000000e-01 7.842102050781250000e-01
6.312123750774999644e+04 2.475128173828125000e-01 5.793457031250000000e-01 7.916870117187500000e-01
6.312126729974999762e+04 2.489318847656250000e-01 5.783233642578125000e-01 7.964019775390625000e-01
6.312129708975001267e+04 2.444458007812500000e-01 5.749206542968750000e-01 7.996673583984375000e-01
6.312132688175000658e+04 2.379150390625000000e-01 5.686492919921875000e-01 8.003845214843750000e-01
6.312135667375000048e+04 2.442169189453125000e-01 5.638427734375000000e-01 7.954559326171875000e-01
6.312138648675000150e+04 2.457122802734375000e-01 5.586853027343750000e-01 7.861175537109375000e-01
6.312141625375000149e+04 2.384490966796875000e-01 5.612487792968750000e-01 7.857666015625000000e-01
6.312144604974999675e+04 2.390289306640625000e-01 5.637817382812500000e-01 7.909698486328125000e-01
6.312147584575000656e+04 2.424316406250000000e-01 5.592041015625000000e-01 7.741241455078125000e-01
6.312150563975000114e+04 2.325592041015625000e-01 5.681610107421875000e-01 7.931060791015625000e-01
6.312153542875000130e+04 2.359619140625000000e-01 5.677337646484375000e-01 7.976074218750000000e-01
6.312156528874999640e+04 2.400054931640625000e-01 5.639648437500000000e-01 8.010406494140625000e-01
6.312159507075000147e+04 2.442626953125000000e-01 5.682525634765625000e-01 8.042297363281250000e-01
6.312162487475000671e+04 2.412261962890625000e-01 5.644073486328125000e-01 7.930908203125000000e-01
6.312165466675000062e+04 2.431793212890625000e-01 5.673828125000000000e-01 7.976074218750000000e-01
6.312168445175000670e+04 2.413482666015625000e-01 5.675048828125000000e-01 7.944488525390625000e-01
6.312171423675001279e+04 2.405090332031250000e-01 5.691528320312500000e-01 7.955932617187500000e-01
6.312174404975000652e+04 2.376251220703125000e-01 5.678558349609375000e-01 7.949981689453125000e-01
6.312177383775001363e+04 2.323150634765625000e-01 5.651855468750000000e-01 7.884979248046875000e-01
6.312180362275001244e+04 2.304992675781250000e-01 5.617370605468750000e-01 7.880706787109375000e-01
6.312183342175000143e+04 2.333374023437500000e-01 5.624389648437500000e-01 7.964782714843750000e-01
6.312186321175000194e+04 2.355651855468750000e-01 5.694274902343750000e-01 7.946929931640625000e-01
6.312189300075000210e+04 2.325134277343750000e-01 5.732727050781250000e-01 7.966461181640625000e-01
6.312192279375000362e+04 2.312164306640625000e-01 5.670013427734375000e-01 7.951965332031250000e-01
6.312195257875000243e+04 2.317047119140625000e-01 5.700378417968750000e-01 7.969207763671875000e-01
6.312198236275000090e+04 2.275085449218750000e-01 5.691528320312500000e-01 8.029327392578125000e-01
6.312201216975000716e+04 2.377471923828125000e-01 5.694274902343750000e-01 7.861022949218750000e-01
6.312204196475000208e+04 2.447204589843750000e-01 5.559539794921875000e-01 7.842712402343750000e-01
6.312207174975000089e+04 2.415924072265625000e-01 5.514526367187500000e-01 7.966766357421875000e-01
6.312210153575000732e+04 2.443084716796875000e-01 5.653228759765625000e-01 8.078765869140625000e-01
6.312213132075001340e+04 2.457580566406250000e-01 5.644683837890625000e-01 8.087921142578125000e-01
6.312216113575000054e+04 2.413482666015625000e-01 5.614471435546875000e-01 8.048095703125000000e-01
6.312219092075000663e+04 2.395629882812500000e-01 5.634155273437500000e-01 8.069305419921875000e-01
6.312222070675001305e+04 2.408294677734375000e-01 5.658416748046875000e-01 8.013000488281250000e-01
6.312225050875000306e+04 2.367401123046875000e-01 5.697784423828125000e-01 8.016967773437500000e-01
6.312228030475001287e+04 2.308807373046875000e-01 5.652618408203125000e-01 8.014068603515625000e-01
6.312231007575000694e+04 2.310028076171875000e-01 5.649261474609375000e-01 7.993621826171875000e-01
6.312233986475000711e+04 2.350616455078125000e-01 5.628509521484375000e-01 8.011779785156250000e-01
6.312236965475000034e+04 2.424011230468750000e-01 5.555267333984375000e-01 8.064880371093750000e-01
6.312239944475000084e+04 2.455596923828125000e-01 5.478210449218750000e-01 8.136291503906250000e-01
6.312242925675000151e+04 2.413940429687500000e-01 5.564575195312500000e-01 8.038330078125000000e-01
6.312245901975000743e+04 2.386779785156250000e-01 5.850830078125000000e-01 7.859497070312500000e-01
6.312248882675000641e+04 2.203216552734375000e-01 5.836486816406250000e-01 7.597351074218750000e-01
6.312251860275000217e+04 2.448425292968750000e-01 5.610351562500000000e-01 7.590942382812500000e-01
6.312254839574999642e+04 2.691955566406250000e-01 5.735931396484375000e-01 7.574310302734375000e-01
6.312257819375000690e+04 2.503814697265625000e-01 5.923767089843750000e-01 7.691650390625000000e-01
6.312260797374999675e+04 2.432708740234375000e-01 6.000823974609375000e-01 7.891082763671875000e-01
6.312263778175000334e+04 2.581024169921875000e-01 5.962066650390625000e-01 8.076171875000000000e-01
6.312266756875000283e+04 2.617492675781250000e-01 5.828399658203125000e-01 8.088226318359375000e-01
6.312269735875000333e+04 2.536773681640625000e-01 5.613098144531250000e-01 7.772674560546875000e-01
6.312272714275000180e+04 2.642059326171875000e-01 5.431060791015625000e-01 7.949218750000000000e-01
6.312275693874999706e+04 2.324981689453125000e-01 5.482635498046875000e-01 7.935791015625000000e-01
6.312278671075001330e+04 2.517089843750000000e-01 5.915985107421875000e-01 7.688598632812500000e-01
6.312281652775000111e+04 2.625427246093750000e-01 6.341552734375000000e-01 8.088989257812500000e-01
6.312284630875001312e+04 2.776947021484375000e-01 6.601715087890625000e-01 8.416900634765625000e-01
6.312287610175000736e+04 2.338714599609375000e-01 6.515502929687500000e-01 8.084869384765625000e-01
6.312290588675001345e+04 1.813201904296875000e-01 6.206970214843750000e-01 7.720489501953125000e-01
6.312293568175000109e+04 2.084197998046875000e-01 5.780792236328125000e-01 8.374176025390625000e-01
6.312296545874999720e+04 1.943664550781250000e-01 6.178588867187500000e-01 7.479248046875000000e-01
6.312299524975001259e+04 1.617584228515625000e-01 5.594482421875000000e-01 7.938995361328125000e-01
6.312302504075001343e+04 1.356048583984375000e-01 5.581665039062500000e-01 8.608093261718750000e-01
6.312305483975000243e+04 9.710693359375000000e-02 6.138153076171875000e-01 7.663574218750000000e-01
6.312308462175000022e+04 8.822631835937500000e-02 5.689697265625000000e-01 6.377410888671875000e-01
6.312311441275000107e+04 1.137084960937500000e-01 5.286407470703125000e-01 7.680206298828125000e-01
6.312314420675000292e+04 2.265319824218750000e-01 4.952697753906250000e-01 8.188476562500000000e-01
6.312317399575000309e+04 2.715606689453125000e-01 5.409088134765625000e-01 9.023132324218750000e-01
6.312320378575000359e+04 2.086944580078125000e-01 5.236358642578125000e-01 8.670349121093750000e-01
6.312323357674999716e+04 1.871185302734375000e-01 5.500335693359375000e-01 8.490753173828125000e-01
6.312326337075001356e+04 2.111663818359375000e-01 5.260314941406250000e-01 8.353271484375000000e-01
6.312329316275000019e+04 2.204742431640625000e-01 5.270385742187500000e-01 8.291015625000000000e-01
6.312332295375000103e+04 2.163238525390625000e-01 5.323944091796875000e-01 8.217773437500000000e-01
6.312335274375000154e+04 2.108459472656250000e-01 5.355529785156250000e-01 8.108062744140625000e-01
6.312338254275001236e+04 2.061767578125000000e-01 5.324707031250000000e-01 7.934417724609375000e-01
6.312341232275000220e+04 1.931304931640625000e-01 5.518493652343750000e-01 8.159027099609375000e-01
6.312344211475000338e+04 2.015991210937500000e-01 5.376281738281250000e-01 8.073730468750000000e-01
6.312347190175000287e+04 2.388610839843750000e-01 5.398254394531250000e-01 7.961120605468750000e-01
6.312350168675000168e+04 1.994934082031250000e-01 4.976959228515625000e-01 8.584136962890625000e-01
6.312353147375000117e+04 1.199035644531250000e-01 5.379333496093750000e-01 7.437438964843750000e-01
6.312356125875000726e+04 1.811370849609375000e-01 4.623107910156250000e-01 1.055282592773437944e+00
6.312359104875000048e+04 2.543029785156250000e-01 5.555419921875000000e-01 9.333038330078125000e-01
6.312362083875000098e+04 2.420806884765625000e-01 5.663757324218750000e-01 9.561920166015625000e-01
6.312365062775000115e+04 2.089385986328125000e-01 5.383911132812500000e-01 8.523559570312500000e-01
6.312368041175000690e+04 2.107696533203125000e-01 5.008087158203125000e-01 7.881011962890625000e-01
6.312371020175000740e+04 1.911621093750000000e-01 5.302429199218750000e-01 8.208465576171875000e-01
6.312373999275000097e+04 2.060241699218750000e-01 5.163574218750000000e-01 8.058776855468750000e-01
6.312376977275001263e+04 2.169494628906250000e-01 5.306243896484375000e-01 8.202667236328125000e-01
6.312379957375000231e+04 2.212982177734375000e-01 5.339050292968750000e-01 8.403930664062500000e-01
6.312382936774999689e+04 2.262878417968750000e-01 5.119171142578125000e-01 8.679046630859375000e-01
6.312385915875001228e+04 1.844940185546875000e-01 4.751739501953125000e-01 8.000335693359375000e-01
6.312388895975000196e+04 2.445983886718750000e-01 5.184173583984375000e-01 8.613891601562500000e-01
6.312391872675000195e+04 2.482757568359375000e-01 5.027008056640625000e-01 8.660278320312500000e-01
6.312394853375000093e+04 2.411041259765625000e-01 5.055389404296875000e-01 8.477172851562500000e-01
6.312397833875000651e+04 2.135314941406250000e-01 5.226745605468750000e-01 8.393859863281250000e-01
6.312400811775000329e+04 2.293701171875000000e-01 4.844818115234375000e-01 7.987213134765625000e-01
6.312403789875000075e+04 2.141723632812500000e-01 4.865112304687500000e-01 7.877044677734375000e-01
6.312406770475000667e+04 2.476959228515625000e-01 5.093688964843750000e-01 8.157043457031250000e-01
6.312409749175001343e+04 2.310791015625000000e-01 5.143890380859375000e-01 8.352813720703125000e-01
6.312412728375000734e+04 2.177886962890625000e-01 4.856719970703125000e-01 8.581695556640625000e-01
6.312415706075000344e+04 2.852935791015625000e-01 4.866027832031250000e-01 8.351440429687500000e-01
6.312418686875000276e+04 3.092803955078125000e-01 5.234527587890625000e-01 8.718261718750000000e-01
6.312421665175000089e+04 2.555389404296875000e-01 5.089874267578125000e-01 8.493041992187500000e-01
6.312424645475001307e+04 2.315521240234375000e-01 4.806060791015625000e-01 7.928161621093750000e-01
6.312427623175000190e+04 2.507019042968750000e-01 4.827728271484375000e-01 8.148193359375000000e-01
6.312430603875000088e+04 3.025054931640625000e-01 3.450012207031250000e-01 8.496246337890625000e-01
6.312433583874999749e+04 3.117675781250000000e-01 5.781555175781250000e-01 8.248443603515625000e-01
6.312436561775000155e+04 3.224792480468750000e-01 5.033569335937500000e-01 8.489837646484375000e-01
6.312439541574999748e+04 3.148651123046875000e-01 4.383697509765625000e-01 8.667449951171875000e-01
6.312442521775000205e+04 3.735656738281250000e-01 5.081176757812500000e-01 8.826751708984375000e-01
6.312445500675000221e+04 2.812042236328125000e-01 4.501190185546875000e-01 8.280944824218750000e-01
6.312448481075000745e+04 2.771148681640625000e-01 4.685668945312500000e-01 8.367004394531250000e-01
6.312451459074999730e+04 2.647857666015625000e-01 4.817047119140625000e-01 8.321838378906250000e-01
6.312454438975000085e+04 2.831573486328125000e-01 4.014739990234375000e-01 7.846832275390625000e-01
6.312457417475000693e+04 3.707733154296875000e-01 4.619293212890625000e-01 8.742065429687500000e-01
6.312460396875000151e+04 3.227691650390625000e-01 4.696807861328125000e-01 8.459930419921875000e-01
6.312463374274999660e+04 2.753906250000000000e-01 4.162139892578125000e-01 8.328399658203125000e-01
6.312466353074999643e+04 3.038024902343750000e-01 4.108734130859375000e-01 8.409576416015625000e-01
6.312469334675001301e+04 2.941436767578125000e-01 4.177856445312500000e-01 8.209533691406250000e-01
6.312472313375001249e+04 3.161621093750000000e-01 4.689941406250000000e-01 8.455047607421875000e-01
6.312475291175000166e+04 3.170776367187500000e-01 5.151367187500000000e-01 9.043579101562500000e-01
6.312478270175000216e+04 2.681121826171875000e-01 4.305114746093750000e-01 8.041992187500000000e-01
6.312481249375000334e+04 3.133392333984375000e-01 4.723052978515625000e-01 8.190460205078125000e-01
6.312484228275000351e+04 3.049011230468750000e-01 4.505920410156250000e-01 8.299865722656250000e-01
6.312487207675001264e+04 3.022460937500000000e-01 4.602661132812500000e-01 8.569946289062500000e-01
6.312490186575001280e+04 2.994079589843750000e-01 4.592437744140625000e-01 8.405303955078125000e-01
6.312493167675001314e+04 3.024597167968750000e-01 4.541625976562500000e-01 8.490295410156250000e-01
6.312496144775000721e+04 2.924804687500000000e-01 4.693450927734375000e-01 8.522186279296875000e-01
6.312499124874999688e+04 2.738647460937500000e-01 4.815368652343750000e-01 8.340759277343750000e-01
6.312502104375001363e+04 2.720031738281250000e-01 4.841918945312500000e-01 8.283843994140625000e-01
6.312505082275000314e+04 2.690277099609375000e-01 4.981994628906250000e-01 8.347930908203125000e-01
6.312508062675000110e+04 2.886657714843750000e-01 4.835205078125000000e-01 8.383789062500000000e-01
6.312511042775001260e+04 2.699890136718750000e-01 4.927368164062500000e-01 8.180847167968750000e-01
6.312514020375000109e+04 2.993316650390625000e-01 4.792938232421875000e-01 8.224182128906250000e-01
6.312516999375000159e+04 2.741851806640625000e-01 4.969482421875000000e-01 8.302917480468750000e-01
6.312519978375000210e+04 2.927856445312500000e-01 4.809722900390625000e-01 8.264923095703125000e-01
6.312522957075000159e+04 2.395477294921875000e-01 5.012207031250000000e-01 8.347625732421875000e-01
6.312525938575000328e+04 2.819519042968750000e-01 4.935150146484375000e-01 8.376007080078125000e-01
6.312528916775000107e+04 2.884979248046875000e-01 4.933624267578125000e-01 8.326568603515625000e-01
6.312531896275000327e+04 2.734069824218750000e-01 4.997711181640625000e-01 8.260955810546875000e-01
6.312534875675001240e+04 2.761077880859375000e-01 4.996032714843750000e-01 8.290252685546875000e-01
6.312537854975000664e+04 2.697448730468750000e-01 5.138854980468750000e-01 8.447570800781250000e-01
6.312540834175000055e+04 2.637329101562500000e-01 4.877929687500000000e-01 8.177947998046875000e-01
6.312543812174999766e+04 2.777099609375000000e-01 5.055694580078125000e-01 8.175201416015625000e-01
6.312546792475000257e+04 2.596282958984375000e-01 5.159759521484375000e-01 8.282623291015625000e-01
6.312549771575000341e+04 2.607727050781250000e-01 5.098724365234375000e-01 8.310241699218750000e-01
6.312552750774999731e+04 2.675476074218750000e-01 5.119171142578125000e-01 8.348236083984375000e-01
6.312555730175000645e+04 2.680664062500000000e-01 5.060272216796875000e-01 8.309020996093750000e-01
6.312558709475000069e+04 2.604980468750000000e-01 5.097198486328125000e-01 8.370513916015625000e-01
6.312561688575000153e+04 2.530822753906250000e-01 5.069580078125000000e-01 8.352355957031250000e-01
6.312564669075000711e+04 2.502746582031250000e-01 5.023193359375000000e-01 8.324890136718750000e-01
6.312567647174999729e+04 2.352905273437500000e-01 4.945373535156250000e-01 8.112182617187500000e-01
6.312570626375001302e+04 2.346343994140625000e-01 5.114135742187500000e-01 8.283233642578125000e-01
6.312573605475000659e+04 2.249908447265625000e-01 5.125427246093750000e-01 8.336944580078125000e-01
6.312576584575000743e+04 2.205047607421875000e-01 5.147857666015625000e-01 8.312988281250000000e-01
6.312579563675000099e+04 2.211456298828125000e-01 5.182952880859375000e-01 8.345794677734375000e-01
6.312582541374999710e+04 2.172546386718750000e-01 5.203552246093750000e-01 8.395080566406250000e-01
6.312585522274999676e+04 2.199707031250000000e-01 5.355377197265625000e-01 8.415069580078125000e-01
6.312588501074999658e+04 2.221374511718750000e-01 5.396575927734375000e-01 8.424835205078125000e-01
6.312591481175000081e+04 2.069091796875000000e-01 5.329589843750000000e-01 8.090972900390625000e-01
6.312594460475000233e+04 1.948242187500000000e-01 5.346832275390625000e-01 7.962341308593750000e-01
6.312597439675000351e+04 2.047271728515625000e-01 5.500488281250000000e-01 8.103485107421875000e-01
6.312600418874999741e+04 2.114257812500000000e-01 5.552825927734375000e-01 8.193359375000000000e-01
6.312603398275000654e+04 2.139434814453125000e-01 5.475616455078125000e-01 8.119964599609375000e-01
6.312606377775000146e+04 2.288208007812500000e-01 5.520172119140625000e-01 8.153381347656250000e-01
6.312609357374999672e+04 2.228240966796875000e-01 5.418243408203125000e-01 8.159332275390625000e-01
6.312612336675001279e+04 2.304534912109375000e-01 5.309753417968750000e-01 8.115234375000000000e-01
6.312615315675001330e+04 2.283020019531250000e-01 5.277252197265625000e-01 8.097991943359375000e-01
6.312618295175000094e+04 2.308044433593750000e-01 5.321350097656250000e-01 8.335113525390625000e-01
6.312621274075000110e+04 2.379608154296875000e-01 5.284118652343750000e-01 8.328399658203125000e-01
6.312624264625000069e+04 2.312774658203125000e-01 5.253448486328125000e-01 8.299407958984375000e-01
6.312627243725000153e+04 2.279052734375000000e-01 5.231933593750000000e-01 8.219299316406250000e-01
6.312630222425000102e+04 2.283325195312500000e-01 5.430755615234375000e-01 8.216247558593750000e-01
6.312633201525000186e+04 2.524414062500000000e-01 5.410461425781250000e-01 8.361053466796875000e-01
6.312636179825000727e+04 2.423400878906250000e-01 5.348358154296875000e-01 8.118896484375000000e-01
6.312639160825000727e+04 2.358093261718750000e-01 5.559234619140625000e-01 8.271026611328125000e-01
6.312642139525000675e+04 2.432556152343750000e-01 5.345153808593750000e-01 8.138122558593750000e-01
6.312645118525000726e+04 2.142333984375000000e-01 5.276947021484375000e-01 7.964630126953125000e-01
6.312648096925001300e+04 2.635345458984375000e-01 4.937744140625000000e-01 8.230743408203125000e-01
6.312651076825000200e+04 2.595214843750000000e-01 5.328216552734375000e-01 8.186950683593750000e-01
6.312654056925001350e+04 2.625427246093750000e-01 5.229492187500000000e-01 8.270263671875000000e-01
6.312657035324999742e+04 2.539825439453125000e-01 5.112609863281250000e-01 8.157958984375000000e-01
6.312660014024999691e+04 2.588958740234375000e-01 5.064239501953125000e-01 8.141021728515625000e-01
6.312662992525000300e+04 2.578430175781250000e-01 5.088806152343750000e-01 8.204803466796875000e-01
6.312665971025000181e+04 2.727813720703125000e-01 4.978790283203125000e-01 8.224945068359375000e-01
6.312668951225000637e+04 2.763366699218750000e-01 5.028686523437500000e-01 8.293457031250000000e-01
6.312671930825000163e+04 2.817230224609375000e-01 4.997863769531250000e-01 8.316650390625000000e-01
6.312674911225000687e+04 2.869415283203125000e-01 4.860076904296875000e-01 8.116760253906250000e-01
6.312677888825000264e+04 3.050994873046875000e-01 5.023040771484375000e-01 8.434143066406250000e-01
6.312683445925000706e+04 3.132781982421875000e-01 5.047454833984375000e-01 8.235473632812500000e-01
6.312685833925000043e+04 2.593078613281250000e-01 4.653320312500000000e-01 7.491455078125000000e-01
6.312688213225000072e+04 2.525329589843750000e-01 4.906768798828125000e-01 8.236999511718750000e-01
6.312690599425000255e+04 2.640380859375000000e-01 5.081024169921875000e-01 8.117218017578125000e-01
6.312692985724999744e+04 3.045349121093750000e-01 5.555877685546875000e-01 8.053894042968750000e-01
6.312695365125001263e+04 2.779846191406250000e-01 5.623321533203125000e-01 8.026428222656250000e-01
6.312697751125000650e+04 2.391967773437500000e-01 5.695343017578125000e-01 8.204956054687500000e-01
6.312700130525000714e+04 2.604827880859375000e-01 5.676116943359375000e-01 8.226470947265625000e-01
6.312702516825000203e+04 2.698669433593750000e-01 5.397949218750000000e-01 7.948150634765625000e-01
6.312704903024999658e+04 2.572479248046875000e-01 5.093841552734375000e-01 7.722625732421875000e-01
6.312707282424999721e+04 2.592773437500000000e-01 4.969787597656250000e-01 7.806854248046875000e-01
6.312709668425001291e+04 2.733764648437500000e-01 5.214233398437500000e-01 8.103027343750000000e-01
6.312712047725001321e+04 2.789611816406250000e-01 5.357513427734375000e-01 8.218536376953125000e-01
6.312714432924999710e+04 2.720184326171875000e-01 5.460357666015625000e-01 8.280944824218750000e-01
6.312716820025000197e+04 2.666931152343750000e-01 5.511322021484375000e-01 8.256835937500000000e-01
6.312719199625000329e+04 2.744750976562500000e-01 5.449676513671875000e-01 8.175964355468750000e-01
6.312721585424999648e+04 2.792053222656250000e-01 5.325469970703125000e-01 8.116760253906250000e-01
6.312723965525000676e+04 2.806091308593750000e-01 5.269317626953125000e-01 8.108673095703125000e-01
6.312726350925001316e+04 2.819824218750000000e-01 5.320892333984375000e-01 8.108367919921875000e-01
6.312728737025000737e+04 2.824554443359375000e-01 5.379638671875000000e-01 8.107604980468750000e-01
6.312731116025000665e+04 2.768402099609375000e-01 5.433959960937500000e-01 8.066558837890625000e-01
6.312733502325000154e+04 2.689208984375000000e-01 5.444488525390625000e-01 7.915344238281250000e-01
6.312735881425000116e+04 2.604827880859375000e-01 5.453491210937500000e-01 7.968750000000000000e-01
6.312738267725000333e+04 2.525177001953125000e-01 5.415191650390625000e-01 7.922973632812500000e-01
6.312740653925001243e+04 2.619476318359375000e-01 5.367584228515625000e-01 7.964630126953125000e-01
6.312743033325001306e+04 2.666473388671875000e-01 5.348510742187500000e-01 8.020477294921875000e-01
6.312745419425000728e+04 2.706146240234375000e-01 5.329742431640625000e-01 8.108367919921875000e-01
6.312747798225001316e+04 2.714996337890625000e-01 5.332794189453125000e-01 8.167724609375000000e-01
6.312750184325000737e+04 2.742004394531250000e-01 5.341796875000000000e-01 8.176574707031250000e-01
6.312752572225000040e+04 2.740631103515625000e-01 5.330810546875000000e-01 8.096466064453125000e-01
6.312754950624999765e+04 2.737579345703125000e-01 5.357513427734375000e-01 8.101043701171875000e-01
6.312757335825000337e+04 2.758178710937500000e-01 5.374908447265625000e-01 8.107147216796875000e-01
6.312759714825000265e+04 2.761688232421875000e-01 5.376892089843750000e-01 8.094024658203125000e-01
6.312762101124999754e+04 2.781982421875000000e-01 5.374603271484375000e-01 8.053741455078125000e-01
6.312764487225001358e+04 2.743225097656250000e-01 5.360412597656250000e-01 8.024139404296875000e-01
6.312766865025000152e+04 2.756500244140625000e-01 5.362396240234375000e-01 8.003845214843750000e-01
6.312769251725001232e+04 2.743835449218750000e-01 5.323333740234375000e-01 7.833099365234375000e-01
6.312771630225000263e+04 2.707824707031250000e-01 5.356903076171875000e-01 8.012390136718750000e-01
6.312774017825000192e+04 2.707214355468750000e-01 5.383453369140625000e-01 8.039855957031250000e-01
6.312776403525000205e+04 2.691345214843750000e-01 5.397033691406250000e-01 8.054199218750000000e-01
6.312778783025000303e+04 2.697601318359375000e-01 5.363311767578125000e-01 8.028564453125000000e-01
6.312781167225001263e+04 2.705383300781250000e-01 5.362548828125000000e-01 8.076171875000000000e-01
6.312783547225000075e+04 2.749481201171875000e-01 5.364379882812500000e-01 8.077545166015625000e-01
6.312785933924999699e+04 2.756195068359375000e-01 5.307312011718750000e-01 8.037414550781250000e-01
6.312788319825001236e+04 2.736358642578125000e-01 5.336151123046875000e-01 8.127593994140625000e-01
6.312790700525000284e+04 2.731323242187500000e-01 5.384826660156250000e-01 8.065490722656250000e-01
6.312793087325000670e+04 2.740631103515625000e-01 5.390167236328125000e-01 8.084716796875000000e-01
6.312795464825000090e+04 2.734832763671875000e-01 5.378723144531250000e-01 8.050994873046875000e-01
6.312797850925000239e+04 2.722473144531250000e-01 5.375976562500000000e-01 8.033752441406250000e-01
6.312800237024999660e+04 2.714080810546875000e-01 5.375671386718750000e-01 8.032379150390625000e-01
6.312802617125000688e+04 2.744750976562500000e-01 5.388641357421875000e-01 8.020477294921875000e-01
6.312805001725000329e+04 2.739410400390625000e-01 5.380401611328125000e-01 8.030548095703125000e-01
6.312807381525001256e+04 2.731475830078125000e-01 5.376892089843750000e-01 8.024139404296875000e-01
6.312809767625000677e+04 2.758178710937500000e-01 5.364379882812500000e-01 8.040466308593750000e-01
6.312812153925000166e+04 2.739715576171875000e-01 5.368041992187500000e-01 8.030853271484375000e-01
6.312814532925000094e+04 2.710876464843750000e-01 5.427398681640625000e-01 8.096466064453125000e-01
6.312816919025000243e+04 2.741851806640625000e-01 5.404968261718750000e-01 8.088836669921875000e-01
6.312819298325000273e+04 2.733917236328125000e-01 5.384826660156250000e-01 8.099975585937500000e-01
6.312821684424999694e+04 2.733917236328125000e-01 5.370025634765625000e-01 8.070678710937500000e-01
6.312824070725000638e+04 2.719421386718750000e-01 5.372772216796875000e-01 8.055572509765625000e-01
6.312826450125000702e+04 2.733459472656250000e-01 5.352478027343750000e-01 8.037109375000000000e-01
6.312828836225000123e+04 2.740631103515625000e-01 5.351409912109375000e-01 7.994537353515625000e-01
6.312831215625000186e+04 2.730865478515625000e-01 5.367431640625000000e-01 8.023071289062500000e-01
6.312833601824999641e+04 2.746734619140625000e-01 5.370788574218750000e-01 8.018188476562500000e-01
6.312835987925001245e+04 2.735748291015625000e-01 5.372314453125000000e-01 8.040771484375000000e-01
6.312838367225001275e+04 2.731933593750000000e-01 5.389709472656250000e-01 8.050842285156250000e-01
6.312840753325000696e+04 2.720794677734375000e-01 5.389862060546875000e-01 8.050537109375000000e-01
6.312843132525000692e+04 2.746124267578125000e-01 5.385131835937500000e-01 8.071899414062500000e-01
6.312845518625000113e+04 2.744293212890625000e-01 5.381622314453125000e-01 8.078918457031250000e-01
6.312847904625000228e+04 2.745056152343750000e-01 5.379180908203125000e-01 8.057403564453125000e-01
6.312850283825000224e+04 2.751159667968750000e-01 5.377960205078125000e-01 8.034515380859375000e-01
6.312852669725000305e+04 2.728729248046875000e-01 5.377349853515625000e-01 7.970123291015625000e-01
6.312855048825000267e+04 2.752227783203125000e-01 5.400695800781250000e-01 7.990264892578125000e-01
6.312857434824999655e+04 2.751770019531250000e-01 5.387573242187500000e-01 7.995300292968750000e-01
6.312859820724999736e+04 2.763824462890625000e-01 5.400085449218750000e-01 8.020782470703125000e-01
6.312862199724999664e+04 2.774353027343750000e-01 5.393676757812500000e-01 8.062896728515625000e-01
6.312864585125000303e+04 2.731170654296875000e-01 5.414886474609375000e-01 8.046112060546875000e-01
6.312866964425000333e+04 2.739105224609375000e-01 5.371551513671875000e-01 8.031921386718750000e-01
6.312869350424999720e+04 2.732849121093750000e-01 5.374755859375000000e-01 8.033142089843750000e-01
6.312871737425000174e+04 2.731628417968750000e-01 5.363159179687500000e-01 8.040466308593750000e-01
6.312874115625001286e+04 2.711334228515625000e-01 5.351257324218750000e-01 8.052673339843750000e-01
6.312876502625000285e+04 2.716827392578125000e-01 5.368499755859375000e-01 7.880859375000000000e-01
6.312878880825000670e+04 2.727050781250000000e-01 5.362243652343750000e-01 8.036651611328125000e-01
6.312881267824999668e+04 2.722778320312500000e-01 5.399017333984375000e-01 8.042907714843750000e-01
6.312883653325000341e+04 2.739105224609375000e-01 5.390930175781250000e-01 8.070373535156250000e-01
6.312886032025000168e+04 2.727203369140625000e-01 5.383148193359375000e-01 8.083343505859375000e-01
6.312888418025000283e+04 2.727203369140625000e-01 5.354614257812500000e-01 8.032989501953125000e-01
6.312890797225000279e+04 2.720489501953125000e-01 5.353240966796875000e-01 8.035888671875000000e-01
6.312893183324999700e+04 2.752532958984375000e-01 5.384063720703125000e-01 8.048095703125000000e-01
6.312895569325001270e+04 2.733001708984375000e-01 5.391998291015625000e-01 8.064270019531250000e-01
6.312897948525001266e+04 2.723693847656250000e-01 5.374298095703125000e-01 8.055419921875000000e-01
6.312900333824999689e+04 2.735137939453125000e-01 5.376281738281250000e-01 8.006286621093750000e-01
6.312902713124999718e+04 2.746887207031250000e-01 5.371551513671875000e-01 8.041076660156250000e-01
6.312905099025001255e+04 2.712097167968750000e-01 5.373229980468750000e-01 8.035125732421875000e-01
6.312907485725000151e+04 2.741546630859375000e-01 5.487060546875000000e-01 8.174285888671875000e-01
6.312909864525000739e+04 2.767791748046875000e-01 5.388183593750000000e-01 8.085784912109375000e-01
6.312912250925000262e+04 2.744750976562500000e-01 5.392303466796875000e-01 8.063049316406250000e-01
6.312914630824999767e+04 2.732238769531250000e-01 5.392608642578125000e-01 8.054962158203125000e-01
6.312917016124999645e+04 2.747802734375000000e-01 5.375518798828125000e-01 8.026580810546875000e-01
6.312919402925000031e+04 2.729187011718750000e-01 5.343322753906250000e-01 8.029937744140625000e-01
6.312921781324999756e+04 2.750244140625000000e-01 5.354309082031250000e-01 8.045959472656250000e-01
6.312924168125000142e+04 2.752075195312500000e-01 5.377655029296875000e-01 8.028717041015625000e-01
6.312926548024999647e+04 2.742156982421875000e-01 5.393829345703125000e-01 8.046417236328125000e-01
6.312928933425000287e+04 2.737426757812500000e-01 5.377349853515625000e-01 8.075561523437500000e-01
6.312931319624999742e+04 2.750396728515625000e-01 5.393218994140625000e-01 8.059234619140625000e-01
6.312933698724999704e+04 2.760009765625000000e-01 5.367584228515625000e-01 8.044586181640625000e-01
6.312936084825001308e+04 2.768402099609375000e-01 5.424041748046875000e-01 8.021240234375000000e-01
6.312938463825001236e+04 2.736816406250000000e-01 5.397796630859375000e-01 8.010406494140625000e-01
6.312940849925000657e+04 2.759704589843750000e-01 5.389556884765625000e-01 8.009185791015625000e-01
6.312943235925000045e+04 2.767791748046875000e-01 5.371704101562500000e-01 8.005523681640625000e-01
6.312945614825000666e+04 2.760314941406250000e-01 5.406646728515625000e-01 8.029022216796875000e-01
6.312948000825000054e+04 2.747192382812500000e-01 5.396728515625000000e-01 8.016815185546875000e-01
6.312950380025000049e+04 2.747802734375000000e-01 5.426025390625000000e-01 7.893829345703125000e-01
6.312952766025000165e+04 2.777252197265625000e-01 5.405120849609375000e-01 7.999725341796875000e-01
6.312955152125000313e+04 2.735290527343750000e-01 5.406951904296875000e-01 8.046722412109375000e-01
6.312957530925000174e+04 2.740936279296875000e-01 5.404205322265625000e-01 8.018341064453125000e-01
6.312959916925000289e+04 2.770233154296875000e-01 5.393371582031250000e-01 8.006439208984375000e-01
6.312962295825000183e+04 2.768402099609375000e-01 5.410156250000000000e-01 8.046112060546875000e-01
6.312964682425001229e+04 2.781677246093750000e-01 5.442657470703125000e-01 8.048095703125000000e-01
6.312967068024999753e+04 2.784118652343750000e-01 5.436096191406250000e-01 8.040313720703125000e-01
6.312969447124999715e+04 2.789916992187500000e-01 5.449981689453125000e-01 7.990112304687500000e-01
6.312971832924999762e+04 2.739257812500000000e-01 5.429534912109375000e-01 7.950744628906250000e-01
6.312974211824999657e+04 2.774658203125000000e-01 5.404510498046875000e-01 7.952423095703125000e-01
