3.379703370092916884e+05 1.481628417968750000e-02 -4.119873046875000000e-04 9.995422363281250000e-01
3.379703707082917099e+05 1.454162597656250000e-02 8.087158203125000000e-04 9.985656738281250000e-01
3.379704003762917127e+05 1.576232910156250000e-02 2.288818359375000000e-04 9.976196289062500000e-01
3.379704300862916862e+05 1.730346679687500000e-02 -8.544921875000000000e-04 9.996337890625000000e-01
3.379704597852916922e+05 1.647949218750000000e-02 -2.014160156250000000e-03 9.990081787109375000e-01
3.379704894772917032e+05 1.600646972656250000e-02 1.525878906250000000e-04 9.970550537109375000e-01
3.379705191582916887e+05 1.583862304687500000e-02 5.035400390625000000e-04 9.975280761718750000e-01
3.379705488602917176e+05 1.611328125000000000e-02 2.899169921875000000e-04 9.996337890625000000e-01
3.379705785742917215e+05 1.502990722656250000e-02 -8.544921875000000000e-04 9.956359863281250000e-01
3.379706082532916917e+05 1.362609863281250000e-02 -7.019042968750000000e-04 9.977722167968750000e-01
3.379706379682917031e+05 1.568603515625000000e-02 7.629394531250000000e-05 9.981231689453125000e-01
3.379706676402916783e+05 1.679992675781250000e-02 7.476806640625000000e-04 9.979248046875000000e-01
3.379706973332916969e+05 1.509094238281250000e-02 1.861572265625000000e-03 9.983520507812500000e-01
3.379707270272917231e+05 1.571655273437500000e-02 -7.171630859375000000e-04 9.988861083984375000e-01
3.379707567232917063e+05 1.443481445312500000e-02 -3.051757812500000000e-05 9.998168945312500000e-01
3.379707864222917124e+05 1.779174804687500000e-02 1.312255859375000000e-03 9.991149902343750000e-01
3.379708161392916809e+05 1.477050781250000000e-02 -3.967285156250000000e-04 9.992828369140625000e-01
3.379708458152916864e+05 1.687622070312500000e-02 -6.408691406250000000e-04 9.986114501953125000e-01
3.379708755222916952e+05 1.383972167968750000e-02 1.373291015625000000e-04 9.984130859375000000e-01
3.379709052182916785e+05 1.539611816406250000e-02 1.770019531250000000e-03 1.000411987304687944e+00
3.379709349182916922e+05 1.573181152343750000e-02 8.850097656250000000e-04 9.987030029296875000e-01
3.379709646192917135e+05 1.509094238281250000e-02 6.408691406250000000e-04 9.978942871093750000e-01
3.379709943272916717e+05 1.658630371093750000e-02 -1.525878906250000000e-04 1.000106811523437944e+00
3.379710240192916826e+05 1.464843750000000000e-02 1.541137695312500000e-03 1.001022338867187944e+00
3.379710537182916887e+05 1.498413085937500000e-02 1.754760742187500000e-03 9.992980957031250000e-01
3.379710834172916948e+05 1.687622070312500000e-02 -2.593994140625000000e-04 9.980621337890625000e-01
3.379711131152916932e+05 1.553344726562500000e-02 -4.577636718750000000e-05 9.984130859375000000e-01
3.379711428152917069e+05 1.792907714843750000e-02 -5.340576171875000000e-04 9.996032714843750000e-01
3.379711725142917130e+05 1.512145996093750000e-02 -5.340576171875000000e-04 9.993286132812500000e-01
3.379712022132917191e+05 1.541137695312500000e-02 -1.296997070312500000e-03 9.996337890625000000e-01
3.379712319102917099e+05 1.683044433593750000e-02 -5.493164062500000000e-04 9.985656738281250000e-01
3.379712616082917084e+05 1.475524902343750000e-02 -4.577636718750000000e-04 9.991912841796875000e-01
3.379712913072917145e+05 1.473999023437500000e-02 -1.617431640625000000e-03 9.987640380859375000e-01
3.379713210092916852e+05 1.449584960937500000e-02 -9.765625000000000000e-04 9.995727539062500000e-01
3.379713507212916738e+05 1.544189453125000000e-02 4.119873046875000000e-04 9.991912841796875000e-01
3.379713804082917050e+05 1.606750488281250000e-02 -9.155273437500000000e-05 9.998779296875000000e-01
3.379714101162917214e+05 1.495361328125000000e-02 3.967285156250000000e-04 9.990539550781250000e-01
3.379714398202917073e+05 1.541137695312500000e-02 -2.349853515625000000e-03 9.992980957031250000e-01
3.379714695262917085e+05 1.702880859375000000e-02 -1.083374023437500000e-03 9.973144531250000000e-01
3.379714992312917020e+05 1.435852050781250000e-02 -1.831054687500000000e-04 9.989318847656250000e-01
3.379715289392917184e+05 1.509094238281250000e-02 9.918212890625000000e-04 9.966583251953125000e-01
3.379715586332916864e+05 1.585388183593750000e-02 1.022338867187500000e-03 9.983520507812500000e-01
3.379715883362917230e+05 1.536560058593750000e-02 -9.155273437500000000e-04 9.989166259765625000e-01
3.379716180342917214e+05 1.684570312500000000e-02 -5.950927734375000000e-04 9.977264404296875000e-01
3.379716477352916845e+05 1.728820800781250000e-02 1.205444335937500000e-03 9.998626708984375000e-01
3.379716774332916830e+05 1.567077636718750000e-02 1.312255859375000000e-03 9.994659423828125000e-01
3.379717071422917070e+05 1.455688476562500000e-02 -2.593994140625000000e-04 1.000000000000000000e+00
3.379717368362916750e+05 1.539611816406250000e-02 -5.950927734375000000e-04 9.988250732421875000e-01
3.379717665402917191e+05 1.664733886718750000e-02 -2.288818359375000000e-04 9.998168945312500000e-01
3.379717962492916849e+05 1.551818847656250000e-02 1.159667968750000000e-03 9.997558593750000000e-01
3.379718259342917008e+05 1.441955566406250000e-02 -1.068115234375000000e-04 1.000427246093750000e+00
3.379718556522916770e+05 1.536560058593750000e-02 8.087158203125000000e-04 9.994354248046875000e-01
3.379718853592916857e+05 1.473999023437500000e-02 -2.593994140625000000e-04 9.988555908203125000e-01
3.379719150452917092e+05 1.448059082031250000e-02 1.113891601562500000e-03 1.000366210937500000e+00
3.379719447552916827e+05 1.643371582031250000e-02 -6.866455078125000000e-04 1.000000000000000000e+00
3.379719744452916784e+05 1.632690429687500000e-02 6.866455078125000000e-04 9.998779296875000000e-01
3.379720041562917177e+05 1.609802246093750000e-02 -1.525878906250000000e-05 1.000473022460937944e+00
3.379720338532917085e+05 1.672363281250000000e-02 7.781982421875000000e-04 9.998321533203125000e-01
3.379720635402916814e+05 1.332092285156250000e-02 -4.272460937500000000e-04 9.989013671875000000e-01
3.379720932542916853e+05 1.551818847656250000e-02 -6.866455078125000000e-04 1.000579833984375000e+00
3.379721229622917017e+05 1.573181152343750000e-02 2.746582031250000000e-04 9.990234375000000000e-01
3.379721526562917279e+05 1.765441894531250000e-02 -1.373291015625000000e-04 9.998168945312500000e-01
3.379721823602917138e+05 1.643371582031250000e-02 9.002685546875000000e-04 1.000610351562500000e+00
3.379722120432917145e+05 1.524353027343750000e-02 -1.525878906250000000e-05 9.988250732421875000e-01
3.379722417672916781e+05 1.617431640625000000e-02 -8.087158203125000000e-04 1.000167846679687944e+00
3.379722714492916712e+05 1.647949218750000000e-02 1.617431640625000000e-03 9.987945556640625000e-01
3.379723011422916898e+05 1.510620117187500000e-02 -1.678466796875000000e-04 9.988250732421875000e-01
3.379723308632916887e+05 1.647949218750000000e-02 5.645751953125000000e-04 9.985656738281250000e-01
3.379723605682916823e+05 1.545715332031250000e-02 8.087158203125000000e-04 9.987030029296875000e-01
3.379723902532916982e+05 1.547241210937500000e-02 2.136230468750000000e-03 9.986267089843750000e-01
3.379724199762917124e+05 1.454162597656250000e-02 1.281738281250000000e-03 9.984283447265625000e-01
3.379724496652917005e+05 1.583862304687500000e-02 -1.220703125000000000e-03 9.998626708984375000e-01
3.379724793642917066e+05 1.576232910156250000e-02 6.561279296875000000e-04 9.991455078125000000e-01
3.379725090682916925e+05 1.643371582031250000e-02 -9.460449218750000000e-04 9.987792968750000000e-01
3.379725387732916861e+05 1.513671875000000000e-02 2.487182617187500000e-03 9.983825683593750000e-01
3.379725684772916720e+05 1.409912109375000000e-02 -3.356933593750000000e-04 9.981536865234375000e-01
3.379725981972917216e+05 1.429748535156250000e-02 -3.051757812500000000e-04 1.000854492187500000e+00
3.379726278812916717e+05 1.490783691406250000e-02 1.159667968750000000e-03 9.981689453125000000e-01
3.379726575862917234e+05 1.527404785156250000e-02 5.645751953125000000e-04 1.000732421875000000e+00
3.379726872872916865e+05 1.490783691406250000e-02 -3.051757812500000000e-05 9.995727539062500000e-01
3.379727169882917078e+05 1.657104492187500000e-02 1.052856445312500000e-03 9.993438720703125000e-01
3.379727466802917188e+05 1.440429687500000000e-02 6.256103515625000000e-04 9.977416992187500000e-01
3.379727763992917025e+05 1.531982421875000000e-02 -4.425048828125000000e-04 1.000900268554687944e+00
3.379728060932917288e+05 1.356506347656250000e-02 9.155273437500000000e-05 1.000259399414062056e+00
3.379728357902917196e+05 1.350402832031250000e-02 -9.002685546875000000e-04 9.984741210937500000e-01
3.379728654852916952e+05 1.673889160156250000e-02 1.052856445312500000e-03 9.981689453125000000e-01
3.379728952072917018e+05 1.536560058593750000e-02 6.256103515625000000e-04 1.002166748046875000e+00
3.379729249082917231e+05 1.672363281250000000e-02 1.373291015625000000e-04 1.001296997070312056e+00
3.379729546162916813e+05 1.655578613281250000e-02 1.525878906250000000e-04 9.990234375000000000e-01
3.379729843132916722e+05 1.559448242187500000e-02 1.449584960937500000e-03 9.987335205078125000e-01
3.379730140142916935e+05 1.397705078125000000e-02 -1.541137695312500000e-03 9.987487792968750000e-01
3.379730437172916718e+05 1.670837402343750000e-02 -8.850097656250000000e-04 1.000396728515625000e+00
3.379730734172916855e+05 1.606750488281250000e-02 9.155273437500000000e-04 1.000839233398437944e+00
3.379731031212916714e+05 1.676940917968750000e-02 -5.340576171875000000e-04 9.991455078125000000e-01
3.379731328212916851e+05 1.432800292968750000e-02 -3.051757812500000000e-05 1.000473022460937944e+00
3.379731625242917216e+05 1.693725585937500000e-02 6.103515625000000000e-05 1.001327514648437944e+00
3.379731922372917179e+05 1.405334472656250000e-02 -2.746582031250000000e-04 9.998474121093750000e-01
3.379732219182917033e+05 1.599121093750000000e-02 -1.571655273437500000e-03 1.001235961914062056e+00
3.379732516292916844e+05 1.438903808593750000e-02 1.678466796875000000e-04 1.000091552734375000e+00
3.379732813322917209e+05 1.510620117187500000e-02 -2.593994140625000000e-04 9.980163574218750000e-01
3.379733110362917068e+05 1.535034179687500000e-02 1.266479492187500000e-03 9.983978271484375000e-01
3.379733407382916776e+05 1.452636718750000000e-02 5.187988281250000000e-04 9.987792968750000000e-01
3.379733704402917065e+05 1.638793945312500000e-02 3.662109375000000000e-04 9.989318847656250000e-01
3.379734001442916924e+05 1.622009277343750000e-02 5.035400390625000000e-04 9.985046386718750000e-01
3.379734298492916860e+05 1.440429687500000000e-02 3.204345703125000000e-04 9.972076416015625000e-01
3.379734595522917225e+05 1.693725585937500000e-02 -1.525878906250000000e-05 9.996032714843750000e-01
3.379734892602916807e+05 1.515197753906250000e-02 -7.019042968750000000e-04 1.000305175781250000e+00
3.379735189512916841e+05 1.635742187500000000e-02 -1.922607421875000000e-03 9.986267089843750000e-01
3.379735486522917054e+05 1.327514648437500000e-02 -1.678466796875000000e-03 9.996185302734375000e-01
3.379735783562916913e+05 1.521301269531250000e-02 -9.918212890625000000e-04 9.988403320312500000e-01
3.379736081477500265e+05 1.457214355468750000e-02 3.051757812500000000e-05 9.980468750000000000e-01
3.379736378507500049e+05 1.432800292968750000e-02 1.083374023437500000e-03 9.992980957031250000e-01
3.379736675627499935e+05 1.556396484375000000e-02 -3.967285156250000000e-04 9.993133544921875000e-01
3.379736972687499947e+05 1.594543457031250000e-02 6.866455078125000000e-04 1.000015258789062056e+00
3.379737269607500057e+05 1.411437988281250000e-02 -5.798339843750000000e-04 1.000183105468750000e+00
3.379737566557499813e+05 1.522827148437500000e-02 -7.171630859375000000e-04 9.999542236328125000e-01
3.379737863697499852e+05 1.463317871093750000e-02 9.613037109375000000e-04 9.980926513671875000e-01
3.379738160737499711e+05 1.730346679687500000e-02 -1.388549804687500000e-03 1.000595092773437944e+00
3.379738457647499745e+05 1.605224609375000000e-02 5.035400390625000000e-04 1.000411987304687944e+00
3.379738754447500105e+05 1.445007324218750000e-02 1.190185546875000000e-03 9.996490478515625000e-01
3.379739051677500247e+05 1.715087890625000000e-02 8.087158203125000000e-04 9.988708496093750000e-01
3.379739348617499927e+05 1.597595214843750000e-02 2.136230468750000000e-04 9.996948242187500000e-01
3.379739645557500189e+05 1.458740234375000000e-02 -1.174926757812500000e-03 9.993286132812500000e-01
3.379739942797499825e+05 1.435852050781250000e-02 2.029418945312500000e-03 1.000946044921875000e+00
3.379740239737500087e+05 1.608276367187500000e-02 4.425048828125000000e-04 9.982299804687500000e-01
3.379740536667500273e+05 1.560974121093750000e-02 1.052856445312500000e-03 9.997863769531250000e-01
3.379740833847500035e+05 1.536560058593750000e-02 9.307861328125000000e-04 9.996643066406250000e-01
3.379741130617500166e+05 1.631164550781250000e-02 -4.119873046875000000e-04 9.992065429687500000e-01
3.379741427597500151e+05 1.547241210937500000e-02 -1.449584960937500000e-03 9.991760253906250000e-01
3.379741724677499733e+05 1.353454589843750000e-02 -1.449584960937500000e-03 9.991455078125000000e-01
3.379742021657499718e+05 1.451110839843750000e-02 3.509521484375000000e-04 9.982604980468750000e-01
3.379742318807499832e+05 1.780700683593750000e-02 1.144409179687500000e-03 9.972991943359375000e-01
3.379742615807499969e+05 1.696777343750000000e-02 2.975463867187500000e-03 9.986877441406250000e-01
3.379742912857499905e+05 1.585388183593750000e-02 -1.693725585937500000e-03 9.978027343750000000e-01
3.379743209877500194e+05 1.564025878906250000e-02 -7.019042968750000000e-04 9.983215332031250000e-01
3.379743506887499825e+05 1.541137695312500000e-02 -6.866455078125000000e-04 9.982910156250000000e-01
3.379743803867499810e+05 1.718139648437500000e-02 -3.967285156250000000e-04 1.000732421875000000e+00
3.379744101007499848e+05 1.556396484375000000e-02 1.983642578125000000e-04 9.989776611328125000e-01
3.379744398037500214e+05 1.512145996093750000e-02 1.159667968750000000e-03 9.998321533203125000e-01
3.379744695067499997e+05 1.419067382812500000e-02 2.090454101562500000e-03 9.979095458984375000e-01
3.379744992077500210e+05 1.695251464843750000e-02 2.105712890625000000e-03 9.982910156250000000e-01
3.379745289127500146e+05 1.593017578125000000e-02 4.730224609375000000e-04 9.982299804687500000e-01
3.379745586217499804e+05 1.672363281250000000e-02 7.019042968750000000e-04 9.972229003906250000e-01
3.379745883137499914e+05 1.747131347656250000e-02 1.281738281250000000e-03 9.994812011718750000e-01
3.379746180197499925e+05 1.562500000000000000e-02 -5.340576171875000000e-04 9.979400634765625000e-01
3.379746477227500291e+05 1.576232910156250000e-02 -1.541137695312500000e-03 9.998474121093750000e-01
3.379746774277500226e+05 1.686096191406250000e-02 1.693725585937500000e-03 9.984893798828125000e-01
3.379747071297499933e+05 1.506042480468750000e-02 -5.187988281250000000e-04 9.991149902343750000e-01
3.379747368307500146e+05 1.428222656250000000e-02 -3.967285156250000000e-04 9.994506835937500000e-01
3.379747665347500006e+05 1.678466796875000000e-02 -6.103515625000000000e-04 9.992675781250000000e-01
3.379747962567500072e+05 1.560974121093750000e-02 -2.380371093750000000e-03 9.999389648437500000e-01
3.379748259377499926e+05 1.535034179687500000e-02 3.509521484375000000e-04 1.001434326171875000e+00
3.379748556527500041e+05 1.332092285156250000e-02 1.037597656250000000e-03 1.000503540039062056e+00
3.379748853407499846e+05 1.496887207031250000e-02 -5.798339843750000000e-04 9.998626708984375000e-01
3.379749150557499961e+05 1.486206054687500000e-02 -1.220703125000000000e-04 9.979553222656250000e-01
3.379749447497500223e+05 1.689147949218750000e-02 -7.476806640625000000e-04 9.990997314453125000e-01
3.379749744577499805e+05 1.522827148437500000e-02 -6.713867187500000000e-04 1.000091552734375000e+00
3.379750041597500094e+05 1.539611816406250000e-02 7.171630859375000000e-04 9.991455078125000000e-01
3.379750338607499725e+05 1.582336425781250000e-02 -8.697509765625000000e-04 9.983520507812500000e-01
3.379750635547499987e+05 1.521301269531250000e-02 -1.983642578125000000e-04 9.976348876953125000e-01
3.379750932787500205e+05 1.449584960937500000e-02 -2.746582031250000000e-04 9.990692138671875000e-01
3.379751229597500060e+05 1.570129394531250000e-02 -1.144409179687500000e-03 9.985046386718750000e-01
3.379751526717499946e+05 1.515197753906250000e-02 -1.983642578125000000e-04 9.988555908203125000e-01
3.379751823607499828e+05 1.651000976562500000e-02 -1.007080078125000000e-03 1.000213623046875000e+00
3.379752120837499970e+05 1.559448242187500000e-02 6.408691406250000000e-04 1.000061035156250000e+00
3.379752417777500232e+05 1.618957519531250000e-02 7.019042968750000000e-04 9.993743896484375000e-01
3.379752714797499939e+05 1.609802246093750000e-02 3.356933593750000000e-04 9.982604980468750000e-01
3.379753011947500054e+05 1.435852050781250000e-02 -1.525878906250000000e-05 9.980010986328125000e-01
3.379753309067499940e+05 1.550292968750000000e-02 -7.629394531250000000e-04 9.987030029296875000e-01
3.379753606127499952e+05 1.507568359375000000e-02 -9.155273437500000000e-05 9.998474121093750000e-01
3.379753903067500214e+05 1.478576660156250000e-02 -1.831054687500000000e-04 9.998931884765625000e-01
3.379754200227499823e+05 1.577758789062500000e-02 -2.029418945312500000e-03 9.999084472656250000e-01
3.379754497237500036e+05 1.586914062500000000e-02 -4.577636718750000000e-05 9.975128173828125000e-01
3.379754794417499797e+05 1.737976074218750000e-02 1.068115234375000000e-04 9.975891113281250000e-01
3.379755091407499858e+05 1.481628417968750000e-02 -6.866455078125000000e-04 9.983673095703125000e-01
3.379755388627499924e+05 1.478576660156250000e-02 -5.798339843750000000e-04 9.994354248046875000e-01
3.379755685597499833e+05 1.686096191406250000e-02 1.586914062500000000e-03 9.988098144531250000e-01
3.379755982527500018e+05 1.518249511718750000e-02 -2.136230468750000000e-04 1.000488281250000000e+00
3.379756279467500281e+05 1.445007324218750000e-02 3.051757812500000000e-04 1.001525878906250000e+00
3.379756576707499917e+05 1.724243164062500000e-02 3.005981445312500000e-03 9.998016357421875000e-01
3.379756873817499727e+05 1.618957519531250000e-02 6.103515625000000000e-04 9.985198974609375000e-01
3.379757170617500087e+05 1.573181152343750000e-02 1.220703125000000000e-03 9.992523193359375000e-01
3.379757467627499718e+05 1.506042480468750000e-02 -1.205444335937500000e-03 9.978179931640625000e-01
3.379757764657500084e+05 1.438903808593750000e-02 -9.155273437500000000e-05 1.000900268554687944e+00
3.379758061947500100e+05 1.606750488281250000e-02 -2.593994140625000000e-04 9.996032714843750000e-01
3.379758358717500232e+05 1.573181152343750000e-02 1.266479492187500000e-03 9.974822998046875000e-01
3.379758655887499917e+05 1.679992675781250000e-02 -2.746582031250000000e-04 9.978027343750000000e-01
3.379758952907500206e+05 1.460266113281250000e-02 -1.831054687500000000e-04 1.001159667968750000e+00
3.379759249937499990e+05 1.377868652343750000e-02 3.356933593750000000e-04 9.975280761718750000e-01
3.379759546987499925e+05 1.658630371093750000e-02 1.235961914062500000e-03 1.000152587890625000e+00
3.379759844097499736e+05 1.506042480468750000e-02 1.220703125000000000e-03 9.977874755859375000e-01
3.379760141047500074e+05 1.611328125000000000e-02 8.697509765625000000e-04 1.000274658203125000e+00
3.379760438097500009e+05 1.431274414062500000e-02 1.266479492187500000e-03 9.991912841796875000e-01
3.379760735167500097e+05 1.513671875000000000e-02 1.678466796875000000e-04 9.996185302734375000e-01
3.379761032217500033e+05 1.571655273437500000e-02 4.058837890625000000e-03 1.000549316406250000e+00
3.379761329287500121e+05 1.501464843750000000e-02 -3.814697265625000000e-04 9.998779296875000000e-01
3.379761626327499980e+05 1.622009277343750000e-02 3.356933593750000000e-04 9.998931884765625000e-01
3.379761923377499916e+05 1.502990722656250000e-02 4.272460937500000000e-04 9.982452392578125000e-01
3.379762220427499851e+05 1.536560058593750000e-02 4.577636718750000000e-04 9.992980957031250000e-01
3.379762517507500015e+05 1.425170898437500000e-02 5.950927734375000000e-04 9.993133544921875000e-01
3.379762814557499951e+05 1.637268066406250000e-02 1.007080078125000000e-03 1.000808715820312056e+00
3.379763111577500240e+05 1.739501953125000000e-02 -8.544921875000000000e-04 9.985656738281250000e-01
3.379763408597499947e+05 1.551818847656250000e-02 1.174926757812500000e-03 9.985961914062500000e-01
3.379763705667500035e+05 1.640319824218750000e-02 8.392333984375000000e-04 9.988555908203125000e-01
3.379764002737500123e+05 1.431274414062500000e-02 2.822875976562500000e-03 9.980926513671875000e-01
3.379764299747499754e+05 1.509094238281250000e-02 -2.441406250000000000e-04 1.000534057617187944e+00
3.379764596807499765e+05 1.564025878906250000e-02 9.765625000000000000e-04 9.991912841796875000e-01
3.379764893967499956e+05 1.562500000000000000e-02 1.541137695312500000e-03 9.999847412109375000e-01
3.379765190897500142e+05 1.457214355468750000e-02 2.288818359375000000e-04 9.999389648437500000e-01
3.379765487897500279e+05 1.623535156250000000e-02 2.166748046875000000e-03 1.001434326171875000e+00
3.379765784937500139e+05 1.490783691406250000e-02 -6.408691406250000000e-04 1.000152587890625000e+00
3.379766081947499770e+05 1.490783691406250000e-02 1.083374023437500000e-03 9.988098144531250000e-01
3.379766379157499759e+05 1.458740234375000000e-02 -6.103515625000000000e-05 9.991912841796875000e-01
3.379766676197500201e+05 1.585388183593750000e-02 5.340576171875000000e-04 1.000762939453125000e+00
3.379766973307500011e+05 1.330566406250000000e-02 1.556396484375000000e-03 1.000045776367187944e+00
3.379767270067500067e+05 1.553344726562500000e-02 -1.724243164062500000e-03 1.001327514648437944e+00
3.379767567107499926e+05 1.512145996093750000e-02 -1.571655273437500000e-03 9.992675781250000000e-01
3.379767864237499889e+05 1.539611816406250000e-02 -1.892089843750000000e-03 1.000732421875000000e+00
3.379768161107500200e+05 1.580810546875000000e-02 3.204345703125000000e-04 9.983825683593750000e-01
3.379768458357499912e+05 1.548767089843750000e-02 1.968383789062500000e-03 9.984283447265625000e-01
3.379768755357500049e+05 1.481628417968750000e-02 1.449584960937500000e-03 9.991912841796875000e-01
3.379769052397499909e+05 1.669311523437500000e-02 -4.425048828125000000e-04 9.974517822265625000e-01
3.379769349447499844e+05 1.545715332031250000e-02 -1.205444335937500000e-03 9.995727539062500000e-01
3.379769646527500008e+05 1.655578613281250000e-02 1.525878906250000000e-03 9.990539550781250000e-01
3.379769943547499715e+05 1.361083984375000000e-02 -3.356933593750000000e-04 9.972229003906250000e-01
3.379770240527500282e+05 1.461791992187500000e-02 -1.373291015625000000e-03 9.988555908203125000e-01
3.379770537787500070e+05 1.640319824218750000e-02 -1.083374023437500000e-03 1.000442504882812056e+00
3.379770834767500055e+05 1.623535156250000000e-02 -6.103515625000000000e-05 9.993438720703125000e-01
3.379771131687500165e+05 1.568603515625000000e-02 -1.968383789062500000e-03 9.995117187500000000e-01
3.379771428767499747e+05 1.557922363281250000e-02 -5.187988281250000000e-04 9.976654052734375000e-01
3.379771725927499938e+05 1.579284667968750000e-02 -5.645751953125000000e-04 9.993286132812500000e-01
3.379772022877500276e+05 1.596069335937500000e-02 1.815795898437500000e-03 9.999847412109375000e-01
3.379772319807499880e+05 1.472473144531250000e-02 -2.914428710937500000e-03 1.000122070312500000e+00
3.379772617057500174e+05 1.693725585937500000e-02 -3.356933593750000000e-04 9.996337890625000000e-01
3.379772914117500186e+05 1.449584960937500000e-02 2.593994140625000000e-04 9.990081787109375000e-01
3.379773210877500242e+05 1.454162597656250000e-02 -1.068115234375000000e-03 9.995117187500000000e-01
3.379773507857500226e+05 1.391601562500000000e-02 -7.171630859375000000e-04 1.001693725585937944e+00
3.379773805167499813e+05 1.637268066406250000e-02 8.087158203125000000e-04 1.000427246093750000e+00
3.379774101967500173e+05 1.637268066406250000e-02 1.052856445312500000e-03 1.000579833984375000e+00
3.379774399007500033e+05 1.651000976562500000e-02 -1.327514648437500000e-03 1.000228881835937944e+00
3.379774696157500148e+05 1.509094238281250000e-02 -6.256103515625000000e-04 9.988861083984375000e-01
3.379774993217500160e+05 1.536560058593750000e-02 -1.434326171875000000e-03 1.001617431640625000e+00
3.379775290237499867e+05 1.631164550781250000e-02 7.476806640625000000e-04 9.987945556640625000e-01
3.379775587327500107e+05 1.684570312500000000e-02 -2.441406250000000000e-04 9.978179931640625000e-01
3.379775884317500168e+05 1.504516601562500000e-02 -7.629394531250000000e-05 9.976348876953125000e-01
3.379776181357500027e+05 1.608276367187500000e-02 -2.136230468750000000e-04 9.998016357421875000e-01
3.379776478427500115e+05 1.417541503906250000e-02 -1.373291015625000000e-04 1.000183105468750000e+00
3.379776775457499898e+05 1.463317871093750000e-02 -9.002685546875000000e-04 1.000030517578125000e+00
3.379777072487500263e+05 1.528930664062500000e-02 5.187988281250000000e-04 9.991607666015625000e-01
3.379777369507499970e+05 1.562500000000000000e-02 -1.373291015625000000e-03 9.995422363281250000e-01
3.379777666517500184e+05 1.431274414062500000e-02 -1.525878906250000000e-05 1.000335693359375000e+00
3.379777963497500168e+05 1.599121093750000000e-02 -1.831054687500000000e-04 9.996337890625000000e-01
3.379778260487500229e+05 1.649475097656250000e-02 5.645751953125000000e-04 9.985961914062500000e-01
3.379778557477500290e+05 1.553344726562500000e-02 -6.713867187500000000e-04 9.979095458984375000e-01
3.379778854477499845e+05 1.545715332031250000e-02 -8.850097656250000000e-04 1.000442504882812056e+00
3.379779151487500058e+05 1.445007324218750000e-02 -1.754760742187500000e-03 9.998626708984375000e-01
3.379779448477500118e+05 1.582336425781250000e-02 -2.227783203125000000e-03 9.992980957031250000e-01
3.379779745227500098e+05 1.385498046875000000e-02 9.460449218750000000e-04 9.989318847656250000e-01
3.379780042437500088e+05 1.448059082031250000e-02 2.258300781250000000e-03 9.998779296875000000e-01
3.379780339437500224e+05 1.542663574218750000e-02 1.052856445312500000e-03 1.001022338867187944e+00
3.379780636437499779e+05 1.484680175781250000e-02 1.129150390625000000e-03 9.989776611328125000e-01
3.379780933407500270e+05 1.399230957031250000e-02 3.051757812500000000e-04 9.995880126953125000e-01
3.379781230397499749e+05 1.475524902343750000e-02 -1.068115234375000000e-04 9.994201660156250000e-01
3.379781527417500038e+05 1.423645019531250000e-02 -3.662109375000000000e-04 1.000305175781250000e+00
3.379781824407500098e+05 1.571655273437500000e-02 -7.934570312500000000e-04 9.998474121093750000e-01
3.379782121367499931e+05 1.609802246093750000e-02 -9.613037109375000000e-04 9.989929199218750000e-01
3.379782418367500068e+05 1.614379882812500000e-02 -3.662109375000000000e-04 9.993896484375000000e-01
3.379782715327499900e+05 1.440429687500000000e-02 3.204345703125000000e-04 9.995422363281250000e-01
3.379783012357500265e+05 1.541137695312500000e-02 3.356933593750000000e-04 9.983215332031250000e-01
3.379783309357499820e+05 1.568603515625000000e-02 2.746582031250000000e-04 9.978485107421875000e-01
3.379783606377500109e+05 1.609802246093750000e-02 -1.174926757812500000e-03 9.994049072265625000e-01
3.379783903407499893e+05 1.408386230468750000e-02 1.525878906250000000e-03 1.001052856445312056e+00
3.379784200417500106e+05 1.496887207031250000e-02 1.296997070312500000e-03 1.001815795898437944e+00
3.379784497437499813e+05 1.446533203125000000e-02 1.174926757812500000e-03 9.988861083984375000e-01
3.379784794457500102e+05 1.591491699218750000e-02 -1.831054687500000000e-04 9.990234375000000000e-01
3.379785091497499961e+05 1.490783691406250000e-02 -8.239746093750000000e-04 1.000656127929687944e+00
3.379785388657500152e+05 1.441955566406250000e-02 2.395629882812500000e-03 9.995117187500000000e-01
3.379785685627500061e+05 1.585388183593750000e-02 -9.918212890625000000e-04 9.993286132812500000e-01
3.379785982527500018e+05 1.504516601562500000e-02 -1.068115234375000000e-03 9.990692138671875000e-01
3.379786280297500198e+05 1.570129394531250000e-02 1.373291015625000000e-04 9.983825683593750000e-01
3.379786577337500057e+05 1.742553710937500000e-02 -1.144409179687500000e-03 9.994201660156250000e-01
3.379786874397500069e+05 1.448059082031250000e-02 1.052856445312500000e-03 9.991607666015625000e-01
3.379787171377500053e+05 1.763916015625000000e-02 9.155273437500000000e-04 9.986267089843750000e-01
3.379787468267499935e+05 1.692199707031250000e-02 -3.051757812500000000e-05 9.971313476562500000e-01
3.379787765277500148e+05 1.531982421875000000e-02 -2.746582031250000000e-04 1.000823974609375000e+00
3.379788062397500034e+05 1.660156250000000000e-02 9.613037109375000000e-04 9.987182617187500000e-01
3.379788359337499714e+05 1.498413085937500000e-02 1.113891601562500000e-03 1.000457763671875000e+00
3.379788656357500004e+05 1.559448242187500000e-02 -3.967285156250000000e-04 9.983367919921875000e-01
3.379788953247499885e+05 1.484680175781250000e-02 -4.730224609375000000e-04 9.998779296875000000e-01
3.379789250367499772e+05 1.544189453125000000e-02 4.730224609375000000e-04 9.987030029296875000e-01
3.379789547257500235e+05 1.463317871093750000e-02 1.480102539062500000e-03 1.001831054687500000e+00
3.379789844247499714e+05 1.637268066406250000e-02 -2.746582031250000000e-04 9.996643066406250000e-01
3.379790141217500204e+05 1.470947265625000000e-02 -2.441406250000000000e-04 1.001327514648437944e+00
3.379790438147499808e+05 1.452636718750000000e-02 -1.647949218750000000e-03 9.971771240234375000e-01
3.379790735297499923e+05 1.428222656250000000e-02 1.495361328125000000e-03 9.993438720703125000e-01
3.379791032107499777e+05 1.443481445312500000e-02 -1.296997070312500000e-03 9.992370605468750000e-01
3.379791329167499789e+05 1.429748535156250000e-02 5.187988281250000000e-04 9.984588623046875000e-01
3.379791626257500029e+05 1.628112792968750000e-02 6.713867187500000000e-04 1.001541137695312056e+00
3.379791923257500166e+05 1.658630371093750000e-02 -8.392333984375000000e-04 9.986419677734375000e-01
3.379792220247500227e+05 1.400756835937500000e-02 3.814697265625000000e-04 9.997100830078125000e-01
3.379792517267499934e+05 1.524353027343750000e-02 -8.850097656250000000e-04 1.000656127929687944e+00
3.379792814287500223e+05 1.327514648437500000e-02 9.155273437500000000e-04 9.994812011718750000e-01
3.379793111327500083e+05 1.564025878906250000e-02 3.814697265625000000e-04 9.986572265625000000e-01
3.379793408207499888e+05 1.547241210937500000e-02 -7.781982421875000000e-04 9.996643066406250000e-01
3.379793705417499878e+05 1.599121093750000000e-02 -6.408691406250000000e-04 1.000274658203125000e+00
3.379794002467499813e+05 1.588439941406250000e-02 -2.349853515625000000e-03 9.986267089843750000e-01
3.379794299507500255e+05 1.725769042968750000e-02 -7.629394531250000000e-05 1.000473022460937944e+00
3.379794596567500266e+05 1.669311523437500000e-02 3.814697265625000000e-04 9.979858398437500000e-01
3.379794893597500050e+05 1.382446289062500000e-02 -2.136230468750000000e-04 9.989318847656250000e-01
3.379795190637499909e+05 1.635742187500000000e-02 -1.083374023437500000e-03 9.986724853515625000e-01
3.379795487677499768e+05 1.597595214843750000e-02 8.087158203125000000e-04 9.988098144531250000e-01
3.379795784747499856e+05 1.501464843750000000e-02 3.051757812500000000e-05 9.989929199218750000e-01
3.379796081807499868e+05 1.550292968750000000e-02 -8.544921875000000000e-04 9.995422363281250000e-01
3.379796378887500032e+05 1.693725585937500000e-02 1.373291015625000000e-03 9.995422363281250000e-01
3.379796675957500120e+05 1.452636718750000000e-02 9.155273437500000000e-04 9.994506835937500000e-01
3.379796973007500055e+05 1.727294921875000000e-02 -3.814697265625000000e-04 9.991302490234375000e-01
3.379797270057499991e+05 1.432800292968750000e-02 2.288818359375000000e-04 9.981842041015625000e-01
3.379797567097499850e+05 1.425170898437500000e-02 -1.098632812500000000e-03 9.990844726562500000e-01
3.379797864167499938e+05 1.672363281250000000e-02 -3.662109375000000000e-04 9.984283447265625000e-01
3.379798161257500178e+05 1.496887207031250000e-02 -3.051757812500000000e-05 9.996948242187500000e-01
3.379798458357499912e+05 1.602172851562500000e-02 5.187988281250000000e-04 1.000350952148437944e+00
3.379798755387500278e+05 1.493835449218750000e-02 -2.166748046875000000e-03 9.991302490234375000e-01
3.379799052397499909e+05 1.596069335937500000e-02 -1.327514648437500000e-03 1.001174926757812056e+00
3.379799349437499768e+05 1.693725585937500000e-02 1.190185546875000000e-03 9.996948242187500000e-01
3.379799646487500286e+05 1.644897460937500000e-02 -3.204345703125000000e-04 9.996032714843750000e-01
3.379799943517500069e+05 1.766967773437500000e-02 1.693725585937500000e-03 9.988250732421875000e-01
3.379800240637499955e+05 1.672363281250000000e-02 -4.730224609375000000e-04 1.001525878906250000e+00
3.379800537417500163e+05 1.707458496093750000e-02 -6.256103515625000000e-04 1.001251220703125000e+00
3.379800834647499723e+05 1.451110839843750000e-02 8.850097656250000000e-04 9.995117187500000000e-01
3.379801131657499936e+05 1.541137695312500000e-02 -9.155273437500000000e-04 1.000183105468750000e+00
3.379801428537499742e+05 1.681518554687500000e-02 1.327514648437500000e-03 9.970703125000000000e-01
3.379801725767499884e+05 1.620483398437500000e-02 3.128051757812500000e-03 9.996032714843750000e-01
3.379802022707500146e+05 1.678466796875000000e-02 1.556396484375000000e-03 9.995269775390625000e-01
3.379802319887499907e+05 1.530456542968750000e-02 1.129150390625000000e-03 1.000732421875000000e+00
3.379802616937499843e+05 1.484680175781250000e-02 -7.324218750000000000e-04 9.998626708984375000e-01
3.379802913847499876e+05 1.541137695312500000e-02 -4.272460937500000000e-04 9.993896484375000000e-01
3.379803211047499790e+05 1.536560058593750000e-02 3.204345703125000000e-04 9.982910156250000000e-01
3.379803507997500128e+05 1.724243164062500000e-02 9.918212890625000000e-04 9.974212646484375000e-01
3.379803804897500086e+05 1.547241210937500000e-02 -1.296997070312500000e-03 9.985351562500000000e-01
3.379804102087499923e+05 1.562500000000000000e-02 6.103515625000000000e-05 9.983215332031250000e-01
3.379804399027500185e+05 1.512145996093750000e-02 6.866455078125000000e-04 1.000244140625000000e+00
3.379804696237500175e+05 1.690673828125000000e-02 -1.617431640625000000e-03 9.982299804687500000e-01
3.379804993167499779e+05 1.502990722656250000e-02 6.103515625000000000e-04 9.981689453125000000e-01
3.379805290017499938e+05 1.507568359375000000e-02 6.408691406250000000e-04 1.000274658203125000e+00
3.379805587097500102e+05 1.637268066406250000e-02 9.002685546875000000e-04 1.000625610351562056e+00
3.379805884247500217e+05 1.615905761718750000e-02 0.000000000000000000e+00 9.984588623046875000e-01
3.379806181267499924e+05 1.516723632812500000e-02 6.713867187500000000e-04 9.991607666015625000e-01
3.379806478217500262e+05 1.455688476562500000e-02 1.007080078125000000e-03 9.986877441406250000e-01
3.379806775197500247e+05 1.757812500000000000e-02 1.449584960937500000e-03 9.988250732421875000e-01
3.379807072177500231e+05 1.704406738281250000e-02 1.235961914062500000e-03 1.000274658203125000e+00
3.379807369167499710e+05 1.496887207031250000e-02 6.561279296875000000e-04 9.999847412109375000e-01
3.379807665937499842e+05 1.724243164062500000e-02 3.814697265625000000e-04 1.000610351562500000e+00
3.379807962957500131e+05 1.524353027343750000e-02 -2.136230468750000000e-03 1.000274658203125000e+00
3.379808259917499963e+05 1.502990722656250000e-02 -8.239746093750000000e-04 9.988098144531250000e-01
3.379808556957499823e+05 1.525878906250000000e-02 -5.035400390625000000e-04 9.987182617187500000e-01
3.379808854097499861e+05 1.495361328125000000e-02 5.950927734375000000e-04 9.985198974609375000e-01
3.379809151147499797e+05 1.589965820312500000e-02 -3.814697265625000000e-04 9.997253417968750000e-01
3.379809448197499732e+05 1.490783691406250000e-02 -7.019042968750000000e-04 9.991302490234375000e-01
3.379809745327500277e+05 1.448059082031250000e-02 1.602172851562500000e-03 9.996795654296875000e-01
3.379810042297500186e+05 1.698303222656250000e-02 -1.220703125000000000e-04 9.997253417968750000e-01
3.379810339327499969e+05 1.705932617187500000e-02 -3.051757812500000000e-04 9.994506835937500000e-01
3.379810636367499828e+05 1.441955566406250000e-02 2.136230468750000000e-04 1.000640869140625000e+00
3.379810933397500194e+05 1.510620117187500000e-02 5.340576171875000000e-04 9.980621337890625000e-01
3.379811230437500053e+05 1.556396484375000000e-02 -1.007080078125000000e-03 9.994964599609375000e-01
3.379811527507500141e+05 1.412963867187500000e-02 -4.425048828125000000e-04 9.970703125000000000e-01
3.379811824507500278e+05 1.379394531250000000e-02 -1.525878906250000000e-05 9.982452392578125000e-01
3.379812121557500213e+05 1.637268066406250000e-02 9.613037109375000000e-04 9.997253417968750000e-01
3.379812418607500149e+05 1.347351074218750000e-02 9.613037109375000000e-04 1.000610351562500000e+00
3.379812715637499932e+05 1.504516601562500000e-02 -3.814697265625000000e-04 9.992218017578125000e-01
3.379813012667499715e+05 1.628112792968750000e-02 9.460449218750000000e-04 9.989776611328125000e-01
3.379813309717500233e+05 1.448059082031250000e-02 1.602172851562500000e-03 9.982910156250000000e-01
3.379813606777500245e+05 1.425170898437500000e-02 -1.220703125000000000e-04 9.992980957031250000e-01
3.379813903807500028e+05 1.667785644531250000e-02 8.239746093750000000e-04 1.000106811523437944e+00
3.379814200957500143e+05 1.580810546875000000e-02 2.441406250000000000e-04 9.977569580078125000e-01
3.379814497917499975e+05 1.527404785156250000e-02 3.967285156250000000e-04 9.982604980468750000e-01
3.379814794977499987e+05 1.747131347656250000e-02 -8.850097656250000000e-04 9.980316162109375000e-01
3.379815092037499999e+05 1.582336425781250000e-02 6.408691406250000000e-04 9.984283447265625000e-01
3.379815389057500288e+05 1.498413085937500000e-02 -2.593994140625000000e-04 9.987945556640625000e-01
3.379815686077499995e+05 1.498413085937500000e-02 -3.356933593750000000e-04 9.986572265625000000e-01
3.379815983197499881e+05 1.542663574218750000e-02 1.068115234375000000e-04 9.999542236328125000e-01
3.379816280127500067e+05 1.628112792968750000e-02 3.662109375000000000e-04 9.991760253906250000e-01
3.379816577167499927e+05 1.672363281250000000e-02 2.593994140625000000e-04 9.992828369140625000e-01
3.379816874177500140e+05 1.644897460937500000e-02 7.629394531250000000e-05 9.997253417968750000e-01
3.379817171207499923e+05 1.451110839843750000e-02 -3.051757812500000000e-04 9.982299804687500000e-01
3.379817468127500033e+05 1.390075683593750000e-02 -4.882812500000000000e-04 9.983673095703125000e-01
3.379817765057500219e+05 1.536560058593750000e-02 3.356933593750000000e-04 1.000717163085937944e+00
3.379818062067499850e+05 1.521301269531250000e-02 -2.746582031250000000e-04 9.981689453125000000e-01
3.379818359027500264e+05 1.506042480468750000e-02 3.021240234375000000e-03 1.000259399414062056e+00
3.379818655987500097e+05 1.480102539062500000e-02 1.754760742187500000e-03 9.994964599609375000e-01
3.379818953217500239e+05 1.490783691406250000e-02 3.967285156250000000e-04 9.985046386718750000e-01
3.379819250237499946e+05 1.397705078125000000e-02 1.541137695312500000e-03 9.996032714843750000e-01
3.379819547407500213e+05 1.716613769531250000e-02 1.678466796875000000e-04 9.994049072265625000e-01
3.379819844347499893e+05 1.696777343750000000e-02 1.220703125000000000e-04 9.994812011718750000e-01
3.379820141277500079e+05 1.335144042968750000e-02 -6.866455078125000000e-04 9.993896484375000000e-01
3.379820438427500194e+05 1.509094238281250000e-02 1.342773437500000000e-03 1.001052856445312056e+00
3.379820735437499825e+05 1.411437988281250000e-02 6.866455078125000000e-04 9.982757568359375000e-01
3.379821032457500114e+05 1.368713378906250000e-02 -3.204345703125000000e-04 1.000488281250000000e+00
3.379821329477499821e+05 1.571655273437500000e-02 1.098632812500000000e-03 9.984283447265625000e-01
3.379821626267500105e+05 1.599121093750000000e-02 -2.288818359375000000e-04 9.978942871093750000e-01
3.379821923507499741e+05 1.551818847656250000e-02 8.087158203125000000e-04 9.998626708984375000e-01
3.379822220507499878e+05 1.582336425781250000e-02 -1.541137695312500000e-03 9.982147216796875000e-01
3.379822517357500037e+05 1.454162597656250000e-02 1.129150390625000000e-03 9.995880126953125000e-01
3.379822814617499826e+05 1.626586914062500000e-02 1.480102539062500000e-03 9.990081787109375000e-01
3.379823111337500159e+05 1.519775390625000000e-02 -4.272460937500000000e-04 9.992523193359375000e-01
3.379823408547500148e+05 1.731872558593750000e-02 4.730224609375000000e-04 9.981384277343750000e-01
3.379823705427499954e+05 1.585388183593750000e-02 5.187988281250000000e-04 9.993438720703125000e-01
3.379824002667500172e+05 1.644897460937500000e-02 2.014160156250000000e-03 9.988555908203125000e-01
3.379824299607499852e+05 1.795959472656250000e-02 -1.525878906250000000e-03 9.987640380859375000e-01
3.379824596537500038e+05 1.644897460937500000e-02 2.593994140625000000e-04 1.001861572265625000e+00
3.379824893707499723e+05 1.510620117187500000e-02 2.395629882812500000e-03 9.978637695312500000e-01
3.379825190627499833e+05 1.646423339843750000e-02 -4.272460937500000000e-04 9.987487792968750000e-01
3.379825487557500019e+05 1.757812500000000000e-02 -1.739501953125000000e-03 9.999084472656250000e-01
3.379825784617500030e+05 1.617431640625000000e-02 4.577636718750000000e-05 9.989471435546875000e-01
3.379826081677500042e+05 1.710510253906250000e-02 2.441406250000000000e-04 9.992218017578125000e-01
3.379826378707499825e+05 1.585388183593750000e-02 2.029418945312500000e-03 1.000427246093750000e+00
3.379826675767499837e+05 1.548767089843750000e-02 3.204345703125000000e-04 9.988555908203125000e-01
3.379826972847500001e+05 1.562500000000000000e-02 -3.662109375000000000e-04 9.984436035156250000e-01
3.379827269757500035e+05 1.480102539062500000e-02 5.493164062500000000e-04 1.000595092773437944e+00
3.379827566907500150e+05 1.504516601562500000e-02 2.593994140625000000e-04 9.981384277343750000e-01
3.379827863937499933e+05 1.690673828125000000e-02 1.708984375000000000e-03 9.997863769531250000e-01
3.379828160987499868e+05 1.519775390625000000e-02 -7.476806640625000000e-04 1.000015258789062056e+00
3.379828457927500131e+05 1.472473144531250000e-02 2.441406250000000000e-04 9.999847412109375000e-01
3.379828755117499968e+05 1.470947265625000000e-02 1.953125000000000000e-03 1.001083374023437944e+00
3.379829052187500056e+05 1.734924316406250000e-02 -4.882812500000000000e-04 9.992675781250000000e-01
3.379829349227499915e+05 1.463317871093750000e-02 -1.251220703125000000e-03 9.994049072265625000e-01
3.379829646307500079e+05 1.437377929687500000e-02 -9.918212890625000000e-04 9.988555908203125000e-01
3.379829943397499737e+05 1.373291015625000000e-02 1.525878906250000000e-03 9.993286132812500000e-01
3.379830240367500228e+05 1.541137695312500000e-02 7.629394531250000000e-05 9.990692138671875000e-01
3.379830537497500191e+05 1.541137695312500000e-02 1.190185546875000000e-03 9.986572265625000000e-01
3.379830834547500126e+05 1.608276367187500000e-02 -3.051757812500000000e-05 9.990692138671875000e-01
3.379831131617500214e+05 1.690673828125000000e-02 -3.051757812500000000e-05 1.000411987304687944e+00
3.379831428677500226e+05 1.577758789062500000e-02 3.051757812500000000e-05 9.994354248046875000e-01
3.379831725757499808e+05 1.683044433593750000e-02 6.103515625000000000e-05 1.001861572265625000e+00
3.379832022687499993e+05 1.402282714843750000e-02 1.815795898437500000e-03 9.986572265625000000e-01
3.379832319857500261e+05 1.699829101562500000e-02 1.495361328125000000e-03 9.991302490234375000e-01
3.379832616907500196e+05 1.699829101562500000e-02 -6.103515625000000000e-04 9.993896484375000000e-01
3.379832913967500208e+05 1.429748535156250000e-02 2.288818359375000000e-03 9.979095458984375000e-01
3.379833210997499991e+05 1.568603515625000000e-02 1.007080078125000000e-03 9.992675781250000000e-01
3.379833508047499927e+05 1.451110839843750000e-02 9.765625000000000000e-04 9.990997314453125000e-01
3.379833804917500238e+05 1.496887207031250000e-02 7.629394531250000000e-04 9.981384277343750000e-01
3.379834102137499722e+05 1.559448242187500000e-02 1.571655273437500000e-03 9.982757568359375000e-01
3.379834399117500288e+05 1.649475097656250000e-02 6.561279296875000000e-04 1.000595092773437944e+00
3.379834696137499996e+05 1.629638671875000000e-02 2.059936523437500000e-03 9.999237060546875000e-01
3.379834993177499855e+05 1.560974121093750000e-02 1.220703125000000000e-04 9.990081787109375000e-01
3.379835290197500144e+05 1.580810546875000000e-02 -6.713867187500000000e-04 9.992980957031250000e-01
3.379835587097500102e+05 1.431274414062500000e-02 -4.272460937500000000e-04 9.974517822265625000e-01
3.379835884207499912e+05 1.693725585937500000e-02 1.403808593750000000e-03 9.987640380859375000e-01
3.379836182239999762e+05 1.617431640625000000e-02 -7.629394531250000000e-05 9.971466064453125000e-01
3.379836479099999997e+05 1.576232910156250000e-02 6.103515625000000000e-04 9.979095458984375000e-01
3.379836776320000063e+05 1.641845703125000000e-02 6.408691406250000000e-04 1.000457763671875000e+00
3.379837073150000069e+05 1.493835449218750000e-02 -3.509521484375000000e-04 1.000900268554687944e+00
3.379837370259999880e+05 1.704406738281250000e-02 1.296997070312500000e-03 9.991149902343750000e-01
3.379837667409999995e+05 1.553344726562500000e-02 3.509521484375000000e-04 9.992675781250000000e-01
3.379837964309999952e+05 1.423645019531250000e-02 9.765625000000000000e-04 9.992218017578125000e-01
3.379838261339999735e+05 1.603698730468750000e-02 -4.730224609375000000e-04 9.982452392578125000e-01
3.379838558279999997e+05 1.611328125000000000e-02 -6.561279296875000000e-04 9.997558593750000000e-01
3.379838855459999759e+05 1.245117187500000000e-02 -5.187988281250000000e-04 1.000030517578125000e+00
3.379839152459999896e+05 1.560974121093750000e-02 1.007080078125000000e-03 9.984436035156250000e-01
3.379839449390000082e+05 1.568603515625000000e-02 1.205444335937500000e-03 9.970245361328125000e-01
3.379839746290000039e+05 1.502990722656250000e-02 1.129150390625000000e-03 9.989929199218750000e-01
3.379840043270000024e+05 1.469421386718750000e-02 9.307861328125000000e-04 9.992218017578125000e-01
3.379840340510000242e+05 1.622009277343750000e-02 4.730224609375000000e-04 9.990081787109375000e-01
3.379840637439999846e+05 1.551818847656250000e-02 -4.272460937500000000e-04 9.969177246093750000e-01
3.379840934380000108e+05 1.335144042968750000e-02 -1.678466796875000000e-04 9.994964599609375000e-01
3.379841231619999744e+05 1.672363281250000000e-02 1.800537109375000000e-03 9.983978271484375000e-01
3.379841528379999800e+05 1.524353027343750000e-02 9.002685546875000000e-04 1.000106811523437944e+00
3.379841825420000241e+05 1.481628417968750000e-02 -1.220703125000000000e-04 9.963684082031250000e-01
3.379842122460000101e+05 1.484680175781250000e-02 -2.441406250000000000e-04 1.001388549804687944e+00
3.379842419479999808e+05 1.608276367187500000e-02 -1.007080078125000000e-03 9.998321533203125000e-01
3.379842716600000276e+05 1.480102539062500000e-02 -6.408691406250000000e-04 9.999084472656250000e-01
3.379843013650000212e+05 1.802062988281250000e-02 2.593994140625000000e-04 9.981384277343750000e-01
3.379843310700000147e+05 1.702880859375000000e-02 -9.155273437500000000e-05 1.000885009765625000e+00
3.379843607750000083e+05 1.516723632812500000e-02 1.831054687500000000e-04 1.000900268554687944e+00
3.379843904820000171e+05 1.585388183593750000e-02 1.235961914062500000e-03 9.998016357421875000e-01
3.379844201890000259e+05 1.583862304687500000e-02 1.403808593750000000e-03 9.981689453125000000e-01
3.379844498959999764e+05 1.565551757812500000e-02 1.846313476562500000e-03 1.000671386718750000e+00
3.379844796029999852e+05 1.652526855468750000e-02 6.561279296875000000e-04 9.993591308593750000e-01
3.379845093050000141e+05 1.455688476562500000e-02 6.256103515625000000e-04 9.976043701171875000e-01
3.379845390090000001e+05 1.588439941406250000e-02 3.509521484375000000e-04 1.000015258789062056e+00
3.379845687160000089e+05 1.499938964843750000e-02 1.525878906250000000e-05 9.989776611328125000e-01
3.379845984210000024e+05 1.416015625000000000e-02 -3.204345703125000000e-04 9.976959228515625000e-01
3.379846281239999807e+05 1.634216308593750000e-02 4.730224609375000000e-04 9.995880126953125000e-01
3.379846578330000048e+05 1.528930664062500000e-02 9.307861328125000000e-04 9.997711181640625000e-01
3.379846875390000059e+05 1.449584960937500000e-02 -9.155273437500000000e-05 9.989776611328125000e-01
3.379847172409999766e+05 1.623535156250000000e-02 1.678466796875000000e-04 9.982452392578125000e-01
3.379847469460000284e+05 1.400756835937500000e-02 1.678466796875000000e-03 9.981231689453125000e-01
3.379847766479999991e+05 1.458740234375000000e-02 5.493164062500000000e-04 9.982147216796875000e-01
3.379848063550000079e+05 1.818847656250000000e-02 1.754760742187500000e-03 9.994354248046875000e-01
3.379848360610000091e+05 1.464843750000000000e-02 6.103515625000000000e-04 9.992828369140625000e-01
3.379848657649999950e+05 1.417541503906250000e-02 3.097534179687500000e-03 9.995574951171875000e-01
3.379848954740000190e+05 1.426696777343750000e-02 1.220703125000000000e-03 9.985504150390625000e-01
3.379849251819999772e+05 1.583862304687500000e-02 6.103515625000000000e-04 1.000061035156250000e+00
3.379849548910000012e+05 1.670837402343750000e-02 1.754760742187500000e-03 9.994506835937500000e-01
3.379849845970000024e+05 1.464843750000000000e-02 2.899169921875000000e-04 9.996948242187500000e-01
3.379850143030000036e+05 1.469421386718750000e-02 6.713867187500000000e-04 1.000091552734375000e+00
3.379850440090000047e+05 1.493835449218750000e-02 -4.425048828125000000e-04 9.963378906250000000e-01
3.379850737150000059e+05 1.550292968750000000e-02 1.571655273437500000e-03 9.985809326171875000e-01
3.379851034199999995e+05 1.557922363281250000e-02 -3.356933593750000000e-04 1.002563476562500000e+00
3.379851331290000235e+05 1.449584960937500000e-02 -5.950927734375000000e-04 9.996185302734375000e-01
3.379851628410000121e+05 1.339721679687500000e-02 5.798339843750000000e-04 9.988250732421875000e-01
3.379851925449999981e+05 1.603698730468750000e-02 -1.098632812500000000e-03 1.000015258789062056e+00
3.379852222590000019e+05 1.628112792968750000e-02 6.561279296875000000e-04 9.984130859375000000e-01
3.379852519689999754e+05 1.585388183593750000e-02 1.678466796875000000e-04 9.990386962890625000e-01
3.379852816730000195e+05 1.664733886718750000e-02 -5.645751953125000000e-04 9.981231689453125000e-01
3.379853113819999853e+05 1.423645019531250000e-02 6.713867187500000000e-04 9.980316162109375000e-01
3.379853410879999865e+05 1.455688476562500000e-02 -1.525878906250000000e-05 9.997558593750000000e-01
3.379853708120000083e+05 1.498413085937500000e-02 1.449584960937500000e-03 9.976959228515625000e-01
3.379854005059999763e+05 1.573181152343750000e-02 1.205444335937500000e-03 1.000946044921875000e+00
3.379854302299999981e+05 1.577758789062500000e-02 1.953125000000000000e-03 9.987182617187500000e-01
3.379854599109999835e+05 1.583862304687500000e-02 7.171630859375000000e-04 9.987945556640625000e-01
3.379854896350000054e+05 1.554870605468750000e-02 9.918212890625000000e-04 9.981231689453125000e-01
3.379855193410000065e+05 1.596069335937500000e-02 -2.273559570312500000e-03 9.982910156250000000e-01
3.379855490379999974e+05 1.483154296875000000e-02 1.205444335937500000e-03 9.998474121093750000e-01
3.379855787579999887e+05 1.582336425781250000e-02 3.662109375000000000e-04 9.996490478515625000e-01
3.379856084619999747e+05 1.496887207031250000e-02 -6.866455078125000000e-04 1.001419067382812056e+00
3.379856381769999862e+05 1.562500000000000000e-02 4.577636718750000000e-05 9.989166259765625000e-01
3.379856678880000254e+05 1.502990722656250000e-02 -4.577636718750000000e-05 9.985809326171875000e-01
3.379856975940000266e+05 1.765441894531250000e-02 2.044677734375000000e-03 9.997558593750000000e-01
3.379857272879999946e+05 1.626586914062500000e-02 1.510620117187500000e-03 9.993896484375000000e-01
3.379857570120000164e+05 1.499938964843750000e-02 3.967285156250000000e-04 9.983367919921875000e-01
3.379857867049999768e+05 1.547241210937500000e-02 1.251220703125000000e-03 9.996032714843750000e-01
3.379858164059999981e+05 1.573181152343750000e-02 3.051757812500000000e-05 9.996643066406250000e-01
3.379858461169999791e+05 1.541137695312500000e-02 -1.129150390625000000e-03 9.991302490234375000e-01
3.379858758210000233e+05 1.789855957031250000e-02 7.324218750000000000e-04 1.001586914062500000e+00
3.379859055410000146e+05 1.589965820312500000e-02 -4.577636718750000000e-05 1.000640869140625000e+00
3.379859352480000234e+05 1.535034179687500000e-02 -7.934570312500000000e-04 9.993133544921875000e-01
3.379859649540000246e+05 1.463317871093750000e-02 1.434326171875000000e-03 1.001281738281250000e+00
3.379859946609999752e+05 1.483154296875000000e-02 1.693725585937500000e-03 9.991302490234375000e-01
3.379860243669999763e+05 1.400756835937500000e-02 8.239746093750000000e-04 1.000335693359375000e+00
3.379860540700000129e+05 1.597595214843750000e-02 -3.051757812500000000e-04 1.000488281250000000e+00
3.379860837840000167e+05 1.527404785156250000e-02 1.235961914062500000e-03 1.000686645507812056e+00
3.379861134919999749e+05 1.382446289062500000e-02 5.645751953125000000e-04 1.000091552734375000e+00
3.379861432009999990e+05 1.483154296875000000e-02 2.136230468750000000e-04 9.987792968750000000e-01
3.379861728979999898e+05 1.516723632812500000e-02 7.781982421875000000e-04 9.990234375000000000e-01
3.379862026210000040e+05 1.437377929687500000e-02 5.035400390625000000e-04 9.979095458984375000e-01
3.379862323270000052e+05 1.464843750000000000e-02 2.288818359375000000e-04 9.998931884765625000e-01
3.379862620340000140e+05 1.478576660156250000e-02 8.544921875000000000e-04 9.985046386718750000e-01
3.379862917419999721e+05 1.527404785156250000e-02 6.103515625000000000e-05 9.992370605468750000e-01
3.379863214509999962e+05 1.364135742187500000e-02 -1.113891601562500000e-03 9.994506835937500000e-01
3.379863511610000278e+05 1.557922363281250000e-02 1.022338867187500000e-03 9.987945556640625000e-01
3.379863808749999735e+05 1.684570312500000000e-02 1.235961914062500000e-03 9.998626708984375000e-01
3.379864105850000051e+05 1.786804199218750000e-02 7.171630859375000000e-04 9.986724853515625000e-01
3.379864402990000090e+05 1.647949218750000000e-02 -4.119873046875000000e-04 9.996948242187500000e-01
3.379864700120000052e+05 1.467895507812500000e-02 -1.525878906250000000e-05 9.976959228515625000e-01
3.379864997239999939e+05 1.542663574218750000e-02 -6.256103515625000000e-04 9.991455078125000000e-01
3.379865294299999950e+05 1.580810546875000000e-02 5.798339843750000000e-04 1.000534057617187944e+00
3.379865591479999712e+05 1.516723632812500000e-02 -6.256103515625000000e-04 1.000366210937500000e+00
3.379865888600000180e+05 1.588439941406250000e-02 1.571655273437500000e-03 9.979095458984375000e-01
3.379866185720000067e+05 1.652526855468750000e-02 2.090454101562500000e-03 9.989776611328125000e-01
3.379866482809999725e+05 1.504516601562500000e-02 1.129150390625000000e-03 9.996185302734375000e-01
3.379866779889999889e+05 1.557922363281250000e-02 2.716064453125000000e-03 9.985198974609375000e-01
3.379867076990000205e+05 1.658630371093750000e-02 1.419067382812500000e-03 9.984130859375000000e-01
3.379867374100000015e+05 1.350402832031250000e-02 -1.724243164062500000e-03 9.977722167968750000e-01
3.379867671160000027e+05 1.663208007812500000e-02 -4.272460937500000000e-04 1.000000000000000000e+00
3.379867968220000039e+05 1.554870605468750000e-02 -1.678466796875000000e-04 9.998168945312500000e-01
3.379868265269999974e+05 1.638793945312500000e-02 5.035400390625000000e-04 9.988555908203125000e-01
3.379868562360000215e+05 1.583862304687500000e-02 1.220703125000000000e-03 9.995727539062500000e-01
3.379868859439999796e+05 1.506042480468750000e-02 1.144409179687500000e-03 9.990692138671875000e-01
3.379869156509999884e+05 1.629638671875000000e-02 1.358032226562500000e-03 1.000488281250000000e+00
3.379869453670000075e+05 1.406860351562500000e-02 3.082275390625000000e-03 9.998931884765625000e-01
3.379869750660000136e+05 1.564025878906250000e-02 1.220703125000000000e-04 9.997558593750000000e-01
3.379870047650000197e+05 1.440429687500000000e-02 1.403808593750000000e-03 9.998626708984375000e-01
3.379870344860000187e+05 1.498413085937500000e-02 3.097534179687500000e-03 9.979858398437500000e-01
3.379870642019999796e+05 1.637268066406250000e-02 1.876831054687500000e-03 9.992065429687500000e-01
3.379870939159999834e+05 1.588439941406250000e-02 -1.022338867187500000e-03 9.977569580078125000e-01
3.379871236069999868e+05 1.487731933593750000e-02 -8.392333984375000000e-04 9.983673095703125000e-01
3.379871533180000260e+05 1.536560058593750000e-02 -9.460449218750000000e-04 9.991302490234375000e-01
3.379871830220000120e+05 1.306152343750000000e-02 6.408691406250000000e-04 9.996032714843750000e-01
3.379872127190000028e+05 1.641845703125000000e-02 -2.136230468750000000e-04 9.999694824218750000e-01
3.379872424250000040e+05 1.629638671875000000e-02 1.296997070312500000e-03 9.994659423828125000e-01
3.379872721529999981e+05 1.554870605468750000e-02 9.613037109375000000e-04 1.001510620117187944e+00
3.379873018409999786e+05 1.457214355468750000e-02 8.087158203125000000e-04 9.985809326171875000e-01
3.379873315719999955e+05 1.609802246093750000e-02 1.693725585937500000e-03 9.976501464843750000e-01
3.379873612500000163e+05 1.632690429687500000e-02 1.846313476562500000e-03 1.000930786132812056e+00
3.379873909710000153e+05 1.513671875000000000e-02 8.697509765625000000e-04 9.987182617187500000e-01
3.379874206739999936e+05 1.742553710937500000e-02 1.678466796875000000e-04 9.991302490234375000e-01
3.379874503869999899e+05 1.507568359375000000e-02 2.899169921875000000e-03 9.972076416015625000e-01
3.379874800769999856e+05 1.705932617187500000e-02 6.561279296875000000e-04 9.980316162109375000e-01
3.379875097909999895e+05 1.577758789062500000e-02 2.166748046875000000e-03 9.985351562500000000e-01
3.379875394879999803e+05 1.512145996093750000e-02 3.356933593750000000e-04 1.000732421875000000e+00
3.379875691760000191e+05 1.588439941406250000e-02 -1.525878906250000000e-04 9.997406005859375000e-01
3.379875988989999751e+05 1.545715332031250000e-02 7.476806640625000000e-04 1.000198364257812056e+00
3.379876286110000219e+05 1.564025878906250000e-02 1.159667968750000000e-03 9.975738525390625000e-01
3.379876583059999975e+05 1.556396484375000000e-02 1.861572265625000000e-03 9.973602294921875000e-01
3.379876880099999835e+05 1.594543457031250000e-02 5.340576171875000000e-04 9.988403320312500000e-01
3.379877177159999846e+05 1.657104492187500000e-02 2.441406250000000000e-04 9.984436035156250000e-01
3.379877474190000212e+05 1.535034179687500000e-02 3.051757812500000000e-04 9.995422363281250000e-01
3.379877771219999995e+05 1.568603515625000000e-02 -1.831054687500000000e-03 9.995422363281250000e-01
3.379878068290000083e+05 1.452636718750000000e-02 8.544921875000000000e-04 9.992523193359375000e-01
3.379878365409999969e+05 1.547241210937500000e-02 3.204345703125000000e-04 9.991607666015625000e-01
3.379878662350000232e+05 1.516723632812500000e-02 5.035400390625000000e-04 9.990386962890625000e-01
3.379878959349999786e+05 1.695251464843750000e-02 1.678466796875000000e-03 9.982452392578125000e-01
3.379879256390000228e+05 1.605224609375000000e-02 1.754760742187500000e-03 9.984893798828125000e-01
3.379879553440000163e+05 1.521301269531250000e-02 4.730224609375000000e-04 9.982452392578125000e-01
3.379879850500000175e+05 1.461791992187500000e-02 1.235961914062500000e-03 9.985656738281250000e-01
3.379880147570000263e+05 1.579284667968750000e-02 2.136230468750000000e-04 1.001434326171875000e+00
3.379880444610000122e+05 1.470947265625000000e-02 2.395629882812500000e-03 9.998321533203125000e-01
3.379880741639999906e+05 1.731872558593750000e-02 -9.460449218750000000e-04 9.990692138671875000e-01
3.379881038679999765e+05 1.564025878906250000e-02 -3.356933593750000000e-04 9.974975585937500000e-01
3.379881335739999777e+05 1.609802246093750000e-02 6.103515625000000000e-04 9.985198974609375000e-01
3.379881632879999815e+05 1.551818847656250000e-02 6.561279296875000000e-04 1.000228881835937944e+00
3.379881929849999724e+05 1.721191406250000000e-02 2.517700195312500000e-03 9.989624023437500000e-01
3.379882226909999736e+05 1.628112792968750000e-02 1.068115234375000000e-03 9.996795654296875000e-01
3.379882523979999823e+05 1.429748535156250000e-02 1.220703125000000000e-03 9.999542236328125000e-01
3.379882821090000216e+05 1.519775390625000000e-02 -2.258300781250000000e-03 9.985656738281250000e-01
3.379883118179999874e+05 1.550292968750000000e-02 1.358032226562500000e-03 9.995422363281250000e-01
3.379883415319999913e+05 1.579284667968750000e-02 9.002685546875000000e-04 9.972534179687500000e-01
3.379883712350000278e+05 1.673889160156250000e-02 2.059936523437500000e-03 9.986419677734375000e-01
3.379884009320000187e+05 1.502990722656250000e-02 1.022338867187500000e-03 9.988861083984375000e-01
3.379884306349999970e+05 1.350402832031250000e-02 1.770019531250000000e-03 9.988098144531250000e-01
3.379884603539999807e+05 1.602172851562500000e-02 1.617431640625000000e-03 9.996643066406250000e-01
3.379884900589999743e+05 1.588439941406250000e-02 -2.441406250000000000e-04 9.995269775390625000e-01
3.379885197739999858e+05 1.455688476562500000e-02 -1.373291015625000000e-04 9.998779296875000000e-01
3.379885494620000245e+05 1.429748535156250000e-02 -1.846313476562500000e-03 9.980010986328125000e-01
3.379885791800000006e+05 1.577758789062500000e-02 -7.629394531250000000e-04 1.000579833984375000e+00
3.379886089532499900e+05 1.454162597656250000e-02 -1.678466796875000000e-04 9.980773925781250000e-01
3.379886386762500042e+05 1.531982421875000000e-02 -1.876831054687500000e-03 9.981079101562500000e-01
3.379886683752500103e+05 1.405334472656250000e-02 1.983642578125000000e-04 1.000198364257812056e+00
3.379886980792499962e+05 1.495361328125000000e-02 -5.493164062500000000e-04 9.991149902343750000e-01
3.379887277882500202e+05 1.486206054687500000e-02 2.899169921875000000e-04 9.997558593750000000e-01
3.379887574822499882e+05 1.625061035156250000e-02 -1.159667968750000000e-03 9.971160888671875000e-01
3.379887872062500101e+05 1.402282714843750000e-02 1.495361328125000000e-03 9.978179931640625000e-01
3.379888169002499781e+05 1.637268066406250000e-02 -7.324218750000000000e-04 9.989929199218750000e-01
3.379888466242499999e+05 1.606750488281250000e-02 -3.509521484375000000e-04 9.996643066406250000e-01
3.379888763222499983e+05 1.495361328125000000e-02 -7.019042968750000000e-04 9.987182617187500000e-01
3.379889060232500196e+05 1.638793945312500000e-02 -6.561279296875000000e-04 9.990844726562500000e-01
3.379889357352500083e+05 1.451110839843750000e-02 1.876831054687500000e-03 9.976959228515625000e-01
3.379889654652500176e+05 1.637268066406250000e-02 8.544921875000000000e-04 9.980163574218750000e-01
3.379889951492500259e+05 1.582336425781250000e-02 9.918212890625000000e-04 1.000183105468750000e+00
3.379890248572499841e+05 1.422119140625000000e-02 5.340576171875000000e-04 9.991302490234375000e-01
3.379890545852499781e+05 1.338195800781250000e-02 1.556396484375000000e-03 1.000656127929687944e+00
3.379890842862499994e+05 1.325988769531250000e-02 1.663208007812500000e-03 9.998779296875000000e-01
3.379891139962499728e+05 1.609802246093750000e-02 -5.950927734375000000e-04 9.994049072265625000e-01
3.379891436982500018e+05 1.579284667968750000e-02 9.613037109375000000e-04 9.989471435546875000e-01
3.379891734042500029e+05 1.469421386718750000e-02 2.120971679687500000e-03 9.999084472656250000e-01
3.379892031112500117e+05 1.580810546875000000e-02 2.395629882812500000e-03 9.973144531250000000e-01
3.379892328202499775e+05 1.570129394531250000e-02 1.159667968750000000e-03 9.987182617187500000e-01
3.379892625322500244e+05 1.493835449218750000e-02 2.487182617187500000e-03 9.994659423828125000e-01
3.379892922522500157e+05 1.423645019531250000e-02 1.266479492187500000e-03 9.988098144531250000e-01
3.379893219432500191e+05 1.637268066406250000e-02 1.220703125000000000e-03 9.995269775390625000e-01
3.379893516612499952e+05 1.509094238281250000e-02 -9.002685546875000000e-04 9.983825683593750000e-01
3.379893813762500067e+05 1.637268066406250000e-02 -6.713867187500000000e-04 9.984436035156250000e-01
3.379894110732499976e+05 1.280212402343750000e-02 -1.007080078125000000e-03 9.998321533203125000e-01
3.379894407702499884e+05 1.597595214843750000e-02 1.327514648437500000e-03 9.982604980468750000e-01
3.379894704862500075e+05 1.531982421875000000e-02 -7.476806640625000000e-04 9.991149902343750000e-01
3.379895001822499908e+05 1.687622070312500000e-02 1.205444335937500000e-03 1.000198364257812056e+00
3.379895299102499848e+05 1.556396484375000000e-02 1.388549804687500000e-03 9.993133544921875000e-01
3.379895596242499887e+05 1.493835449218750000e-02 1.831054687500000000e-03 9.989471435546875000e-01
3.379895893242500024e+05 1.399230957031250000e-02 3.204345703125000000e-04 9.971313476562500000e-01
3.379896190242500161e+05 1.760864257812500000e-02 -5.340576171875000000e-04 9.993743896484375000e-01
3.379896487452500151e+05 1.545715332031250000e-02 1.739501953125000000e-03 9.969635009765625000e-01
3.379896784412499983e+05 1.678466796875000000e-02 1.159667968750000000e-03 9.985046386718750000e-01
3.379897081632500049e+05 1.478576660156250000e-02 5.645751953125000000e-04 9.989471435546875000e-01
3.379897378822499886e+05 1.454162597656250000e-02 -4.730224609375000000e-04 9.981231689453125000e-01
3.379897675812499947e+05 1.333618164062500000e-02 1.388549804687500000e-03 9.987640380859375000e-01
3.379897972882500035e+05 1.583862304687500000e-02 1.296997070312500000e-03 9.983673095703125000e-01
3.379898269982499769e+05 1.548767089843750000e-02 7.934570312500000000e-04 9.990234375000000000e-01
3.379898567072500009e+05 1.531982421875000000e-02 1.586914062500000000e-03 1.000503540039062056e+00
3.379898864152500173e+05 1.603698730468750000e-02 5.035400390625000000e-04 9.992828369140625000e-01
3.379899161232499755e+05 1.577758789062500000e-02 -8.087158203125000000e-04 9.990081787109375000e-01
3.379899458342500147e+05 1.618957519531250000e-02 9.307861328125000000e-04 9.992523193359375000e-01
3.379899755302499980e+05 1.530456542968750000e-02 1.190185546875000000e-03 9.990386962890625000e-01
3.379900052492499817e+05 1.641845703125000000e-02 3.814697265625000000e-04 9.974517822265625000e-01
3.379900349552499829e+05 1.528930664062500000e-02 2.899169921875000000e-03 9.986419677734375000e-01
3.379900646592500270e+05 1.518249511718750000e-02 3.509521484375000000e-04 9.981536865234375000e-01
3.379900943592499825e+05 1.643371582031250000e-02 1.571655273437500000e-03 9.997406005859375000e-01
3.379901240722499788e+05 1.502990722656250000e-02 1.159667968750000000e-03 9.994201660156250000e-01
3.379901537772499723e+05 1.684570312500000000e-02 7.476806640625000000e-04 1.000030517578125000e+00
3.379901834832499735e+05 1.461791992187500000e-02 1.144409179687500000e-03 9.997253417968750000e-01
3.379902131872500177e+05 1.568603515625000000e-02 -1.113891601562500000e-03 9.996795654296875000e-01
3.379902428932500188e+05 1.670837402343750000e-02 -7.629394531250000000e-05 9.980316162109375000e-01
3.379902725992500200e+05 1.490783691406250000e-02 -2.136230468750000000e-04 9.987792968750000000e-01
3.379903023082499858e+05 1.426696777343750000e-02 3.509521484375000000e-04 9.987640380859375000e-01
3.379903320132499794e+05 1.502990722656250000e-02 7.629394531250000000e-04 9.992523193359375000e-01
3.379903617222500034e+05 1.493835449218750000e-02 1.953125000000000000e-03 9.998321533203125000e-01
3.379903914232500247e+05 1.652526855468750000e-02 3.509521484375000000e-04 1.000076293945312056e+00
3.379904211372500286e+05 1.480102539062500000e-02 1.678466796875000000e-04 9.983978271484375000e-01
3.379904508412500145e+05 1.472473144531250000e-02 -1.861572265625000000e-03 1.000396728515625000e+00
3.379905162592499983e+05 1.544189453125000000e-02 5.035400390625000000e-04 9.977416992187500000e-01
3.379905399722500006e+05 1.591491699218750000e-02 -6.561279296875000000e-04 1.002441406250000000e+00
3.379905637792500202e+05 1.637268066406250000e-02 6.866455078125000000e-04 9.984893798828125000e-01
3.379905875862499815e+05 1.596069335937500000e-02 2.120971679687500000e-03 9.998016357421875000e-01
3.379906112972500268e+05 1.438903808593750000e-02 -1.831054687500000000e-04 9.984893798828125000e-01
3.379906350852500182e+05 1.626586914062500000e-02 -1.068115234375000000e-03 9.990692138671875000e-01
3.379906587992500281e+05 1.611328125000000000e-02 9.307861328125000000e-04 1.000503540039062056e+00
3.379906826112500275e+05 1.475524902343750000e-02 4.119873046875000000e-04 9.987030029296875000e-01
3.379907064152500243e+05 1.449584960937500000e-02 -4.577636718750000000e-05 1.000061035156250000e+00
3.379907301072499831e+05 1.689147949218750000e-02 8.850097656250000000e-04 9.996337890625000000e-01
3.379907539072500076e+05 1.608276367187500000e-02 -2.899169921875000000e-04 9.995574951171875000e-01
3.379907776232499746e+05 1.498413085937500000e-02 -3.509521484375000000e-04 9.982757568359375000e-01
3.379908014262500219e+05 1.481628417968750000e-02 2.288818359375000000e-04 9.992675781250000000e-01
3.379908252312500263e+05 1.727294921875000000e-02 8.544921875000000000e-04 9.973297119140625000e-01
3.379908489382499829e+05 1.556396484375000000e-02 7.476806640625000000e-04 1.000518798828125000e+00
3.379908727432499873e+05 1.646423339843750000e-02 -9.460449218750000000e-04 9.994049072265625000e-01
3.379908964512500097e+05 1.597595214843750000e-02 -2.014160156250000000e-03 1.000152587890625000e+00
3.379909202582499711e+05 1.564025878906250000e-02 1.678466796875000000e-03 1.001022338867187944e+00
3.379909440662499983e+05 1.425170898437500000e-02 6.561279296875000000e-04 9.980010986328125000e-01
3.379909677792500006e+05 1.495361328125000000e-02 7.324218750000000000e-04 9.971160888671875000e-01
3.379909915732499794e+05 1.658630371093750000e-02 1.342773437500000000e-03 9.993133544921875000e-01
3.379910152822500095e+05 1.603698730468750000e-02 2.227783203125000000e-03 9.990539550781250000e-01
3.379910390892500291e+05 1.397705078125000000e-02 1.632690429687500000e-03 9.985961914062500000e-01
3.379910628952499828e+05 1.554870605468750000e-02 -9.155273437500000000e-05 9.995269775390625000e-01
3.379910866022499977e+05 1.588439941406250000e-02 4.119873046875000000e-04 9.992523193359375000e-01
3.379911104062499944e+05 1.416015625000000000e-02 -1.373291015625000000e-04 9.985046386718750000e-01
3.379911341122500016e+05 1.589965820312500000e-02 1.983642578125000000e-03 9.987487792968750000e-01
3.379911579172500060e+05 1.623535156250000000e-02 -5.187988281250000000e-04 9.980010986328125000e-01
3.379911817232500180e+05 1.617431640625000000e-02 1.831054687500000000e-04 9.970245361328125000e-01
3.379912054342500051e+05 1.525878906250000000e-02 1.861572265625000000e-03 9.995422363281250000e-01
3.379912292432499817e+05 1.628112792968750000e-02 1.617431640625000000e-03 9.978027343750000000e-01
3.379912529642499867e+05 1.921081542968750000e-02 1.296997070312500000e-03 9.969177246093750000e-01
3.379912767622499960e+05 1.689147949218750000e-02 9.155273437500000000e-05 9.983215332031250000e-01
3.379913005722499802e+05 1.690673828125000000e-02 9.613037109375000000e-04 9.989471435546875000e-01
3.379913242972500157e+05 1.475524902343750000e-02 8.697509765625000000e-04 9.995880126953125000e-01
3.379913481052499847e+05 1.597595214843750000e-02 8.850097656250000000e-04 9.993438720703125000e-01
3.379913718012499739e+05 1.564025878906250000e-02 7.629394531250000000e-05 9.997253417968750000e-01
3.379913956372499815e+05 1.583862304687500000e-02 -8.239746093750000000e-04 9.986114501953125000e-01
3.379914194432499935e+05 1.460266113281250000e-02 -2.288818359375000000e-04 9.984741210937500000e-01
3.379914431512500159e+05 1.693725585937500000e-02 2.182006835937500000e-03 9.987335205078125000e-01
3.379914669512499822e+05 1.737976074218750000e-02 1.190185546875000000e-03 9.987335205078125000e-01
3.379914906672500074e+05 1.614379882812500000e-02 3.356933593750000000e-04 9.989929199218750000e-01
3.379915144732500194e+05 1.535034179687500000e-02 9.918212890625000000e-04 9.994812011718750000e-01
3.379915382782500237e+05 1.673889160156250000e-02 1.464843750000000000e-03 9.982604980468750000e-01
3.379915620022499934e+05 1.643371582031250000e-02 1.663208007812500000e-03 9.978332519531250000e-01
3.379915858032500255e+05 1.548767089843750000e-02 1.022338867187500000e-03 9.998626708984375000e-01
3.379916095322499750e+05 1.655578613281250000e-02 1.693725585937500000e-03 9.988555908203125000e-01
3.379916333222499816e+05 1.579284667968750000e-02 -2.441406250000000000e-04 9.985351562500000000e-01
3.379916571312500164e+05 1.409912109375000000e-02 1.159667968750000000e-03 9.984130859375000000e-01
3.379916808532500290e+05 1.487731933593750000e-02 9.155273437500000000e-04 9.980621337890625000e-01
3.379917046632500133e+05 1.428222656250000000e-02 1.663208007812500000e-03 9.997406005859375000e-01
3.379917283682500129e+05 1.670837402343750000e-02 1.281738281250000000e-03 9.984283447265625000e-01
3.379917521742500248e+05 1.676940917968750000e-02 6.408691406250000000e-04 9.962463378906250000e-01
3.379917759812499862e+05 1.519775390625000000e-02 1.678466796875000000e-04 9.980163574218750000e-01
3.379917997012499836e+05 1.609802246093750000e-02 7.629394531250000000e-04 9.997100830078125000e-01
3.379918235112500261e+05 1.440429687500000000e-02 -4.119873046875000000e-04 9.998779296875000000e-01
3.379918472122499952e+05 1.464843750000000000e-02 -1.068115234375000000e-04 9.991455078125000000e-01
3.379918710322499974e+05 1.495361328125000000e-02 6.408691406250000000e-04 9.977874755859375000e-01
3.379918948302500066e+05 1.618957519531250000e-02 6.561279296875000000e-04 9.966583251953125000e-01
3.379919185572499991e+05 1.518249511718750000e-02 -5.950927734375000000e-04 9.990692138671875000e-01
3.379919423652500263e+05 1.513671875000000000e-02 -9.307861328125000000e-04 9.969635009765625000e-01
3.379919660802499857e+05 1.409912109375000000e-02 2.288818359375000000e-03 9.988555908203125000e-01
3.379919898882500129e+05 1.483154296875000000e-02 -5.035400390625000000e-04 1.000015258789062056e+00
3.379920136972499895e+05 1.467895507812500000e-02 2.136230468750000000e-03 9.995269775390625000e-01
3.379920374102499918e+05 1.582336425781250000e-02 1.220703125000000000e-04 9.988708496093750000e-01
3.379920612182500190e+05 1.690673828125000000e-02 1.846313476562500000e-03 9.985198974609375000e-01
3.379920849302500137e+05 1.481628417968750000e-02 -7.629394531250000000e-05 9.982452392578125000e-01
3.379921087362500257e+05 1.390075683593750000e-02 5.798339843750000000e-04 9.991607666015625000e-01
3.379921325292499969e+05 1.469421386718750000e-02 6.561279296875000000e-04 9.994659423828125000e-01
3.379921562522500171e+05 1.548767089843750000e-02 6.256103515625000000e-04 9.990844726562500000e-01
3.379921800592499785e+05 1.698303222656250000e-02 6.713867187500000000e-04 9.990844726562500000e-01
3.379922037722499808e+05 1.493835449218750000e-02 3.662109375000000000e-04 9.992828369140625000e-01
3.379922275812500156e+05 1.562500000000000000e-02 -4.730224609375000000e-04 1.000015258789062056e+00
3.379922513932500151e+05 1.643371582031250000e-02 8.697509765625000000e-04 9.984436035156250000e-01
3.379922751042500022e+05 1.576232910156250000e-02 -6.103515625000000000e-05 9.972381591796875000e-01
3.379922989152499940e+05 1.365661621093750000e-02 8.697509765625000000e-04 9.988708496093750000e-01
3.379923226282499963e+05 1.492309570312500000e-02 -1.678466796875000000e-03 9.990997314453125000e-01
3.379923464372499730e+05 1.628112792968750000e-02 6.408691406250000000e-04 9.990692138671875000e-01
3.379923702462500078e+05 1.504516601562500000e-02 3.356933593750000000e-04 9.987945556640625000e-01
3.379923939582500025e+05 1.783752441406250000e-02 3.051757812500000000e-04 9.983978271484375000e-01
3.379924177672499791e+05 1.411437988281250000e-02 1.647949218750000000e-03 9.989776611328125000e-01
3.379924414842500119e+05 1.475524902343750000e-02 -5.493164062500000000e-04 9.974060058593750000e-01
3.379924652952500037e+05 1.585388183593750000e-02 -1.220703125000000000e-04 9.996643066406250000e-01
3.379924891072500031e+05 1.605224609375000000e-02 -4.882812500000000000e-04 1.000869750976562056e+00
3.379925128222500207e+05 1.596069335937500000e-02 5.187988281250000000e-04 9.996490478515625000e-01
3.379925366342500201e+05 1.507568359375000000e-02 -1.342773437500000000e-03 9.990386962890625000e-01
3.379925603492499795e+05 1.564025878906250000e-02 -1.235961914062500000e-03 9.991149902343750000e-01
3.379925841572500067e+05 1.568603515625000000e-02 1.983642578125000000e-04 9.999237060546875000e-01
3.379926079652499757e+05 1.708984375000000000e-02 9.765625000000000000e-04 9.965972900390625000e-01
3.379926316742500057e+05 1.443481445312500000e-02 -7.781982421875000000e-04 9.992523193359375000e-01
3.379926554802500177e+05 1.599121093750000000e-02 2.059936523437500000e-03 9.977722167968750000e-01
3.379926792022499721e+05 1.614379882812500000e-02 -1.068115234375000000e-03 9.980926513671875000e-01
3.379927030242499895e+05 1.448059082031250000e-02 2.777099609375000000e-03 9.989624023437500000e-01
3.379927268222499988e+05 1.496887207031250000e-02 6.103515625000000000e-05 9.971008300781250000e-01
3.379927505402499810e+05 1.470947265625000000e-02 1.388549804687500000e-03 9.992370605468750000e-01
3.379927743532499881e+05 1.545715332031250000e-02 7.629394531250000000e-05 9.982147216796875000e-01
3.379927980672499980e+05 1.591491699218750000e-02 1.525878906250000000e-04 9.985504150390625000e-01
3.379928218752500252e+05 1.618957519531250000e-02 2.899169921875000000e-04 9.978179931640625000e-01
3.379928456822499866e+05 1.518249511718750000e-02 2.304077148437500000e-03 9.995574951171875000e-01
3.379928693962499965e+05 1.309204101562500000e-02 -3.051757812500000000e-04 1.000015258789062056e+00
3.379928932042500237e+05 1.585388183593750000e-02 -3.051757812500000000e-05 9.994354248046875000e-01
3.379929169162500184e+05 1.434326171875000000e-02 4.882812500000000000e-04 9.984130859375000000e-01
3.379929407262500026e+05 1.756286621093750000e-02 1.678466796875000000e-04 9.986114501953125000e-01
3.379929645372499945e+05 1.473999023437500000e-02 1.220703125000000000e-04 9.998931884765625000e-01
3.379929882542500272e+05 1.637268066406250000e-02 7.934570312500000000e-04 9.994354248046875000e-01
3.379930120692499913e+05 1.863098144531250000e-02 3.967285156250000000e-04 1.000717163085937944e+00
3.379930357782500214e+05 1.606750488281250000e-02 4.730224609375000000e-04 9.996490478515625000e-01
3.379930595882500056e+05 1.469421386718750000e-02 -1.525878906250000000e-05 9.977874755859375000e-01
3.379930834012500127e+05 1.451110839843750000e-02 -1.525878906250000000e-04 9.986114501953125000e-01
3.379931071192499949e+05 1.737976074218750000e-02 -6.103515625000000000e-05 9.989318847656250000e-01
3.379931309262500145e+05 1.579284667968750000e-02 7.934570312500000000e-04 1.001358032226562056e+00
3.379931546482500271e+05 1.615905761718750000e-02 -3.814697265625000000e-04 1.001541137695312056e+00
3.379931784552499885e+05 1.640319824218750000e-02 -2.136230468750000000e-04 9.988555908203125000e-01
3.379932022642500233e+05 1.576232910156250000e-02 -4.425048828125000000e-04 9.979553222656250000e-01
3.379932259782499750e+05 1.585388183593750000e-02 -9.155273437500000000e-05 9.985351562500000000e-01
3.379932497852499946e+05 1.603698730468750000e-02 -2.136230468750000000e-04 9.985809326171875000e-01
3.379932734922500094e+05 1.654052734375000000e-02 -1.190185546875000000e-03 9.994659423828125000e-01
3.379932973032500013e+05 1.695251464843750000e-02 9.155273437500000000e-04 9.982299804687500000e-01
3.379933211232500034e+05 1.599121093750000000e-02 5.340576171875000000e-04 9.990539550781250000e-01
3.379933448262499878e+05 1.527404785156250000e-02 2.929687500000000000e-03 1.000946044921875000e+00
3.379933686342500150e+05 1.445007324218750000e-02 7.019042968750000000e-04 9.991760253906250000e-01
3.379933923412499717e+05 1.504516601562500000e-02 6.103515625000000000e-05 9.997100830078125000e-01
