4.444262406112500321e+04 -3.425903320312500000e-01 3.297424316406250000e-02 9.488372802734375000e-01
4.444265387612499762e+04 -3.423767089843750000e-01 3.216552734375000000e-02 9.487152099609375000e-01
4.444268366112499643e+04 -3.435211181640625000e-01 3.257751464843750000e-02 9.482116699218750000e-01
4.444271347812501335e+04 -3.440093994140625000e-01 3.193664550781250000e-02 9.484558105468750000e-01
4.444274330012500286e+04 -3.437957763671875000e-01 3.176879882812500000e-02 9.495391845703125000e-01
4.444277310812500218e+04 -3.430175781250000000e-01 3.138732910156250000e-02 9.496154785156250000e-01
4.444280288812499930e+04 -3.442077636718750000e-01 3.044128417968750000e-02 9.479980468750000000e-01
4.444283270912500302e+04 -3.427581787109375000e-01 3.179931640625000000e-02 9.471740722656250000e-01
4.444286251012499997e+04 -3.435211181640625000e-01 3.266906738281250000e-02 9.481353759765625000e-01
4.444289231012499658e+04 -3.416290283203125000e-01 3.250122070312500000e-02 9.494018554687500000e-01
4.444292212712501350e+04 -3.421325683593750000e-01 3.125000000000000000e-02 9.496459960937500000e-01
4.444295192812500318e+04 -3.440246582031250000e-01 3.120422363281250000e-02 9.464263916015625000e-01
4.444298172612499911e+04 -3.421630859375000000e-01 3.181457519531250000e-02 9.486999511718750000e-01
4.444301154212500114e+04 -3.422241210937500000e-01 3.033447265625000000e-02 9.456939697265625000e-01
4.444304132712499995e+04 -3.419952392578125000e-01 3.253173828125000000e-02 9.452514648437500000e-01
4.444307114312500198e+04 -3.442382812500000000e-01 3.147888183593750000e-02 9.435882568359375000e-01
4.444310092812500079e+04 -3.407287597656250000e-01 3.088378906250000000e-02 9.464111328125000000e-01
4.444313074512500316e+04 -3.433837890625000000e-01 3.097534179687500000e-02 9.444274902343750000e-01
4.444316055912499723e+04 -3.446197509765625000e-01 3.123474121093750000e-02 9.450225830078125000e-01
4.444319034512499638e+04 -3.426208496093750000e-01 3.123474121093750000e-02 9.455566406250000000e-01
4.444322016012501263e+04 -3.424835205078125000e-01 3.179931640625000000e-02 9.449462890625000000e-01
4.444324997712500044e+04 -3.426666259765625000e-01 3.332519531250000000e-02 9.447021484375000000e-01
4.444327976112501347e+04 -3.436279296875000000e-01 3.317260742187500000e-02 9.451141357421875000e-01
4.444330957712500094e+04 -3.408813476562500000e-01 3.334045410156250000e-02 9.450683593750000000e-01
4.444333936212499975e+04 -3.442993164062500000e-01 3.189086914062500000e-02 9.444885253906250000e-01
4.444336917812500178e+04 -3.427276611328125000e-01 3.163146972656250000e-02 9.443359375000000000e-01
4.444339896412500093e+04 -3.420562744140625000e-01 3.134155273437500000e-02 9.469757080078125000e-01
4.444342876612501277e+04 -3.436126708984375000e-01 3.176879882812500000e-02 9.475250244140625000e-01
4.444345856512500177e+04 -3.439025878906250000e-01 3.164672851562500000e-02 9.458770751953125000e-01
4.444348836412501259e+04 -3.433227539062500000e-01 3.268432617187500000e-02 9.445648193359375000e-01
4.444351816412500193e+04 -3.435974121093750000e-01 3.158569335937500000e-02 9.461975097656250000e-01
4.444354796512501343e+04 -3.417053222656250000e-01 3.126525878906250000e-02 9.450531005859375000e-01
4.444357822737500101e+04 -3.439483642578125000e-01 3.080749511718750000e-02 9.464416503906250000e-01
4.444360800737501268e+04 -3.433990478515625000e-01 3.164672851562500000e-02 9.462127685546875000e-01
4.444363782337500015e+04 -3.406829833984375000e-01 3.140258789062500000e-02 9.455718994140625000e-01
4.444366760837501351e+04 -3.423156738281250000e-01 3.120422363281250000e-02 9.460449218750000000e-01
4.444369742337500065e+04 -3.407440185546875000e-01 3.263854980468750000e-02 9.458007812500000000e-01
4.444372720837499946e+04 -3.441009521484375000e-01 3.153991699218750000e-02 9.465332031250000000e-01
4.444375702437500149e+04 -3.429718017578125000e-01 3.199768066406250000e-02 9.447631835937500000e-01
4.444378681937499641e+04 -3.427734375000000000e-01 3.096008300781250000e-02 9.455261230468750000e-01
4.444381662637500267e+04 -3.425445556640625000e-01 3.071594238281250000e-02 9.470672607421875000e-01
4.444384641037500114e+04 -3.443603515625000000e-01 3.134155273437500000e-02 9.450683593750000000e-01
4.444387622537500283e+04 -3.417205810546875000e-01 3.060913085937500000e-02 9.447326660156250000e-01
4.444390601137500198e+04 -3.431854248046875000e-01 3.181457519531250000e-02 9.438781738281250000e-01
4.444393581537499995e+04 -3.418884277343750000e-01 3.184509277343750000e-02 9.439239501953125000e-01
4.444396561237500282e+04 -3.423614501953125000e-01 3.088378906250000000e-02 9.443359375000000000e-01
4.444399539637500129e+04 -3.425140380859375000e-01 3.135681152343750000e-02 9.463958740234375000e-01
4.444402521337499638e+04 -3.423156738281250000e-01 3.074645996093750000e-02 9.478607177734375000e-01
4.444405499137500010e+04 -3.428039550781250000e-01 3.123474121093750000e-02 9.480895996093750000e-01
4.444408478837500297e+04 -3.435058593750000000e-01 3.158569335937500000e-02 9.461822509765625000e-01
4.444411459937500331e+04 -3.424224853515625000e-01 3.330993652343750000e-02 9.475555419921875000e-01
4.444414438337500178e+04 -3.438110351562500000e-01 3.248596191406250000e-02 9.449310302734375000e-01
4.444417416837500059e+04 -3.440551757812500000e-01 3.221130371093750000e-02 9.457092285156250000e-01
4.444420398537500296e+04 -3.433380126953125000e-01 3.073120117187500000e-02 9.469299316406250000e-01
4.444423376637500041e+04 -3.409881591796875000e-01 3.063964843750000000e-02 9.459381103515625000e-01
4.444426358537500346e+04 -3.438568115234375000e-01 3.192138671875000000e-02 9.481353759765625000e-01
4.444429337037500227e+04 -3.423614501953125000e-01 3.176879882812500000e-02 9.462432861328125000e-01
4.444432315637500142e+04 -3.436889648437500000e-01 3.273010253906250000e-02 9.461669921875000000e-01
4.444435297237500345e+04 -3.419647216796875000e-01 3.153991699218750000e-02 9.458923339843750000e-01
4.444438275637500192e+04 -3.424072265625000000e-01 3.096008300781250000e-02 9.457397460937500000e-01
4.444441253837499971e+04 -3.436737060546875000e-01 3.169250488281250000e-02 9.463043212890625000e-01
4.444444235737500276e+04 -3.433227539062500000e-01 3.030395507812500000e-02 9.451904296875000000e-01
4.444447214337500191e+04 -3.421020507812500000e-01 3.207397460937500000e-02 9.490814208984375000e-01
4.444450192737500038e+04 -3.441314697265625000e-01 3.192138671875000000e-02 9.468688964843750000e-01
4.444453172737499699e+04 -3.411560058593750000e-01 3.123474121093750000e-02 9.476928710937500000e-01
4.444456152937500156e+04 -3.422088623046875000e-01 3.388977050781250000e-02 9.447021484375000000e-01
4.444459131337500003e+04 -3.413696289062500000e-01 3.303527832031250000e-02 9.458923339843750000e-01
4.444462110337500053e+04 -3.426513671875000000e-01 3.334045410156250000e-02 9.471893310546875000e-01
4.444465091437500087e+04 -3.423004150390625000e-01 3.144836425781250000e-02 9.458007812500000000e-01
4.444468070037500001e+04 -3.425903320312500000e-01 3.184509277343750000e-02 9.449005126953125000e-01
4.444471051637500204e+04 -3.420867919921875000e-01 3.115844726562500000e-02 9.472808837890625000e-01
4.444474030137500085e+04 -3.432159423828125000e-01 3.100585937500000000e-02 9.456787109375000000e-01
4.444477011637500254e+04 -3.429870605468750000e-01 3.237915039062500000e-02 9.445037841796875000e-01
4.444479990237500169e+04 -3.438873291015625000e-01 3.356933593750000000e-02 9.466552734375000000e-01
4.444482968737500050e+04 -3.423767089843750000e-01 3.121948242187500000e-02 9.479675292968750000e-01
4.444485950237500219e+04 -3.431243896484375000e-01 3.170776367187500000e-02 9.472961425781250000e-01
4.444488928737500100e+04 -3.433380126953125000e-01 3.103637695312500000e-02 9.497070312500000000e-01
4.444491907337500015e+04 -3.425445556640625000e-01 3.132629394531250000e-02 9.460449218750000000e-01
4.444494888937500218e+04 -3.409881591796875000e-01 3.163146972656250000e-02 9.480438232421875000e-01
4.444497867437500099e+04 -3.432312011718750000e-01 3.086853027343750000e-02 9.463958740234375000e-01
4.444500845837499946e+04 -3.437500000000000000e-01 3.233337402343750000e-02 9.455566406250000000e-01
4.444503827437500149e+04 -3.427429199218750000e-01 3.195190429687500000e-02 9.456176757812500000e-01
4.444506805937500030e+04 -3.414611816406250000e-01 3.170776367187500000e-02 9.468231201171875000e-01
4.444509784537499945e+04 -3.447265625000000000e-01 3.254699707031250000e-02 9.466247558593750000e-01
4.444512766137500148e+04 -3.445129394531250000e-01 3.309631347656250000e-02 9.457397460937500000e-01
4.444515744537499995e+04 -3.416748046875000000e-01 3.265380859375000000e-02 9.462890625000000000e-01
4.444518723037501331e+04 -3.448181152343750000e-01 3.196716308593750000e-02 9.458465576171875000e-01
4.444521704737500113e+04 -3.454589843750000000e-01 3.146362304687500000e-02 9.444274902343750000e-01
4.444524683237499994e+04 -3.433227539062500000e-01 3.184509277343750000e-02 9.453125000000000000e-01
4.444527661637501296e+04 -3.412628173828125000e-01 3.060913085937500000e-02 9.462127685546875000e-01
4.444530641937500332e+04 -3.414001464843750000e-01 3.126525878906250000e-02 9.474487304687500000e-01
4.444533621837499959e+04 -3.443145751953125000e-01 3.169250488281250000e-02 9.460754394531250000e-01
4.444536602237499756e+04 -3.429565429687500000e-01 3.117370605468750000e-02 9.478912353515625000e-01
4.444539581937500043e+04 -3.423309326171875000e-01 3.257751464843750000e-02 9.458923339843750000e-01
4.444542560337501345e+04 -3.421173095703125000e-01 3.211975097656250000e-02 9.459075927734375000e-01
4.444545541937500093e+04 -3.422393798828125000e-01 3.114318847656250000e-02 9.467315673828125000e-01
4.444548520437499974e+04 -3.433227539062500000e-01 3.083801269531250000e-02 9.467620849609375000e-01
4.444551499537500058e+04 -3.418579101562500000e-01 3.091430664062500000e-02 9.471588134765625000e-01
4.444554480537500058e+04 -3.428802490234375000e-01 3.105163574218750000e-02 9.458465576171875000e-01
4.444557459137499973e+04 -3.415679931640625000e-01 3.157043457031250000e-02 9.452514648437500000e-01
4.444560440537500108e+04 -3.434753417968750000e-01 3.163146972656250000e-02 9.447631835937500000e-01
4.444563419037499989e+04 -3.425445556640625000e-01 3.166198730468750000e-02 9.442443847656250000e-01
4.444566397737499938e+04 -3.436737060546875000e-01 3.091430664062500000e-02 9.467468261718750000e-01
4.444569379137500073e+04 -3.427734375000000000e-01 3.216552734375000000e-02 9.474487304687500000e-01
4.444572357637499954e+04 -3.436126708984375000e-01 3.199768066406250000e-02 9.490051269531250000e-01
4.444575339237500157e+04 -3.432769775390625000e-01 3.390502929687500000e-02 9.458618164062500000e-01
4.444578317837500072e+04 -3.440704345703125000e-01 3.175354003906250000e-02 9.468994140625000000e-01
4.444581300237501273e+04 -3.415832519531250000e-01 3.439331054687500000e-02 9.467926025390625000e-01
4.444584277937500156e+04 -3.431701660156250000e-01 3.205871582031250000e-02 9.464721679687500000e-01
4.444587256937500206e+04 -3.426361083984375000e-01 3.169250488281250000e-02 9.469451904296875000e-01
4.444590238037500239e+04 -3.435058593750000000e-01 3.332519531250000000e-02 9.483947753906250000e-01
4.444593216637500154e+04 -3.430480957031250000e-01 3.138732910156250000e-02 9.464721679687500000e-01
4.444596198037500290e+04 -3.428802490234375000e-01 3.364562988281250000e-02 9.474945068359375000e-01
4.444599176637500204e+04 -3.414306640625000000e-01 3.144836425781250000e-02 9.463043212890625000e-01
4.444602158237499680e+04 -3.428039550781250000e-01 3.326416015625000000e-02 9.474182128906250000e-01
4.444605136637500254e+04 -3.422088623046875000e-01 3.193664550781250000e-02 9.470367431640625000e-01
4.444608115237500169e+04 -3.421630859375000000e-01 3.210449218750000000e-02 9.460601806640625000e-01
4.444611097837499983e+04 -3.407745361328125000e-01 3.164672851562500000e-02 9.445037841796875000e-01
4.444614075337500253e+04 -3.452606201171875000e-01 3.097534179687500000e-02 9.481811523437500000e-01
4.444617056837499695e+04 -3.444519042968750000e-01 3.187561035156250000e-02 9.469909667968750000e-01
4.444620035337500303e+04 -3.436126708984375000e-01 3.173828125000000000e-02 9.469757080078125000e-01
4.444623016837499745e+04 -3.432922363281250000e-01 3.112792968750000000e-02 9.475860595703125000e-01
4.444625995337500353e+04 -3.423614501953125000e-01 3.123474121093750000e-02 9.467926025390625000e-01
4.444628974037500302e+04 -3.429412841796875000e-01 3.057861328125000000e-02 9.505004882812500000e-01
4.444631955537499744e+04 -3.424835205078125000e-01 3.126525878906250000e-02 9.490509033203125000e-01
4.444634933937500318e+04 -3.426513671875000000e-01 3.112792968750000000e-02 9.488983154296875000e-01
4.444637915637501283e+04 -3.425903320312500000e-01 3.279113769531250000e-02 9.470520019531250000e-01
4.444640895037500013e+04 -3.437042236328125000e-01 3.120422363281250000e-02 9.459228515625000000e-01
4.444643872537500283e+04 -3.417968750000000000e-01 3.291320800781250000e-02 9.458160400390625000e-01
4.444646851037500164e+04 -3.428344726562500000e-01 3.160095214843750000e-02 9.483032226562500000e-01
4.444649832737499673e+04 -3.448791503906250000e-01 3.222656250000000000e-02 9.480438232421875000e-01
4.444652811137500248e+04 -3.432006835937500000e-01 3.083801269531250000e-02 9.500122070312500000e-01
4.444655792237500282e+04 -3.438568115234375000e-01 3.138732910156250000e-02 9.475708007812500000e-01
4.444658769337499689e+04 -3.443450927734375000e-01 2.995300292968750000e-02 9.472503662109375000e-01
4.444661749737500213e+04 -3.439636230468750000e-01 3.169250488281250000e-02 9.465789794921875000e-01
4.444664728337500128e+04 -3.446350097656250000e-01 3.141784667968750000e-02 9.448089599609375000e-01
4.444667709837500297e+04 -3.422698974609375000e-01 3.082275390625000000e-02 9.457702636718750000e-01
4.444670687737499975e+04 -3.442687988281250000e-01 3.187561035156250000e-02 9.476318359375000000e-01
4.444673666837500059e+04 -3.421936035156250000e-01 3.012084960937500000e-02 9.460296630859375000e-01
4.444676645437499974e+04 -3.435974121093750000e-01 3.204345703125000000e-02 9.468688964843750000e-01
4.444679626937500143e+04 -3.424530029296875000e-01 3.210449218750000000e-02 9.463653564453125000e-01
4.444682605537500058e+04 -3.437347412109375000e-01 3.169250488281250000e-02 9.452667236328125000e-01
4.444685582537500159e+04 -3.434906005859375000e-01 3.282165527343750000e-02 9.469146728515625000e-01
4.444688562637501309e+04 -3.413238525390625000e-01 3.140258789062500000e-02 9.501190185546875000e-01
4.444691541137499735e+04 -3.423309326171875000e-01 3.114318847656250000e-02 9.472961425781250000e-01
4.444694522237499768e+04 -3.451538085937500000e-01 2.888488769531250000e-02 9.460754394531250000e-01
4.444697501237501274e+04 -3.446197509765625000e-01 3.225708007812500000e-02 9.492492675781250000e-01
4.444700479737499700e+04 -3.426513671875000000e-01 3.253173828125000000e-02 9.472656250000000000e-01
4.444703458137500274e+04 -3.428649902343750000e-01 3.176879882812500000e-02 9.466400146484375000e-01
4.444706439737499750e+04 -3.437957763671875000e-01 3.225708007812500000e-02 9.465332031250000000e-01
4.444709418237500358e+04 -3.451232910156250000e-01 3.149414062500000000e-02 9.470825195312500000e-01
4.444712396737500239e+04 -3.425750732421875000e-01 3.060913085937500000e-02 9.489440917968750000e-01
4.444715375337500154e+04 -3.439331054687500000e-01 3.114318847656250000e-02 9.487304687500000000e-01
4.444718356837500323e+04 -3.413085937500000000e-01 3.222656250000000000e-02 9.461822509765625000e-01
4.444721335337500204e+04 -3.439483642578125000e-01 3.129577636718750000e-02 9.469299316406250000e-01
4.444724314337500255e+04 -3.420715332031250000e-01 3.237915039062500000e-02 9.462890625000000000e-01
4.444727292337499966e+04 -3.427734375000000000e-01 3.210449218750000000e-02 9.473571777343750000e-01
4.444730272337500355e+04 -3.417053222656250000e-01 3.172302246093750000e-02 9.496154785156250000e-01
4.444733252437500050e+04 -3.428344726562500000e-01 3.129577636718750000e-02 9.469604492187500000e-01
4.444736230937499931e+04 -3.433685302734375000e-01 3.149414062500000000e-02 9.488372802734375000e-01
4.444739209337501234e+04 -3.430786132812500000e-01 3.320312500000000000e-02 9.487457275390625000e-01
4.444742188137499761e+04 -3.417816162109375000e-01 3.050231933593750000e-02 9.481353759765625000e-01
4.444745169637499930e+04 -3.422088623046875000e-01 3.221130371093750000e-02 9.490661621093750000e-01
4.444748148037501232e+04 -3.426361083984375000e-01 3.227233886718750000e-02 9.471282958984375000e-01
4.444751126737499726e+04 -3.413696289062500000e-01 3.288269042968750000e-02 9.465026855468750000e-01
4.444754104437500064e+04 -3.430633544921875000e-01 3.019714355468750000e-02 9.474639892578125000e-01
4.444757083637500182e+04 -3.437500000000000000e-01 3.125000000000000000e-02 9.468536376953125000e-01
4.444760065337499691e+04 -3.422393798828125000e-01 3.074645996093750000e-02 9.468994140625000000e-01
4.444763043837500300e+04 -3.420410156250000000e-01 3.114318847656250000e-02 9.504852294921875000e-01
4.444766022237500147e+04 -3.421478271484375000e-01 3.211975097656250000e-02 9.468231201171875000e-01
4.444769002237501263e+04 -3.431091308593750000e-01 3.106689453125000000e-02 9.486236572265625000e-01
4.444771979337499943e+04 -3.422546386718750000e-01 3.225708007812500000e-02 9.483337402343750000e-01
4.444774957737501245e+04 -3.442535400390625000e-01 3.193664550781250000e-02 9.473114013671875000e-01
4.444777939337499993e+04 -3.447265625000000000e-01 3.108215332031250000e-02 9.484558105468750000e-01
4.444780917837501329e+04 -3.419342041015625000e-01 3.094482421875000000e-02 9.484863281250000000e-01
4.444783896237499721e+04 -3.422088623046875000e-01 3.150939941406250000e-02 9.469451904296875000e-01
4.444786874837500363e+04 -3.434448242187500000e-01 3.125000000000000000e-02 9.481048583984375000e-01
4.444789856537501328e+04 -3.424072265625000000e-01 3.195190429687500000e-02 9.452667236328125000e-01
4.444792834937499720e+04 -3.438873291015625000e-01 3.163146972656250000e-02 9.484252929687500000e-01
4.444795813537500362e+04 -3.424224853515625000e-01 3.147888183593750000e-02 9.493713378906250000e-01
4.444798792237500311e+04 -3.420104980468750000e-01 3.079223632812500000e-02 9.485168457031250000e-01
4.444801773637499718e+04 -3.434143066406250000e-01 3.141784667968750000e-02 9.475555419921875000e-01
4.444804752237500361e+04 -3.424377441406250000e-01 3.244018554687500000e-02 9.472045898437500000e-01
4.444807730737500242e+04 -3.442687988281250000e-01 3.233337402343750000e-02 9.480133056640625000e-01
4.444810709137500089e+04 -3.425445556640625000e-01 3.250122070312500000e-02 9.466400146484375000e-01
4.444813687837500038e+04 -3.434906005859375000e-01 3.233337402343750000e-02 9.461212158203125000e-01
4.444816669337500207e+04 -3.432769775390625000e-01 3.097534179687500000e-02 9.490203857421875000e-01
4.444819647837500088e+04 -3.440246582031250000e-01 3.105163574218750000e-02 9.471740722656250000e-01
4.444822626237499935e+04 -3.443603515625000000e-01 3.263854980468750000e-02 9.465179443359375000e-01
4.444825604837501305e+04 -3.425140380859375000e-01 3.245544433593750000e-02 9.473571777343750000e-01
4.444828583937499934e+04 -3.428649902343750000e-01 3.273010253906250000e-02 9.486846923828125000e-01
4.444831564937499934e+04 -3.418731689453125000e-01 3.309631347656250000e-02 9.474639892578125000e-01
4.444834543437501270e+04 -3.427124023437500000e-01 3.111267089843750000e-02 9.478607177734375000e-01
4.444837521837499662e+04 -3.440399169921875000e-01 3.088378906250000000e-02 9.477539062500000000e-01
4.444840500337500271e+04 -3.413238525390625000e-01 3.121948242187500000e-02 9.478759765625000000e-01
4.444843481237500237e+04 -3.421478271484375000e-01 3.251647949218750000e-02 9.487457275390625000e-01
4.444846457537500100e+04 -3.419952392578125000e-01 3.125000000000000000e-02 9.470825195312500000e-01
4.444849439037500269e+04 -3.442230224609375000e-01 3.306579589843750000e-02 9.458312988281250000e-01
4.444852417537500151e+04 -3.427734375000000000e-01 3.202819824218750000e-02 9.476318359375000000e-01
4.444855395337501250e+04 -3.439331054687500000e-01 3.251647949218750000e-02 9.472351074218750000e-01
4.444858367300000100e+04 -3.424224853515625000e-01 3.042602539062500000e-02 9.489440917968750000e-01
4.444861348800000269e+04 -3.443756103515625000e-01 3.213500976562500000e-02 9.484710693359375000e-01
4.444864326900000015e+04 -3.437805175781250000e-01 3.079223632812500000e-02 9.464721679687500000e-01
4.444867304999999760e+04 -3.428497314453125000e-01 3.193664550781250000e-02 9.489593505859375000e-01
4.444870286599999963e+04 -3.432922363281250000e-01 3.297424316406250000e-02 9.457702636718750000e-01
4.444873263500000030e+04 -3.440399169921875000e-01 3.321838378906250000e-02 9.482879638671875000e-01
4.444876243599999725e+04 -3.421020507812500000e-01 3.236389160156250000e-02 9.470825195312500000e-01
4.444879222000000300e+04 -3.441162109375000000e-01 3.105163574218750000e-02 9.495849609375000000e-01
4.444882200700000249e+04 -3.431854248046875000e-01 3.216552734375000000e-02 9.475250244140625000e-01
4.444885182199999690e+04 -3.437957763671875000e-01 3.225708007812500000e-02 9.484252929687500000e-01
4.444888160600000265e+04 -3.420410156250000000e-01 3.036499023437500000e-02 9.472808837890625000e-01
4.444891142199999740e+04 -3.424377441406250000e-01 3.323364257812500000e-02 9.447937011718750000e-01
4.444894120700000349e+04 -3.443450927734375000e-01 3.092956542968750000e-02 9.461822509765625000e-01
4.444897099300000264e+04 -3.430786132812500000e-01 3.167724609375000000e-02 9.474334716796875000e-01
4.444900077900000178e+04 -3.423614501953125000e-01 3.079223632812500000e-02 9.473876953125000000e-01
4.444903058800000144e+04 -3.429260253906250000e-01 3.158569335937500000e-02 9.450073242187500000e-01
4.444906037800000195e+04 -3.425598144531250000e-01 3.182983398437500000e-02 9.479064941406250000e-01
4.444909016500000143e+04 -3.423461914062500000e-01 3.257751464843750000e-02 9.468994140625000000e-01
4.444911998000000312e+04 -3.432922363281250000e-01 3.288269042968750000e-02 9.467468261718750000e-01
4.444914976400000160e+04 -3.432617187500000000e-01 3.378295898437500000e-02 9.480895996093750000e-01
4.444917955400000210e+04 -3.424682617187500000e-01 3.164672851562500000e-02 9.444732666015625000e-01
4.444920933599999989e+04 -3.434143066406250000e-01 3.005981445312500000e-02 9.489135742187500000e-01
4.444923915700000362e+04 -3.411407470703125000e-01 3.195190429687500000e-02 9.453277587890625000e-01
4.444926893700000073e+04 -3.433990478515625000e-01 3.027343750000000000e-02 9.479522705078125000e-01
4.444929872199999954e+04 -3.418884277343750000e-01 3.163146972656250000e-02 9.475250244140625000e-01
4.444932850299999700e+04 -3.431396484375000000e-01 3.184509277343750000e-02 9.467163085937500000e-01
4.444935832200000004e+04 -3.433380126953125000e-01 3.102111816406250000e-02 9.471282958984375000e-01
4.444938810799999919e+04 -3.424072265625000000e-01 3.094482421875000000e-02 9.467163085937500000e-01
4.444941789300001255e+04 -3.420562744140625000e-01 3.088378906250000000e-02 9.461364746093750000e-01
4.444944770900000003e+04 -3.430175781250000000e-01 3.189086914062500000e-02 9.478454589843750000e-01
4.444947750400000223e+04 -3.445739746093750000e-01 3.132629394531250000e-02 9.485473632812500000e-01
4.444950729500000307e+04 -3.437042236328125000e-01 3.285217285156250000e-02 9.451141357421875000e-01
4.444953709399999934e+04 -3.437652587890625000e-01 3.227233886718750000e-02 9.472961425781250000e-01
4.444956688000001304e+04 -3.449096679687500000e-01 3.305053710937500000e-02 9.425201416015625000e-01
4.444959669399999984e+04 -3.440093994140625000e-01 3.225708007812500000e-02 9.451904296875000000e-01
4.444962648099999933e+04 -3.438262939453125000e-01 3.182983398437500000e-02 9.458465576171875000e-01
4.444965626600001269e+04 -3.439483642578125000e-01 3.082275390625000000e-02 9.483642578125000000e-01
4.444968607999999949e+04 -3.433837890625000000e-01 3.134155273437500000e-02 9.484863281250000000e-01
4.444971586600001319e+04 -3.429565429687500000e-01 3.219604492187500000e-02 9.454193115234375000e-01
4.444974565099999745e+04 -3.436584472656250000e-01 3.190612792968750000e-02 9.467620849609375000e-01
4.444977546500001336e+04 -3.430633544921875000e-01 3.184509277343750000e-02 9.470214843750000000e-01
4.444980524999999761e+04 -3.429870605468750000e-01 3.121948242187500000e-02 9.457855224609375000e-01
4.444983503799999744e+04 -3.440704345703125000e-01 3.115844726562500000e-02 9.476928710937500000e-01
4.444986485200001334e+04 -3.427581787109375000e-01 3.050231933593750000e-02 9.480285644531250000e-01
4.444989463699999760e+04 -3.427581787109375000e-01 3.129577636718750000e-02 9.477996826171875000e-01
4.444992442199999641e+04 -3.434753417968750000e-01 3.195190429687500000e-02 9.473876953125000000e-01
4.444995420900000317e+04 -3.416595458984375000e-01 3.167724609375000000e-02 9.456176757812500000e-01
4.444998399300000165e+04 -3.449859619140625000e-01 3.341674804687500000e-02 9.455718994140625000e-01
4.445001379599999927e+04 -3.434600830078125000e-01 3.295898437500000000e-02 9.470062255859375000e-01
4.445004359500000282e+04 -3.441619873046875000e-01 3.308105468750000000e-02 9.463195800781250000e-01
4.445007337299999926e+04 -3.437042236328125000e-01 3.244018554687500000e-02 9.488372802734375000e-01
4.445010316400000011e+04 -3.437500000000000000e-01 3.117370605468750000e-02 9.454956054687500000e-01
4.445013298000000214e+04 -3.423004150390625000e-01 3.268432617187500000e-02 9.488372802734375000e-01
4.445016276199999993e+04 -3.434143066406250000e-01 3.335571289062500000e-02 9.446411132812500000e-01
4.445019254999999976e+04 -3.426513671875000000e-01 3.254699707031250000e-02 9.476776123046875000e-01
4.445022233500001312e+04 -3.416900634765625000e-01 3.402709960937500000e-02 9.474029541015625000e-01
4.445025215100000059e+04 -3.429412841796875000e-01 3.039550781250000000e-02 9.491271972656250000e-01
4.445028193699999974e+04 -3.429718017578125000e-01 3.111267089843750000e-02 9.481964111328125000e-01
4.445031172000001243e+04 -3.437805175781250000e-01 3.167724609375000000e-02 9.488067626953125000e-01
4.445034150599999703e+04 -3.423004150390625000e-01 3.106689453125000000e-02 9.475708007812500000e-01
4.445037132299999939e+04 -3.423156738281250000e-01 3.218078613281250000e-02 9.474029541015625000e-01
4.445040110700001242e+04 -3.420867919921875000e-01 3.140258789062500000e-02 9.484252929687500000e-01
4.445043089199999667e+04 -3.417663574218750000e-01 3.302001953125000000e-02 9.473876953125000000e-01
4.445046068299999752e+04 -3.421783447265625000e-01 3.182983398437500000e-02 9.482727050781250000e-01
4.445049045699999988e+04 -3.425292968750000000e-01 3.178405761718750000e-02 9.473724365234375000e-01
4.445052026900000055e+04 -3.434906005859375000e-01 3.224182128906250000e-02 9.469757080078125000e-01
4.445055004400000325e+04 -3.426513671875000000e-01 3.231811523437500000e-02 9.469146728515625000e-01
4.445057985000000190e+04 -3.430175781250000000e-01 3.329467773437500000e-02 9.468994140625000000e-01
4.445060964300000342e+04 -3.426818847656250000e-01 3.398132324218750000e-02 9.474792480468750000e-01
4.445063941999999952e+04 -3.434906005859375000e-01 3.419494628906250000e-02 9.469299316406250000e-01
4.445066921200000070e+04 -3.435211181640625000e-01 3.303527832031250000e-02 9.474487304687500000e-01
4.445069902100000036e+04 -3.420562744140625000e-01 3.302001953125000000e-02 9.494323730468750000e-01
4.445072880599999917e+04 -3.415679931640625000e-01 3.091430664062500000e-02 9.478759765625000000e-01
4.445075860500000272e+04 -3.425445556640625000e-01 3.189086914062500000e-02 9.469299316406250000e-01
4.445078840700000001e+04 -3.439941406250000000e-01 3.205871582031250000e-02 9.479827880859375000e-01
4.445081818699999712e+04 -3.430480957031250000e-01 3.347778320312500000e-02 9.475860595703125000e-01
4.445084797599999729e+04 -3.435058593750000000e-01 3.205871582031250000e-02 9.471740722656250000e-01
4.445087779199999932e+04 -3.414459228515625000e-01 3.260803222656250000e-02 9.478759765625000000e-01
4.445090757800001302e+04 -3.422088623046875000e-01 3.221130371093750000e-02 9.478607177734375000e-01
4.445093739300000016e+04 -3.433685302734375000e-01 3.225708007812500000e-02 9.481658935546875000e-01
4.445096716500000184e+04 -3.423614501953125000e-01 3.178405761718750000e-02 9.444580078125000000e-01
4.445099696300001233e+04 -3.435668945312500000e-01 3.405761718750000000e-02 9.470977783203125000e-01
4.445102677899999981e+04 -3.435363769531250000e-01 3.244018554687500000e-02 9.453735351562500000e-01
4.445105655700000352e+04 -3.425292968750000000e-01 3.356933593750000000e-02 9.475097656250000000e-01
4.445108637400001317e+04 -3.425750732421875000e-01 3.179931640625000000e-02 9.471435546875000000e-01
4.445111616499999946e+04 -3.418273925781250000e-01 3.114318847656250000e-02 9.470520019531250000e-01
4.445114595000001282e+04 -3.432464599609375000e-01 3.291320800781250000e-02 9.476776123046875000e-01
4.445117573599999741e+04 -3.441925048828125000e-01 3.065490722656250000e-02 9.466705322265625000e-01
4.445120553700000164e+04 -3.441162109375000000e-01 3.233337402343750000e-02 9.465637207031250000e-01
4.445123530600000231e+04 -3.429107666015625000e-01 3.157043457031250000e-02 9.481353759765625000e-01
4.445126512099999673e+04 -3.439483642578125000e-01 2.998352050781250000e-02 9.474182128906250000e-01
4.445129490700000315e+04 -3.418121337890625000e-01 3.080749511718750000e-02 9.468231201171875000e-01
4.445132469200000196e+04 -3.408966064453125000e-01 3.173828125000000000e-02 9.489746093750000000e-01
4.445135448400000314e+04 -3.432769775390625000e-01 3.221130371093750000e-02 9.471588134765625000e-01
4.445138426199999958e+04 -3.423767089843750000e-01 3.181457519531250000e-02 9.478759765625000000e-01
4.445141407700000127e+04 -3.424987792968750000e-01 3.157043457031250000e-02 9.469909667968750000e-01
4.445144386200000008e+04 -3.412170410156250000e-01 3.318786621093750000e-02 9.460601806640625000e-01
4.445147364700001344e+04 -3.440093994140625000e-01 3.373718261718750000e-02 9.480743408203125000e-01
4.445150344300000143e+04 -3.440856933593750000e-01 3.166198730468750000e-02 9.458312988281250000e-01
4.445153324799999973e+04 -3.425140380859375000e-01 3.192138671875000000e-02 9.482421875000000000e-01
4.445156303400001343e+04 -3.423156738281250000e-01 3.094482421875000000e-02 9.472961425781250000e-01
4.445159285000000091e+04 -3.432617187500000000e-01 3.146362304687500000e-02 9.475708007812500000e-01
4.445162263399999938e+04 -3.411560058593750000e-01 3.193664550781250000e-02 9.472198486328125000e-01
4.445165243100000225e+04 -3.423309326171875000e-01 3.091430664062500000e-02 9.456787109375000000e-01
4.445168220499999734e+04 -3.423156738281250000e-01 3.315734863281250000e-02 9.466552734375000000e-01
4.445171202099999937e+04 -3.418273925781250000e-01 3.303527832031250000e-02 9.462432861328125000e-01
4.445174182000000292e+04 -3.410491943359375000e-01 3.071594238281250000e-02 9.480895996093750000e-01
4.445177159099999699e+04 -3.431854248046875000e-01 3.181457519531250000e-02 9.481964111328125000e-01
4.445180140600001323e+04 -3.431243896484375000e-01 3.158569335937500000e-02 9.474029541015625000e-01
4.445183119200001238e+04 -3.438415527343750000e-01 3.274536132812500000e-02 9.471435546875000000e-01
4.445186097799999698e+04 -3.437652587890625000e-01 3.005981445312500000e-02 9.464874267578125000e-01
4.445189079200001288e+04 -3.432769775390625000e-01 3.201293945312500000e-02 9.451904296875000000e-01
4.445192057799999748e+04 -3.422241210937500000e-01 3.292846679687500000e-02 9.459381103515625000e-01
4.445195036399999663e+04 -3.431243896484375000e-01 3.083801269531250000e-02 9.465637207031250000e-01
4.445198017900001287e+04 -3.425903320312500000e-01 3.163146972656250000e-02 9.463348388671875000e-01
4.445200996399999713e+04 -3.432006835937500000e-01 3.092956542968750000e-02 9.482421875000000000e-01
4.445203977600001235e+04 -3.423767089843750000e-01 3.018188476562500000e-02 9.504089355468750000e-01
4.445206956500001252e+04 -3.417358398437500000e-01 3.144836425781250000e-02 9.478454589843750000e-01
4.445209934899999644e+04 -3.451995849609375000e-01 3.175354003906250000e-02 9.469604492187500000e-01
4.445212913600000320e+04 -3.426055908203125000e-01 3.231811523437500000e-02 9.479217529296875000e-01
4.445215894999999728e+04 -3.440551757812500000e-01 3.021240234375000000e-02 9.466552734375000000e-01
4.445218873500000336e+04 -3.423004150390625000e-01 3.208923339843750000e-02 9.452819824218750000e-01
4.445221855200001301e+04 -3.418121337890625000e-01 3.041076660156250000e-02 9.459228515625000000e-01
4.445224833699999726e+04 -3.418731689453125000e-01 3.193664550781250000e-02 9.476165771484375000e-01
4.445227812200000335e+04 -3.421478271484375000e-01 3.259277343750000000e-02 9.472198486328125000e-01
4.445230790800000250e+04 -3.443603515625000000e-01 3.109741210937500000e-02 9.461669921875000000e-01
4.445233772199999657e+04 -3.433685302734375000e-01 3.123474121093750000e-02 9.488067626953125000e-01
4.445236750700000266e+04 -3.415374755859375000e-01 3.105163574218750000e-02 9.470672607421875000e-01
4.445239729400000215e+04 -3.434295654296875000e-01 3.096008300781250000e-02 9.499053955078125000e-01
4.445242710800000350e+04 -3.421783447265625000e-01 3.164672851562500000e-02 9.476318359375000000e-01
4.445245689400000265e+04 -3.431854248046875000e-01 3.105163574218750000e-02 9.477386474609375000e-01
4.445248667700000078e+04 -3.416442871093750000e-01 3.314208984375000000e-02 9.464569091796875000e-01
4.445251649400000315e+04 -3.432312011718750000e-01 3.280639648437500000e-02 9.473266601562500000e-01
4.445254627900000196e+04 -3.440399169921875000e-01 3.115844726562500000e-02 9.497375488281250000e-01
4.445257609599999705e+04 -3.424072265625000000e-01 3.202819824218750000e-02 9.455718994140625000e-01
4.445260588000000280e+04 -3.415985107421875000e-01 3.178405761718750000e-02 9.488220214843750000e-01
4.445263564900000347e+04 -3.434753417968750000e-01 3.118896484375000000e-02 9.487915039062500000e-01
4.445266545000000042e+04 -3.439636230468750000e-01 3.308105468750000000e-02 9.482574462890625000e-01
4.445269523699999991e+04 -3.430023193359375000e-01 3.123474121093750000e-02 9.482269287109375000e-01
4.445272502100001293e+04 -3.421478271484375000e-01 3.215026855468750000e-02 9.466705322265625000e-01
4.445275483600000007e+04 -3.440399169921875000e-01 3.129577636718750000e-02 9.482269287109375000e-01
4.445278460300000006e+04 -3.432312011718750000e-01 3.280639648437500000e-02 9.479217529296875000e-01
4.445281440700001258e+04 -3.423004150390625000e-01 3.213500976562500000e-02 9.466857910156250000e-01
4.445284419199999684e+04 -3.448181152343750000e-01 3.082275390625000000e-02 9.467926025390625000e-01
4.445287397800000326e+04 -3.431549072265625000e-01 3.192138671875000000e-02 9.462890625000000000e-01
4.445290379299999768e+04 -3.424987792968750000e-01 3.170776367187500000e-02 9.447174072265625000e-01
4.445293357500000275e+04 -3.422546386718750000e-01 3.152465820312500000e-02 9.473571777343750000e-01
4.445296336400000291e+04 -3.432006835937500000e-01 3.195190429687500000e-02 9.451751708984375000e-01
4.445299314900000172e+04 -3.423614501953125000e-01 3.176879882812500000e-02 9.477844238281250000e-01
4.445302293400000053e+04 -3.421783447265625000e-01 3.205871582031250000e-02 9.452667236328125000e-01
4.445305271999999968e+04 -3.437957763671875000e-01 3.126525878906250000e-02 9.441680908203125000e-01
4.445308251100000052e+04 -3.426666259765625000e-01 3.060913085937500000e-02 9.456634521484375000e-01
4.445311232800000289e+04 -3.416900634765625000e-01 3.164672851562500000e-02 9.445343017578125000e-01
4.445314210599999933e+04 -3.421936035156250000e-01 3.260803222656250000e-02 9.450531005859375000e-01
4.445317192000000068e+04 -3.429565429687500000e-01 3.262329101562500000e-02 9.451599121093750000e-01
4.445320170599999983e+04 -3.413696289062500000e-01 3.277587890625000000e-02 9.449768066406250000e-01
4.445323149399999966e+04 -3.434600830078125000e-01 3.123474121093750000e-02 9.466705322265625000e-01
4.445326130600000033e+04 -3.432312011718750000e-01 3.060913085937500000e-02 9.473419189453125000e-01
4.445329109199999948e+04 -3.421020507812500000e-01 3.242492675781250000e-02 9.452972412109375000e-01
4.445332087600001250e+04 -3.415222167968750000e-01 3.373718261718750000e-02 9.470214843750000000e-01
4.445335066199999710e+04 -3.430328369140625000e-01 3.282165527343750000e-02 9.452819824218750000e-01
4.445338047500001267e+04 -3.426971435546875000e-01 3.347778320312500000e-02 9.456939697265625000e-01
4.445341023300000234e+04 -3.434448242187500000e-01 3.274536132812500000e-02 9.459533691406250000e-01
4.445344004899999709e+04 -3.420562744140625000e-01 3.274536132812500000e-02 9.481201171875000000e-01
4.445346983300000284e+04 -3.427581787109375000e-01 3.039550781250000000e-02 9.465026855468750000e-01
4.445349961900000199e+04 -3.438262939453125000e-01 3.129577636718750000e-02 9.476013183593750000e-01
4.445352941800001281e+04 -3.442230224609375000e-01 3.300476074218750000e-02 9.470214843750000000e-01
4.445355918799999927e+04 -3.429565429687500000e-01 3.152465820312500000e-02 9.444122314453125000e-01
4.445358894950000104e+04 -3.434753417968750000e-01 3.215026855468750000e-02 9.472656250000000000e-01
4.445361876550000306e+04 -3.432617187500000000e-01 3.242492675781250000e-02 9.461059570312500000e-01
4.445364855050000187e+04 -3.425140380859375000e-01 3.088378906250000000e-02 9.447784423828125000e-01
4.445367831950000254e+04 -3.457031250000000000e-01 3.240966796875000000e-02 9.482879638671875000e-01
4.445370812250000017e+04 -3.440399169921875000e-01 3.196716308593750000e-02 9.476776123046875000e-01
4.445373788849999983e+04 -3.404541015625000000e-01 3.233337402343750000e-02 9.486694335937500000e-01
4.445376769149999745e+04 -3.432464599609375000e-01 3.308105468750000000e-02 9.461822509765625000e-01
4.445379747650000354e+04 -3.446197509765625000e-01 3.273010253906250000e-02 9.450836181640625000e-01
4.445382726250000269e+04 -3.434906005859375000e-01 3.237915039062500000e-02 9.480590820312500000e-01
4.445385704650000116e+04 -3.414611816406250000e-01 3.149414062500000000e-02 9.474945068359375000e-01
4.445388686350000353e+04 -3.431243896484375000e-01 3.158569335937500000e-02 9.477081298828125000e-01
4.445391664750000200e+04 -3.434143066406250000e-01 3.053283691406250000e-02 9.483947753906250000e-01
4.445394643250000081e+04 -3.416442871093750000e-01 3.219604492187500000e-02 9.484710693359375000e-01
4.445397621749999962e+04 -3.410949707031250000e-01 3.332519531250000000e-02 9.475708007812500000e-01
4.445400600350001332e+04 -3.423461914062500000e-01 3.173828125000000000e-02 9.463043212890625000e-01
4.445403578950001247e+04 -3.444671630859375000e-01 3.239440917968750000e-02 9.471740722656250000e-01
4.445406557349999639e+04 -3.432617187500000000e-01 3.184509277343750000e-02 9.468536376953125000e-01
4.445409535950000281e+04 -3.422241210937500000e-01 3.213500976562500000e-02 9.484405517578125000e-01
4.445412516049999977e+04 -3.440856933593750000e-01 3.123474121093750000e-02 9.474487304687500000e-01
4.445415495950000332e+04 -3.426361083984375000e-01 3.114318847656250000e-02 9.495544433593750000e-01
4.445418474550000246e+04 -3.422698974609375000e-01 3.155517578125000000e-02 9.474334716796875000e-01
4.445421453050000127e+04 -3.441619873046875000e-01 3.215026855468750000e-02 9.450225830078125000e-01
4.445424431550000008e+04 -3.414916992187500000e-01 3.265380859375000000e-02 9.453430175781250000e-01
4.445427409750001243e+04 -3.449249267578125000e-01 3.309631347656250000e-02 9.460754394531250000e-01
4.445430388549999770e+04 -3.419036865234375000e-01 3.219604492187500000e-02 9.463806152343750000e-01
4.445433367149999685e+04 -3.417510986328125000e-01 3.265380859375000000e-02 9.474029541015625000e-01
4.445436345550000260e+04 -3.433227539062500000e-01 3.126525878906250000e-02 9.484863281250000000e-01
4.445439327149999735e+04 -3.417358398437500000e-01 3.219604492187500000e-02 9.463806152343750000e-01
4.445442305350000242e+04 -3.423614501953125000e-01 3.150939941406250000e-02 9.463195800781250000e-01
4.445445284150000225e+04 -3.441772460937500000e-01 3.369140625000000000e-02 9.468383789062500000e-01
4.445448262750000140e+04 -3.437957763671875000e-01 3.181457519531250000e-02 9.482727050781250000e-01
4.445451241149999987e+04 -3.420410156250000000e-01 3.115844726562500000e-02 9.473419189453125000e-01
4.445454222850000224e+04 -3.425292968750000000e-01 3.247070312500000000e-02 9.469146728515625000e-01
4.445457200949999969e+04 -3.416748046875000000e-01 3.326416015625000000e-02 9.491271972656250000e-01
4.445460179849999986e+04 -3.439941406250000000e-01 3.245544433593750000e-02 9.464111328125000000e-01
4.445463158350001322e+04 -3.419799804687500000e-01 3.317260742187500000e-02 9.482727050781250000e-01
4.445466136950001237e+04 -3.426971435546875000e-01 3.277587890625000000e-02 9.474029541015625000e-01
4.445469118349999917e+04 -3.441314697265625000e-01 3.118896484375000000e-02 9.467620849609375000e-01
4.445472095950000221e+04 -3.412017822265625000e-01 3.248596191406250000e-02 9.484558105468750000e-01
4.445475075549999747e+04 -3.427429199218750000e-01 3.074645996093750000e-02 9.489288330078125000e-01
4.445478054050000355e+04 -3.419036865234375000e-01 3.257751464843750000e-02 9.469451904296875000e-01
4.445481032550000236e+04 -3.422698974609375000e-01 3.102111816406250000e-02 9.468383789062500000e-01
4.445484014149999712e+04 -3.425598144531250000e-01 3.179931640625000000e-02 9.451599121093750000e-01
4.445486993350001285e+04 -3.417816162109375000e-01 3.158569335937500000e-02 9.485168457031250000e-01
4.445489971050000167e+04 -3.437652587890625000e-01 3.100585937500000000e-02 9.463653564453125000e-01
4.445492949650000082e+04 -3.443908691406250000e-01 3.257751464843750000e-02 9.468688964843750000e-01
4.445495931150000251e+04 -3.434295654296875000e-01 3.244018554687500000e-02 9.488372802734375000e-01
4.445498909650000132e+04 -3.412017822265625000e-01 3.158569335937500000e-02 9.464416503906250000e-01
4.445501887550001265e+04 -3.429718017578125000e-01 3.236389160156250000e-02 9.494934082031250000e-01
4.445504866650001350e+04 -3.425903320312500000e-01 3.321838378906250000e-02 9.476623535156250000e-01
4.445507845150001231e+04 -3.425598144531250000e-01 2.993774414062500000e-02 9.483947753906250000e-01
4.445510826749999978e+04 -3.399963378906250000e-01 3.207397460937500000e-02 9.474029541015625000e-01
4.445513805250001315e+04 -3.425598144531250000e-01 3.086853027343750000e-02 9.492950439453125000e-01
4.445516783749999740e+04 -3.430175781250000000e-01 3.233337402343750000e-02 9.476928710937500000e-01
4.445519762349999655e+04 -3.428955078125000000e-01 3.263854980468750000e-02 9.468536376953125000e-01
4.445522740950000298e+04 -3.438568115234375000e-01 3.244018554687500000e-02 9.479827880859375000e-01
4.445525722449999739e+04 -3.446350097656250000e-01 3.283691406250000000e-02 9.451141357421875000e-01
4.445528700850000314e+04 -3.442687988281250000e-01 3.192138671875000000e-02 9.485473632812500000e-01
4.445531679450000229e+04 -3.428192138671875000e-01 3.170776367187500000e-02 9.463806152343750000e-01
4.445534657950000110e+04 -3.422698974609375000e-01 3.152465820312500000e-02 9.475860595703125000e-01
4.445537636449999991e+04 -3.420257568359375000e-01 3.129577636718750000e-02 9.470520019531250000e-01
4.445540614950001327e+04 -3.425750732421875000e-01 3.338623046875000000e-02 9.458923339843750000e-01
4.445543593550001242e+04 -3.417816162109375000e-01 3.184509277343750000e-02 9.497070312500000000e-01
4.445546572949999972e+04 -3.451690673828125000e-01 3.367614746093750000e-02 9.467315673828125000e-01
4.445549553550001292e+04 -3.435516357421875000e-01 3.291320800781250000e-02 9.459381103515625000e-01
4.445552531750000344e+04 -3.415985107421875000e-01 3.160095214843750000e-02 9.487457275390625000e-01
4.445555510150000191e+04 -3.422546386718750000e-01 3.126525878906250000e-02 9.473419189453125000e-01
4.445558489150000241e+04 -3.426971435546875000e-01 3.193664550781250000e-02 9.486541748046875000e-01
4.445561466850001307e+04 -3.427429199218750000e-01 3.300476074218750000e-02 9.476318359375000000e-01
4.445564446150000003e+04 -3.430633544921875000e-01 3.245544433593750000e-02 9.448547363281250000e-01
4.445567424749999918e+04 -3.422546386718750000e-01 3.253173828125000000e-02 9.462280273437500000e-01
4.445570402450000256e+04 -3.436584472656250000e-01 3.245544433593750000e-02 9.483642578125000000e-01
4.445573382050001237e+04 -3.435668945312500000e-01 3.218078613281250000e-02 9.478607177734375000e-01
4.445576359550000052e+04 -3.417663574218750000e-01 3.201293945312500000e-02 9.492645263671875000e-01
4.445579341749999730e+04 -3.432159423828125000e-01 3.320312500000000000e-02 9.503021240234375000e-01
4.445582320349999645e+04 -3.435516357421875000e-01 3.134155273437500000e-02 9.465179443359375000e-01
4.445585297349999746e+04 -3.439178466796875000e-01 3.173828125000000000e-02 9.473876953125000000e-01
4.445588277350000135e+04 -3.434906005859375000e-01 3.138732910156250000e-02 9.444580078125000000e-01
4.445591257049999695e+04 -3.424224853515625000e-01 3.211975097656250000e-02 9.479827880859375000e-01
4.445594234350001352e+04 -3.432922363281250000e-01 3.025817871093750000e-02 9.475250244140625000e-01
4.445597216050000134e+04 -3.428192138671875000e-01 3.077697753906250000e-02 9.479980468750000000e-01
4.445600193850001233e+04 -3.428192138671875000e-01 3.187561035156250000e-02 9.484100341796875000e-01
4.445603173050001351e+04 -3.423004150390625000e-01 3.089904785156250000e-02 9.475250244140625000e-01
4.445606150650000200e+04 -3.424682617187500000e-01 3.269958496093750000e-02 9.453735351562500000e-01
4.445609130049999658e+04 -3.435821533203125000e-01 3.082275390625000000e-02 9.464721679687500000e-01
4.445612108450000233e+04 -3.453674316406250000e-01 3.240966796875000000e-02 9.482727050781250000e-01
4.445615087749999657e+04 -3.430023193359375000e-01 3.178405761718750000e-02 9.466094970703125000e-01
4.445618065550000028e+04 -3.419494628906250000e-01 3.137207031250000000e-02 9.499359130859375000e-01
4.445621044249999977e+04 -3.432312011718750000e-01 3.192138671875000000e-02 9.456481933593750000e-01
4.445624025750000146e+04 -3.424530029296875000e-01 3.346252441406250000e-02 9.476928710937500000e-01
4.445627004149999993e+04 -3.413085937500000000e-01 3.202819824218750000e-02 9.464569091796875000e-01
4.445629981750000297e+04 -3.417510986328125000e-01 3.253173828125000000e-02 9.464874267578125000e-01
4.445632961149999755e+04 -3.446350097656250000e-01 3.198242187500000000e-02 9.477233886718750000e-01
4.445635937950001244e+04 -3.428649902343750000e-01 3.111267089843750000e-02 9.476623535156250000e-01
4.445638917349999974e+04 -3.405456542968750000e-01 3.080749511718750000e-02 9.482421875000000000e-01
4.445641898249999940e+04 -3.437042236328125000e-01 3.140258789062500000e-02 9.451904296875000000e-01
4.445644874850001361e+04 -3.421630859375000000e-01 3.268432617187500000e-02 9.471435546875000000e-01
4.445647856850000244e+04 -3.425750732421875000e-01 3.123474121093750000e-02 9.464874267578125000e-01
4.445650832749999972e+04 -3.432922363281250000e-01 3.198242187500000000e-02 9.478149414062500000e-01
4.445653813850000006e+04 -3.425445556640625000e-01 3.111267089843750000e-02 9.468994140625000000e-01
4.445656792449999921e+04 -3.453216552734375000e-01 3.054809570312500000e-02 9.488220214843750000e-01
4.445659770649999700e+04 -3.455963134765625000e-01 3.103637695312500000e-02 9.467926025390625000e-01
4.445662749349999649e+04 -3.443145751953125000e-01 3.239440917968750000e-02 9.486541748046875000e-01
4.445665727250000054e+04 -3.422698974609375000e-01 3.227233886718750000e-02 9.484252929687500000e-01
4.445668706350000139e+04 -3.441009521484375000e-01 3.340148925781250000e-02 9.464721679687500000e-01
4.445671685050000087e+04 -3.435668945312500000e-01 3.233337402343750000e-02 9.477386474609375000e-01
4.445674663350001356e+04 -3.426208496093750000e-01 3.205871582031250000e-02 9.478912353515625000e-01
4.445677642050001305e+04 -3.427276611328125000e-01 3.187561035156250000e-02 9.488067626953125000e-01
4.445680619950000255e+04 -3.426513671875000000e-01 3.286743164062500000e-02 9.466857910156250000e-01
4.445683598950000305e+04 -3.439178466796875000e-01 3.323364257812500000e-02 9.462127685546875000e-01
4.445686577450000186e+04 -3.441619873046875000e-01 3.213500976562500000e-02 9.460906982421875000e-01
4.445689556450000237e+04 -3.421783447265625000e-01 3.230285644531250000e-02 9.489135742187500000e-01
4.445692534549999982e+04 -3.431396484375000000e-01 3.202819824218750000e-02 9.469909667968750000e-01
4.445695514549999643e+04 -3.425445556640625000e-01 3.256225585937500000e-02 9.474182128906250000e-01
4.445698492750000150e+04 -3.433685302734375000e-01 3.135681152343750000e-02 9.466705322265625000e-01
4.445701470050000353e+04 -3.436889648437500000e-01 3.198242187500000000e-02 9.474487304687500000e-01
4.445704449650001334e+04 -3.432312011718750000e-01 3.245544433593750000e-02 9.474334716796875000e-01
4.445707427150000149e+04 -3.422698974609375000e-01 3.306579589843750000e-02 9.477539062500000000e-01
4.445710408150000148e+04 -3.419952392578125000e-01 3.280639648437500000e-02 9.467010498046875000e-01
4.445713384149999911e+04 -3.445739746093750000e-01 3.227233886718750000e-02 9.487915039062500000e-01
4.445716365650000080e+04 -3.425140380859375000e-01 3.167724609375000000e-02 9.473571777343750000e-01
4.445719343449999724e+04 -3.445434570312500000e-01 3.286743164062500000e-02 9.495544433593750000e-01
4.445722322750001331e+04 -3.426208496093750000e-01 3.164672851562500000e-02 9.502716064453125000e-01
4.445725300250000146e+04 -3.425750732421875000e-01 3.266906738281250000e-02 9.472503662109375000e-01
4.445728279849999672e+04 -3.435821533203125000e-01 3.277587890625000000e-02 9.463500976562500000e-01
4.445731258350000280e+04 -3.440704345703125000e-01 3.242492675781250000e-02 9.483337402343750000e-01
4.445734236850000161e+04 -3.440551757812500000e-01 3.213500976562500000e-02 9.452667236328125000e-01
4.445737215450000076e+04 -3.443603515625000000e-01 2.995300292968750000e-02 9.485931396484375000e-01
4.445740193949999957e+04 -3.409423828125000000e-01 3.234863281250000000e-02 9.474487304687500000e-01
4.445743175350000092e+04 -3.422393798828125000e-01 3.123474121093750000e-02 9.489746093750000000e-01
4.445746154050000041e+04 -3.416595458984375000e-01 3.216552734375000000e-02 9.459533691406250000e-01
4.445749131450000277e+04 -3.430328369140625000e-01 3.276062011718750000e-02 9.476470947265625000e-01
4.445752110150000226e+04 -3.455352783203125000e-01 3.198242187500000000e-02 9.460449218750000000e-01
4.445755089549999684e+04 -3.432769775390625000e-01 3.125000000000000000e-02 9.483032226562500000e-01
4.445758067950000259e+04 -3.427429199218750000e-01 3.163146972656250000e-02 9.482879638671875000e-01
4.445761046550000174e+04 -3.440551757812500000e-01 3.199768066406250000e-02 9.472656250000000000e-01
4.445764024350001273e+04 -3.432159423828125000e-01 3.280639648437500000e-02 9.468383789062500000e-01
4.445767003549999936e+04 -3.430328369140625000e-01 3.102111816406250000e-02 9.472351074218750000e-01
4.445769983150000189e+04 -3.422088623046875000e-01 3.292846679687500000e-02 9.468841552734375000e-01
4.445772960549999698e+04 -3.435058593750000000e-01 3.178405761718750000e-02 9.467315673828125000e-01
4.445775942150001356e+04 -3.429107666015625000e-01 3.012084960937500000e-02 9.463958740234375000e-01
4.445778919750000205e+04 -3.442840576171875000e-01 3.068542480468750000e-02 9.496459960937500000e-01
4.445781899249999697e+04 -3.429107666015625000e-01 3.150939941406250000e-02 9.476013183593750000e-01
4.445784877650000271e+04 -3.448638916015625000e-01 3.030395507812500000e-02 9.466857910156250000e-01
4.445787856150000152e+04 -3.429718017578125000e-01 3.262329101562500000e-02 9.470977783203125000e-01
4.445790834750000067e+04 -3.411712646484375000e-01 3.160095214843750000e-02 9.457550048828125000e-01
4.445793812349999644e+04 -3.434448242187500000e-01 3.347778320312500000e-02 9.469604492187500000e-01
4.445796791750001285e+04 -3.442535400390625000e-01 3.170776367187500000e-02 9.473266601562500000e-01
4.445799770249999710e+04 -3.432617187500000000e-01 3.192138671875000000e-02 9.476470947265625000e-01
4.445802748750000319e+04 -3.431396484375000000e-01 3.182983398437500000e-02 9.487762451171875000e-01
4.445805727350000234e+04 -3.424682617187500000e-01 3.329467773437500000e-02 9.470977783203125000e-01
4.445808705050001299e+04 -3.437805175781250000e-01 3.271484375000000000e-02 9.472351074218750000e-01
4.445811684249999962e+04 -3.424224853515625000e-01 3.361511230468750000e-02 9.463653564453125000e-01
4.445814662949999911e+04 -3.449096679687500000e-01 3.150939941406250000e-02 9.465942382812500000e-01
4.445817641349999758e+04 -3.428344726562500000e-01 3.146362304687500000e-02 9.472656250000000000e-01
4.445820619949999673e+04 -3.412933349609375000e-01 3.224182128906250000e-02 9.461059570312500000e-01
4.445823600450000231e+04 -3.418579101562500000e-01 3.189086914062500000e-02 9.490509033203125000e-01
4.445826576950000162e+04 -3.430938720703125000e-01 3.286743164062500000e-02 9.474792480468750000e-01
4.445829555450000043e+04 -3.424987792968750000e-01 3.132629394531250000e-02 9.468994140625000000e-01
4.445832534049999958e+04 -3.417816162109375000e-01 3.211975097656250000e-02 9.469299316406250000e-01
4.445835513450000144e+04 -3.426818847656250000e-01 3.205871582031250000e-02 9.467010498046875000e-01
4.445838492350000161e+04 -3.420562744140625000e-01 3.186035156250000000e-02 9.469757080078125000e-01
4.445841472950000025e+04 -3.434906005859375000e-01 3.186035156250000000e-02 9.484252929687500000e-01
4.445844451049999770e+04 -3.427734375000000000e-01 3.207397460937500000e-02 9.464111328125000000e-01
4.445847429549999651e+04 -3.450469970703125000e-01 3.175354003906250000e-02 9.460754394531250000e-01
4.445850408150000294e+04 -3.432922363281250000e-01 3.076171875000000000e-02 9.469604492187500000e-01
4.445853388149999955e+04 -3.432617187500000000e-01 3.213500976562500000e-02 9.487609863281250000e-01
4.445856365050000022e+04 -3.441467285156250000e-01 3.175354003906250000e-02 9.476928710937500000e-01
4.445859339791667298e+04 -3.432769775390625000e-01 3.242492675781250000e-02 9.483642578125000000e-01
4.445862320291667129e+04 -3.419494628906250000e-01 3.112792968750000000e-02 9.477233886718750000e-01
4.445865298791667010e+04 -3.424987792968750000e-01 3.465270996093750000e-02 9.497985839843750000e-01
4.445868277191666857e+04 -3.442382812500000000e-01 3.112792968750000000e-02 9.453430175781250000e-01
4.445871255891666806e+04 -3.437500000000000000e-01 3.230285644531250000e-02 9.467315673828125000e-01
4.445874234291666653e+04 -3.424377441406250000e-01 3.172302246093750000e-02 9.475860595703125000e-01
4.445877212791667262e+04 -3.445434570312500000e-01 3.060913085937500000e-02 9.471740722656250000e-01
4.445880191291667143e+04 -3.425445556640625000e-01 3.024291992187500000e-02 9.463500976562500000e-01
4.445883172991666652e+04 -3.414916992187500000e-01 3.280639648437500000e-02 9.472961425781250000e-01
4.445886151391667227e+04 -3.430175781250000000e-01 3.324890136718750000e-02 9.471588134765625000e-01
4.445889129891667108e+04 -3.430786132812500000e-01 3.117370605468750000e-02 9.465637207031250000e-01
4.445892106891667208e+04 -3.434448242187500000e-01 3.208923339843750000e-02 9.477081298828125000e-01
4.445895086891666870e+04 -3.422393798828125000e-01 3.088378906250000000e-02 9.481811523437500000e-01
4.445898066391667089e+04 -3.420867919921875000e-01 3.192138671875000000e-02 9.480285644531250000e-01
4.445901043991666666e+04 -3.433227539062500000e-01 3.080749511718750000e-02 9.477081298828125000e-01
4.445904024491667224e+04 -3.424987792968750000e-01 3.248596191406250000e-02 9.484863281250000000e-01
4.445907001091667189e+04 -3.433990478515625000e-01 3.254699707031250000e-02 9.467620849609375000e-01
4.445909982591667358e+04 -3.430786132812500000e-01 3.384399414062500000e-02 9.483032226562500000e-01
4.445912961091667239e+04 -3.413391113281250000e-01 3.208923339843750000e-02 9.481658935546875000e-01
4.445915939591667120e+04 -3.429260253906250000e-01 3.228759765625000000e-02 9.492492675781250000e-01
4.445918918191667035e+04 -3.411254882812500000e-01 3.182983398437500000e-02 9.471588134765625000e-01
4.445921896591666882e+04 -3.435821533203125000e-01 3.317260742187500000e-02 9.480743408203125000e-01
4.445924872091667203e+04 -3.406219482421875000e-01 3.230285644531250000e-02 9.461059570312500000e-01
4.445927850691667118e+04 -3.420562744140625000e-01 3.202819824218750000e-02 9.478454589843750000e-01
4.445930829091666965e+04 -3.427124023437500000e-01 3.063964843750000000e-02 9.454956054687500000e-01
4.445933807691666880e+04 -3.424835205078125000e-01 3.169250488281250000e-02 9.455718994140625000e-01
4.445936786191666761e+04 -3.430023193359375000e-01 3.091430664062500000e-02 9.465637207031250000e-01
4.445939764691666642e+04 -3.430786132812500000e-01 3.114318847656250000e-02 9.469299316406250000e-01
4.445942743191667250e+04 -3.416595458984375000e-01 3.219604492187500000e-02 9.450225830078125000e-01
4.445945721691667131e+04 -3.430328369140625000e-01 3.201293945312500000e-02 9.461364746093750000e-01
4.445948700191667012e+04 -3.431396484375000000e-01 3.356933593750000000e-02 9.478149414062500000e-01
4.445951678691666893e+04 -3.423309326171875000e-01 3.254699707031250000e-02 9.468231201171875000e-01
4.445954660391667130e+04 -3.440093994140625000e-01 3.195190429687500000e-02 9.464569091796875000e-01
4.445957638791666977e+04 -3.431854248046875000e-01 3.062438964843750000e-02 9.449462890625000000e-01
4.445960617291666858e+04 -3.416442871093750000e-01 3.179931640625000000e-02 9.452819824218750000e-01
4.445963595991666807e+04 -3.425598144531250000e-01 3.170776367187500000e-02 9.472503662109375000e-01
4.445966574291667348e+04 -3.434295654296875000e-01 3.247070312500000000e-02 9.475097656250000000e-01
4.445969552891667263e+04 -3.429870605468750000e-01 3.158569335937500000e-02 9.452667236328125000e-01
4.445972531891667313e+04 -3.436889648437500000e-01 3.123474121093750000e-02 9.465026855468750000e-01
4.445975512991667347e+04 -3.427429199218750000e-01 3.176879882812500000e-02 9.479827880859375000e-01
4.445978491491667228e+04 -3.451690673828125000e-01 3.088378906250000000e-02 9.474639892578125000e-01
4.445981469991667109e+04 -3.424987792968750000e-01 3.225708007812500000e-02 9.472656250000000000e-01
4.445984448491666990e+04 -3.417968750000000000e-01 3.161621093750000000e-02 9.475250244140625000e-01
4.445987426991666871e+04 -3.426055908203125000e-01 3.314208984375000000e-02 9.476318359375000000e-01
4.445990405491666752e+04 -3.420867919921875000e-01 3.173828125000000000e-02 9.449615478515625000e-01
4.445993384191666701e+04 -3.424682617187500000e-01 3.233337402343750000e-02 9.465179443359375000e-01
4.445996362591667275e+04 -3.410339355468750000e-01 3.236389160156250000e-02 9.471282958984375000e-01
4.445999341191667190e+04 -3.421325683593750000e-01 3.289794921875000000e-02 9.474029541015625000e-01
4.446002322691667359e+04 -3.415222167968750000e-01 3.169250488281250000e-02 9.471740722656250000e-01
4.446005301191667240e+04 -3.424987792968750000e-01 3.187561035156250000e-02 9.475250244140625000e-01
4.446008279691667121e+04 -3.430328369140625000e-01 3.207397460937500000e-02 9.454498291015625000e-01
4.446011257491666765e+04 -3.418426513671875000e-01 3.282165527343750000e-02 9.449310302734375000e-01
4.446014236691666883e+04 -3.430480957031250000e-01 3.366088867187500000e-02 9.463958740234375000e-01
4.446017215191666764e+04 -3.421783447265625000e-01 3.233337402343750000e-02 9.469146728515625000e-01
4.446020193891666713e+04 -3.425140380859375000e-01 3.286743164062500000e-02 9.485168457031250000e-01
4.446023172391667322e+04 -3.422698974609375000e-01 3.195190429687500000e-02 9.491729736328125000e-01
4.446026153291667288e+04 -3.409729003906250000e-01 3.179931640625000000e-02 9.469146728515625000e-01
4.446029130391666695e+04 -3.410186767578125000e-01 3.248596191406250000e-02 9.477691650390625000e-01
4.446032107891666965e+04 -3.442230224609375000e-01 3.181457519531250000e-02 9.466247558593750000e-01
4.446035089391667134e+04 -3.429565429687500000e-01 3.077697753906250000e-02 9.465484619140625000e-01
4.446038067891667015e+04 -3.429870605468750000e-01 3.092956542968750000e-02 9.453430175781250000e-01
4.446041045391667285e+04 -3.425292968750000000e-01 3.106689453125000000e-02 9.481048583984375000e-01
4.446044024891666777e+04 -3.435058593750000000e-01 3.063964843750000000e-02 9.463958740234375000e-01
4.446047003391666658e+04 -3.421478271484375000e-01 3.269958496093750000e-02 9.466857910156250000e-01
4.446049982091667334e+04 -3.431396484375000000e-01 3.152465820312500000e-02 9.486846923828125000e-01
4.446052960491667181e+04 -3.430328369140625000e-01 3.265380859375000000e-02 9.461364746093750000e-01
4.446055937691667350e+04 -3.416137695312500000e-01 3.234863281250000000e-02 9.471130371093750000e-01
4.446058917591666977e+04 -3.441925048828125000e-01 3.211975097656250000e-02 9.471282958984375000e-01
4.446061896091666858e+04 -3.433074951171875000e-01 3.135681152343750000e-02 9.483489990234375000e-01
4.446064874591666739e+04 -3.417816162109375000e-01 3.152465820312500000e-02 9.476013183593750000e-01
4.446067853191666654e+04 -3.437194824218750000e-01 3.219604492187500000e-02 9.473266601562500000e-01
4.446070831091667060e+04 -3.412475585937500000e-01 3.208923339843750000e-02 9.480743408203125000e-01
4.446073810091667110e+04 -3.427734375000000000e-01 3.179931640625000000e-02 9.467620849609375000e-01
4.446076788691667025e+04 -3.437957763671875000e-01 3.128051757812500000e-02 9.449768066406250000e-01
4.446079770291667228e+04 -3.418884277343750000e-01 2.969360351562500000e-02 9.465332031250000000e-01
4.446082747991666838e+04 -3.436431884765625000e-01 3.102111816406250000e-02 9.459075927734375000e-01
4.446085727291666990e+04 -3.431091308593750000e-01 3.335571289062500000e-02 9.465484619140625000e-01
4.446088705791666871e+04 -3.418884277343750000e-01 3.202819824218750000e-02 9.462585449218750000e-01
4.446091684191666718e+04 -3.424224853515625000e-01 3.245544433593750000e-02 9.452514648437500000e-01
4.446094665891666955e+04 -3.438568115234375000e-01 3.161621093750000000e-02 9.478302001953125000e-01
4.446097644391666836e+04 -3.420867919921875000e-01 3.282165527343750000e-02 9.453430175781250000e-01
4.446100622291667241e+04 -3.430023193359375000e-01 3.158569335937500000e-02 9.494171142578125000e-01
4.446103601291667292e+04 -3.437500000000000000e-01 3.195190429687500000e-02 9.468841552734375000e-01
4.446106579891667207e+04 -3.425140380859375000e-01 3.173828125000000000e-02 9.492187500000000000e-01
4.446109558491667121e+04 -3.435668945312500000e-01 3.253173828125000000e-02 9.465942382812500000e-01
4.446112536991667002e+04 -3.434295654296875000e-01 3.277587890625000000e-02 9.455871582031250000e-01
4.446115515591666917e+04 -3.422546386718750000e-01 3.358459472656250000e-02 9.454650878906250000e-01
4.446118493991666764e+04 -3.421936035156250000e-01 3.106689453125000000e-02 9.467620849609375000e-01
4.446121475491666934e+04 -3.439941406250000000e-01 3.202819824218750000e-02 9.475097656250000000e-01
4.446124453991666815e+04 -3.411102294921875000e-01 3.141784667968750000e-02 9.477233886718750000e-01
4.446127432591666729e+04 -3.422546386718750000e-01 3.150939941406250000e-02 9.475708007812500000e-01
4.446130409191666695e+04 -3.440856933593750000e-01 3.292846679687500000e-02 9.474029541015625000e-01
4.446133389691667253e+04 -3.415222167968750000e-01 3.219604492187500000e-02 9.448699951171875000e-01
4.446136368191667134e+04 -3.436584472656250000e-01 3.262329101562500000e-02 9.453735351562500000e-01
4.446139346591666981e+04 -3.414459228515625000e-01 3.269958496093750000e-02 9.471282958984375000e-01
4.446142325091666862e+04 -3.421478271484375000e-01 3.263854980468750000e-02 9.450988769531250000e-01
4.446145305991666828e+04 -3.420867919921875000e-01 3.170776367187500000e-02 9.471130371093750000e-01
4.446148285191666946e+04 -3.421020507812500000e-01 3.202819824218750000e-02 9.477844238281250000e-01
4.446151263691666827e+04 -3.425140380859375000e-01 3.202819824218750000e-02 9.467010498046875000e-01
4.446154240491666860e+04 -3.422393798828125000e-01 3.187561035156250000e-02 9.458312988281250000e-01
4.446157220691667317e+04 -3.426513671875000000e-01 3.231811523437500000e-02 9.467315673828125000e-01
4.446160200191666809e+04 -3.444061279296875000e-01 3.059387207031250000e-02 9.464111328125000000e-01
4.446163177791667113e+04 -3.435363769531250000e-01 3.256225585937500000e-02 9.453430175781250000e-01
4.446166156391667027e+04 -3.430328369140625000e-01 3.080749511718750000e-02 9.473876953125000000e-01
4.446169137791667163e+04 -3.440399169921875000e-01 3.170776367187500000e-02 9.460906982421875000e-01
4.446172116491667111e+04 -3.450927734375000000e-01 3.189086914062500000e-02 9.489898681640625000e-01
4.446175092591666908e+04 -3.421478271484375000e-01 3.332519531250000000e-02 9.476165771484375000e-01
4.446178073391666840e+04 -3.425598144531250000e-01 3.404235839843750000e-02 9.481201171875000000e-01
4.446181051991666754e+04 -3.437805175781250000e-01 3.141784667968750000e-02 9.490051269531250000e-01
4.446184030391667329e+04 -3.433685302734375000e-01 3.262329101562500000e-02 9.459686279296875000e-01
4.446187008991667244e+04 -3.426513671875000000e-01 3.192138671875000000e-02 9.490203857421875000e-01
4.446189985891667311e+04 -3.426666259765625000e-01 3.063964843750000000e-02 9.488830566406250000e-01
4.446192965991667006e+04 -3.431854248046875000e-01 3.239440917968750000e-02 9.487915039062500000e-01
4.446195944491666887e+04 -3.439178466796875000e-01 3.164672851562500000e-02 9.468231201171875000e-01
4.446198922991666768e+04 -3.404388427734375000e-01 3.251647949218750000e-02 9.481048583984375000e-01
4.446201901491666649e+04 -3.432464599609375000e-01 3.305053710937500000e-02 9.463348388671875000e-01
4.446204881591667072e+04 -3.424835205078125000e-01 3.118896484375000000e-02 9.485015869140625000e-01
4.446207858491667139e+04 -3.401794433593750000e-01 3.213500976562500000e-02 9.489288330078125000e-01
4.446210837191667088e+04 -3.423309326171875000e-01 3.265380859375000000e-02 9.486694335937500000e-01
4.446213818691667257e+04 -3.430328369140625000e-01 3.147888183593750000e-02 9.480438232421875000e-01
4.446216796991667070e+04 -3.431701660156250000e-01 3.367614746093750000e-02 9.479522705078125000e-01
4.446219775291666883e+04 -3.441619873046875000e-01 3.100585937500000000e-02 9.474029541015625000e-01
4.446222754191666900e+04 -3.437194824218750000e-01 3.184509277343750000e-02 9.467620849609375000e-01
4.446225732791666815e+04 -3.414764404296875000e-01 3.237915039062500000e-02 9.470520019531250000e-01
4.446228711191666662e+04 -3.430175781250000000e-01 3.225708007812500000e-02 9.484710693359375000e-01
4.446231692891666899e+04 -3.431091308593750000e-01 3.305053710937500000e-02 9.461975097656250000e-01
4.446234671291666746e+04 -3.439483642578125000e-01 3.153991699218750000e-02 9.472961425781250000e-01
4.446237649791667354e+04 -3.419799804687500000e-01 3.366088867187500000e-02 9.460144042968750000e-01
4.446240628291667235e+04 -3.420410156250000000e-01 3.155517578125000000e-02 9.473419189453125000e-01
4.446243606891667150e+04 -3.430480957031250000e-01 3.361511230468750000e-02 9.472198486328125000e-01
4.446246588491667353e+04 -3.429870605468750000e-01 3.257751464843750000e-02 9.467773437500000000e-01
4.446249565691666794e+04 -3.443908691406250000e-01 3.244018554687500000e-02 9.461517333984375000e-01
4.446252545491667115e+04 -3.431701660156250000e-01 3.190612792968750000e-02 9.484100341796875000e-01
4.446255524091667030e+04 -3.440093994140625000e-01 3.010559082031250000e-02 9.471435546875000000e-01
4.446258502491666877e+04 -3.424835205078125000e-01 3.167724609375000000e-02 9.473114013671875000e-01
4.446261480991666758e+04 -3.431243896484375000e-01 3.097534179687500000e-02 9.468994140625000000e-01
4.446264459691666707e+04 -3.435668945312500000e-01 3.248596191406250000e-02 9.468231201171875000e-01
4.446267438091667282e+04 -3.421936035156250000e-01 3.395080566406250000e-02 9.467926025390625000e-01
4.446270419591666723e+04 -3.410339355468750000e-01 3.187561035156250000e-02 9.467773437500000000e-01
4.446273398091667332e+04 -3.440246582031250000e-01 3.198242187500000000e-02 9.482421875000000000e-01
4.446276376591667213e+04 -3.421783447265625000e-01 3.129577636718750000e-02 9.478912353515625000e-01
4.446279356591666874e+04 -3.435668945312500000e-01 3.111267089843750000e-02 9.474029541015625000e-01
4.446282333591666975e+04 -3.421173095703125000e-01 3.178405761718750000e-02 9.485626220703125000e-01
4.446285315291667212e+04 -3.425292968750000000e-01 3.083801269531250000e-02 9.453125000000000000e-01
4.446288293791667093e+04 -3.439178466796875000e-01 3.121948242187500000e-02 9.454040527343750000e-01
4.446291272191666940e+04 -3.428344726562500000e-01 3.208923339843750000e-02 9.485626220703125000e-01
4.446294251191666990e+04 -3.434448242187500000e-01 3.186035156250000000e-02 9.460754394531250000e-01
4.446297229291666736e+04 -3.428649902343750000e-01 3.131103515625000000e-02 9.479980468750000000e-01
4.446300207791667344e+04 -3.417816162109375000e-01 3.253173828125000000e-02 9.461822509765625000e-01
4.446303186291667225e+04 -3.423614501953125000e-01 3.195190429687500000e-02 9.466094970703125000e-01
4.446306167891666701e+04 -3.437347412109375000e-01 3.163146972656250000e-02 9.487304687500000000e-01
4.446309144791666768e+04 -3.431396484375000000e-01 3.298950195312500000e-02 9.467620849609375000e-01
4.446312124991667224e+04 -3.433837890625000000e-01 3.166198730468750000e-02 9.481506347656250000e-01
4.446315103391667071e+04 -3.432769775390625000e-01 3.103637695312500000e-02 9.472198486328125000e-01
4.446318081891666952e+04 -3.435058593750000000e-01 3.233337402343750000e-02 9.475860595703125000e-01
4.446321060591666901e+04 -3.428802490234375000e-01 3.213500976562500000e-02 9.471282958984375000e-01
4.446324040591667290e+04 -3.424987792968750000e-01 3.125000000000000000e-02 9.462280273437500000e-01
4.446327020491666917e+04 -3.436889648437500000e-01 3.208923339843750000e-02 9.466705322265625000e-01
4.446329999191666866e+04 -3.437957763671875000e-01 3.221130371093750000e-02 9.504852294921875000e-01
4.446332977691666747e+04 -3.420867919921875000e-01 3.039550781250000000e-02 9.477081298828125000e-01
4.446335956091667322e+04 -3.425903320312500000e-01 3.172302246093750000e-02 9.496612548828125000e-01
4.446338934691667237e+04 -3.426055908203125000e-01 3.080749511718750000e-02 9.484558105468750000e-01
4.446341913091667084e+04 -3.412780761718750000e-01 3.167724609375000000e-02 9.467620849609375000e-01
4.446344892591667303e+04 -3.421020507812500000e-01 3.317260742187500000e-02 9.470672607421875000e-01
4.446347872491666931e+04 -3.457489013671875000e-01 3.376770019531250000e-02 9.454803466796875000e-01
4.446350851791667083e+04 -3.419952392578125000e-01 3.184509277343750000e-02 9.466400146484375000e-01
4.446353829691666760e+04 -3.428192138671875000e-01 3.266906738281250000e-02 9.478149414062500000e-01
4.446356808691666811e+04 -3.426818847656250000e-01 3.199768066406250000e-02 9.482727050781250000e-01
4.446359783412500110e+04 -3.432922363281250000e-01 3.094482421875000000e-02 9.476470947265625000e-01
4.446362764912500279e+04 -3.439788818359375000e-01 3.196716308593750000e-02 9.489746093750000000e-01
4.446365743412500160e+04 -3.430023193359375000e-01 3.193664550781250000e-02 9.456481933593750000e-01
4.446368722312500176e+04 -3.432159423828125000e-01 3.265380859375000000e-02 9.465637207031250000e-01
4.446371700512499956e+04 -3.417053222656250000e-01 3.170776367187500000e-02 9.469757080078125000e-01
4.446374679012501292e+04 -3.430786132812500000e-01 3.376770019531250000e-02 9.476776123046875000e-01
4.446377657612499752e+04 -3.430328369140625000e-01 3.276062011718750000e-02 9.478149414062500000e-01
4.446380639112499921e+04 -3.409423828125000000e-01 3.128051757812500000e-02 9.470977783203125000e-01
4.446383616912500293e+04 -3.436431884765625000e-01 3.202819824218750000e-02 9.494171142578125000e-01
4.446386596212499717e+04 -3.432464599609375000e-01 3.218078613281250000e-02 9.475555419921875000e-01
4.446389574612500292e+04 -3.430938720703125000e-01 3.283691406250000000e-02 9.467620849609375000e-01
4.446392554612499953e+04 -3.430328369140625000e-01 3.411865234375000000e-02 9.454650878906250000e-01
4.446395534712499648e+04 -3.443908691406250000e-01 3.158569335937500000e-02 9.451141357421875000e-01
4.446398512712500087e+04 -3.441467285156250000e-01 3.164672851562500000e-02 9.455413818359375000e-01
4.446401491712500138e+04 -3.415222167968750000e-01 3.167724609375000000e-02 9.498291015625000000e-01
4.446404470212500019e+04 -3.436584472656250000e-01 3.080749511718750000e-02 9.460601806640625000e-01
4.446407448512501287e+04 -3.424072265625000000e-01 3.152465820312500000e-02 9.465026855468750000e-01
4.446414202412500163e+04 -3.437805175781250000e-01 3.128051757812500000e-02 9.455108642578125000e-01
4.446416588912499719e+04 -3.423919677734375000e-01 3.289794921875000000e-02 9.468841552734375000e-01
4.446418970712501323e+04 -3.435668945312500000e-01 3.153991699218750000e-02 9.478912353515625000e-01
4.446421352612500050e+04 -3.433380126953125000e-01 3.221130371093750000e-02 9.455261230468750000e-01
4.446423738312500063e+04 -3.440856933593750000e-01 3.347778320312500000e-02 9.462280273437500000e-01
4.446426120312500279e+04 -3.426666259765625000e-01 3.157043457031250000e-02 9.466857910156250000e-01
4.446428507512500073e+04 -3.437347412109375000e-01 3.166198730468750000e-02 9.484863281250000000e-01
4.446430887912499747e+04 -3.439788818359375000e-01 3.172302246093750000e-02 9.468841552734375000e-01
4.446433269712501351e+04 -3.426971435546875000e-01 3.096008300781250000e-02 9.477081298828125000e-01
4.446435655412499909e+04 -3.440093994140625000e-01 3.190612792968750000e-02 9.468383789062500000e-01
4.446438034212499770e+04 -3.430633544921875000e-01 3.094482421875000000e-02 9.481811523437500000e-01
4.446440423112500139e+04 -3.435058593750000000e-01 3.158569335937500000e-02 9.472198486328125000e-01
4.446442801912499999e+04 -3.428649902343750000e-01 3.327941894531250000e-02 9.472656250000000000e-01
4.446445183712500148e+04 -3.452301025390625000e-01 3.240966796875000000e-02 9.459838867187500000e-01
4.446447569512500195e+04 -3.424072265625000000e-01 3.234863281250000000e-02 9.458312988281250000e-01
4.446449951512499683e+04 -3.428955078125000000e-01 3.517150878906250000e-02 9.465332031250000000e-01
4.446452337112499663e+04 -3.417968750000000000e-01 3.286743164062500000e-02 9.472351074218750000e-01
4.446454719012501300e+04 -3.446502685546875000e-01 3.343200683593750000e-02 9.467773437500000000e-01
4.446457100912500027e+04 -3.431396484375000000e-01 3.321838378906250000e-02 9.457092285156250000e-01
4.446459486712500075e+04 -3.413696289062500000e-01 3.155517578125000000e-02 9.492797851562500000e-01
4.446461868512500223e+04 -3.436737060546875000e-01 3.041076660156250000e-02 9.471130371093750000e-01
4.446464254212500236e+04 -3.423309326171875000e-01 3.251647949218750000e-02 9.453125000000000000e-01
4.446466636212499725e+04 -3.441314697265625000e-01 3.143310546875000000e-02 9.482421875000000000e-01
4.446469014912500279e+04 -3.435058593750000000e-01 3.187561035156250000e-02 9.465484619140625000e-01
4.446471400612500292e+04 -3.439025878906250000e-01 3.323364257812500000e-02 9.469299316406250000e-01
4.446473782212499646e+04 -3.431243896484375000e-01 3.085327148437500000e-02 9.476470947265625000e-01
4.446476168412501283e+04 -3.425750732421875000e-01 3.152465820312500000e-02 9.477386474609375000e-01
4.446478550112499943e+04 -3.425750732421875000e-01 3.305053710937500000e-02 9.470367431640625000e-01
4.446480932012500125e+04 -3.428802490234375000e-01 3.170776367187500000e-02 9.481353759765625000e-01
4.446483317912500206e+04 -3.451538085937500000e-01 3.269958496093750000e-02 9.492645263671875000e-01
4.446485696612500033e+04 -3.440856933593750000e-01 3.149414062500000000e-02 9.483642578125000000e-01
4.446488082612500148e+04 -3.423614501953125000e-01 3.102111816406250000e-02 9.496307373046875000e-01
4.446490464312500262e+04 -3.429107666015625000e-01 3.277587890625000000e-02 9.481658935546875000e-01
4.446492846112499683e+04 -3.418731689453125000e-01 3.109741210937500000e-02 9.490814208984375000e-01
4.446495231812499696e+04 -3.419647216796875000e-01 3.158569335937500000e-02 9.473876953125000000e-01
4.446497613812499912e+04 -3.429107666015625000e-01 3.094482421875000000e-02 9.481811523437500000e-01
4.446499999412501347e+04 -3.427276611328125000e-01 3.219604492187500000e-02 9.475402832031250000e-01
4.446502381312500074e+04 -3.436889648437500000e-01 3.100585937500000000e-02 9.491729736328125000e-01
4.446504760412500036e+04 -3.456726074218750000e-01 3.315734863281250000e-02 9.476776123046875000e-01
4.446507148912500270e+04 -3.428955078125000000e-01 3.167724609375000000e-02 9.471893310546875000e-01
4.446509527912500198e+04 -3.432617187500000000e-01 3.195190429687500000e-02 9.464569091796875000e-01
4.446511916612499772e+04 -3.419494628906250000e-01 3.222656250000000000e-02 9.497985839843750000e-01
4.446514295512499666e+04 -3.412322998046875000e-01 3.314208984375000000e-02 9.468536376953125000e-01
4.446516677412501303e+04 -3.431396484375000000e-01 3.201293945312500000e-02 9.480133056640625000e-01
4.446519063412499963e+04 -3.417968750000000000e-01 3.259277343750000000e-02 9.473114013671875000e-01
4.446521445012500044e+04 -3.430938720703125000e-01 3.022766113281250000e-02 9.486083984375000000e-01
4.446523830712500057e+04 -3.441314697265625000e-01 3.100585937500000000e-02 9.463806152343750000e-01
4.446526212612500240e+04 -3.432922363281250000e-01 3.298950195312500000e-02 9.508819580078125000e-01
4.446528594412499660e+04 -3.444519042968750000e-01 3.364562988281250000e-02 9.466094970703125000e-01
4.446530980112499674e+04 -3.447113037109375000e-01 3.340148925781250000e-02 9.476928710937500000e-01
4.446533360312500008e+04 -3.439636230468750000e-01 3.202819824218750000e-02 9.470214843750000000e-01
4.446535747812501359e+04 -3.433990478515625000e-01 3.205871582031250000e-02 9.494476318359375000e-01
4.446538126712501253e+04 -3.436126708984375000e-01 3.239440917968750000e-02 9.460601806640625000e-01
4.446540508512499946e+04 -3.427124023437500000e-01 3.157043457031250000e-02 9.486083984375000000e-01
4.446542894312499993e+04 -3.433990478515625000e-01 3.256225585937500000e-02 9.477081298828125000e-01
4.446545276212500175e+04 -3.446502685546875000e-01 3.187561035156250000e-02 9.470062255859375000e-01
4.446547660812501272e+04 -3.424377441406250000e-01 3.097534179687500000e-02 9.479064941406250000e-01
4.446550043812499644e+04 -3.443603515625000000e-01 3.085327148437500000e-02 9.466400146484375000e-01
4.446552425612501247e+04 -3.423919677734375000e-01 3.218078613281250000e-02 9.478149414062500000e-01
4.446554811412501294e+04 -3.430023193359375000e-01 3.227233886718750000e-02 9.475708007812500000e-01
4.446557193312500021e+04 -3.427581787109375000e-01 3.240966796875000000e-02 9.480133056640625000e-01
4.446559579012500035e+04 -3.427276611328125000e-01 3.277587890625000000e-02 9.475708007812500000e-01
4.446561960812500183e+04 -3.423309326171875000e-01 3.302001953125000000e-02 9.464263916015625000e-01
4.446564342212500196e+04 -3.423309326171875000e-01 3.294372558593750000e-02 9.493255615234375000e-01
4.446566728412499651e+04 -3.440704345703125000e-01 3.079223632812500000e-02 9.480133056640625000e-01
4.446569110312501289e+04 -3.445434570312500000e-01 3.077697753906250000e-02 9.495086669921875000e-01
4.446571496012501302e+04 -3.444213867187500000e-01 3.071594238281250000e-02 9.470367431640625000e-01
4.446573877912500029e+04 -3.433074951171875000e-01 3.167724609375000000e-02 9.483337402343750000e-01
4.446576256712501345e+04 -3.419647216796875000e-01 3.266906738281250000e-02 9.507904052734375000e-01
4.446578644012499717e+04 -3.425292968750000000e-01 3.147888183593750000e-02 9.485168457031250000e-01
4.446581024412500119e+04 -3.422851562500000000e-01 3.170776367187500000e-02 9.477386474609375000e-01
4.446583411912500014e+04 -3.434753417968750000e-01 3.120422363281250000e-02 9.471893310546875000e-01
4.446585792012500315e+04 -3.432464599609375000e-01 3.273010253906250000e-02 9.488220214843750000e-01
4.446588173912499769e+04 -3.439941406250000000e-01 3.164672851562500000e-02 9.459686279296875000e-01
4.446590559612501238e+04 -3.414764404296875000e-01 3.056335449218750000e-02 9.489746093750000000e-01
4.446592941612499999e+04 -3.429260253906250000e-01 3.239440917968750000e-02 9.495697021484375000e-01
4.446595327912500215e+04 -3.437957763671875000e-01 3.236389160156250000e-02 9.487609863281250000e-01
4.446597708312501345e+04 -3.419036865234375000e-01 3.065490722656250000e-02 9.468994140625000000e-01
4.446600090512500174e+04 -3.425903320312500000e-01 3.274536132812500000e-02 9.455108642578125000e-01
