3.957048738329167099e+04 1.162719726562500000e-02 -1.013183593750000000e-02 -9.866027832031250000e-01
3.957051716829166980e+04 1.127624511718750000e-02 -9.704589843750000000e-03 -9.873199462890625000e-01
3.957054697229166777e+04 1.220703125000000000e-02 -1.069641113281250000e-02 -9.876251220703125000e-01
3.957057673929166776e+04 1.019287109375000000e-02 -9.628295898437500000e-03 -9.884796142578125000e-01
3.957060652429166657e+04 1.246643066406250000e-02 -7.980346679687500000e-03 -9.880523681640625000e-01
3.957063633929166826e+04 1.139831542968750000e-02 -1.008605957031250000e-02 -9.883117675781250000e-01
3.957066612429166707e+04 1.202392578125000000e-02 -9.231567382812500000e-03 -9.896240234375000000e-01
3.957069591029167350e+04 1.217651367187500000e-02 -8.346557617187500000e-03 -9.902191162109375000e-01
3.957072567529167281e+04 1.177978515625000000e-02 -7.690429687500000000e-03 -9.885406494140625000e-01
3.957075548029167112e+04 1.295471191406250000e-02 -1.025390625000000000e-02 -9.884643554687500000e-01
3.957078528029166773e+04 1.202392578125000000e-02 -8.636474609375000000e-03 -9.906158447265625000e-01
3.957081505029166874e+04 1.107788085937500000e-02 -9.674072265625000000e-03 -9.895172119140625000e-01
3.957084483529166755e+04 1.168823242187500000e-02 -1.156616210937500000e-02 -9.902343750000000000e-01
3.957087463729167212e+04 1.240539550781250000e-02 -9.597778320312500000e-03 -9.878845214843750000e-01
3.957090440629167279e+04 1.074218750000000000e-02 -9.063720703125000000e-03 -9.915618896484375000e-01
3.957093421029167075e+04 1.219177246093750000e-02 -8.926391601562500000e-03 -9.905395507812500000e-01
3.957096400629167329e+04 1.065063476562500000e-02 -9.796142578125000000e-03 -9.920959472656250000e-01
3.957099378929167142e+04 1.214599609375000000e-02 -8.544921875000000000e-03 -9.897155761718750000e-01
3.957102357029166888e+04 1.300048828125000000e-02 -9.902954101562500000e-03 -9.898529052734375000e-01
3.957105336329167039e+04 1.165771484375000000e-02 -8.392333984375000000e-03 -9.918670654296875000e-01
3.957108314729166887e+04 1.071166992187500000e-02 -9.933471679687500000e-03 -9.913940429687500000e-01
3.957111293329166801e+04 1.129150390625000000e-02 -8.926391601562500000e-03 -9.904174804687500000e-01
3.957114271729166649e+04 1.054382324218750000e-02 -9.185791015625000000e-03 -9.889526367187500000e-01
3.957117248829166783e+04 1.208496093750000000e-02 -7.858276367187500000e-03 -9.914398193359375000e-01
3.957120228829167172e+04 1.095581054687500000e-02 -9.155273437500000000e-03 -9.903564453125000000e-01
3.957123207329167053e+04 1.078796386718750000e-02 -1.004028320312500000e-02 -9.895782470703125000e-01
3.957126185929166968e+04 1.171875000000000000e-02 -1.078796386718750000e-02 -9.918212890625000000e-01
3.957129164329166815e+04 1.336669921875000000e-02 -1.039123535156250000e-02 -9.904022216796875000e-01
3.957132143629166967e+04 9.460449218750000000e-03 -1.077270507812500000e-02 -9.908905029296875000e-01
3.957135121429167339e+04 1.216125488281250000e-02 -8.316040039062500000e-03 -9.900817871093750000e-01
3.957138099929167220e+04 1.181030273437500000e-02 -8.758544921875000000e-03 -9.915924072265625000e-01
3.957141078529167135e+04 1.170349121093750000e-02 -9.552001953125000000e-03 -9.889984130859375000e-01
3.957144053929166694e+04 1.307678222656250000e-02 -9.536743164062500000e-03 -9.903259277343750000e-01
3.957147033829167049e+04 1.080322265625000000e-02 -8.193969726562500000e-03 -9.916992187500000000e-01
3.957150010929167183e+04 1.254272460937500000e-02 -8.392333984375000000e-03 -9.902801513671875000e-01
3.957152989429167064e+04 1.165771484375000000e-02 -9.246826171875000000e-03 -9.891357421875000000e-01
3.957155966229167097e+04 1.074218750000000000e-02 -7.186889648437500000e-03 -9.900360107421875000e-01
3.957158946429166826e+04 1.185607910156250000e-02 -8.697509765625000000e-03 -9.917755126953125000e-01
3.957161922029167181e+04 1.243591308593750000e-02 -1.025390625000000000e-02 -9.898986816406250000e-01
3.957164900429167028e+04 1.188659667968750000e-02 -8.728027343750000000e-03 -9.897003173828125000e-01
3.957167877429167129e+04 1.083374023437500000e-02 -7.858276367187500000e-03 -9.910125732421875000e-01
3.957170853725000052e+04 1.245117187500000000e-02 -1.036071777343750000e-02 -9.894256591796875000e-01
3.957173832224999933e+04 1.277160644531250000e-02 -7.415771484375000000e-03 -9.893951416015625000e-01
3.957176808324999729e+04 1.292419433593750000e-02 -9.216308593750000000e-03 -9.886627197265625000e-01
3.957179789324999729e+04 1.309204101562500000e-02 -9.429931640625000000e-03 -9.896087646484375000e-01
3.957182767924999644e+04 1.115417480468750000e-02 -1.013183593750000000e-02 -9.894256591796875000e-01
3.957185746425000252e+04 1.115417480468750000e-02 -1.005554199218750000e-02 -9.906311035156250000e-01
3.957188721825001267e+04 1.348876953125000000e-02 -9.368896484375000000e-03 -9.895324707031250000e-01
3.957191702225000336e+04 1.091003417968750000e-02 -1.025390625000000000e-02 -9.906463623046875000e-01
3.957194678825000301e+04 1.000976562500000000e-02 -1.080322265625000000e-02 -9.923095703125000000e-01
3.957197657325000182e+04 1.332092285156250000e-02 -1.129150390625000000e-02 -9.919891357421875000e-01
3.957200635925000097e+04 1.272583007812500000e-02 -9.811401367187500000e-03 -9.897155761718750000e-01
3.957203614525000012e+04 1.237487792968750000e-02 -1.052856445312500000e-02 -9.913330078125000000e-01
3.957206592324999656e+04 1.292419433593750000e-02 -8.544921875000000000e-03 -9.904785156250000000e-01
3.957209571424999740e+04 1.155090332031250000e-02 -8.926391601562500000e-03 -9.887084960937500000e-01
3.957212546825000027e+04 1.089477539062500000e-02 -9.216308593750000000e-03 -9.904785156250000000e-01
3.957215525424999942e+04 1.135253906250000000e-02 -9.414672851562500000e-03 -9.888610839843750000e-01
3.957218504025001312e+04 1.203918457031250000e-02 -1.091003417968750000e-02 -9.897308349609375000e-01
3.957221482025000296e+04 1.252746582031250000e-02 -1.086425781250000000e-02 -9.913482666015625000e-01
3.957224461025000346e+04 1.158142089843750000e-02 -9.399414062500000000e-03 -9.891967773437500000e-01
3.957227439125000092e+04 1.112365722656250000e-02 -6.942749023437500000e-03 -9.925842285156250000e-01
3.957230416225000226e+04 1.217651367187500000e-02 -9.704589843750000000e-03 -9.883880615234375000e-01
3.957233393524999701e+04 1.080322265625000000e-02 -6.423950195312500000e-03 -9.911804199218750000e-01
3.957236372725001274e+04 1.191711425781250000e-02 -9.689331054687500000e-03 -9.891815185546875000e-01
3.957239350525000191e+04 1.255798339843750000e-02 -9.689331054687500000e-03 -9.903259277343750000e-01
3.957242327725000359e+04 1.284790039062500000e-02 -9.155273437500000000e-03 -9.881591796875000000e-01
3.957245304524999665e+04 1.139831542968750000e-02 -8.193969726562500000e-03 -9.894256591796875000e-01
3.957248282925000240e+04 1.211547851562500000e-02 -8.087158203125000000e-03 -9.884490966796875000e-01
3.957251261725000222e+04 1.177978515625000000e-02 -8.804321289062500000e-03 -9.896392822265625000e-01
3.957254240125000069e+04 1.263427734375000000e-02 -1.028442382812500000e-02 -9.902801513671875000e-01
3.957257218624999950e+04 1.187133789062500000e-02 -9.475708007812500000e-03 -9.892578125000000000e-01
3.957260197025001253e+04 1.249694824218750000e-02 -9.872436523437500000e-03 -9.909057617187500000e-01
3.957263172625000152e+04 1.057434082031250000e-02 -9.155273437500000000e-03 -9.887695312500000000e-01
3.957266151525000168e+04 1.220703125000000000e-02 -9.735107421875000000e-03 -9.903564453125000000e-01
3.957269129624999914e+04 1.095581054687500000e-02 -9.735107421875000000e-03 -9.909820556640625000e-01
3.957272108125001250e+04 1.101684570312500000e-02 -9.292602539062500000e-03 -9.886169433593750000e-01
3.957275086624999676e+04 1.290893554687500000e-02 -9.475708007812500000e-03 -9.898529052734375000e-01
3.957278062124999997e+04 1.060485839843750000e-02 -8.071899414062500000e-03 -9.915313720703125000e-01
3.957281039525000233e+04 1.190185546875000000e-02 -1.132202148437500000e-02 -9.895019531250000000e-01
3.957284019024999725e+04 1.296997070312500000e-02 -7.202148437500000000e-03 -9.898376464843750000e-01
3.957286997525000334e+04 1.077270507812500000e-02 -7.797241210937500000e-03 -9.887390136718750000e-01
3.957289974524999707e+04 1.013183593750000000e-02 -8.972167968750000000e-03 -9.906463623046875000e-01
3.957292951525001263e+04 1.158142089843750000e-02 -8.422851562500000000e-03 -9.889526367187500000e-01
3.957295922825000162e+04 9.323120117187500000e-03 -8.621215820312500000e-03 -9.889068603515625000e-01
3.957298904025000229e+04 1.426696777343750000e-02 -1.069641113281250000e-02 -9.895629882812500000e-01
3.957301882525000110e+04 1.188659667968750000e-02 -1.139831542968750000e-02 -9.877319335937500000e-01
3.957304861125000025e+04 9.658813476562500000e-03 -9.338378906250000000e-03 -9.907379150390625000e-01
3.957307839525001327e+04 1.129150390625000000e-02 -8.819580078125000000e-03 -9.900054931640625000e-01
3.957310815125000227e+04 1.071166992187500000e-02 -9.017944335937500000e-03 -9.888000488281250000e-01
3.957313793625000108e+04 1.191711425781250000e-02 -9.689331054687500000e-03 -9.899139404296875000e-01
3.957316772024999955e+04 1.028442382812500000e-02 -8.026123046875000000e-03 -9.888305664062500000e-01
3.957319749525000225e+04 1.228332519531250000e-02 -8.682250976562500000e-03 -9.908447265625000000e-01
3.957322728425000241e+04 1.251220703125000000e-02 -1.026916503906250000e-02 -9.889526367187500000e-01
3.957325704625000071e+04 1.219177246093750000e-02 -1.045227050781250000e-02 -9.912109375000000000e-01
3.957328683024999918e+04 1.148986816406250000e-02 -9.033203125000000000e-03 -9.904479980468750000e-01
3.957331661525001255e+04 1.063537597656250000e-02 -9.033203125000000000e-03 -9.881286621093750000e-01
3.957334638825000002e+04 1.347351074218750000e-02 -8.026123046875000000e-03 -9.903411865234375000e-01
3.957337615525000001e+04 1.135253906250000000e-02 -8.483886718750000000e-03 -9.904022216796875000e-01
3.957340594024999882e+04 1.179504394531250000e-02 -8.865356445312500000e-03 -9.899291992187500000e-01
3.957343569625000237e+04 1.162719726562500000e-02 -8.575439453125000000e-03 -9.887695312500000000e-01
3.957346548125000118e+04 1.136779785156250000e-02 -1.084899902343750000e-02 -9.895324707031250000e-01
3.957349525525000354e+04 1.216125488281250000e-02 -7.644653320312500000e-03 -9.895172119140625000e-01
3.957352502025000285e+04 1.176452636718750000e-02 -8.834838867187500000e-03 -9.906311035156250000e-01
3.957355480525000166e+04 1.275634765625000000e-02 -8.895874023437500000e-03 -9.892730712890625000e-01
3.957358459025000047e+04 1.322937011718750000e-02 -1.043701171875000000e-02 -9.903717041015625000e-01
3.957361434524999640e+04 1.074218750000000000e-02 -7.476806640625000000e-03 -9.889678955078125000e-01
3.957364412525000080e+04 1.197814941406250000e-02 -9.292602539062500000e-03 -9.888458251953125000e-01
3.957367391625000164e+04 1.301574707031250000e-02 -9.216308593750000000e-03 -9.877624511718750000e-01
3.957370370125000045e+04 1.303100585937500000e-02 -1.016235351562500000e-02 -9.882202148437500000e-01
3.957373345525000332e+04 1.168823242187500000e-02 -8.163452148437500000e-03 -9.900817871093750000e-01
3.957376324025000213e+04 9.201049804687500000e-03 -8.361816406250000000e-03 -9.900970458984375000e-01
3.957379302425000060e+04 1.274108886718750000e-02 -1.039123535156250000e-02 -9.882202148437500000e-01
3.957382278024999687e+04 1.113891601562500000e-02 -1.159667968750000000e-02 -9.888305664062500000e-01
3.957385256824999669e+04 1.208496093750000000e-02 -9.445190429687500000e-03 -9.889068603515625000e-01
3.957388232024999888e+04 1.298522949218750000e-02 -7.629394531250000000e-03 -9.878387451171875000e-01
3.957391210524999769e+04 1.184082031250000000e-02 -7.415771484375000000e-03 -9.888153076171875000e-01
3.957394188425000175e+04 1.231384277343750000e-02 -8.987426757812500000e-03 -9.899902343750000000e-01
3.957397167525000259e+04 1.220703125000000000e-02 -8.911132812500000000e-03 -9.873809814453125000e-01
3.957400143025001307e+04 1.167297363281250000e-02 -9.216308593750000000e-03 -9.895629882812500000e-01
3.957403121524999733e+04 1.057434082031250000e-02 -8.087158203125000000e-03 -9.892272949218750000e-01
3.957406100025000342e+04 1.152038574218750000e-02 -8.102416992187500000e-03 -9.895935058593750000e-01
3.957409075524999935e+04 1.113891601562500000e-02 -1.002502441406250000e-02 -9.902038574218750000e-01
3.957412054025001271e+04 1.248168945312500000e-02 -9.872436523437500000e-03 -9.871673583984375000e-01
3.957415032624999731e+04 1.197814941406250000e-02 -7.110595703125000000e-03 -9.886169433593750000e-01
3.957418008025000017e+04 1.033020019531250000e-02 -9.231567382812500000e-03 -9.882812500000000000e-01
3.957420986524999898e+04 1.306152343750000000e-02 -7.156372070312500000e-03 -9.874267578125000000e-01
3.957423965225001302e+04 1.199340820312500000e-02 -9.887695312500000000e-03 -9.885406494140625000e-01
3.957426940625000134e+04 1.101684570312500000e-02 -7.919311523437500000e-03 -9.895782470703125000e-01
3.957429919024999981e+04 1.284790039062500000e-02 -9.826660156250000000e-03 -9.882659912109375000e-01
3.957432897525001317e+04 1.078796386718750000e-02 -8.300781250000000000e-03 -9.891357421875000000e-01
3.957435873125000217e+04 1.193237304687500000e-02 -1.020812988281250000e-02 -9.889831542968750000e-01
3.957438850825001282e+04 1.091003417968750000e-02 -1.116943359375000000e-02 -9.881591796875000000e-01
3.957441826925000350e+04 1.248168945312500000e-02 -8.560180664062500000e-03 -9.893341064453125000e-01
3.957444805625000299e+04 1.271057128906250000e-02 -1.130676269531250000e-02 -9.872589111328125000e-01
3.957447784125000180e+04 1.232910156250000000e-02 -7.736206054687500000e-03 -9.883117675781250000e-01
3.957450759524999739e+04 1.210021972656250000e-02 -8.316040039062500000e-03 -9.899139404296875000e-01
3.957453738525001245e+04 1.091003417968750000e-02 -8.590698242187500000e-03 -9.879302978515625000e-01
3.957456716525000229e+04 1.091003417968750000e-02 -9.445190429687500000e-03 -9.892120361328125000e-01
3.957459692725000059e+04 1.261901855468750000e-02 -9.094238281250000000e-03 -9.880828857421875000e-01
3.957462670524999703e+04 1.248168945312500000e-02 -1.080322265625000000e-02 -9.888916015625000000e-01
3.957465649125000346e+04 1.145935058593750000e-02 -9.292602539062500000e-03 -9.881896972656250000e-01
3.957468627025000023e+04 1.049804687500000000e-02 -8.178710937500000000e-03 -9.875946044921875000e-01
3.957471602924999752e+04 1.275634765625000000e-02 -1.008605957031250000e-02 -9.893646240234375000e-01
3.957474582424999971e+04 1.155090332031250000e-02 -9.735107421875000000e-03 -9.898376464843750000e-01
3.957477560125000309e+04 1.338195800781250000e-02 -9.933471679687500000e-03 -9.898071289062500000e-01
3.957480535124999733e+04 1.121520996093750000e-02 -8.193969726562500000e-03 -9.888305664062500000e-01
3.957483512725000037e+04 1.251220703125000000e-02 -8.682250976562500000e-03 -9.889221191406250000e-01
3.957486489425000036e+04 1.145935058593750000e-02 -9.765625000000000000e-03 -9.904785156250000000e-01
3.957489469324999664e+04 1.145935058593750000e-02 -9.948730468750000000e-03 -9.890136718750000000e-01
3.957492446525001287e+04 1.141357421875000000e-02 -7.324218750000000000e-03 -9.873199462890625000e-01
3.957495421925000119e+04 1.358032226562500000e-02 -1.039123535156250000e-02 -9.884185791015625000e-01
3.957498398325000016e+04 1.327514648437500000e-02 -8.850097656250000000e-03 -9.885101318359375000e-01
3.957501376025000354e+04 1.145935058593750000e-02 -9.231567382812500000e-03 -9.893951416015625000e-01
3.957504354924999643e+04 1.271057128906250000e-02 -1.091003417968750000e-02 -9.897003173828125000e-01
3.957507332925000082e+04 1.229858398437500000e-02 -9.124755859375000000e-03 -9.890441894531250000e-01
3.957510308424999675e+04 1.066589355468750000e-02 -1.062011718750000000e-02 -9.870758056640625000e-01
3.957513287224999658e+04 1.206970214843750000e-02 -8.834838867187500000e-03 -9.890441894531250000e-01
3.957516262424999877e+04 1.293945312500000000e-02 -1.074218750000000000e-02 -9.890899658203125000e-01
3.957519240325000283e+04 1.124572753906250000e-02 -8.789062500000000000e-03 -9.875946044921875000e-01
3.957522218925000197e+04 1.107788085937500000e-02 -8.300781250000000000e-03 -9.894256591796875000e-01
3.957525195024999994e+04 1.139831542968750000e-02 -1.144409179687500000e-02 -9.884643554687500000e-01
3.957528174325000145e+04 1.281738281250000000e-02 -7.720947265625000000e-03 -9.889984130859375000e-01
3.957531151924999722e+04 1.165771484375000000e-02 -7.217407226562500000e-03 -9.890747070312500000e-01
3.957534129424999992e+04 1.268005371093750000e-02 -1.002502441406250000e-02 -9.880523681640625000e-01
3.957537106024999957e+04 1.159667968750000000e-02 -9.933471679687500000e-03 -9.898986816406250000e-01
3.957540084425001260e+04 1.130676269531250000e-02 -9.338378906250000000e-03 -9.898223876953125000e-01
3.957543062725000345e+04 1.167297363281250000e-02 -1.144409179687500000e-02 -9.875793457031250000e-01
3.957546038425000006e+04 1.040649414062500000e-02 -8.712768554687500000e-03 -9.895935058593750000e-01
3.957549017325000023e+04 1.199340820312500000e-02 -9.307861328125000000e-03 -9.887237548828125000e-01
3.957551995525001257e+04 1.000976562500000000e-02 -9.140014648437500000e-03 -9.874877929687500000e-01
3.957554974024999683e+04 9.857177734375000000e-03 -9.124755859375000000e-03 -9.888610839843750000e-01
3.957557952625000325e+04 1.124572753906250000e-02 -1.007080078125000000e-02 -9.896240234375000000e-01
3.957560931025000173e+04 1.203918457031250000e-02 -8.895874023437500000e-03 -9.886627197265625000e-01
3.957563907124999969e+04 1.033020019531250000e-02 -8.361816406250000000e-03 -9.890747070312500000e-01
3.957566884925000340e+04 1.205444335937500000e-02 -8.224487304687500000e-03 -9.886932373046875000e-01
3.957569863425000221e+04 1.448059082031250000e-02 -9.429931640625000000e-03 -9.904022216796875000e-01
3.957572840225000255e+04 1.161193847656250000e-02 -9.490966796875000000e-03 -9.886016845703125000e-01
3.957575820625000051e+04 1.107788085937500000e-02 -1.029968261718750000e-02 -9.881286621093750000e-01
3.957578797725000186e+04 1.124572753906250000e-02 -1.020812988281250000e-02 -9.893035888671875000e-01
3.957581774525000219e+04 1.065063476562500000e-02 -8.712768554687500000e-03 -9.897918701171875000e-01
3.957584752024999761e+04 1.161193847656250000e-02 -1.036071777343750000e-02 -9.887847900390625000e-01
3.957587731025001267e+04 1.310729980468750000e-02 -1.004028320312500000e-02 -9.893951416015625000e-01
3.957590707725001266e+04 1.208496093750000000e-02 -7.476806640625000000e-03 -9.876251220703125000e-01
3.957593686725001317e+04 1.153564453125000000e-02 -9.384155273437500000e-03 -9.886779785156250000e-01
3.957596664025000064e+04 1.104736328125000000e-02 -8.468627929687500000e-03 -9.899597167968750000e-01
3.957599642624999979e+04 1.107788085937500000e-02 -7.553100585937500000e-03 -9.869232177734375000e-01
3.957602618725001230e+04 1.098632812500000000e-02 -9.521484375000000000e-03 -9.871368408203125000e-01
3.957605596525000146e+04 1.239013671875000000e-02 -7.095336914062500000e-03 -9.890594482421875000e-01
3.957608573425000213e+04 1.286315917968750000e-02 -8.834838867187500000e-03 -9.892425537109375000e-01
3.957611553624999942e+04 1.156616210937500000e-02 -9.567260742187500000e-03 -9.887237548828125000e-01
3.957614532125001278e+04 1.202392578125000000e-02 -1.007080078125000000e-02 -9.898834228515625000e-01
3.957617507425000076e+04 1.129150390625000000e-02 -8.422851562500000000e-03 -9.887237548828125000e-01
3.957620486024999991e+04 1.191711425781250000e-02 -7.202148437500000000e-03 -9.883728027343750000e-01
3.957623465025000041e+04 1.312255859375000000e-02 -9.490966796875000000e-03 -9.882965087890625000e-01
3.957626443024999753e+04 1.106262207031250000e-02 -1.004028320312500000e-02 -9.894561767578125000e-01
3.957629421525000362e+04 1.237487792968750000e-02 -1.008605957031250000e-02 -9.893493652343750000e-01
3.957632400624999718e+04 1.142883300781250000e-02 -8.682250976562500000e-03 -9.862823486328125000e-01
3.957635378725000191e+04 1.226806640625000000e-02 -9.231567382812500000e-03 -9.895935058593750000e-01
3.957638356124999700e+04 1.179504394531250000e-02 -6.500244140625000000e-03 -9.874114990234375000e-01
3.957641335724999954e+04 1.158142089843750000e-02 -8.468627929687500000e-03 -9.900665283203125000e-01
3.957644311225000274e+04 1.335144042968750000e-02 -8.743286132812500000e-03 -9.867858886718750000e-01
3.957647290524999698e+04 1.043701171875000000e-02 -8.666992187500000000e-03 -9.866943359375000000e-01
3.957650268225000036e+04 1.246643066406250000e-02 -9.124755859375000000e-03 -9.884796142578125000e-01
3.957653245525000239e+04 1.121520996093750000e-02 -9.948730468750000000e-03 -9.890899658203125000e-01
3.957656225124999764e+04 1.229858398437500000e-02 -8.270263671875000000e-03 -9.900360107421875000e-01
3.957659203724999679e+04 1.123046875000000000e-02 -9.872436523437500000e-03 -9.893798828125000000e-01
3.957662179925000237e+04 1.193237304687500000e-02 -9.475708007812500000e-03 -9.893188476562500000e-01
3.957665160825000203e+04 1.156616210937500000e-02 -8.819580078125000000e-03 -9.897308349609375000e-01
3.957668138425001234e+04 1.057434082031250000e-02 -9.140014648437500000e-03 -9.873657226562500000e-01
3.957671115112499683e+04 1.303100585937500000e-02 -8.560180664062500000e-03 -9.885101318359375000e-01
3.957674090612500004e+04 1.248168945312500000e-02 -7.080078125000000000e-03 -9.881744384765625000e-01
3.957677070312500291e+04 1.162719726562500000e-02 -9.246826171875000000e-03 -9.881744384765625000e-01
3.957680047512499732e+04 1.104736328125000000e-02 -1.029968261718750000e-02 -9.890441894531250000e-01
3.957683025412500137e+04 1.222229003906250000e-02 -8.392333984375000000e-03 -9.904785156250000000e-01
3.957686004612500255e+04 1.152038574218750000e-02 -7.141113281250000000e-03 -9.888916015625000000e-01
3.957688983212500170e+04 1.281738281250000000e-02 -8.377075195312500000e-03 -9.888000488281250000e-01
3.957691959712500102e+04 1.197814941406250000e-02 -8.544921875000000000e-03 -9.880981445312500000e-01
3.957694940112499899e+04 1.135253906250000000e-02 -8.789062500000000000e-03 -9.895935058593750000e-01
3.957697917212500033e+04 1.226806640625000000e-02 -9.002685546875000000e-03 -9.876251220703125000e-01
3.957700894212500134e+04 1.223754882812500000e-02 -9.887695312500000000e-03 -9.897766113281250000e-01
3.957703872712500015e+04 1.408386230468750000e-02 -9.017944335937500000e-03 -9.865570068359375000e-01
3.957706848912501300e+04 1.368713378906250000e-02 -8.682250976562500000e-03 -9.872131347656250000e-01
3.957709829612499743e+04 1.228332519531250000e-02 -9.674072265625000000e-03 -9.888153076171875000e-01
3.957712807012499979e+04 1.309204101562500000e-02 -7.659912109375000000e-03 -9.881134033203125000e-01
3.957715783612499945e+04 1.307678222656250000e-02 -8.239746093750000000e-03 -9.883575439453125000e-01
3.957718762212501315e+04 1.280212402343750000e-02 -8.941650390625000000e-03 -9.887695312500000000e-01
3.957721738812501280e+04 1.208496093750000000e-02 -9.750366210937500000e-03 -9.878387451171875000e-01
3.957724719612499757e+04 1.109313964843750000e-02 -1.121520996093750000e-02 -9.883270263671875000e-01
3.957727696612501313e+04 1.316833496093750000e-02 -9.490966796875000000e-03 -9.896392822265625000e-01
3.957730673112501245e+04 1.017761230468750000e-02 -8.651733398437500000e-03 -9.891052246093750000e-01
3.957733651612499671e+04 1.045227050781250000e-02 -8.392333984375000000e-03 -9.903564453125000000e-01
3.957736629812500178e+04 1.333618164062500000e-02 -9.170532226562500000e-03 -9.868164062500000000e-01
3.957739608712500194e+04 1.315307617187500000e-02 -7.293701171875000000e-03 -9.878387451171875000e-01
3.957742587512500177e+04 1.167297363281250000e-02 -8.575439453125000000e-03 -9.891357421875000000e-01
3.957745565812499990e+04 1.037597656250000000e-02 -1.014709472656250000e-02 -9.907226562500000000e-01
3.957748544312501326e+04 1.138305664062500000e-02 -7.369995117187500000e-03 -9.893951416015625000e-01
3.957751521512500040e+04 1.068115234375000000e-02 -8.193969726562500000e-03 -9.894256591796875000e-01
3.957754498212500039e+04 1.223754882812500000e-02 -9.796142578125000000e-03 -9.877929687500000000e-01
3.957757476212499751e+04 1.329040527343750000e-02 -1.008605957031250000e-02 -9.880981445312500000e-01
3.957760455212501256e+04 1.106262207031250000e-02 -6.057739257812500000e-03 -9.885559082031250000e-01
3.957763433812499716e+04 1.095581054687500000e-02 -9.689331054687500000e-03 -9.881896972656250000e-01
3.957766410912501306e+04 1.133728027343750000e-02 -9.048461914062500000e-03 -9.901733398437500000e-01
3.957769390912500239e+04 1.138305664062500000e-02 -8.544921875000000000e-03 -9.890747070312500000e-01
3.957772366212499765e+04 1.112365722656250000e-02 -9.689331054687500000e-03 -9.895324707031250000e-01
3.957775344812499679e+04 1.022338867187500000e-02 -1.025390625000000000e-02 -9.878540039062500000e-01
3.957778323312500288e+04 1.220703125000000000e-02 -7.919311523437500000e-03 -9.884338378906250000e-01
3.957781300812501286e+04 1.123046875000000000e-02 -9.704589843750000000e-03 -9.900817871093750000e-01
3.957784280312500050e+04 1.132202148437500000e-02 -8.316040039062500000e-03 -9.880218505859375000e-01
3.957787259712500236e+04 1.219177246093750000e-02 -8.316040039062500000e-03 -9.883728027343750000e-01
3.957790238012500049e+04 1.133728027343750000e-02 -8.499145507812500000e-03 -9.878692626953125000e-01
3.957793215812499693e+04 1.341247558593750000e-02 -7.522583007812500000e-03 -9.880828857421875000e-01
3.957796194112500234e+04 1.171875000000000000e-02 -8.743286132812500000e-03 -9.878997802734375000e-01
3.957799173012500250e+04 1.390075683593750000e-02 -8.056640625000000000e-03 -9.884948730468750000e-01
3.957802151512500132e+04 1.185607910156250000e-02 -9.078979492187500000e-03 -9.892578125000000000e-01
3.957805130012500013e+04 1.249694824218750000e-02 -9.216308593750000000e-03 -9.869995117187500000e-01
3.957808108412501315e+04 1.312255859375000000e-02 -9.201049804687500000e-03 -9.888305664062500000e-01
3.957811084112500248e+04 1.219177246093750000e-02 -8.071899414062500000e-03 -9.887695312500000000e-01
3.957814062412500061e+04 9.353637695312500000e-03 -1.016235351562500000e-02 -9.884033203125000000e-01
3.957817042212499655e+04 1.124572753906250000e-02 -7.583618164062500000e-03 -9.883575439453125000e-01
3.957820019512501312e+04 1.319885253906250000e-02 -8.987426757812500000e-03 -9.880981445312500000e-01
3.957822997912499704e+04 1.158142089843750000e-02 -8.621215820312500000e-03 -9.880981445312500000e-01
3.957825977112501278e+04 1.132202148437500000e-02 -1.049804687500000000e-02 -9.909667968750000000e-01
3.957828955112500262e+04 1.152038574218750000e-02 -8.056640625000000000e-03 -9.884490966796875000e-01
3.957831932512499770e+04 1.029968261718750000e-02 -7.949829101562500000e-03 -9.889373779296875000e-01
3.957834912012499990e+04 1.353454589843750000e-02 -9.857177734375000000e-03 -9.903106689453125000e-01
3.957837890512501326e+04 1.174926757812500000e-02 -7.858276367187500000e-03 -9.887084960937500000e-01
3.957840868412500276e+04 1.089477539062500000e-02 -9.460449218750000000e-03 -9.896087646484375000e-01
3.957843847612499667e+04 1.356506347656250000e-02 -7.446289062500000000e-03 -9.883575439453125000e-01
3.957846823912500258e+04 1.234436035156250000e-02 -8.926391601562500000e-03 -9.893188476562500000e-01
3.957849801612501324e+04 1.022338867187500000e-02 -8.239746093750000000e-03 -9.896240234375000000e-01
3.957852780012499716e+04 1.106262207031250000e-02 -8.422851562500000000e-03 -9.888458251953125000e-01
3.957855757512499986e+04 1.220703125000000000e-02 -7.904052734375000000e-03 -9.904174804687500000e-01
3.957858737212500273e+04 1.234436035156250000e-02 -1.171875000000000000e-02 -9.890289306640625000e-01
3.957861715412500052e+04 1.225280761718750000e-02 -8.392333984375000000e-03 -9.878997802734375000e-01
3.957864694212500035e+04 1.119995117187500000e-02 -9.124755859375000000e-03 -9.875183105468750000e-01
3.957867672712499916e+04 1.129150390625000000e-02 -8.880615234375000000e-03 -9.885559082031250000e-01
3.957870649812500051e+04 1.240539550781250000e-02 -7.171630859375000000e-03 -9.883422851562500000e-01
3.957873626612500084e+04 1.138305664062500000e-02 -9.078979492187500000e-03 -9.907073974609375000e-01
3.957876604712501285e+04 1.226806640625000000e-02 -8.377075195312500000e-03 -9.881896972656250000e-01
3.957879583712499880e+04 1.174926757812500000e-02 -8.987426757812500000e-03 -9.901123046875000000e-01
3.957882562212499761e+04 1.138305664062500000e-02 -8.666992187500000000e-03 -9.907226562500000000e-01
3.957885538912499760e+04 1.144409179687500000e-02 -9.155273437500000000e-03 -9.895172119140625000e-01
3.957888516112499929e+04 1.148986816406250000e-02 -8.987426757812500000e-03 -9.876098632812500000e-01
3.957891496412499691e+04 1.156616210937500000e-02 -7.568359375000000000e-03 -9.901580810546875000e-01
3.957894473312499758e+04 1.348876953125000000e-02 -8.605957031250000000e-03 -9.879455566406250000e-01
3.957897451712500333e+04 1.193237304687500000e-02 -7.293701171875000000e-03 -9.901275634765625000e-01
3.957900427112499892e+04 1.315307617187500000e-02 -1.097106933593750000e-02 -9.909820556640625000e-01
3.957903405712501262e+04 1.219177246093750000e-02 -9.399414062500000000e-03 -9.896087646484375000e-01
3.957906384612501279e+04 1.062011718750000000e-02 -9.170532226562500000e-03 -9.885559082031250000e-01
3.957909362712500297e+04 1.181030273437500000e-02 -8.453369140625000000e-03 -9.882049560546875000e-01
3.957912338212499890e+04 1.138305664062500000e-02 -7.537841796875000000e-03 -9.897003173828125000e-01
3.957915317712500109e+04 1.213073730468750000e-02 -8.697509765625000000e-03 -9.896545410156250000e-01
3.957918295312499686e+04 1.269531250000000000e-02 -9.216308593750000000e-03 -9.897918701171875000e-01
3.957921271812500345e+04 1.264953613281250000e-02 -8.270263671875000000e-03 -9.911041259765625000e-01
3.957924251312501292e+04 1.081848144531250000e-02 -1.000976562500000000e-02 -9.896392822265625000e-01
3.957927227812499768e+04 1.251220703125000000e-02 -8.819580078125000000e-03 -9.879302978515625000e-01
3.957930205212500005e+04 1.158142089843750000e-02 -7.980346679687500000e-03 -9.889373779296875000e-01
3.957933184712500224e+04 1.306152343750000000e-02 -8.300781250000000000e-03 -9.889221191406250000e-01
3.957936163312500139e+04 9.689331054687500000e-03 -9.872436523437500000e-03 -9.888916015625000000e-01
3.957939141712499986e+04 1.164245605468750000e-02 -8.529663085937500000e-03 -9.880371093750000000e-01
3.957942120312499901e+04 1.113891601562500000e-02 -1.089477539062500000e-02 -9.896087646484375000e-01
3.957945098412499647e+04 1.075744628906250000e-02 -9.201049804687500000e-03 -9.904174804687500000e-01
3.957948077412499697e+04 1.344299316406250000e-02 -9.109497070312500000e-03 -9.897003173828125000e-01
3.957951053812500322e+04 1.309204101562500000e-02 -8.941650390625000000e-03 -9.885101318359375000e-01
3.957954031312501320e+04 1.179504394531250000e-02 -9.353637695312500000e-03 -9.881896972656250000e-01
3.957957009812499746e+04 1.081848144531250000e-02 -1.054382324218750000e-02 -9.884033203125000000e-01
3.957959989112499898e+04 1.156616210937500000e-02 -8.529663085937500000e-03 -9.885406494140625000e-01
3.957962966912500269e+04 1.217651367187500000e-02 -9.246826171875000000e-03 -9.896392822265625000e-01
3.957965943912499642e+04 1.290893554687500000e-02 -8.499145507812500000e-03 -9.889373779296875000e-01
3.957968923812499997e+04 1.161193847656250000e-02 -9.124755859375000000e-03 -9.891510009765625000e-01
3.957971899412500352e+04 1.432800292968750000e-02 -8.193969726562500000e-03 -9.890747070312500000e-01
3.957974876512499759e+04 1.048278808593750000e-02 -8.621215820312500000e-03 -9.887847900390625000e-01
3.957977856312500080e+04 1.257324218750000000e-02 -9.140014648437500000e-03 -9.910888671875000000e-01
3.957980831712499639e+04 1.278686523437500000e-02 -8.911132812500000000e-03 -9.881134033203125000e-01
3.957983808812501229e+04 1.420593261718750000e-02 -9.307861328125000000e-03 -9.887695312500000000e-01
3.957986788812500163e+04 1.312255859375000000e-02 -9.674072265625000000e-03 -9.873657226562500000e-01
3.957989766512501228e+04 1.145935058593750000e-02 -8.636474609375000000e-03 -9.889526367187500000e-01
3.957992742812499637e+04 1.058959960937500000e-02 -8.636474609375000000e-03 -9.897766113281250000e-01
3.957995721412500279e+04 1.191711425781250000e-02 -1.057434082031250000e-02 -9.883117675781250000e-01
3.957998699912500160e+04 1.075744628906250000e-02 -1.000976562500000000e-02 -9.896545410156250000e-01
3.958001675312499719e+04 1.208496093750000000e-02 -8.438110351562500000e-03 -9.891815185546875000e-01
3.958004652812499990e+04 1.225280761718750000e-02 -9.475708007812500000e-03 -9.900054931640625000e-01
3.958007632312500209e+04 1.269531250000000000e-02 -9.780883789062500000e-03 -9.868774414062500000e-01
3.958010610512499989e+04 1.200866699218750000e-02 -8.773803710937500000e-03 -9.877471923828125000e-01
3.958013586312499683e+04 1.106262207031250000e-02 -9.063720703125000000e-03 -9.902801513671875000e-01
3.958016564812500292e+04 1.048278808593750000e-02 -1.069641113281250000e-02 -9.901733398437500000e-01
3.958019543612500274e+04 1.086425781250000000e-02 -9.292602539062500000e-03 -9.886474609375000000e-01
3.958022521912500088e+04 1.249694824218750000e-02 -7.553100585937500000e-03 -9.883270263671875000e-01
3.958025497612499748e+04 1.077270507812500000e-02 -8.972167968750000000e-03 -9.889678955078125000e-01
3.958028475812500255e+04 1.296997070312500000e-02 -1.043701171875000000e-02 -9.893951416015625000e-01
3.958031454412500170e+04 1.290893554687500000e-02 -9.963989257812500000e-03 -9.892883300781250000e-01
3.958034431312500237e+04 1.124572753906250000e-02 -8.071899414062500000e-03 -9.883880615234375000e-01
3.958037408312500338e+04 1.168823242187500000e-02 -7.308959960937500000e-03 -9.893798828125000000e-01
3.958040386012499948e+04 1.229858398437500000e-02 -9.262084960937500000e-03 -9.874267578125000000e-01
3.958043365412500134e+04 1.177978515625000000e-02 -7.614135742187500000e-03 -9.880981445312500000e-01
3.958046344012500049e+04 1.280212402343750000e-02 -7.781982421875000000e-03 -9.896850585937500000e-01
3.958049319312500302e+04 1.257324218750000000e-02 -9.887695312500000000e-03 -9.884185791015625000e-01
3.958052297912500217e+04 1.327514648437500000e-02 -8.941650390625000000e-03 -9.895935058593750000e-01
3.958055275712501316e+04 1.132202148437500000e-02 -8.178710937500000000e-03 -9.886932373046875000e-01
3.958058254912499979e+04 1.119995117187500000e-02 -8.361816406250000000e-03 -9.877777099609375000e-01
3.958061233512499894e+04 1.037597656250000000e-02 -7.202148437500000000e-03 -9.891815185546875000e-01
3.958064208312499977e+04 9.506225585937500000e-03 -9.353637695312500000e-03 -9.884185791015625000e-01
3.958067187512500095e+04 1.287841796875000000e-02 -8.636474609375000000e-03 -9.887847900390625000e-01
3.958070166012499976e+04 1.084899902343750000e-02 -1.005554199218750000e-02 -9.883117675781250000e-01
3.958073144412501279e+04 1.182556152343750000e-02 -1.007080078125000000e-02 -9.875335693359375000e-01
3.958076119912500144e+04 1.225280761718750000e-02 -7.583618164062500000e-03 -9.887390136718750000e-01
3.958079098412500025e+04 1.174926757812500000e-02 -8.865356445312500000e-03 -9.888763427734375000e-01
3.958082077012499940e+04 1.268005371093750000e-02 -6.759643554687500000e-03 -9.898681640625000000e-01
3.958085055512501276e+04 1.150512695312500000e-02 -9.765625000000000000e-03 -9.889984130859375000e-01
3.958088030912500108e+04 1.191711425781250000e-02 -8.163452148437500000e-03 -9.890136718750000000e-01
3.958091009512500023e+04 1.182556152343750000e-02 -9.277343750000000000e-03 -9.892272949218750000e-01
3.958093987912501325e+04 1.199340820312500000e-02 -8.941650390625000000e-03 -9.901428222656250000e-01
3.958096966512501240e+04 1.055908203125000000e-02 -9.796142578125000000e-03 -9.904632568359375000e-01
3.958099941912500071e+04 1.074218750000000000e-02 -9.948730468750000000e-03 -9.900207519531250000e-01
3.958102920512499986e+04 1.031494140625000000e-02 -8.209228515625000000e-03 -9.888916015625000000e-01
3.958105899012501322e+04 1.243591308593750000e-02 -8.392333984375000000e-03 -9.890747070312500000e-01
3.958108877612501237e+04 1.103210449218750000e-02 -7.629394531250000000e-03 -9.894409179687500000e-01
3.958111856112499663e+04 1.258850097656250000e-02 -8.407592773437500000e-03 -9.902648925781250000e-01
3.958114834612500272e+04 1.170349121093750000e-02 -1.081848144531250000e-02 -9.876556396484375000e-01
3.958117810012501286e+04 1.246643066406250000e-02 -7.507324218750000000e-03 -9.910888671875000000e-01
3.958120789712500118e+04 1.028442382812500000e-02 -9.979248046875000000e-03 -9.901580810546875000e-01
3.958123767012500321e+04 1.225280761718750000e-02 -7.080078125000000000e-03 -9.897460937500000000e-01
3.958126744012499694e+04 1.239013671875000000e-02 -9.033203125000000000e-03 -9.880371093750000000e-01
3.958129721012501250e+04 1.293945312500000000e-02 -6.668090820312500000e-03 -9.896850585937500000e-01
3.958132699512499676e+04 1.237487792968750000e-02 -9.078979492187500000e-03 -9.885864257812500000e-01
3.958135678112500318e+04 1.095581054687500000e-02 -8.117675781250000000e-03 -9.871673583984375000e-01
3.958138653612499911e+04 1.255798339843750000e-02 -9.811401367187500000e-03 -9.880065917968750000e-01
3.958141632112501247e+04 1.129150390625000000e-02 -8.361816406250000000e-03 -9.883117675781250000e-01
3.958144610512499639e+04 1.391601562500000000e-02 -8.392333984375000000e-03 -9.881439208984375000e-01
3.958147586012499960e+04 1.162719726562500000e-02 -8.056640625000000000e-03 -9.886779785156250000e-01
3.958150564612501330e+04 1.263427734375000000e-02 -1.029968261718750000e-02 -9.896697998046875000e-01
3.958153543112499756e+04 1.170349121093750000e-02 -7.553100585937500000e-03 -9.873352050781250000e-01
3.958156518612500076e+04 1.277160644531250000e-02 -7.827758789062500000e-03 -9.886169433593750000e-01
3.958159497012499924e+04 1.165771484375000000e-02 -7.659912109375000000e-03 -9.868774414062500000e-01
3.958162475512501260e+04 1.092529296875000000e-02 -7.751464843750000000e-03 -9.885406494140625000e-01
3.958165454112499719e+04 1.194763183593750000e-02 -8.895874023437500000e-03 -9.886627197265625000e-01
3.958168429612500040e+04 1.306152343750000000e-02 -6.561279296875000000e-03 -9.901123046875000000e-01
3.958171404687500035e+04 1.226806640625000000e-02 -8.514404296875000000e-03 -9.896850585937500000e-01
3.958174383087499882e+04 1.106262207031250000e-02 -9.567260742187500000e-03 -9.895477294921875000e-01
3.958177361687501252e+04 1.075744628906250000e-02 -9.078979492187500000e-03 -9.886322021484375000e-01
3.958180337187500118e+04 1.164245605468750000e-02 -8.071899414062500000e-03 -9.891052246093750000e-01
3.958183314887499728e+04 1.165771484375000000e-02 -6.729125976562500000e-03 -9.874420166015625000e-01
3.958186294087501301e+04 1.187133789062500000e-02 -1.055908203125000000e-02 -9.889221191406250000e-01
3.958189270387499710e+04 1.150512695312500000e-02 -8.819580078125000000e-03 -9.900360107421875000e-01
3.958192248087500047e+04 1.327514648437500000e-02 -8.621215820312500000e-03 -9.885406494140625000e-01
3.958195223587499640e+04 9.429931640625000000e-03 -8.728027343750000000e-03 -9.897613525390625000e-01
3.958198202087500249e+04 1.248168945312500000e-02 -9.582519531250000000e-03 -9.895935058593750000e-01
3.958201180587500130e+04 1.011657714843750000e-02 -8.163452148437500000e-03 -9.894256591796875000e-01
3.958204157487500197e+04 1.141357421875000000e-02 -9.231567382812500000e-03 -9.899902343750000000e-01
3.958207134687499638e+04 1.274108886718750000e-02 -8.102416992187500000e-03 -9.877166748046875000e-01
3.958210113187500247e+04 1.200866699218750000e-02 -8.255004882812500000e-03 -9.902191162109375000e-01
3.958213088487499772e+04 1.101684570312500000e-02 -8.285522460937500000e-03 -9.882965087890625000e-01
3.958216067187499721e+04 9.948730468750000000e-03 -9.994506835937500000e-03 -9.879150390625000000e-01
3.958219043387500278e+04 1.139831542968750000e-02 -1.023864746093750000e-02 -9.895477294921875000e-01
3.958222020987501310e+04 1.094055175781250000e-02 -9.780883789062500000e-03 -9.903717041015625000e-01
3.958224999487499736e+04 1.187133789062500000e-02 -8.056640625000000000e-03 -9.890747070312500000e-01
3.958227974987500056e+04 1.039123535156250000e-02 -9.689331054687500000e-03 -9.885864257812500000e-01
3.958230953587499971e+04 1.168823242187500000e-02 -9.521484375000000000e-03 -9.893493652343750000e-01
3.958233932187499886e+04 1.164245605468750000e-02 -6.713867187500000000e-03 -9.900207519531250000e-01
3.958236907487500139e+04 1.074218750000000000e-02 -7.614135742187500000e-03 -9.889221191406250000e-01
3.958239885987500020e+04 1.190185546875000000e-02 -9.597778320312500000e-03 -9.892883300781250000e-01
3.958242864187501254e+04 1.193237304687500000e-02 -7.522583007812500000e-03 -9.891357421875000000e-01
3.958245839987500221e+04 1.182556152343750000e-02 -1.045227050781250000e-02 -9.878082275390625000e-01
3.958248818587500136e+04 1.184082031250000000e-02 -1.052856445312500000e-02 -9.899749755859375000e-01
3.958251796987499984e+04 1.316833496093750000e-02 -8.987426757812500000e-03 -9.892883300781250000e-01
3.958254773487499915e+04 1.252746582031250000e-02 -7.629394531250000000e-03 -9.890747070312500000e-01
3.958257752487499965e+04 1.156616210937500000e-02 -7.492065429687500000e-03 -9.886322021484375000e-01
3.958260729587500100e+04 1.246643066406250000e-02 -9.521484375000000000e-03 -9.892883300781250000e-01
3.958263706487500167e+04 1.115417480468750000e-02 -8.697509765625000000e-03 -9.883422851562500000e-01
3.958266683487500268e+04 1.092529296875000000e-02 -9.033203125000000000e-03 -9.895782470703125000e-01
3.958269659087499895e+04 9.750366210937500000e-03 -7.278442382812500000e-03 -9.887847900390625000e-01
3.958272637587501231e+04 1.316833496093750000e-02 -8.666992187500000000e-03 -9.891815185546875000e-01
3.958275615987500350e+04 1.124572753906250000e-02 -8.636474609375000000e-03 -9.881286621093750000e-01
3.958278592187500180e+04 1.164245605468750000e-02 -8.636474609375000000e-03 -9.881439208984375000e-01
3.958281570087501314e+04 1.185607910156250000e-02 -9.140014648437500000e-03 -9.897918701171875000e-01
3.958284548587499739e+04 1.344299316406250000e-02 -8.605957031250000000e-03 -9.892120361328125000e-01
3.958287523987500026e+04 1.235961914062500000e-02 -7.080078125000000000e-03 -9.892120361328125000e-01
3.958290502487499907e+04 1.101684570312500000e-02 -9.658813476562500000e-03 -9.895935058593750000e-01
3.958293479287499940e+04 1.147460937500000000e-02 -9.338378906250000000e-03 -9.890289306640625000e-01
3.958296459587499703e+04 1.231384277343750000e-02 -7.781982421875000000e-03 -9.898681640625000000e-01
3.958299434987499990e+04 1.115417480468750000e-02 -8.056640625000000000e-03 -9.892578125000000000e-01
3.958302413487501326e+04 1.255798339843750000e-02 -9.552001953125000000e-03 -9.877319335937500000e-01
3.958305392087501241e+04 1.240539550781250000e-02 -8.743286132812500000e-03 -9.885864257812500000e-01
3.958308369287499954e+04 1.216125488281250000e-02 -6.805419921875000000e-03 -9.905090332031250000e-01
3.958311346087499987e+04 1.052856445312500000e-02 -7.507324218750000000e-03 -9.894409179687500000e-01
3.958314324487501290e+04 1.214599609375000000e-02 -8.880615234375000000e-03 -9.874267578125000000e-01
3.958317299987500155e+04 1.165771484375000000e-02 -9.658813476562500000e-03 -9.872894287109375000e-01
3.958320278587500070e+04 1.239013671875000000e-02 -6.668090820312500000e-03 -9.894561767578125000e-01
3.958323256487499748e+04 1.124572753906250000e-02 -1.020812988281250000e-02 -9.898529052734375000e-01
3.958326233387501270e+04 1.232910156250000000e-02 -7.720947265625000000e-03 -9.887847900390625000e-01
3.958329210987500119e+04 1.196289062500000000e-02 -9.811401367187500000e-03 -9.878997802734375000e-01
3.958332189487500000e+04 1.147460937500000000e-02 -9.033203125000000000e-03 -9.900665283203125000e-01
3.958335168087499915e+04 1.287841796875000000e-02 -6.652832031250000000e-03 -9.903411865234375000e-01
3.958338145487500151e+04 1.144409179687500000e-02 -8.514404296875000000e-03 -9.890289306640625000e-01
3.958341121987500082e+04 1.077270507812500000e-02 -8.132934570312500000e-03 -9.884796142578125000e-01
3.958344100587499997e+04 1.116943359375000000e-02 -8.193969726562500000e-03 -9.886169433593750000e-01
3.958347078987501300e+04 1.269531250000000000e-02 -9.033203125000000000e-03 -9.877777099609375000e-01
3.958350054487500165e+04 1.133728027343750000e-02 -7.446289062500000000e-03 -9.880981445312500000e-01
3.958353032487499877e+04 1.170349121093750000e-02 -8.361816406250000000e-03 -9.891815185546875000e-01
3.958356011587499961e+04 1.251220703125000000e-02 -9.017944335937500000e-03 -9.885559082031250000e-01
3.958358986987500248e+04 1.127624511718750000e-02 -6.958007812500000000e-03 -9.895629882812500000e-01
3.958361965587500163e+04 1.162719726562500000e-02 -8.697509765625000000e-03 -9.884033203125000000e-01
3.958364943987500010e+04 1.075744628906250000e-02 -7.247924804687500000e-03 -9.911804199218750000e-01
3.958367920187501295e+04 1.315307617187500000e-02 -9.490966796875000000e-03 -9.877777099609375000e-01
3.958370898087500245e+04 1.101684570312500000e-02 -7.431030273437500000e-03 -9.893798828125000000e-01
3.958373876487500092e+04 1.185607910156250000e-02 -7.614135742187500000e-03 -9.886932373046875000e-01
3.958376854987499974e+04 1.377868652343750000e-02 -9.826660156250000000e-03 -9.892272949218750000e-01
3.958379833487501310e+04 1.214599609375000000e-02 -6.591796875000000000e-03 -9.903717041015625000e-01
3.958382808287499938e+04 1.412963867187500000e-02 -6.774902343750000000e-03 -9.877166748046875000e-01
3.958385787587500090e+04 1.243591308593750000e-02 -8.895874023437500000e-03 -9.886779785156250000e-01
3.958388763387501240e+04 1.246643066406250000e-02 -7.858276367187500000e-03 -9.891815185546875000e-01
3.958391741487500258e+04 1.097106933593750000e-02 -1.152038574218750000e-02 -9.889831542968750000e-01
3.958394719987500139e+04 1.004028320312500000e-02 -9.979248046875000000e-03 -9.873352050781250000e-01
3.958397697487499681e+04 1.159667968750000000e-02 -7.156372070312500000e-03 -9.885559082031250000e-01
3.958400677087499935e+04 1.254272460937500000e-02 -9.216308593750000000e-03 -9.893341064453125000e-01
3.958403655587501271e+04 1.048278808593750000e-02 -8.544921875000000000e-03 -9.886779785156250000e-01
3.958406630987500102e+04 1.165771484375000000e-02 -9.567260742187500000e-03 -9.866943359375000000e-01
3.958409609587500017e+04 1.196289062500000000e-02 -8.026123046875000000e-03 -9.884948730468750000e-01
3.958412587887501286e+04 1.240539550781250000e-02 -9.445190429687500000e-03 -9.876098632812500000e-01
3.958415563587500219e+04 1.307678222656250000e-02 -9.094238281250000000e-03 -9.896697998046875000e-01
3.958418541987500066e+04 1.205444335937500000e-02 -8.087158203125000000e-03 -9.901428222656250000e-01
3.958421520587499981e+04 1.301574707031250000e-02 -7.339477539062500000e-03 -9.877014160156250000e-01
3.958424499187499896e+04 1.268005371093750000e-02 -9.002685546875000000e-03 -9.891204833984375000e-01
3.958427475387499726e+04 1.338195800781250000e-02 -8.087158203125000000e-03 -9.885864257812500000e-01
3.958430452987500030e+04 1.107788085937500000e-02 -9.109497070312500000e-03 -9.903259277343750000e-01
3.958433429987500131e+04 1.266479492187500000e-02 -9.597778320312500000e-03 -9.889526367187500000e-01
3.958436407087500265e+04 1.232910156250000000e-02 -7.904052734375000000e-03 -9.891510009765625000e-01
3.958439385487500113e+04 9.658813476562500000e-03 -8.636474609375000000e-03 -9.903411865234375000e-01
3.958442360587500298e+04 1.237487792968750000e-02 -8.270263671875000000e-03 -9.884948730468750000e-01
3.958445339487500314e+04 1.358032226562500000e-02 -7.781982421875000000e-03 -9.893188476562500000e-01
3.958448316487499687e+04 1.216125488281250000e-02 -8.377075195312500000e-03 -9.866790771484375000e-01
3.958451293587501277e+04 1.119995117187500000e-02 -8.819580078125000000e-03 -9.882049560546875000e-01
3.958454272087499703e+04 1.214599609375000000e-02 -8.377075195312500000e-03 -9.876556396484375000e-01
3.958457247187499888e+04 1.310729980468750000e-02 -6.973266601562500000e-03 -9.907531738281250000e-01
3.958460225987501326e+04 1.232910156250000000e-02 -8.758544921875000000e-03 -9.879760742187500000e-01
3.958463204487499752e+04 1.094055175781250000e-02 -1.107788085937500000e-02 -9.893951416015625000e-01
3.958466180087500106e+04 1.202392578125000000e-02 -8.575439453125000000e-03 -9.881286621093750000e-01
3.958469158487499953e+04 9.597778320312500000e-03 -8.697509765625000000e-03 -9.886474609375000000e-01
3.958472134587499750e+04 1.155090332031250000e-02 -8.422851562500000000e-03 -9.891052246093750000e-01
3.958475112487500155e+04 1.069641113281250000e-02 -8.377075195312500000e-03 -9.905090332031250000e-01
3.958478090887500002e+04 1.248168945312500000e-02 -8.468627929687500000e-03 -9.885864257812500000e-01
3.958481066487500357e+04 1.170349121093750000e-02 -5.432128906250000000e-03 -9.880828857421875000e-01
3.958484045087500272e+04 1.234436035156250000e-02 -9.033203125000000000e-03 -9.888305664062500000e-01
3.958487023287500051e+04 1.261901855468750000e-02 -7.705688476562500000e-03 -9.887237548828125000e-01
3.958489998887499678e+04 1.063537597656250000e-02 -8.743286132812500000e-03 -9.898986816406250000e-01
3.958492976787500083e+04 1.239013671875000000e-02 -6.225585937500000000e-03 -9.881439208984375000e-01
3.958495955987500201e+04 1.103210449218750000e-02 -6.530761718750000000e-03 -9.893493652343750000e-01
3.958498931087499659e+04 1.148986816406250000e-02 -8.178710937500000000e-03 -9.880218505859375000e-01
3.958501910887499980e+04 1.184082031250000000e-02 -9.857177734375000000e-03 -9.899291992187500000e-01
3.958504888487500284e+04 1.072692871093750000e-02 -1.010131835937500000e-02 -9.885253906250000000e-01
3.958507866987500165e+04 1.152038574218750000e-02 -8.819580078125000000e-03 -9.900512695312500000e-01
3.958510842487499758e+04 1.206970214843750000e-02 -7.736206054687500000e-03 -9.882049560546875000e-01
3.958513820987499639e+04 1.171875000000000000e-02 -9.307861328125000000e-03 -9.886779785156250000e-01
3.958516798387501331e+04 1.211547851562500000e-02 -9.109497070312500000e-03 -9.885101318359375000e-01
3.958519777987500129e+04 1.286315917968750000e-02 -9.780883789062500000e-03 -9.882659912109375000e-01
3.958522753387499688e+04 1.235961914062500000e-02 -1.031494140625000000e-02 -9.881286621093750000e-01
3.958525731487500161e+04 1.280212402343750000e-02 -9.613037109375000000e-03 -9.891052246093750000e-01
3.958528710487500211e+04 1.065063476562500000e-02 -8.834838867187500000e-03 -9.874267578125000000e-01
3.958531688887500059e+04 1.040649414062500000e-02 -8.377075195312500000e-03 -9.853973388671875000e-01
3.958534664587499719e+04 1.223754882812500000e-02 -6.698608398437500000e-03 -9.883270263671875000e-01
3.958537643087500328e+04 1.222229003906250000e-02 -7.781982421875000000e-03 -9.891815185546875000e-01
3.958540621587500209e+04 1.226806640625000000e-02 -8.911132812500000000e-03 -9.889678955078125000e-01
3.958543599987500056e+04 1.113891601562500000e-02 -7.843017578125000000e-03 -9.879302978515625000e-01
3.958546575987501274e+04 1.252746582031250000e-02 -9.201049804687500000e-03 -9.898834228515625000e-01
3.958549553987500258e+04 1.002502441406250000e-02 -6.896972656250000000e-03 -9.891357421875000000e-01
3.958552532487500139e+04 1.161193847656250000e-02 -8.682250976562500000e-03 -9.901885986328125000e-01
3.958555511087500054e+04 1.332092285156250000e-02 -7.080078125000000000e-03 -9.893646240234375000e-01
3.958558486587499647e+04 1.087951660156250000e-02 -7.598876953125000000e-03 -9.908752441406250000e-01
3.958561466087501321e+04 1.190185546875000000e-02 -7.644653320312500000e-03 -9.886169433593750000e-01
3.958564443587500136e+04 1.289367675781250000e-02 -8.270263671875000000e-03 -9.890747070312500000e-01
3.958567418987499696e+04 1.387023925781250000e-02 -7.858276367187500000e-03 -9.884033203125000000e-01
3.958570397487500304e+04 1.165771484375000000e-02 -7.720947265625000000e-03 -9.908599853515625000e-01
3.958573375987500185e+04 1.008605957031250000e-02 -9.277343750000000000e-03 -9.886322021484375000e-01
3.958576353987499897e+04 1.197814941406250000e-02 -8.804321289062500000e-03 -9.893951416015625000e-01
3.958579330087499693e+04 1.094055175781250000e-02 -5.325317382812500000e-03 -9.900512695312500000e-01
3.958582308487500268e+04 1.284790039062500000e-02 -7.690429687500000000e-03 -9.876708984375000000e-01
3.958585287087500183e+04 1.121520996093750000e-02 -9.353637695312500000e-03 -9.879760742187500000e-01
3.958588265287499962e+04 1.222229003906250000e-02 -8.377075195312500000e-03 -9.882202148437500000e-01
3.958591240887500317e+04 1.306152343750000000e-02 -7.904052734375000000e-03 -9.889068603515625000e-01
3.958594218787499995e+04 1.196289062500000000e-02 -8.102416992187500000e-03 -9.891357421875000000e-01
3.958597198087500146e+04 1.119995117187500000e-02 -7.888793945312500000e-03 -9.890747070312500000e-01
3.958600176687500061e+04 1.104736328125000000e-02 -6.988525390625000000e-03 -9.894104003906250000e-01
3.958603152087500348e+04 1.185607910156250000e-02 -7.156372070312500000e-03 -9.867706298828125000e-01
3.958606130887500331e+04 1.223754882812500000e-02 -9.460449218750000000e-03 -9.902191162109375000e-01
3.958609108987500076e+04 1.261901855468750000e-02 -8.193969726562500000e-03 -9.909820556640625000e-01
3.958612084487499669e+04 1.303100585937500000e-02 -1.011657714843750000e-02 -9.893188476562500000e-01
3.958615062987500278e+04 1.179504394531250000e-02 -1.020812988281250000e-02 -9.893493652343750000e-01
3.958618041587500193e+04 1.257324218750000000e-02 -9.689331054687500000e-03 -9.890289306640625000e-01
3.958621017287501309e+04 1.214599609375000000e-02 -8.804321289062500000e-03 -9.883117675781250000e-01
3.958623995487500360e+04 1.176452636718750000e-02 -8.438110351562500000e-03 -9.889526367187500000e-01
3.958626974087500275e+04 1.289367675781250000e-02 -8.789062500000000000e-03 -9.899597167968750000e-01
3.958629949487501290e+04 1.107788085937500000e-02 -9.216308593750000000e-03 -9.881744384765625000e-01
3.958632928087499749e+04 1.089477539062500000e-02 -1.019287109375000000e-02 -9.889373779296875000e-01
3.958635903487500036e+04 1.354980468750000000e-02 -8.178710937500000000e-03 -9.895629882812500000e-01
3.958638881987499917e+04 1.197814941406250000e-02 -9.658813476562500000e-03 -9.885101318359375000e-01
3.958641860487501253e+04 1.286315917968750000e-02 -7.369995117187500000e-03 -9.881591796875000000e-01
3.958644835987500119e+04 1.153564453125000000e-02 -8.193969726562500000e-03 -9.882965087890625000e-01
3.958647814487500000e+04 1.121520996093750000e-02 -8.453369140625000000e-03 -9.900665283203125000e-01
3.958650790087500354e+04 1.205444335937500000e-02 -7.904052734375000000e-03 -9.877624511718750000e-01
3.958653768487500201e+04 1.263427734375000000e-02 -7.995605468750000000e-03 -9.883880615234375000e-01
3.958656743887499761e+04 1.089477539062500000e-02 -8.163452148437500000e-03 -9.879302978515625000e-01
3.958659722487499675e+04 1.190185546875000000e-02 -7.629394531250000000e-03 -9.883422851562500000e-01
3.958662700087499979e+04 1.261901855468750000e-02 -8.392333984375000000e-03 -9.869689941406250000e-01
3.958665676387501298e+04 1.304626464843750000e-02 -6.713867187500000000e-03 -9.896087646484375000e-01
3.958668654987499758e+04 1.260375976562500000e-02 -7.858276367187500000e-03 -9.895477294921875000e-01
3.958671629379167280e+04 1.374816894531250000e-02 -9.078979492187500000e-03 -9.900665283203125000e-01
3.958674604679166805e+04 1.065063476562500000e-02 -8.102416992187500000e-03 -9.882049560546875000e-01
3.958677583279166720e+04 1.142883300781250000e-02 -6.896972656250000000e-03 -9.894866943359375000e-01
3.958680561779167328e+04 1.107788085937500000e-02 -1.069641113281250000e-02 -9.884338378906250000e-01
3.958683537279166922e+04 1.130676269531250000e-02 -8.102416992187500000e-03 -9.889984130859375000e-01
3.958686515679166769e+04 1.239013671875000000e-02 -8.163452148437500000e-03 -9.877166748046875000e-01
3.958689491279167123e+04 1.080322265625000000e-02 -7.690429687500000000e-03 -9.892578125000000000e-01
3.958692469779167004e+04 1.272583007812500000e-02 -7.507324218750000000e-03 -9.908447265625000000e-01
3.958695445179167291e+04 1.022338867187500000e-02 -8.575439453125000000e-03 -9.876098632812500000e-01
3.958698423779167206e+04 1.260375976562500000e-02 -9.841918945312500000e-03 -9.889526367187500000e-01
3.958701402179167053e+04 1.342773437500000000e-02 -8.697509765625000000e-03 -9.891357421875000000e-01
3.958704377779166680e+04 1.252746582031250000e-02 -8.239746093750000000e-03 -9.878082275390625000e-01
3.958707356179167255e+04 1.115417480468750000e-02 -7.736206054687500000e-03 -9.886016845703125000e-01
3.958710331779166881e+04 9.246826171875000000e-03 -8.361816406250000000e-03 -9.887084960937500000e-01
3.958713310179166729e+04 1.310729980468750000e-02 -8.255004882812500000e-03 -9.882049560546875000e-01
3.958716285679167049e+04 1.164245605468750000e-02 -6.301879882812500000e-03 -9.885559082031250000e-01
3.958719264079166896e+04 1.206970214843750000e-02 -7.705688476562500000e-03 -9.905395507812500000e-01
3.958722239579167217e+04 1.046752929687500000e-02 -8.956909179687500000e-03 -9.891510009765625000e-01
3.958725218179167132e+04 1.141357421875000000e-02 -7.934570312500000000e-03 -9.901275634765625000e-01
3.958728196579166979e+04 1.249694824218750000e-02 -9.490966796875000000e-03 -9.894409179687500000e-01
3.958731173579167080e+04 1.174926757812500000e-02 -8.102416992187500000e-03 -9.896545410156250000e-01
3.958734150679167215e+04 1.362609863281250000e-02 -6.515502929687500000e-03 -9.882202148437500000e-01
3.958737128079166723e+04 1.310729980468750000e-02 -9.140014648437500000e-03 -9.865570068359375000e-01
3.958740104579166655e+04 1.321411132812500000e-02 -9.521484375000000000e-03 -9.891662597656250000e-01
3.958743080179167009e+04 1.249694824218750000e-02 -7.629394531250000000e-03 -9.904174804687500000e-01
3.958746057579167245e+04 1.028442382812500000e-02 -6.378173828125000000e-03 -9.880981445312500000e-01
3.958749037079166737e+04 1.367187500000000000e-02 -7.934570312500000000e-03 -9.893493652343750000e-01
3.958752012179166923e+04 1.136779785156250000e-02 -8.056640625000000000e-03 -9.901123046875000000e-01
3.958754991079166939e+04 1.290893554687500000e-02 -9.155273437500000000e-03 -9.899749755859375000e-01
3.958757966479167226e+04 1.196289062500000000e-02 -7.919311523437500000e-03 -9.888610839843750000e-01
3.958760943479167327e+04 1.293945312500000000e-02 -8.712768554687500000e-03 -9.895172119140625000e-01
3.958763920579166734e+04 1.168823242187500000e-02 -7.446289062500000000e-03 -9.878234863281250000e-01
3.958766899079167342e+04 1.136779785156250000e-02 -9.002685546875000000e-03 -9.887390136718750000e-01
3.958769874579166935e+04 1.371765136718750000e-02 -9.323120117187500000e-03 -9.883270263671875000e-01
3.958772853079166816e+04 1.115417480468750000e-02 -8.758544921875000000e-03 -9.904174804687500000e-01
3.958775828179167002e+04 1.206970214843750000e-02 -8.621215820312500000e-03 -9.892883300781250000e-01
3.958778806979166984e+04 1.156616210937500000e-02 -9.307861328125000000e-03 -9.882202148437500000e-01
3.958781782579167339e+04 1.109313964843750000e-02 -7.125854492187500000e-03 -9.906158447265625000e-01
3.958784760979167186e+04 1.280212402343750000e-02 -7.446289062500000000e-03 -9.879760742187500000e-01
3.958787738079167320e+04 1.176452636718750000e-02 -8.453369140625000000e-03 -9.887847900390625000e-01
3.958790714679167286e+04 1.316833496093750000e-02 -9.216308593750000000e-03 -9.889526367187500000e-01
3.958793690679167048e+04 1.225280761718750000e-02 -7.568359375000000000e-03 -9.876708984375000000e-01
3.958796668879166828e+04 1.058959960937500000e-02 -8.407592773437500000e-03 -9.885559082031250000e-01
3.958799647479166742e+04 1.217651367187500000e-02 -6.286621093750000000e-03 -9.886016845703125000e-01
3.958802622879167029e+04 1.301574707031250000e-02 -9.048461914062500000e-03 -9.902801513671875000e-01
3.958805599979167164e+04 1.438903808593750000e-02 -8.178710937500000000e-03 -9.909820556640625000e-01
3.958808576879167231e+04 1.271057128906250000e-02 -8.316040039062500000e-03 -9.902343750000000000e-01
3.958811555479167146e+04 1.036071777343750000e-02 -8.819580078125000000e-03 -9.895019531250000000e-01
3.958814530879166705e+04 1.222229003906250000e-02 -9.979248046875000000e-03 -9.897155761718750000e-01
3.958817509379167313e+04 1.222229003906250000e-02 -8.148193359375000000e-03 -9.894866943359375000e-01
3.958820487879167194e+04 1.408386230468750000e-02 -7.919311523437500000e-03 -9.901885986328125000e-01
3.958823463379166787e+04 1.223754882812500000e-02 -8.819580078125000000e-03 -9.889068603515625000e-01
3.958826441879166669e+04 1.304626464843750000e-02 -9.704589843750000000e-03 -9.883117675781250000e-01
3.958829420379167277e+04 1.243591308593750000e-02 -8.941650390625000000e-03 -9.909362792968750000e-01
3.958832395879166870e+04 1.113891601562500000e-02 -7.858276367187500000e-03 -9.889984130859375000e-01
3.958835373779167276e+04 1.313781738281250000e-02 -7.705688476562500000e-03 -9.898986816406250000e-01
3.958838349879167072e+04 1.159667968750000000e-02 -8.590698242187500000e-03 -9.886627197265625000e-01
3.958841327279167308e+04 1.058959960937500000e-02 -9.597778320312500000e-03 -9.889373779296875000e-01
3.958844303879167273e+04 1.103210449218750000e-02 -7.293701171875000000e-03 -9.893646240234375000e-01
3.958847282279167121e+04 1.091003417968750000e-02 -6.668090820312500000e-03 -9.877929687500000000e-01
3.958850259879166697e+04 1.074218750000000000e-02 -1.062011718750000000e-02 -9.889831542968750000e-01
3.958853239479166950e+04 1.144409179687500000e-02 -1.000976562500000000e-02 -9.878082275390625000e-01
3.958856216279166983e+04 1.155090332031250000e-02 -9.460449218750000000e-03 -9.897460937500000000e-01
3.958859193279167084e+04 1.324462890625000000e-02 -1.004028320312500000e-02 -9.883422851562500000e-01
3.958862169479166914e+04 1.055908203125000000e-02 -7.110595703125000000e-03 -9.899139404296875000e-01
3.958865148479166965e+04 1.199340820312500000e-02 -1.008605957031250000e-02 -9.900817871093750000e-01
3.958868125779167167e+04 1.214599609375000000e-02 -8.728027343750000000e-03 -9.884643554687500000e-01
3.958871102179167065e+04 1.184082031250000000e-02 -8.895874023437500000e-03 -9.882659912109375000e-01
3.958874079879166675e+04 1.168823242187500000e-02 -7.064819335937500000e-03 -9.897766113281250000e-01
3.958877058379167283e+04 1.214599609375000000e-02 -9.429931640625000000e-03 -9.886627197265625000e-01
3.958880034379167046e+04 1.089477539062500000e-02 -8.743286132812500000e-03 -9.881286621093750000e-01
3.958883012279166724e+04 1.205444335937500000e-02 -8.987426757812500000e-03 -9.869384765625000000e-01
3.958885991079166706e+04 1.222229003906250000e-02 -8.193969726562500000e-03 -9.872131347656250000e-01
3.958888966279166925e+04 1.187133789062500000e-02 -8.361816406250000000e-03 -9.888458251953125000e-01
3.958891944879166840e+04 1.336669921875000000e-02 -8.956909179687500000e-03 -9.894866943359375000e-01
3.958894921079166670e+04 1.025390625000000000e-02 -8.560180664062500000e-03 -9.890899658203125000e-01
3.958897898879167042e+04 1.196289062500000000e-02 -9.017944335937500000e-03 -9.898529052734375000e-01
3.958900876879166753e+04 1.110839843750000000e-02 -9.124755859375000000e-03 -9.880218505859375000e-01
3.958903855779166770e+04 1.239013671875000000e-02 -8.789062500000000000e-03 -9.884948730468750000e-01
3.958906831279167091e+04 1.029968261718750000e-02 -1.019287109375000000e-02 -9.872894287109375000e-01
3.958909809579166904e+04 1.205444335937500000e-02 -8.789062500000000000e-03 -9.874267578125000000e-01
3.958912788279166853e+04 1.252746582031250000e-02 -9.643554687500000000e-03 -9.859008789062500000e-01
3.958915763879167207e+04 1.113891601562500000e-02 -7.736206054687500000e-03 -9.883422851562500000e-01
3.958918742279167054e+04 1.145935058593750000e-02 -9.643554687500000000e-03 -9.884033203125000000e-01
3.958921720879166969e+04 1.333618164062500000e-02 -9.933471679687500000e-03 -9.885559082031250000e-01
3.958924697179166833e+04 1.206970214843750000e-02 -7.812500000000000000e-03 -9.894561767578125000e-01
3.958927676279166917e+04 1.049804687500000000e-02 -7.980346679687500000e-03 -9.895019531250000000e-01
3.958930654179167323e+04 1.245117187500000000e-02 -9.933471679687500000e-03 -9.882965087890625000e-01
3.958933628879166645e+04 1.185607910156250000e-02 -9.109497070312500000e-03 -9.894256591796875000e-01
3.958936607279167220e+04 1.275634765625000000e-02 -7.919311523437500000e-03 -9.883270263671875000e-01
3.958939585079166864e+04 1.200866699218750000e-02 -8.697509765625000000e-03 -9.884796142578125000e-01
3.958942561279166694e+04 1.052856445312500000e-02 -8.560180664062500000e-03 -9.895477294921875000e-01
3.958945538379166828e+04 1.258850097656250000e-02 -8.712768554687500000e-03 -9.891052246093750000e-01
3.958948518279167183e+04 1.365661621093750000e-02 -7.934570312500000000e-03 -9.885559082031250000e-01
3.958951493879166810e+04 1.174926757812500000e-02 -8.483886718750000000e-03 -9.891204833984375000e-01
3.958954470179166674e+04 1.324462890625000000e-02 -9.887695312500000000e-03 -9.886016845703125000e-01
3.958957447779166978e+04 1.176452636718750000e-02 -8.102416992187500000e-03 -9.894409179687500000e-01
3.958960425679166656e+04 1.268005371093750000e-02 -7.934570312500000000e-03 -9.889221191406250000e-01
3.958963401679167146e+04 1.043701171875000000e-02 -7.263183593750000000e-03 -9.911804199218750000e-01
3.958966377279166772e+04 1.158142089843750000e-02 -8.575439453125000000e-03 -9.895782470703125000e-01
3.958969353579166636e+04 1.150512695312500000e-02 -9.567260742187500000e-03 -9.889373779296875000e-01
3.958972334179167228e+04 1.089477539062500000e-02 -6.439208984375000000e-03 -9.889984130859375000e-01
3.958975309379166720e+04 1.260375976562500000e-02 -9.002685546875000000e-03 -9.882049560546875000e-01
3.958978288279166736e+04 1.127624511718750000e-02 -6.683349609375000000e-03 -9.909667968750000000e-01
3.958981263779167057e+04 1.249694824218750000e-02 -8.483886718750000000e-03 -9.886474609375000000e-01
3.958984239479166718e+04 1.400756835937500000e-02 -7.919311523437500000e-03 -9.898529052734375000e-01
3.958987217679167225e+04 1.187133789062500000e-02 -7.858276367187500000e-03 -9.881286621093750000e-01
3.958990196679167275e+04 1.295471191406250000e-02 -5.218505859375000000e-03 -9.886474609375000000e-01
3.958993172679167037e+04 1.213073730468750000e-02 -9.536743164062500000e-03 -9.871826171875000000e-01
3.958996150179167307e+04 1.245117187500000000e-02 -7.278442382812500000e-03 -9.885253906250000000e-01
3.958999125579166866e+04 1.243591308593750000e-02 -1.042175292968750000e-02 -9.868164062500000000e-01
3.959002104079166747e+04 1.193237304687500000e-02 -1.023864746093750000e-02 -9.877624511718750000e-01
3.959005082279167254e+04 1.258850097656250000e-02 -7.461547851562500000e-03 -9.901885986328125000e-01
3.959008058079166949e+04 1.171875000000000000e-02 -8.804321289062500000e-03 -9.889678955078125000e-01
3.959011036679166864e+04 1.167297363281250000e-02 -9.506225585937500000e-03 -9.871826171875000000e-01
3.959014012079167151e+04 1.191711425781250000e-02 -7.461547851562500000e-03 -9.892120361328125000e-01
3.959016990579167032e+04 1.342773437500000000e-02 -8.834838867187500000e-03 -9.899139404296875000e-01
3.959019966179166659e+04 1.133728027343750000e-02 -1.083374023437500000e-02 -9.890747070312500000e-01
3.959022944679167267e+04 1.200866699218750000e-02 -8.529663085937500000e-03 -9.883728027343750000e-01
3.959025918779167114e+04 1.306152343750000000e-02 -8.651733398437500000e-03 -9.880371093750000000e-01
3.959028898579166707e+04 1.351928710937500000e-02 -7.904052734375000000e-03 -9.905700683593750000e-01
3.959031877079167316e+04 1.159667968750000000e-02 -8.834838867187500000e-03 -9.888458251953125000e-01
3.959034852479166875e+04 1.153564453125000000e-02 -7.980346679687500000e-03 -9.882049560546875000e-01
3.959037830979166756e+04 1.252746582031250000e-02 -7.553100585937500000e-03 -9.889678955078125000e-01
3.959040809579166671e+04 1.252746582031250000e-02 -8.804321289062500000e-03 -9.862213134765625000e-01
3.959043785079166992e+04 1.293945312500000000e-02 -8.209228515625000000e-03 -9.891662597656250000e-01
3.959046763579166873e+04 1.069641113281250000e-02 -8.697509765625000000e-03 -9.873352050781250000e-01
3.959049742179166788e+04 1.095581054687500000e-02 -7.308959960937500000e-03 -9.888153076171875000e-01
3.959052720679166669e+04 1.181030273437500000e-02 -8.285522460937500000e-03 -9.893341064453125000e-01
3.959055695979166921e+04 1.033020019531250000e-02 -8.666992187500000000e-03 -9.889984130859375000e-01
3.959058674479166802e+04 1.170349121093750000e-02 -9.506225585937500000e-03 -9.894714355468750000e-01
3.959061653079166717e+04 1.182556152343750000e-02 -8.163452148437500000e-03 -9.892425537109375000e-01
3.959064627479166666e+04 1.222229003906250000e-02 -9.201049804687500000e-03 -9.895629882812500000e-01
3.959067607079166919e+04 1.098632812500000000e-02 -8.422851562500000000e-03 -9.895629882812500000e-01
3.959070585679166834e+04 1.220703125000000000e-02 -9.033203125000000000e-03 -9.877319335937500000e-01
3.959073561079167121e+04 1.202392578125000000e-02 -8.529663085937500000e-03 -9.896392822265625000e-01
3.959076539579167002e+04 1.330566406250000000e-02 -8.453369140625000000e-03 -9.891662597656250000e-01
3.959079516479167069e+04 1.324462890625000000e-02 -7.720947265625000000e-03 -9.892425537109375000e-01
3.959082493579167203e+04 1.263427734375000000e-02 -8.743286132812500000e-03 -9.904479980468750000e-01
3.959085471979167050e+04 1.252746582031250000e-02 -9.475708007812500000e-03 -9.896697998046875000e-01
3.959088447479166643e+04 1.174926757812500000e-02 -8.102416992187500000e-03 -9.894561767578125000e-01
3.959091425979167252e+04 1.254272460937500000e-02 -8.224487304687500000e-03 -9.904022216796875000e-01
3.959094404679167201e+04 9.841918945312500000e-03 -7.644653320312500000e-03 -9.859771728515625000e-01
3.959097382979167014e+04 1.010131835937500000e-02 -8.300781250000000000e-03 -9.891815185546875000e-01
3.959100358479167335e+04 1.181030273437500000e-02 -8.010864257812500000e-03 -9.890594482421875000e-01
3.959103336979167216e+04 1.309204101562500000e-02 -9.658813476562500000e-03 -9.872741699218750000e-01
3.959106315479167097e+04 1.280212402343750000e-02 -9.414672851562500000e-03 -9.891967773437500000e-01
3.959109291979167028e+04 1.190185546875000000e-02 -8.193969726562500000e-03 -9.871978759765625000e-01
3.959112269579167332e+04 1.205444335937500000e-02 -9.521484375000000000e-03 -9.876861572265625000e-01
3.959115248079167213e+04 1.246643066406250000e-02 -9.155273437500000000e-03 -9.906463623046875000e-01
3.959118226579167094e+04 1.182556152343750000e-02 -8.865356445312500000e-03 -9.890747070312500000e-01
3.959121201979166653e+04 1.293945312500000000e-02 -9.384155273437500000e-03 -9.910583496093750000e-01
3.959124182079167076e+04 1.216125488281250000e-02 -6.607055664062500000e-03 -9.893341064453125000e-01
3.959127158979167143e+04 1.156616210937500000e-02 -8.392333984375000000e-03 -9.878387451171875000e-01
3.959130134579166770e+04 1.368713378906250000e-02 -1.043701171875000000e-02 -9.886474609375000000e-01
3.959133112979167345e+04 1.101684570312500000e-02 -8.361816406250000000e-03 -9.899444580078125000e-01
3.959136089479167276e+04 1.254272460937500000e-02 -7.431030273437500000e-03 -9.894104003906250000e-01
3.959139067679167056e+04 1.243591308593750000e-02 -1.054382324218750000e-02 -9.896545410156250000e-01
3.959142045479166700e+04 1.295471191406250000e-02 -8.819580078125000000e-03 -9.885406494140625000e-01
3.959145023979167308e+04 1.229858398437500000e-02 -1.025390625000000000e-02 -9.884948730468750000e-01
3.959147999479166901e+04 1.081848144531250000e-02 -9.048461914062500000e-03 -9.891662597656250000e-01
3.959150978079166816e+04 1.193237304687500000e-02 -9.506225585937500000e-03 -9.891815185546875000e-01
3.959153956179167290e+04 1.362609863281250000e-02 -8.651733398437500000e-03 -9.899902343750000000e-01
3.959156932079167018e+04 1.319885253906250000e-02 -8.666992187500000000e-03 -9.882507324218750000e-01
3.959159910479166865e+04 1.278686523437500000e-02 -1.023864746093750000e-02 -9.871215820312500000e-01
3.959162889079166780e+04 1.213073730468750000e-02 -7.431030273437500000e-03 -9.899291992187500000e-01
3.959165864479167067e+04 1.258850097656250000e-02 -9.216308593750000000e-03 -9.881286621093750000e-01
3.959168842079166643e+04 1.232910156250000000e-02 -8.209228515625000000e-03 -9.881286621093750000e-01
3.959171814541667118e+04 1.261901855468750000e-02 -8.804321289062500000e-03 -9.891662597656250000e-01
3.959174793041666999e+04 1.258850097656250000e-02 -7.888793945312500000e-03 -9.880371093750000000e-01
3.959177768341667252e+04 1.199340820312500000e-02 -8.392333984375000000e-03 -9.897003173828125000e-01
3.959180746941667167e+04 1.156616210937500000e-02 -8.285522460937500000e-03 -9.893646240234375000e-01
3.959183722441666760e+04 1.171875000000000000e-02 -9.536743164062500000e-03 -9.900512695312500000e-01
3.959186700841667334e+04 1.222229003906250000e-02 -7.507324218750000000e-03 -9.895477294921875000e-01
3.959189679441667249e+04 1.200866699218750000e-02 -8.636474609375000000e-03 -9.895172119140625000e-01
3.959192654941666842e+04 1.313781738281250000e-02 -1.000976562500000000e-02 -9.885864257812500000e-01
3.959195633441666723e+04 1.113891601562500000e-02 -7.186889648437500000e-03 -9.900817871093750000e-01
3.959198609541667247e+04 1.242065429687500000e-02 -8.346557617187500000e-03 -9.890899658203125000e-01
3.959202981241667294e+04 1.248168945312500000e-02 -8.010864257812500000e-03 -9.886169433593750000e-01
3.959205360141667188e+04 1.156616210937500000e-02 -8.956909179687500000e-03 -9.892883300781250000e-01
3.959207745841667202e+04 1.216125488281250000e-02 -8.758544921875000000e-03 -9.892730712890625000e-01
3.959210124641667062e+04 1.228332519531250000e-02 -1.005554199218750000e-02 -9.899902343750000000e-01
3.959212503541666956e+04 1.174926757812500000e-02 -8.514404296875000000e-03 -9.896545410156250000e-01
3.959214889241666970e+04 1.171875000000000000e-02 -7.476806640625000000e-03 -9.910583496093750000e-01
3.959217271141667152e+04 1.289367675781250000e-02 -8.636474609375000000e-03 -9.897155761718750000e-01
3.959219653841666877e+04 1.075744628906250000e-02 -5.966186523437500000e-03 -9.895172119140625000e-01
3.959222035641667026e+04 1.225280761718750000e-02 -7.156372070312500000e-03 -9.876556396484375000e-01
3.959224414541666920e+04 1.210021972656250000e-02 -7.797241210937500000e-03 -9.898986816406250000e-01
3.959226800341666967e+04 1.110839843750000000e-02 -8.819580078125000000e-03 -9.900817871093750000e-01
3.959229179041666794e+04 1.144409179687500000e-02 -8.605957031250000000e-03 -9.878997802734375000e-01
3.959231564741666807e+04 1.205444335937500000e-02 -9.445190429687500000e-03 -9.889831542968750000e-01
3.959233943641666701e+04 1.080322265625000000e-02 -8.010864257812500000e-03 -9.901275634765625000e-01
3.959236322441667289e+04 1.091003417968750000e-02 -9.094238281250000000e-03 -9.888763427734375000e-01
3.959238708141667303e+04 1.242065429687500000e-02 -7.797241210937500000e-03 -9.889526367187500000e-01
3.959241087041667197e+04 1.298522949218750000e-02 -8.605957031250000000e-03 -9.880065917968750000e-01
3.959243472741667210e+04 9.796142578125000000e-03 -9.994506835937500000e-03 -9.880676269531250000e-01
3.959245851541667071e+04 1.182556152343750000e-02 -8.422851562500000000e-03 -9.884948730468750000e-01
3.959248233441667253e+04 1.087951660156250000e-02 -9.033203125000000000e-03 -9.888000488281250000e-01
3.959250616241667012e+04 1.069641113281250000e-02 -8.758544921875000000e-03 -9.897003173828125000e-01
3.959252998141667194e+04 1.217651367187500000e-02 -8.636474609375000000e-03 -9.895019531250000000e-01
3.959255380841666920e+04 1.249694824218750000e-02 -8.926391601562500000e-03 -9.895324707031250000e-01
3.959257762741667102e+04 1.187133789062500000e-02 -7.797241210937500000e-03 -9.903411865234375000e-01
3.959260141041666793e+04 1.387023925781250000e-02 -8.865356445312500000e-03 -9.884796142578125000e-01
3.959262527141666942e+04 1.206970214843750000e-02 -7.247924804687500000e-03 -9.874572753906250000e-01
3.959264906041666836e+04 1.162719726562500000e-02 -8.255004882812500000e-03 -9.871063232421875000e-01
3.959267291741666850e+04 1.234436035156250000e-02 -9.582519531250000000e-03 -9.878845214843750000e-01
3.959269670541666710e+04 9.994506835937500000e-03 -7.583618164062500000e-03 -9.871673583984375000e-01
3.959272050941667112e+04 1.168823242187500000e-02 -8.865356445312500000e-03 -9.903869628906250000e-01
3.959274438141666906e+04 1.226806640625000000e-02 -1.052856445312500000e-02 -9.902496337890625000e-01
3.959276817041666800e+04 1.208496093750000000e-02 -9.017944335937500000e-03 -9.889678955078125000e-01
3.959279202741666813e+04 1.016235351562500000e-02 -7.873535156250000000e-03 -9.887695312500000000e-01
3.959281581541666674e+04 1.374816894531250000e-02 -9.262084960937500000e-03 -9.889984130859375000e-01
3.959283960541667329e+04 1.063537597656250000e-02 -7.095336914062500000e-03 -9.901733398437500000e-01
3.959286347041666886e+04 1.164245605468750000e-02 -9.841918945312500000e-03 -9.890289306640625000e-01
3.959288728041666764e+04 1.208496093750000000e-02 -7.324218750000000000e-03 -9.905242919921875000e-01
3.959291110641667183e+04 9.857177734375000000e-03 -9.155273437500000000e-03 -9.888153076171875000e-01
3.959293492641666671e+04 1.325988769531250000e-02 -7.125854492187500000e-03 -9.889221191406250000e-01
3.959295871441667259e+04 1.174926757812500000e-02 -1.078796386718750000e-02 -9.876556396484375000e-01
3.959298257141667273e+04 1.222229003906250000e-02 -8.285522460937500000e-03 -9.873199462890625000e-01
3.959300635941667133e+04 1.103210449218750000e-02 -9.109497070312500000e-03 -9.904632568359375000e-01
3.959303021641667146e+04 1.113891601562500000e-02 -7.476806640625000000e-03 -9.885711669921875000e-01
3.959305403541667329e+04 1.220703125000000000e-02 -9.155273437500000000e-03 -9.880523681640625000e-01
3.959307782541667257e+04 1.152038574218750000e-02 -9.185791015625000000e-03 -9.867553710937500000e-01
3.959310168241667270e+04 1.193237304687500000e-02 -8.682250976562500000e-03 -9.873199462890625000e-01
3.959312546941667097e+04 1.126098632812500000e-02 -9.750366210937500000e-03 -9.880676269531250000e-01
3.959314932741667144e+04 1.361083984375000000e-02 -9.750366210937500000e-03 -9.891357421875000000e-01
3.959317313041666785e+04 1.080322265625000000e-02 -8.728027343750000000e-03 -9.883117675781250000e-01
3.959319693541667220e+04 1.181030273437500000e-02 -9.017944335937500000e-03 -9.889221191406250000e-01
3.959322076141666912e+04 1.179504394531250000e-02 -1.022338867187500000e-02 -9.888916015625000000e-01
3.959324458141667128e+04 1.133728027343750000e-02 -8.544921875000000000e-03 -9.906158447265625000e-01
3.959326840741666820e+04 1.077270507812500000e-02 -9.445190429687500000e-03 -9.868927001953125000e-01
3.959329222641667002e+04 1.310729980468750000e-02 -9.201049804687500000e-03 -9.886627197265625000e-01
3.959331602041667065e+04 1.329040527343750000e-02 -7.995605468750000000e-03 -9.885406494140625000e-01
3.959333987641667045e+04 1.309204101562500000e-02 -7.797241210937500000e-03 -9.890289306640625000e-01
3.959336369141667092e+04 1.261901855468750000e-02 -7.522583007812500000e-03 -9.860382080078125000e-01
3.959338750741667172e+04 1.055908203125000000e-02 -1.083374023437500000e-02 -9.886474609375000000e-01
3.959341133641666966e+04 1.229858398437500000e-02 -9.582519531250000000e-03 -9.892578125000000000e-01
3.959343512441666826e+04 1.202392578125000000e-02 -8.941650390625000000e-03 -9.903564453125000000e-01
3.959345898741667042e+04 1.280212402343750000e-02 -8.468627929687500000e-03 -9.904632568359375000e-01
3.959348276941666700e+04 1.216125488281250000e-02 -9.994506835937500000e-03 -9.874572753906250000e-01
3.959350662741666747e+04 1.068115234375000000e-02 -8.850097656250000000e-03 -9.879302978515625000e-01
3.959353041541667335e+04 1.196289062500000000e-02 -8.132934570312500000e-03 -9.862976074218750000e-01
3.959355423541666823e+04 1.167297363281250000e-02 -9.552001953125000000e-03 -9.871520996093750000e-01
3.959357806041667209e+04 1.208496093750000000e-02 -7.461547851562500000e-03 -9.875183105468750000e-01
3.959360187941666663e+04 1.226806640625000000e-02 -8.361816406250000000e-03 -9.876403808593750000e-01
3.959362573741666711e+04 1.242065429687500000e-02 -9.780883789062500000e-03 -9.879760742187500000e-01
3.959364952541667299e+04 1.223754882812500000e-02 -7.995605468750000000e-03 -9.879150390625000000e-01
3.959367331441667193e+04 1.245117187500000000e-02 -7.263183593750000000e-03 -9.889068603515625000e-01
3.959369717141667206e+04 1.293945312500000000e-02 -1.083374023437500000e-02 -9.878997802734375000e-01
3.959372098941667355e+04 1.112365722656250000e-02 -1.000976562500000000e-02 -9.870910644531250000e-01
3.959374481641667080e+04 1.168823242187500000e-02 -9.521484375000000000e-03 -9.896392822265625000e-01
3.959376861341667245e+04 1.155090332031250000e-02 -7.522583007812500000e-03 -9.900817871093750000e-01
3.959379242441667157e+04 1.239013671875000000e-02 -8.499145507812500000e-03 -9.889068603515625000e-01
3.959381628241667204e+04 1.054382324218750000e-02 -9.704589843750000000e-03 -9.860992431640625000e-01
3.959384006941667030e+04 1.219177246093750000e-02 -9.750366210937500000e-03 -9.885864257812500000e-01
