5.032653386849600065e+04 -1.647210717201232910e+00 -8.220491409301757812e+00 -1.070806741714477539e+00
5.032655399589699664e+04 -4.551976203918457031e+00 -7.173028469085693359e+00 -2.992752194404602051e-02
5.032657400215900270e+04 -5.768230438232421875e+00 -6.429029941558837891e+00 9.301473498344421387e-01
5.032659400917399762e+04 -5.057152748107910156e+00 -6.552929878234863281e+00 6.566098332405090332e-01
5.032661401691100036e+04 -3.927687883377075195e+00 -6.497264862060546875e+00 2.603694200515747070e-01
5.032663402556099754e+04 -3.165134668350219727e+00 -5.660491466522216797e+00 5.985504388809204102e-02
5.032665735965200292e+04 -2.892195701599121094e+00 -4.520851135253906250e+00 -1.346738487482070923e-01
5.032667462437199720e+04 -2.676717519760131836e+00 -4.786607742309570312e+00 -1.255758762359619141e+00
5.032668325685900345e+04 -2.914940595626831055e+00 -5.587468147277832031e+00 -2.091933727264404297e+00
5.032669847838699934e+04 -4.129997730255126953e+00 -7.213729858398437500e+00 -3.435679435729980469e+00
5.032671492048900109e+04 -4.590881824493408203e+00 -7.770980358123779297e+00 -3.811569213867187500e+00
5.032672300437599915e+04 -4.731541156768798828e+00 -8.076240539550781250e+00 -3.989338636398315430e+00
5.032673456601599901e+04 -4.433463096618652344e+00 -8.353369712829589844e+00 -4.129399299621582031e+00
5.032674301617199671e+04 -3.736750364303588867e+00 -8.864531517028808594e+00 -4.304774761199951172e+00
5.032675454758999695e+04 -2.543240785598754883e+00 -9.725846290588378906e+00 -4.472967147827148438e+00
5.032676302846000181e+04 -1.100135684013366699e+00 -1.097322463989257812e+01 -4.887164115905761719e+00
5.032677465168300114e+04 6.117185354232788086e-01 -1.238580417633056641e+01 -5.819705963134765625e+00
5.032678304121499968e+04 2.808398485183715820e+00 -1.365113925933837891e+01 -7.269993305206298828e+00
5.032679460361300153e+04 4.535815238952636719e+00 -1.501703166961669922e+01 -8.028356552124023438e+00
5.032680305432400201e+04 5.343259811401367188e+00 -1.583764457702636719e+01 -7.473500728607177734e+00
5.032681461700599903e+04 5.339069843292236328e+00 -1.540070247650146484e+01 -5.902904510498046875e+00
5.032682306789900031e+04 4.076726913452148438e+00 -1.426225948333740234e+01 -3.795408248901367188e+00
5.032683511891499802e+04 1.555034041404724121e+00 -1.339196681976318359e+01 -1.728613615036010742e+00
5.032684311230800085e+04 -1.790264368057250977e+00 -1.262701988220214844e+01 -3.429693877696990967e-01
5.032685464486000274e+04 -5.400720596313476562e+00 -1.241692829132080078e+01 3.794809579849243164e-01
5.032686309602999972e+04 -8.271966934204101562e+00 -1.323215389251708984e+01 4.046200811862945557e-01
5.032687465928099846e+04 -9.552865028381347656e+00 -1.469740581512451172e+01 -1.573589086532592773e+00
5.032688311058899853e+04 -8.096591949462890625e+00 -1.429398250579833984e+01 -3.279457807540893555e+00
5.032689540628300165e+04 -6.253654956817626953e+00 -1.137844371795654297e+01 -4.944026470184326172e-01
5.032690315598899906e+04 -4.006097793579101562e+00 -8.198944091796875000e+00 7.404068708419799805e-01
5.032691465859799791e+04 -1.325789213180541992e+00 -5.689221858978271484e+00 -2.400187253952026367e-01
5.032692314069499844e+04 9.678560495376586914e-01 -3.866635799407958984e+00 -1.813009262084960938e+00
5.032693571137200342e+04 2.297236442565917969e+00 -3.007715940475463867e+00 -1.429937005043029785e+00
5.032694315618599649e+04 2.272097349166870117e+00 -3.561973571777343750e+00 -4.626794755458831787e-01
5.032695572701800120e+04 1.331176161766052246e+00 -5.502473831176757812e+00 -7.739257216453552246e-01
5.032696320243400260e+04 3.818751573562622070e-01 -8.467693328857421875e+00 -1.590947031974792480e+00
5.032697473600700323e+04 2.142810523509979248e-01 -1.113243961334228516e+01 -1.958456993103027344e+00
5.032698324891600350e+04 -8.439560979604721069e-02 -1.332552814483642578e+01 -8.756792545318603516e-01
5.032699475209099910e+04 -4.656722247600555420e-01 -1.492006683349609375e+01 8.942343592643737793e-01
5.032700320407999970e+04 -1.001374840736389160e+00 -1.550006198883056641e+01 2.319981336593627930e+00
5.032701510402600252e+04 -1.499967336654663086e+00 -1.423472595214843750e+01 3.244143247604370117e+00
5.032702325093199761e+04 -1.824381709098815918e+00 -1.167771911621093750e+01 3.363254785537719727e+00
5.032703478481899947e+04 -2.381033658981323242e+00 -9.528923034667968750e+00 2.595913171768188477e+00
5.032704329797499668e+04 -2.781463861465454102e+00 -8.145073890686035156e+00 1.578976035118103027e+00
5.032705480144800094e+04 -3.175309896469116211e+00 -7.508216381072998047e+00 6.715735793113708496e-01
5.032706328414999734e+04 -3.421912670135498047e+00 -7.558494567871093750e+00 9.876082092523574829e-02
5.032707536603599874e+04 -3.878008127212524414e+00 -8.441955566406250000e+00 1.035492271184921265e-01
5.032708332749900001e+04 -3.827729940414428711e+00 -9.382277488708496094e+00 2.382230758666992188e-01
5.032709482648300036e+04 -3.110666513442993164e+00 -1.015979480743408203e+01 5.776011347770690918e-01
5.032710330580700247e+04 -2.464830636978149414e+00 -1.075176143646240234e+01 9.780313968658447266e-01
5.032711483530099940e+04 -2.126051187515258789e+00 -1.104385375976562500e+01 1.714248418807983398e+00
5.032712331473299855e+04 -1.924339652061462402e+00 -1.102470016479492188e+01 2.309806108474731445e+00
5.032713533248699969e+04 -1.895609140396118164e+00 -1.091755962371826172e+01 2.342726469039916992e+00
5.032714384263000102e+04 -1.873462796211242676e+00 -1.076073932647705078e+01 2.162562608718872070e+00
5.032715485401600017e+04 -1.836951255798339844e+00 -1.056980228424072266e+01 2.056020736694335938e+00
5.032716330320999987e+04 -1.918354153633117676e+00 -1.053089618682861328e+01 2.018910646438598633e+00
5.032717486372900021e+04 -1.920748353004455566e+00 -1.056860446929931641e+01 1.998559832572937012e+00
5.032718331304100138e+04 -1.790862917900085449e+00 -1.056740760803222656e+01 1.475426793098449707e+00
5.032719487374999881e+04 -1.665167331695556641e+00 -1.031781196594238281e+01 6.763619780540466309e-01
5.032720332320000307e+04 -1.530493378639221191e+00 -9.927556991577148438e+00 -1.298854351043701172e-01
5.032721488409800077e+04 -1.345541357994079590e+00 -9.494206428527832031e+00 -6.332663297653198242e-01
5.032722333367299871e+04 -1.167173385620117188e+00 -9.249400138854980469e+00 -9.546879529953002930e-01
5.032723489471300127e+04 -8.271966576576232910e-01 -8.962694168090820312e+00 -9.720458984375000000e-01
5.032724334440600069e+04 -8.768763542175292969e-01 -8.959701538085937500e+00 -6.751648783683776855e-01
5.032725490561500192e+04 -9.684545993804931641e-01 -9.014767646789550781e+00 -1.376665979623794556e-01
5.032726335541199660e+04 -9.870096445083618164e-01 -9.050082206726074219e+00 8.678980916738510132e-02
5.032727491678299702e+04 -8.493430614471435547e-01 -9.060257911682128906e+00 -1.484405100345611572e-01
5.032728336670599674e+04 -5.716156363487243652e-01 -9.177573204040527344e+00 -7.404068708419799805e-01
5.032729492821900203e+04 -2.244564145803451538e-01 -9.371503829956054688e+00 -1.514931082725524902e+00
5.032730337824500020e+04 2.956839203834533691e-01 -9.529520988464355469e+00 -2.293046712875366211e+00
5.032731509242799802e+04 8.984242081642150879e-01 -9.533112525939941406e+00 -2.780266761779785156e+00
5.032732342054699984e+04 1.392826795578002930e+00 -9.420584678649902344e+00 -2.717418909072875977e+00
5.032733492136000132e+04 1.774701952934265137e+00 -9.402029991149902344e+00 -2.291849613189697266e+00
5.032734340209999937e+04 2.061407566070556641e+00 -9.551069259643554688e+00 -1.765125155448913574e+00
5.032735496404099831e+04 2.291250944137573242e+00 -9.989806175231933594e+00 -1.382651448249816895e+00
5.032736341437899682e+04 2.267907619476318359e+00 -1.082598114013671875e+01 -1.098938584327697754e+00
5.032737540355700185e+04 2.031480073928833008e+00 -1.155022716522216797e+01 -9.271546006202697754e-01
5.032738354893000360e+04 1.674744129180908203e+00 -1.182675743103027344e+01 -1.001973390579223633e+00
5.032739498910599650e+04 1.206677675247192383e+00 -1.175433349609375000e+01 -1.041477680206298828e+00
5.032740343963100167e+04 5.823895931243896484e-01 -1.159571743011474609e+01 -1.226429820060729980e+00
5.032741497148700000e+04 -4.052186310291290283e-01 -1.162444782257080078e+01 -1.645415067672729492e+00
5.032742345263800235e+04 -1.438915252685546875e+00 -1.192551898956298828e+01 -2.347514867782592773e+00
5.032743498459499824e+04 -2.064998865127563477e+00 -1.234929275512695312e+01 -3.508702516555786133e+00
5.032744346580300044e+04 -2.331952571868896484e+00 -1.290534591674804688e+01 -4.815338134765625000e+00
5.032745499785499851e+04 -1.995567083358764648e+00 -1.350569152832031250e+01 -5.705981254577636719e+00
5.032746347914399666e+04 -1.355716705322265625e+00 -1.374391460418701172e+01 -5.838260650634765625e+00
5.032747501133799960e+04 -1.042076349258422852e+00 -1.347815799713134766e+01 -5.362413406372070312e+00
5.032748349272100313e+04 -1.820191860198974609e+00 -1.307413673400878906e+01 -3.681683778762817383e+00
5.032749502501000097e+04 -3.894169092178344727e+00 -1.274852561950683594e+01 -9.361328482627868652e-01
5.032750347595399944e+04 -6.389525890350341797e+00 -1.239597892761230469e+01 1.679532527923583984e+00
5.032751506935500220e+04 -8.558073997497558594e+00 -1.200273132324218750e+01 2.569576978683471680e+00
5.032752352036799857e+04 -8.673594474792480469e+00 -1.092534065246582031e+01 1.312022566795349121e+00
5.032753508335499646e+04 -8.063671112060546875e+00 -9.744400978088378906e+00 -2.593518972396850586e+00
5.032754353443800210e+04 -8.146869659423828125e+00 -9.928155899047851562e+00 -3.873219728469848633e+00
5.032755525006700191e+04 -7.678205013275146484e+00 -1.114860057830810547e+01 -2.347514867782592773e+00
5.032756357918099820e+04 -6.209362030029296875e+00 -1.290055751800537109e+01 -8.894459605216979980e-01
5.032757508133800002e+04 -3.653551816940307617e+00 -1.417546939849853516e+01 9.840168952941894531e-01
5.032758353255900147e+04 -1.584362983703613281e+00 -1.472194671630859375e+01 4.147954583168029785e-01
5.032759509584800253e+04 1.663970202207565308e-01 -1.455914020538330078e+01 -1.295263171195983887e+00
5.032760354716500296e+04 1.821388959884643555e+00 -1.416709041595458984e+01 -1.735796213150024414e+00
5.032761547667800187e+04 2.905363798141479492e+00 -1.356015968322753906e+01 -3.070563793182373047e+00
5.032762359244099935e+04 2.929305791854858398e+00 -1.248636054992675781e+01 -4.420893669128417969e+00
5.032763512541299860e+04 2.613271236419677734e+00 -1.066377449035644531e+01 -4.255693435668945312e+00
5.032764357685200230e+04 2.013523578643798828e+00 -8.950124740600585938e+00 -4.295197963714599609e+00
5.032765514040699782e+04 7.392097711563110352e-01 -8.097788810729980469e+00 -3.755305290222167969e+00
5.032766359190500225e+04 -6.901286244392395020e-01 -7.762600421905517578e+00 -2.955641984939575195e+00
5.032767515555499995e+04 -1.529894828796386719e+00 -7.541136741638183594e+00 -2.348113298416137695e+00
5.032768360711500281e+04 -2.202066898345947266e+00 -7.469310760498046875e+00 -1.983596086502075195e+00
5.032769517083700339e+04 -2.639008760452270508e+00 -7.697957038879394531e+00 -2.472611904144287109e+00
5.032770362245599972e+04 -2.726397275924682617e+00 -7.806893348693847656e+00 -2.696469545364379883e+00
5.032771518626200123e+04 -2.422932147979736328e+00 -7.685986042022705078e+00 -2.778470993041992188e+00
5.032772363793299883e+04 -1.811213612556457520e+00 -7.378929615020751953e+00 -2.702455282211303711e+00
5.032773520180900232e+04 -1.210268974304199219e+00 -6.826467514038085938e+00 -2.549824714660644531e+00
5.032774365353299800e+04 -8.726865053176879883e-01 -6.007650852203369141e+00 -2.518101692199707031e+00
5.032775521748000028e+04 -8.894459605216979980e-01 -5.073313236236572266e+00 -2.424129247665405273e+00
5.032776366925500042e+04 -1.271321058273315430e+00 -4.195240020751953125e+00 -2.258929252624511719e+00
5.032777523327399831e+04 -1.845330953598022461e+00 -3.536235809326171875e+00 -2.128445386886596680e+00
5.032778368510099972e+04 -2.316390037536621094e+00 -3.198055028915405273e+00 -1.840542554855346680e+00
5.032779540175099828e+04 -2.536058187484741211e+00 -3.177704095840454102e+00 -1.555034041404724121e+00
5.032780373157499707e+04 -2.544437885284423828e+00 -3.370437383651733398e+00 -1.326986312866210938e+00
5.032781526521000342e+04 -2.297236442565917969e+00 -3.603872060775756836e+00 -1.160589218139648438e+00
5.032782371713299653e+04 -1.894412040710449219e+00 -3.725976467132568359e+00 -1.124676227569580078e+00
5.032783528134199878e+04 -1.495777487754821777e+00 -3.743932962417602539e+00 -1.240795016288757324e+00
5.032784373330800008e+04 -1.230619668960571289e+00 -3.694253206253051758e+00 -1.526303529739379883e+00
5.032785566373800248e+04 -1.213261723518371582e+00 -3.550601005554199219e+00 -1.921945452690124512e+00
5.032786378010999761e+04 -1.436521053314208984e+00 -3.230376720428466797e+00 -2.273294448852539062e+00
5.032787528341099824e+04 -1.574187636375427246e+00 -2.789244890213012695e+00 -2.688089847564697266e+00
5.032788376597699971e+04 -1.499967336654663086e+00 -2.613271236419677734e+00 -3.262698411941528320e+00
5.032789533037500223e+04 -1.509544134140014648e+00 -3.087921619415283203e+00 -4.164115428924560547e+00
5.032790378247199988e+04 -1.653794765472412109e+00 -4.186261653900146484e+00 -5.039196014404296875e+00
5.032791531640400353e+04 -2.217030763626098633e+00 -5.598840713500976562e+00 -5.175066947937011719e+00
5.032792379904800327e+04 -3.151966571807861328e+00 -7.230489253997802734e+00 -5.264250755310058594e+00
5.032793533302799915e+04 -4.201225280761718750e+00 -8.874707221984863281e+00 -6.002861976623535156e+00
5.032794381571299891e+04 -4.795586109161376953e+00 -1.061529159545898438e+01 -7.393294811248779297e+00
5.032795534976400086e+04 -4.669291973114013672e+00 -1.298375606536865234e+01 -8.466495513916015625e+00
5.032796383249600331e+04 -4.674080371856689453e+00 -1.604773521423339844e+01 -9.605537414550781250e+00
5.032797536659299658e+04 -5.353435039520263672e+00 -1.934874153137207031e+01 -1.181179428100585938e+01
5.032798381884599803e+04 -4.050989151000976562e+00 -1.960851097106933594e+01 -1.609801292419433594e+01
5.032799538350499643e+04 -1.268926858901977539e+00 -1.912308692932128906e+01 -1.438256835937500000e+01
5.032800383579199843e+04 2.681505978107452393e-01 -1.566705703735351562e+01 -7.883507728576660156e+00
5.032801543101199786e+04 2.705447971820831299e-01 -1.202906799316406250e+01 -6.652289390563964844e+00
5.032802385281999887e+04 -1.496376097202301025e-02 -8.929175376892089844e+00 -6.868366241455078125e+00
5.032803557014300168e+04 1.616086214780807495e-01 -6.233304023742675781e+00 -4.839280128479003906e+00
5.032804390044399770e+04 -8.325836658477783203e-01 -5.321712017059326172e+00 -4.308964729309082031e+00
5.032805540421699698e+04 -2.057217836380004883e+00 -5.745485305786132812e+00 -2.653972625732421875e+00
5.032806388711900217e+04 -3.582922935485839844e+00 -7.909843921661376953e+00 3.681085109710693359e-01
5.032807542144099716e+04 -5.005677223205566406e+00 -1.075056457519531250e+01 2.904166698455810547e+00
5.032808390437300113e+04 -6.399102687835693359e+00 -1.329021358489990234e+01 2.506729125976562500e+00
5.032809583542699693e+04 -7.184400558471679688e+00 -1.739926147460937500e+01 -9.475052952766418457e-01
5.032810395221899671e+04 -5.908291339874267578e+00 -1.960851097106933594e+01 -5.462969779968261719e+00
5.032811545610999747e+04 -3.180696964263916016e+00 -1.867237854003906250e+01 -6.807313919067382812e+00
5.032812393910199899e+04 -2.777273952960968018e-01 -1.204044055938720703e+01 -3.706224203109741211e+00
5.032813547354900220e+04 1.480813741683959961e+00 -6.545148849487304688e+00 -4.076128304004669189e-01
5.032814395656799752e+04 7.356184720993041992e-01 -4.206013679504394531e+00 1.295861721038818359e+00
5.032815549104999809e+04 3.148375153541564941e-01 -2.576161146163940430e+00 2.896385431289672852e+00
5.032816397409499768e+04 8.271966576576232910e-01 -1.745971560478210449e+00 3.529651880264282227e+00
5.032817550861799828e+04 5.865794420242309570e-01 -2.752733469009399414e+00 4.264073371887207031e+00
5.032818399169400072e+04 -1.328781992197036743e-01 -5.252279758453369141e+00 4.751293182373046875e+00
5.032819552625199867e+04 -1.021126985549926758e+00 -8.567051887512207031e+00 3.866635799407958984e+00
5.032820400935399812e+04 -1.423951506614685059e+00 -1.200033760070800781e+01 3.514688014984130859e+00
5.032821554394299892e+04 -1.462857246398925781e+00 -1.492006683349609375e+01 3.727173566818237305e+00
5.032822402706599678e+04 -1.006761789321899414e+00 -1.672709083557128906e+01 3.957016944885253906e+00
5.032823556169000221e+04 -8.750807046890258789e-01 -1.698446655273437500e+01 3.973776340484619141e+00
5.032824404483899707e+04 -7.829039692878723145e-01 -1.499847698211669922e+01 2.614468336105346680e+00
5.032825594567799999e+04 -1.899200439453125000e+00 -9.807847023010253906e+00 -4.514267444610595703e+00
5.032826439833400218e+04 -2.560000181198120117e+00 -9.545083999633789062e+00 -2.495955228805541992e+00
5.032827614662300039e+04 -3.204040527343750000e+00 -9.258378028869628906e+00 -3.435679435729980469e+00
5.032828447724100261e+04 -3.785232782363891602e+00 -8.704718589782714844e+00 -5.583278179168701172e+00
5.032829598144500051e+04 -2.704849481582641602e+00 -8.717886924743652344e+00 -5.470152378082275391e+00
5.032830443414500041e+04 -1.383848547935485840e+00 -9.418190956115722656e+00 -3.263895511627197266e+00
5.032831599940200249e+04 -1.286883354187011719e-01 -1.015740108489990234e+01 -1.660378932952880859e+00
5.032832426903099986e+04 9.193734526634216309e-01 -1.053388881683349609e+01 -3.477577865123748779e-01
5.032833626153899968e+04 1.358110904693603516e+00 -1.063264942169189453e+01 1.293467521667480469e+00
5.032834431758199935e+04 1.204283475875854492e+00 -1.041118621826171875e+01 2.971204280853271484e+00
5.032835585238399653e+04 8.080430626869201660e-01 -9.883863449096679688e+00 3.849876403808593750e+00
5.032836430514400126e+04 1.400607973337173462e-01 -9.419986724853515625e+00 3.713406801223754883e+00
5.032837590099999943e+04 -8.355764150619506836e-01 -9.375694274902343750e+00 1.805826663970947266e+00
5.032838432326100155e+04 -1.340154409408569336e+00 -9.317035675048828125e+00 -2.322375625371932983e-01
5.032839588863099925e+04 -1.607107877731323242e+00 -9.528923034667968750e+00 -5.554547905921936035e-01
5.032840434143399762e+04 -1.853112101554870605e+00 -9.780313491821289062e+00 -1.001374840736389160e+00
5.032841572373999952e+04 -1.912967205047607422e+00 -9.850942611694335938e+00 -1.704073071479797363e+00
5.032842417656099860e+04 -1.729810714721679688e+00 -9.784503936767578125e+00 -1.654991984367370605e+00
5.032843574198400165e+04 -1.337161660194396973e+00 -9.686940193176269531e+00 -1.027711033821105957e+00
5.032844422533799661e+04 -8.906430602073669434e-01 -9.586383819580078125e+00 -3.579331636428833008e-01
5.032845576026799972e+04 -6.356605291366577148e-01 -9.518747329711914062e+00 2.855085432529449463e-01
5.032846421312400344e+04 -5.339069962501525879e-01 -9.560047149658203125e+00 7.805097699165344238e-01
5.032847577859099692e+04 -6.518214344978332520e-01 -9.611522674560546875e+00 1.051653146743774414e+00
5.032848423145899869e+04 -9.026140570640563965e-01 -9.616909980773925781e+00 1.089361786842346191e+00
5.032849579694699787e+04 -1.165976285934448242e+00 -9.545681953430175781e+00 1.033696532249450684e+00
5.032850424983300036e+04 -1.510142683982849121e+00 -9.460089683532714844e+00 8.942343592643737793e-01
5.032851599844000157e+04 -1.619677424430847168e+00 -9.317035675048828125e+00 7.254431247711181641e-01
5.032852432927799964e+04 -1.585560083389282227e+00 -9.197325706481933594e+00 7.248445749282836914e-01
5.032853583377599716e+04 -1.553836941719055176e+00 -9.134477615356445312e+00 9.319429993629455566e-01
5.032854428669100162e+04 -1.625064373016357422e+00 -9.147645950317382812e+00 1.149815320968627930e+00
5.032855585224099923e+04 -1.697489023208618164e+00 -9.071630477905273438e+00 1.294664621353149414e+00
5.032856430517000263e+04 -1.738788962364196777e+00 -8.994417190551757812e+00 1.321000814437866211e+00
5.032857626745000016e+04 -1.773504853248596191e+00 -8.949525833129882812e+00 1.230021119117736816e+00
5.032858438471800036e+04 -1.739986062049865723e+00 -8.904036521911621094e+00 1.018134236335754395e+00
5.032859588927499863e+04 -1.665765881538391113e+00 -8.871115684509277344e+00 7.194576263427734375e-01
5.032860434223199991e+04 -1.551442742347717285e+00 -8.878896713256835938e+00 3.770867586135864258e-01
5.032861590783899737e+04 -1.408389091491699219e+00 -8.875306129455566406e+00 7.302315533161163330e-02
5.032862436080900079e+04 -1.164779186248779297e+00 -8.837596893310546875e+00 -2.376245260238647461e-01
5.032863592643300217e+04 -6.733692288398742676e-01 -8.706514358520507812e+00 -6.111199855804443359e-01
5.032864437941600045e+04 1.669955700635910034e-01 -8.604162216186523438e+00 -1.203684926033020020e+00
5.032865594505499757e+04 9.840168952941894531e-01 -8.677185058593750000e+00 -1.666364431381225586e+00
5.032866439804899710e+04 1.605910778045654297e+00 -9.149441719055175781e+00 -1.748964309692382812e+00
5.032867596370699903e+04 1.892017841339111328e+00 -1.004367637634277344e+01 -1.552041292190551758e+00
5.032868441671400069e+04 1.986588835716247559e+00 -1.100315284729003906e+01 -1.297058820724487305e+00
5.032869598238899925e+04 2.038662672042846680e+00 -1.177288818359375000e+01 -1.087566137313842773e+00
5.032870443540599808e+04 2.064400434494018555e+00 -1.219247245788574219e+01 -1.038484930992126465e+00
5.032871600109300198e+04 1.931522250175476074e+00 -1.256357383728027344e+01 -1.306635618209838867e+00
5.032872445412100205e+04 1.407790541648864746e+00 -1.332852077484130859e+01 -1.708861470222473145e+00
5.032873601982599939e+04 7.320271730422973633e-01 -1.426345634460449219e+01 -1.982398986816406250e+00
5.032874447286599752e+04 1.777694821357727051e-01 -1.475666236877441406e+01 -1.810016512870788574e+00
5.032875619116400048e+04 -3.154360651969909668e-01 -1.463455772399902344e+01 -1.154603719711303711e+00
5.032876452214900200e+04 -5.009866952896118164e-01 -1.463575458526611328e+01 -5.183446407318115234e-01
5.032877605736700207e+04 -3.854664862155914307e-01 -1.481472110748291016e+01 3.531447425484657288e-02
5.032878451042700181e+04 -1.819593310356140137e-01 -1.493084049224853516e+01 2.124854028224945068e-01
5.032879607617400325e+04 -5.626374110579490662e-02 -1.498470973968505859e+01 -1.004966139793395996e+00
5.032880452924400015e+04 5.506663769483566284e-02 -1.483567047119140625e+01 -2.984971046447753906e+00
5.032881646119999641e+04 7.841010391712188721e-02 -1.402643108367919922e+01 -3.053205728530883789e+00
5.032882457859699934e+04 -4.016273319721221924e-01 -1.278144550323486328e+01 -3.169324398040771484e+00
5.032883611384999676e+04 -1.321000814437866211e+00 -1.138861846923828125e+01 -3.418920040130615234e+00
5.032884456693699758e+04 -2.479195833206176758e+00 -1.011550235748291016e+01 -2.704849481582641602e+00
5.032885613271799957e+04 -3.711611270904541016e+00 -9.360131263732910156e+00 -1.825578808784484863e+00
5.032886458581299667e+04 -5.063138008117675781e+00 -8.999804496765136719e+00 -1.227626919746398926e+00
5.032887615160700079e+04 -6.289567947387695312e+00 -8.616731643676757812e+00 -8.595184087753295898e-01
5.032888460471200233e+04 -6.709750175476074219e+00 -8.060678482055664062e+00 -5.973533391952514648e-01
5.032889617051700043e+04 -6.464344501495361328e+00 -7.641094684600830078e+00 2.346317619085311890e-01
5.032890462362999824e+04 -5.260061264038085938e+00 -7.533355712890625000e+00 7.966706156730651855e-01
5.032891618944700167e+04 -3.016095638275146484e+00 -8.046313285827636719e+00 1.262941360473632812e+00
5.032892464256899984e+04 -1.327584862709045410e+00 -9.558251380920410156e+00 2.855085611343383789e+00
5.032893620839699724e+04 -1.027112483978271484e+00 -1.140118885040283203e+01 4.244320869445800781e+00
5.032894466152699897e+04 9.876082092523574829e-02 -1.268388175964355469e+01 4.053982257843017578e+00
5.032895619685100246e+04 1.507748484611511230e+00 -1.326986312866210938e+01 2.773682594299316406e+00
5.032896468050700059e+04 2.018311977386474609e+00 -1.353861236572265625e+01 8.912416100502014160e-01
5.032897630739099986e+04 2.819771051406860352e+00 -1.374451351165771484e+01 -1.466448545455932617e+00
5.032898476053599734e+04 3.834912538528442383e+00 -1.383609199523925781e+01 -2.991554975509643555e+00
5.032899647898200055e+04 3.301005601882934570e+00 -1.385344982147216797e+01 -3.254318714141845703e+00
5.032900481006799964e+04 2.000355482101440430e+00 -1.307054519653320312e+01 -2.642001628875732422e+00
5.032901634542200190e+04 2.256535142660140991e-01 -1.203505325317382812e+01 -3.204638957977294922e+00
5.032902476806499908e+04 -1.288679122924804688e+00 -1.092893218994140625e+01 -4.091092109680175781e+00
5.032903633394400094e+04 -2.247556924819946289e+00 -9.999981880187988281e+00 -4.146158695220947266e+00
5.032904478710999683e+04 -2.801814556121826172e+00 -9.308655738830566406e+00 -3.712808370590209961e+00
5.032905674971800181e+04 -3.028066635131835938e+00 -8.729858398437500000e+00 -2.843713045120239258e+00
5.032906483668799774e+04 -2.765302896499633789e+00 -8.325238227844238281e+00 -2.269703149795532227e+00
5.032907637206799700e+04 -2.186504602432250977e+00 -8.224681854248046875e+00 -1.909375905990600586e+00
5.032908482524700230e+04 -1.519719481468200684e+00 -8.195950508117675781e+00 -1.606509327888488770e+00
5.032909639115299797e+04 -1.007360339164733887e+00 -8.176796913146972656e+00 -1.301847219467163086e+00
5.032910484433799866e+04 -7.236474752426147461e-01 -8.042721748352050781e+00 -8.277952671051025391e-01
5.032911641025199788e+04 -4.135983288288116455e-01 -7.890091896057128906e+00 -2.507926225662231445e-01
5.032912486344199715e+04 -4.399345517158508301e-01 -7.825448036193847656e+00 4.070142805576324463e-01
5.032913642936399992e+04 -8.343793153762817383e-01 -7.567472934722900391e+00 7.721300721168518066e-01
5.032914488256000186e+04 -1.663371682167053223e+00 -7.005434036254882812e+00 8.385691642761230469e-01
5.032915644848899683e+04 -2.537853717803955078e+00 -6.263231754302978516e+00 8.553285598754882812e-01
5.032916490168999735e+04 -3.446453332901000977e+00 -5.656899929046630859e+00 6.183025836944580078e-01
5.032917646762700315e+04 -4.156333923339843750e+00 -5.343259811401367188e+00 2.256535142660140991e-01
5.032918492083399906e+04 -4.446032524108886719e+00 -5.288791656494140625e+00 -2.885012924671173096e-01
5.032919648677600344e+04 -4.429273128509521484e+00 -5.480327606201171875e+00 -9.259575009346008301e-01
5.032920493998799793e+04 -4.619612216949462891e+00 -5.813121795654296875e+00 -1.710657119750976562e+00
5.032921650593900267e+04 -4.678270339965820312e+00 -5.971138954162597656e+00 -2.321777105331420898e+00
5.032922495915699983e+04 -4.506485939025878906e+00 -6.060921669006347656e+00 -2.705447912216186523e+00
5.032923667769999884e+04 -4.160523891448974609e+00 -6.167463779449462891e+00 -3.081936120986938477e+00
5.032924503937100235e+04 -3.798999547958374023e+00 -6.394912719726562500e+00 -3.352480888366699219e+00
5.032925654429999850e+04 -3.550002574920654297e+00 -6.807912349700927734e+00 -3.275267839431762695e+00
5.032926499752599921e+04 -3.543418407440185547e+00 -7.371747016906738281e+00 -2.780865192413330078e+00
5.032927656349600147e+04 -3.402160644531250000e+00 -7.812878608703613281e+00 -2.484582901000976562e+00
5.032928501672700077e+04 -2.731784105300903320e+00 -7.800309181213378906e+00 -1.934514999389648438e+00
5.032929704045900144e+04 -2.256535053253173828e+00 -7.663839817047119141e+00 -1.743577361106872559e+00
5.032930506645500282e+04 -2.454655408859252930e+00 -7.824849605560302734e+00 -2.372653961181640625e+00
5.032931660191999981e+04 -2.765901565551757812e+00 -8.261193275451660156e+00 -3.566761970520019531e+00
5.032932508567599871e+04 -2.522291421890258789e+00 -9.051279067993164062e+00 -5.173271179199218750e+00
5.032933662114600156e+04 -1.793855667114257812e+00 -1.069849014282226562e+01 -6.807313919067382812e+00
5.032934507439000299e+04 -3.022679686546325684e-01 -1.306875038146972656e+01 -7.801506042480468750e+00
5.032935664038400137e+04 2.117671489715576172e+00 -1.541626453399658203e+01 -7.481281757354736328e+00
5.032936509363199730e+04 4.105457305908203125e+00 -1.750879669189453125e+01 -7.452551364898681641e+00
5.032937665963100153e+04 4.920682907104492188e+00 -1.859217262268066406e+01 -7.873930931091308594e+00
5.032938511288299924e+04 4.609436988830566406e+00 -1.797805976867675781e+01 -8.254609107971191406e+00
5.032939667888700205e+04 4.192845821380615234e+00 -1.600404167175292969e+01 -7.070077419281005859e+00
5.032940513214300154e+04 2.810792684555053711e+00 -1.430116558074951172e+01 -4.639962673187255859e+00
5.032941669815099885e+04 4.082113802433013916e-01 -1.310466289520263672e+01 -3.326743364334106445e+00
5.032942515141000331e+04 -1.655590534210205078e+00 -1.155022716522216797e+01 -3.090315818786621094e+00
5.032943671742400329e+04 -2.808398485183715820e+00 -9.824007987976074219e+00 -2.234987258911132812e+00
5.032944517068700225e+04 -3.494337320327758789e+00 -8.300098419189453125e+00 -1.116296529769897461e+00
5.032945673670600081e+04 -4.080916881561279297e+00 -7.366360187530517578e+00 -5.584475398063659668e-01
5.032946518997100065e+04 -4.349666118621826172e+00 -7.111976146697998047e+00 -7.350199222564697266e-01
5.032947690857999987e+04 -3.875015497207641602e+00 -6.964134216308593750e+00 -6.937199234962463379e-01
5.032948523977999866e+04 -3.341706991195678711e+00 -6.877344608306884766e+00 -5.937620401382446289e-01
5.032949677529100154e+04 -2.959233283996582031e+00 -6.884527206420898438e+00 -1.013345837593078613e+00
5.032950522856300086e+04 -2.888005733489990234e+00 -6.973711013793945312e+00 -1.301847219467163086e+00
5.032951679459399747e+04 -2.950255155563354492e+00 -7.247847080230712891e+00 -1.399410843849182129e+00
5.032952524786900176e+04 -3.021482467651367188e+00 -7.909245491027832031e+00 -1.387439846992492676e+00
5.032953718011100136e+04 -3.168725967407226562e+00 -8.959701538085937500e+00 -1.345541357994079590e+00
5.032954538925200177e+04 -3.298611402511596680e+00 -1.033098030090332031e+01 -1.527500629425048828e+00
5.032955683322300320e+04 -3.079541921615600586e+00 -1.135390281677246094e+01 -1.935113549232482910e+00
5.032956528650400287e+04 -2.786850690841674805e+00 -1.204882049560546875e+01 -2.184709072113037109e+00
5.032957685254699754e+04 -2.492962598800659180e+00 -1.221821022033691406e+01 -2.106897592544555664e+00
5.032958530583100219e+04 -1.851915001869201660e+00 -1.163522148132324219e+01 -1.342548608779907227e+00
5.032959687187900272e+04 -1.313219666481018066e+00 -1.063863563537597656e+01 -1.460463106632232666e-01
5.032960532516500098e+04 -9.139865040779113770e-01 -9.691129684448242188e+00 7.882909178733825684e-01
5.032961686069799907e+04 -7.613561153411865234e-01 -9.096170425415039062e+00 1.294664621353149414e+00
5.032962534450399835e+04 -8.349778652191162109e-01 -8.880094528198242188e+00 1.453280448913574219e+00
5.032963688004200230e+04 -1.154603719711303711e+00 -8.948328971862792969e+00 1.572391986846923828e+00
5.032964536385099927e+04 -1.666364431381225586e+00 -9.326612472534179688e+00 1.503558635711669922e+00
5.032965689939099684e+04 -2.127846717834472656e+00 -9.771934509277343750e+00 1.332373261451721191e+00
5.032966538320299878e+04 -2.443881273269653320e+00 -1.000895977020263672e+01 1.049857497215270996e+00
5.032967694926400145e+04 -2.731784105300903320e+00 -1.004966163635253906e+01 6.512228846549987793e-01
5.032968540255900007e+04 -2.872443437576293945e+00 -9.840767860412597656e+00 -4.489128291606903076e-02
5.032969693810599711e+04 -2.976591348648071289e+00 -9.497200012207031250e+00 -6.554127335548400879e-01
5.032970542192200082e+04 -3.052607059478759766e+00 -9.381080627441406250e+00 -1.297657370567321777e+00
5.032971714057499776e+04 -3.125630378723144531e+00 -9.612719535827636719e+00 -1.289277672767639160e+00
5.032972547180599940e+04 -2.871246337890625000e+00 -1.010412979125976562e+01 -5.979518890380859375e-01
5.032973697684099898e+04 -2.441487073898315430e+00 -1.061349582672119141e+01 1.292868852615356445e-01
5.032974546066099720e+04 -2.306214809417724609e+00 -1.098938560485839844e+01 5.590460896492004395e-01
5.032975699621599779e+04 -1.985391736030578613e+00 -1.116476154327392578e+01 5.392939448356628418e-01
5.032976544952199765e+04 -1.346738457679748535e+00 -1.107437992095947266e+01 5.919663906097412109e-01
5.032977741232299741e+04 -5.680243372917175293e-01 -1.078228759765625000e+01 7.984662652015686035e-01
5.032978552993899939e+04 -3.411737456917762756e-02 -1.064402198791503906e+01 1.095347285270690918e+00
5.032979703498200251e+04 2.382230758666992188e-01 -1.066018295288085938e+01 1.321000814437866211e+00
5.032980548829100007e+04 2.094926536083221436e-01 -1.060032844543457031e+01 1.414973258972167969e+00
5.032981705437300116e+04 1.256955880671739578e-02 -1.048361110687255859e+01 8.864531517028808594e-01
5.032982550768399960e+04 -2.053027898073196411e-01 -1.033217716217041016e+01 3.998316824436187744e-01
5.032983707376800157e+04 -4.261679053306579590e-01 -1.016338634490966797e+01 1.256955862045288086e-01
5.032984552708100091e+04 -7.122750282287597656e-01 -9.953294754028320312e+00 2.992752194404602051e-02
5.032985739834199921e+04 -1.052251696586608887e+00 -9.803657531738281250e+00 6.703764945268630981e-02
5.032986554648300080e+04 -1.296460270881652832e+00 -9.728240013122558594e+00 3.387795388698577881e-01
5.032987723464099690e+04 -1.530493378639221191e+00 -9.620500564575195312e+00 5.764040350914001465e-01
5.032988556588799838e+04 -1.744175910949707031e+00 -9.579200744628906250e+00 7.320271730422973633e-01
5.032989716249699995e+04 -1.985391736030578613e+00 -9.512762069702148438e+00 7.092822790145874023e-01
5.032990558529899863e+04 -2.162562608718872070e+00 -9.481637001037597656e+00 5.093663930892944336e-01
5.032991724294400046e+04 -2.266111850738525391e+00 -9.479243278503417969e+00 4.369418025016784668e-01
5.032992560471199977e+04 -2.363675594329833984e+00 -9.535507202148437500e+00 4.088099300861358643e-01
5.032993717080700299e+04 -2.400187253952026367e+00 -9.652822494506835938e+00 3.381809890270233154e-01
5.032994562412900268e+04 -2.390610456466674805e+00 -9.770138740539550781e+00 1.657984703779220581e-01
5.032995737333100260e+04 -2.212841033935546875e+00 -9.858125686645507812e+00 -8.798690885305404663e-02
5.032996570458399947e+04 -1.892616391181945801e+00 -9.979032516479492188e+00 -3.004723191261291504e-01
5.032997720964899781e+04 -1.373673200607299805e+00 -1.009814453125000000e+01 -3.363853394985198975e-01
5.032998566297400248e+04 -7.811083197593688965e-01 -1.026813220977783203e+01 -3.148375153541564941e-01
5.032999722907500109e+04 -2.669534981250762939e-01 -1.043991661071777344e+01 -2.974795699119567871e-01
5.033001791988700279e+04 4.572925269603729248e-01 -1.069130802154541016e+01 -3.938461840152740479e-01
5.033003778673300258e+04 6.075286865234375000e-01 -1.084693050384521484e+01 -4.961982965469360352e-01
5.033005777564999880e+04 3.794809579849243164e-01 -1.096065521240234375e+01 -5.057750940322875977e-01
5.033007779508899694e+04 -6.398503780364990234e-01 -1.087566089630126953e+01 2.896983921527862549e-01
5.033009781453100004e+04 -1.093551635742187500e+00 -1.000297451019287109e+01 2.651578485965728760e-01
5.033011780345800071e+04 -1.592742681503295898e+00 -9.503185272216796875e+00 1.227028369903564453e-01
5.033013782290500239e+04 -2.257133722305297852e+00 -1.001135444641113281e+01 6.931213736534118652e-01
5.033015784235399769e+04 -2.049436569213867188e+00 -9.468469619750976562e+00 1.562216579914093018e-01
5.033017786180599796e+04 -1.592742681503295898e+00 -9.524732589721679688e+00 5.542576909065246582e-01
5.033019806436500221e+04 -1.423951506614685059e+00 -1.007120990753173828e+01 7.882909178733825684e-01
5.033021793123499810e+04 -1.557428240776062012e+00 -1.007001209259033203e+01 2.035071402788162231e-01
5.033023792017700180e+04 -1.858499050140380859e+00 -9.771335601806640625e+00 -8.200141042470932007e-02
5.033025839740200172e+04 -2.315192937850952148e+00 -9.567230224609375000e+00 3.034650683403015137e-01
5.033027798962099769e+04 -2.710834980010986328e+00 -9.345168113708496094e+00 6.919242739677429199e-01
5.033029797857099766e+04 -3.101089715957641602e+00 -9.243413925170898438e+00 6.703764796257019043e-01
5.033031799804000184e+04 -3.357269287109375000e+00 -9.275735855102539062e+00 3.130418658256530762e-01
5.033033801751199644e+04 -3.263895511627197266e+00 -9.594164848327636719e+00 2.382230758666992188e-01
5.033035803698399832e+04 -2.765302896499633789e+00 -9.827599525451660156e+00 2.675520479679107666e-01
5.033037805645800108e+04 -2.075772762298583984e+00 -9.810839653015136719e+00 4.183867573738098145e-01
5.033039807593500154e+04 -1.651999115943908691e+00 -9.753977775573730469e+00 4.997895956039428711e-01
5.033041809541200200e+04 -1.586757183074951172e+00 -9.849745750427246094e+00 5.057750940322875977e-01
5.033043826747900312e+04 -1.948880195617675781e+00 -9.998785018920898438e+00 4.854243993759155273e-01
5.033045816488900164e+04 -2.416347980499267578e+00 -9.813833236694335938e+00 5.009866952896118164e-01
5.033047812333700131e+04 -2.849698543548583984e+00 -9.554660797119140625e+00 3.363853394985198975e-01
5.033049850903100014e+04 -2.900575399398803711e+00 -9.579200744628906250e+00 3.483563363552093506e-01
5.033051819282500219e+04 -2.687491416931152344e+00 -9.634267807006835938e+00 6.578069329261779785e-01
5.033053818179399968e+04 -2.599504470825195312e+00 -9.639654159545898438e+00 5.943605899810791016e-01
5.033055820128200139e+04 -2.537255287170410156e+00 -9.637260437011718750e+00 6.955155730247497559e-01
5.033057822077099991e+04 -2.542642116546630859e+00 -9.658209800720214844e+00 8.972271084785461426e-01
5.033059824026199931e+04 -2.581547975540161133e+00 -9.710283279418945312e+00 8.774749040603637695e-01
5.033061825975400279e+04 -2.604292869567871094e+00 -9.771934509277343750e+00 7.439981698989868164e-01
5.033063827924700308e+04 -2.557007312774658203e+00 -9.804854393005371094e+00 8.672995567321777344e-01
5.033065829874199699e+04 -2.475604534149169922e+00 -9.701904296875000000e+00 9.828197956085205078e-01
5.033067847082600201e+04 -2.434903144836425781e+00 -9.732429504394531250e+00 1.008557438850402832e+00
5.033069836825299717e+04 -2.582745075225830078e+00 -9.824606895446777344e+00 9.774328470230102539e-01
5.033071835723400000e+04 -2.858676910400390625e+00 -1.001434707641601562e+01 7.930793166160583496e-01
5.033073874294399866e+04 -2.998737573623657227e+00 -1.013824748992919922e+01 6.206967830657958984e-01
5.033075842675199965e+04 -2.734178304672241211e+00 -1.002512073516845703e+01 4.991910457611083984e-01
5.033077838521700323e+04 -2.269104719161987305e+00 -9.730634689331054688e+00 4.764461517333984375e-01
5.033079840472000069e+04 -1.857301950454711914e+00 -9.567230224609375000e+00 5.392939448356628418e-01
5.033081842422299815e+04 -1.614290475845336914e+00 -9.582193374633789062e+00 5.955576896667480469e-01
5.033083844372799649e+04 -1.698686122894287109e+00 -9.848548889160156250e+00 5.997475385665893555e-01
5.033085846323199803e+04 -1.772906303405761719e+00 -9.960477828979492188e+00 5.087678432464599609e-01
5.033087851325499651e+04 -1.736993312835693359e+00 -9.803657531738281250e+00 5.303156971931457520e-01
5.033089853276200301e+04 -1.830965757369995117e+00 -9.694721221923828125e+00 6.446388363838195801e-01
5.033091870485700201e+04 -1.999158382415771484e+00 -9.724050521850585938e+00 7.583633661270141602e-01
5.033093860229600250e+04 -2.227206230163574219e+00 -9.819818496704101562e+00 7.739257216453552246e-01
5.033095856076900236e+04 -2.366668462753295898e+00 -9.837775230407714844e+00 6.572083830833435059e-01
5.033097894648800138e+04 -2.327762603759765625e+00 -9.862914085388183594e+00 5.961562395095825195e-01
5.033099863030599954e+04 -2.139817714691162109e+00 -9.804854393005371094e+00 6.787561774253845215e-01
5.033101858878100029e+04 -1.977012038230895996e+00 -9.796474456787109375e+00 7.170634269714355469e-01
5.033103863881000143e+04 -1.894412040710449219e+00 -9.740211486816406250e+00 7.296329736709594727e-01
5.033105865832300333e+04 -1.933916449546813965e+00 -9.822811126708984375e+00 6.763619780540466309e-01
5.033107867783500114e+04 -2.101510524749755859e+00 -1.000117874145507812e+01 6.069301366806030273e-01
5.033109866683000291e+04 -2.217629432678222656e+00 -1.001374816894531250e+01 5.793967843055725098e-01
5.033111871686200175e+04 -2.345120668411254883e+00 -9.955090522766113281e+00 4.632780253887176514e-01
5.033113870585899713e+04 -2.375646591186523438e+00 -9.878476142883300781e+00 3.878606855869293213e-01
5.033115890847900300e+04 -2.206256866455078125e+00 -9.824007987976074219e+00 5.267243981361389160e-01
5.033117880592399888e+04 -1.986588835716247559e+00 -9.771934509277343750e+00 5.506663918495178223e-01
5.033119876440500229e+04 -1.691503524780273438e+00 -9.852738380432128906e+00 4.692635238170623779e-01
5.033121921116700105e+04 -1.501762986183166504e+00 -9.889249801635742188e+00 5.620388388633728027e-01
5.033123889498999779e+04 -1.512536883354187012e+00 -9.886856079101562500e+00 4.674678742885589600e-01
5.033125885347300209e+04 -1.587355732917785645e+00 -9.853337287902832031e+00 3.782838582992553711e-01
5.033127887299100257e+04 -1.689707875251770020e+00 -9.862914085388183594e+00 3.740940093994140625e-01
5.033129889250900305e+04 -1.697489023208618164e+00 -9.892242431640625000e+00 3.160346150398254395e-01
5.033131891202800034e+04 -1.659181833267211914e+00 -9.848548889160156250e+00 3.046621680259704590e-01
5.033133890102800069e+04 -1.696890473365783691e+00 -9.932944297790527344e+00 3.932476341724395752e-01
5.033135892054800206e+04 -1.850119352340698242e+00 -9.938331604003906250e+00 3.471592366695404053e-01
5.033137894006800343e+04 -1.844732403755187988e+00 -9.903017044067382812e+00 3.196259140968322754e-01
5.033139914269300061e+04 -1.742380261421203613e+00 -9.861118316650390625e+00 4.291606545448303223e-01
5.033141904014300235e+04 -1.744774460792541504e+00 -9.918579101562500000e+00 4.692635238170623779e-01
5.033143902914600039e+04 -1.767519354820251465e+00 -9.949105262756347656e+00 4.614823758602142334e-01
5.033145941487800155e+04 -1.845929503440856934e+00 -9.938331604003906250e+00 4.016273319721221924e-01
5.033147906818999763e+04 -1.816600561141967773e+00 -9.913790702819824219e+00 2.914940714836120605e-01
5.033149905719399976e+04 -1.747168660163879395e+00 -9.829395294189453125e+00 3.202244639396667480e-01
5.033151907671699882e+04 -1.772307753562927246e+00 -9.819219589233398438e+00 4.357447028160095215e-01
5.033153912675599713e+04 -1.847725152969360352e+00 -9.803657531738281250e+00 4.830302000045776367e-01
5.033155914627799939e+04 -1.839944005012512207e+00 -9.809642791748046875e+00 4.489128291606903076e-01
5.033157916580099845e+04 -1.862090349197387695e+00 -9.855133056640625000e+00 3.740940093994140625e-01
5.033159915480599739e+04 -1.929128050804138184e+00 -9.892841339111328125e+00 3.429693877696990967e-01
5.033161917433099734e+04 -1.996764183044433594e+00 -9.911994934082031250e+00 3.621230125427246094e-01
5.033163937696000357e+04 -2.033275842666625977e+00 -9.880870819091796875e+00 3.423708379268646240e-01
5.033165924389599968e+04 -1.923741102218627930e+00 -9.792284965515136719e+00 3.645172119140625000e-01
5.033167923290299950e+04 -1.805228114128112793e+00 -9.824606895446777344e+00 3.716998100280761719e-01
5.033169961863799836e+04 -1.857900500297546387e+00 -9.894038200378417969e+00 3.645172119140625000e-01
5.033171930246899865e+04 -1.915959954261779785e+00 -9.881468772888183594e+00 2.819172441959381104e-01
5.033173929147599847e+04 -1.908777356147766113e+00 -9.885060310363769531e+00 2.603694200515747070e-01
5.033175931100000162e+04 -1.818994760513305664e+00 -9.910199165344238281e+00 2.477998733520507812e-01
5.033177933052599838e+04 -1.682525277137756348e+00 -9.932345390319824219e+00 2.567781209945678711e-01
5.033179935005200241e+04 -1.678933978080749512e+00 -9.929951667785644531e+00 2.579752206802368164e-01
5.033181936957799917e+04 -1.850717902183532715e+00 -9.936535835266113281e+00 2.250549644231796265e-01
5.033183935858699988e+04 -1.898003339767456055e+00 -9.927556991577148438e+00 1.975216418504714966e-01
5.033185937811299664e+04 -1.787870168685913086e+00 -9.901221275329589844e+00 2.561795711517333984e-01
5.033187958074399648e+04 -1.747767210006713867e+00 -9.889848709106445312e+00 2.837128937244415283e-01
5.033189947820000089e+04 -1.808220863342285156e+00 -9.868899345397949219e+00 3.052607178688049316e-01
5.033191943669100147e+04 -1.884236693382263184e+00 -9.843760490417480469e+00 3.471592366695404053e-01
5.033193985294600134e+04 -1.919551253318786621e+00 -9.834781646728515625e+00 3.675099611282348633e-01
5.033195953677900252e+04 -1.987187385559082031e+00 -9.852140426635742188e+00 3.543418645858764648e-01
5.033197952578699915e+04 -2.109890222549438477e+00 -9.887454032897949219e+00 3.357867896556854248e-01
5.033199954531300318e+04 -2.217030763626098633e+00 -9.886257171630859375e+00 3.214215636253356934e-01
5.033201953432399750e+04 -2.191293001174926758e+00 -9.842563629150390625e+00 4.010287821292877197e-01
5.033203958436899848e+04 -2.186504602432250977e+00 -9.798270225524902344e+00 4.279635548591613770e-01
5.033205960389700340e+04 -2.197877168655395508e+00 -9.764751434326171875e+00 4.249708056449890137e-01
5.033207962342599785e+04 -2.200869798660278320e+00 -9.851541519165039062e+00 4.028244316577911377e-01
5.033209964295400277e+04 -2.189497470855712891e+00 -9.880271911621093750e+00 4.219780564308166504e-01
5.033211981507000019e+04 -2.112883090972900391e+00 -9.813234329223632812e+00 4.447229802608489990e-01
5.033213971252700139e+04 -2.018311977386474609e+00 -9.746196746826171875e+00 4.531026780605316162e-01
5.033215970153800299e+04 -1.933916449546813965e+00 -9.805453300476074219e+00 3.746925592422485352e-01
5.033218014831199980e+04 -1.875258445739746094e+00 -9.880271911621093750e+00 3.621230125427246094e-01
5.033219980162900174e+04 -1.871068596839904785e+00 -9.907805442810058594e+00 3.226186931133270264e-01
5.033221972960499988e+04 -1.909375905990600586e+00 -9.810241699218750000e+00 2.675520479679107666e-01
5.033223977965000086e+04 -1.929726600646972656e+00 -9.807847023010253906e+00 2.041056901216506958e-01
5.033225979917799850e+04 -1.891419291496276855e+00 -9.895833969116210938e+00 1.574187576770782471e-01
5.033227978818900010e+04 -1.780687570571899414e+00 -9.919775962829589844e+00 1.352723985910415649e-01
5.033229980771699775e+04 -1.739387512207031250e+00 -9.906009674072265625e+00 9.397241473197937012e-02
5.033231982724500267e+04 -1.735197663307189941e+00 -9.903614997863769531e+00 4.908113554120063782e-02
5.033233984677300032e+04 -1.772906303405761719e+00 -9.903614997863769531e+00 6.045359373092651367e-02
5.033236007992400118e+04 -1.838148355484008789e+00 -9.865307807922363281e+00 9.157821536064147949e-02
5.033237994686399907e+04 -1.901594758033752441e+00 -9.855133056640625000e+00 9.516951441764831543e-02
5.033239990535900142e+04 -1.941099047660827637e+00 -9.846753120422363281e+00 1.256955862045288086e-01
5.033242032161899988e+04 -1.996165633201599121e+00 -9.838972091674804688e+00 1.095347255468368530e-01
5.033244003597299888e+04 -2.017114877700805664e+00 -9.840168952941894531e+00 8.858546614646911621e-02
5.033245999446800124e+04 -1.999756932258605957e+00 -9.848548889160156250e+00 5.925649031996726990e-02
5.033247998347999965e+04 -1.896207690238952637e+00 -9.874884605407714844e+00 9.756372123956680298e-02
5.033250003352799831e+04 -1.805826663970947266e+00 -9.889249801635742188e+00 1.837549805641174316e-01
5.033252005305799685e+04 -1.810615062713623047e+00 -9.870096206665039062e+00 2.029085904359817505e-01
5.033254007258800266e+04 -1.865083098411560059e+00 -9.877279281616210938e+00 1.723825186491012573e-01
5.033256012263499724e+04 -1.927930951118469238e+00 -9.815628051757812500e+00 1.460463106632232666e-01
5.033258008112999960e+04 -2.036867141723632812e+00 -9.818621635437011719e+00 1.741781681776046753e-01
5.033260025324799790e+04 -2.147000312805175781e+00 -9.867103576660156250e+00 2.220622003078460693e-01
5.033262015070799680e+04 -2.230797529220581055e+00 -9.894637107849121094e+00 1.867477297782897949e-01
5.033264010920299916e+04 -2.172738075256347656e+00 -9.878476142883300781e+00 2.466027736663818359e-01
5.033266052546099672e+04 -2.097919225692749023e+00 -9.775525093078613281e+00 3.220201432704925537e-01
5.033268020929799968e+04 -2.013523578643798828e+00 -9.747393608093261719e+00 3.166331648826599121e-01
5.033270016779300204e+04 -1.945288896560668945e+00 -9.873088836669921875e+00 2.879027426242828369e-01
5.033272018732300057e+04 -1.891419291496276855e+00 -9.894038200378417969e+00 2.597708702087402344e-01
5.033274020685299911e+04 -1.916558504104614258e+00 -9.879075050354003906e+00 2.041056901216506958e-01
5.033276028741800110e+04 -1.999756932258605957e+00 -9.865307807922363281e+00 1.801636815071105957e-01
5.033278024591300345e+04 -2.089539527893066406e+00 -9.860519409179687500e+00 2.178723514080047607e-01
5.033280026544300199e+04 -2.088941097259521484e+00 -9.851541519165039062e+00 2.106897532939910889e-01
5.033282028497300053e+04 -2.023699045181274414e+00 -9.835380554199218750e+00 2.094926536083221436e-01
5.033284048760800215e+04 -1.930325150489807129e+00 -9.885659217834472656e+00 1.544260084629058838e-01
5.033286038506800105e+04 -1.912368655204772949e+00 -9.871294021606445312e+00 1.675941199064254761e-01
5.033288034356300341e+04 -1.913565754890441895e+00 -9.834781646728515625e+00 1.777694821357727051e-01
5.033290075982100097e+04 -1.926135301589965820e+00 -9.818621635437011719e+00 2.262520641088485718e-01
5.033292041313999653e+04 -2.003946781158447266e+00 -9.862315177917480469e+00 2.196680009365081787e-01
5.033294040215299901e+04 -2.061407566070556641e+00 -9.854534149169921875e+00 1.502361595630645752e-01
5.033296042168299755e+04 -2.088342428207397461e+00 -9.852140426635742188e+00 1.580173075199127197e-01
5.033298044121300336e+04 -2.096123695373535156e+00 -9.831191062927246094e+00 1.717839688062667847e-01
5.033300046074300190e+04 -2.059612035751342773e+00 -9.843760490417480469e+00 1.735796183347702026e-01
5.033302048027300043e+04 -2.018311977386474609e+00 -9.837775230407714844e+00 1.687912195920944214e-01
5.033304049980299897e+04 -2.011728048324584961e+00 -9.870695114135742188e+00 1.831564307212829590e-01
5.033306051933299750e+04 -2.035071372985839844e+00 -9.875483512878417969e+00 2.268506139516830444e-01
5.033308069145100308e+04 -2.062006235122680664e+00 -9.848548889160156250e+00 2.412158250808715820e-01
5.033310058890999790e+04 -2.038064241409301758e+00 -9.825204849243164062e+00 1.951274424791336060e-01
5.033312057792300038e+04 -2.028487443923950195e+00 -9.839570045471191406e+00 1.646013706922531128e-01
5.033314102469899808e+04 -1.993172883987426758e+00 -9.864709854125976562e+00 1.604115068912506104e-01
5.033316064750000078e+04 -1.935113549232482910e+00 -9.866505622863769531e+00 1.885433793067932129e-01
5.033318069754799944e+04 -1.931522250175476074e+00 -9.860519409179687500e+00 2.053027898073196411e-01
5.033320065604300180e+04 -1.914164304733276367e+00 -9.858723640441894531e+00 2.124854028224945068e-01
5.033322067557300034e+04 -1.936310648918151855e+00 -9.826402664184570312e+00 1.538274586200714111e-01
5.033324069510299887e+04 -1.939303398132324219e+00 -9.837775230407714844e+00 8.978256583213806152e-02
5.033326071463299741e+04 -1.912967205047607422e+00 -9.870096206665039062e+00 8.140286058187484741e-02
5.033328073416300322e+04 -1.887827992439270020e+00 -9.879075050354003906e+00 1.346738487482070923e-01
5.033330072317500162e+04 -1.923142552375793457e+00 -9.882067680358886719e+00 1.203086376190185547e-01
5.033332092581100005e+04 -1.951872944831848145e+00 -9.845556259155273438e+00 1.238999366760253906e-01
5.033334082327099895e+04 -2.001552581787109375e+00 -9.853935241699218750e+00 1.119289323687553406e-01
5.033336078176499723e+04 -2.037465572357177734e+00 -9.865307807922363281e+00 1.472434103488922119e-01
5.033338119802500296e+04 -2.035071372985839844e+00 -9.829993247985839844e+00 2.166752517223358154e-01
5.033340088186399953e+04 -2.048838138580322266e+00 -9.838373184204101562e+00 2.166752517223358154e-01
5.033342084035999869e+04 -2.027290344238281250e+00 -9.834183692932128906e+00 2.094926536083221436e-01
5.033344085988999723e+04 -1.929128050804138184e+00 -9.818621635437011719e+00 1.640028208494186401e-01
5.033346087942099985e+04 -1.868075847625732422e+00 -9.850344657897949219e+00 9.816227108240127563e-02
5.033348089895299927e+04 -1.861491799354553223e+00 -9.888052940368652344e+00 7.661445438861846924e-02
5.033350091848499869e+04 -1.914762854576110840e+00 -9.915586471557617188e+00 7.601590454578399658e-02
5.033352093801499723e+04 -2.027290344238281250e+00 -9.903017044067382812e+00 1.592144072055816650e-01
5.033354095754599985e+04 -2.195482969284057617e+00 -9.891644477844238281e+00 1.640028208494186401e-01
5.033356116018399916e+04 -2.187103271484375000e+00 -9.801861763000488281e+00 1.077390760183334351e-01
5.033358102712799882e+04 -2.029085874557495117e+00 -9.817423820495605469e+00 5.087678506970405579e-02
5.033360101613999723e+04 -1.890820741653442383e+00 -9.880271911621093750e+00 1.095347255468368530e-01
5.033362143240000296e+04 -1.894412040710449219e+00 -9.821015357971191406e+00 5.267243832349777222e-02
5.033364111623899953e+04 -1.863885998725891113e+00 -9.773730278015136719e+00 3.411737456917762756e-02
5.033366107473499869e+04 -1.830367207527160645e+00 -9.846154212951660156e+00 -1.436521019786596298e-02
5.033368109426499723e+04 -1.816600561141967773e+00 -9.922768592834472656e+00 -1.053448766469955444e-01
5.033370111379599985e+04 -1.811812162399291992e+00 -9.992799758911132812e+00 -2.017114907503128052e-01
5.033372113332799927e+04 -1.882441043853759766e+00 -9.973047256469726562e+00 -2.190694510936737061e-01
5.033374115285999869e+04 -1.929726600646972656e+00 -9.953893661499023438e+00 -1.819593310356140137e-01
5.033376117238999723e+04 -1.994968533515930176e+00 -9.903017044067382812e+00 -1.137245818972587585e-01
5.033378119192099985e+04 -2.035071372985839844e+00 -9.813833236694335938e+00 -1.137245818972587585e-02
5.033380136404099903e+04 -2.037465572357177734e+00 -9.807847023010253906e+00 6.344634294509887695e-02
5.033382126150299882e+04 -1.971026539802551270e+00 -9.826402664184570312e+00 2.334346622228622437e-02
5.033384125051499723e+04 -1.884835243225097656e+00 -9.813234329223632812e+00 -4.369417950510978699e-02
5.033386163625700283e+04 -1.803432464599609375e+00 -9.849745750427246094e+00 -3.052607178688049316e-02
5.033388132009599940e+04 -1.894412040710449219e+00 -9.827000617980957031e+00 -9.576806798577308655e-03
5.033390130910999869e+04 -1.984194636344909668e+00 -9.835380554199218750e+00 1.616086065769195557e-02
5.033392132863999723e+04 -2.055422067642211914e+00 -9.894038200378417969e+00 -4.309562966227531433e-02
5.033394134817099985e+04 -2.070984363555908203e+00 -9.889848709106445312e+00 -4.189852997660636902e-02
5.033396136770299927e+04 -2.078765630722045898e+00 -9.877877235412597656e+00 2.932897023856639862e-02
5.033398138723499869e+04 -2.124854087829589844e+00 -9.794080734252929688e+00 1.233013868331909180e-01
5.033400140676499723e+04 -2.191293001174926758e+00 -9.686341285705566406e+00 2.633621990680694580e-01
5.033402142629599985e+04 -2.263717651367187500e+00 -9.749189376831054688e+00 2.962824702262878418e-01
5.033404165945100249e+04 -2.302623510360717773e+00 -9.896432876586914062e+00 3.549404144287109375e-01
5.033406149587799882e+04 -2.132635116577148438e+00 -9.895236015319824219e+00 3.363853394985198975e-01
5.033408148488999723e+04 -1.891419291496276855e+00 -9.781511306762695312e+00 2.663549482822418213e-01
5.033410193166699901e+04 -1.822586059570312500e+00 -9.793481826782226562e+00 1.891419291496276855e-01
5.033412155447099940e+04 -1.937507748603820801e+00 -9.879673004150390625e+00 -4.967968538403511047e-02
5.033414151296800264e+04 -2.003348350524902344e+00 -9.937732696533203125e+00 -1.927332431077957153e-01
5.033416156301499723e+04 -2.047042369842529297e+00 -9.949704170227050781e+00 -2.184709012508392334e-01
5.033418158254599985e+04 -2.096722126007080078e+00 -9.913790702819824219e+00 -2.956839203834533691e-01
5.033420157156100322e+04 -2.079962730407714844e+00 -9.816825866699218750e+00 -4.028244316577911377e-01
5.033422159109300264e+04 -1.977012038230895996e+00 -9.826402664184570312e+00 -3.794809579849243164e-01
5.033424164113999723e+04 -1.839944005012512207e+00 -9.850344657897949219e+00 -2.483984231948852539e-01
5.033426163015399652e+04 -1.720233917236328125e+00 -9.879075050354003906e+00 -2.023100405931472778e-01
5.033428180227400298e+04 -1.779490470886230469e+00 -9.748590469360351562e+00 -1.999158412218093872e-01
5.033430169973499869e+04 -1.909974455833435059e+00 -9.847949981689453125e+00 -4.722562730312347412e-01
5.033432168874800118e+04 -1.836951255798339844e+00 -9.785700798034667969e+00 -3.309983909130096436e-01
5.033434210500700283e+04 -1.767519354820251465e+00 -9.919178009033203125e+00 -3.471592366695404053e-01
5.033436178884599940e+04 -1.599925279617309570e+00 -1.000417137145996094e+01 -4.483142793178558350e-01
5.033438174734300264e+04 -1.314416766166687012e+00 -9.970652580261230469e+00 -6.715735793113708496e-01
5.033440176687300118e+04 -1.174954533576965332e+00 -1.000417137145996094e+01 -7.158663272857666016e-01
5.033442178640399652e+04 -1.287482023239135742e+00 -9.931747436523437500e+00 -5.195417404174804688e-01
5.033444180593600322e+04 -1.555034041404724121e+00 -9.950302124023437500e+00 -6.823474764823913574e-01
5.033446182546800264e+04 -1.611297726631164551e+00 -9.971251487731933594e+00 -9.804255962371826172e-01
5.033448184499800118e+04 -1.424550056457519531e+00 -9.950901031494140625e+00 -9.361328482627868652e-01
5.033450186452899652e+04 -1.444900751113891602e+00 -9.951498985290527344e+00 -1.073200941085815430e+00
5.033452203664900298e+04 -1.678335428237915039e+00 -1.005325317382812500e+01 -1.254561662673950195e+00
5.033454193410999869e+04 -1.760336756706237793e+00 -1.011370658874511719e+01 -1.432929754257202148e+00
5.033456192312300118e+04 -1.711255669593811035e+00 -1.023401546478271484e+01 -1.683722376823425293e+00
5.033458230886499950e+04 -1.528697729110717773e+00 -1.036809062957763672e+01 -1.760935306549072266e+00
5.033460199270299927e+04 -1.458667397499084473e+00 -1.035791492462158203e+01 -2.085948228836059570e+00
5.033462198171800264e+04 -1.394622445106506348e+00 -1.016937160491943359e+01 -2.323572635650634766e+00
5.033464200124800118e+04 -1.188721179962158203e+00 -9.999382972717285156e+00 -2.427121877670288086e+00
5.033466199026099639e+04 -1.022324085235595703e+00 -1.002811336517333984e+01 -2.395997285842895508e+00
5.033468204031100322e+04 -9.421183466911315918e-01 -1.004666900634765625e+01 -2.266710519790649414e+00
5.033470205984300264e+04 -1.359308004379272461e+00 -1.072602367401123047e+01 -2.685695648193359375e+00
5.033472204885500105e+04 -2.223614931106567383e+00 -1.154843235015869141e+01 -3.776853084564208984e+00
5.033474206838599639e+04 -2.743156671524047852e+00 -1.194108104705810547e+01 -5.804143428802490234e+00
5.033476227102400298e+04 -1.656787633895874023e+00 -1.246960067749023438e+01 -5.586869716644287109e+00
5.033478216848499869e+04 -2.747346460819244385e-01 -1.280598640441894531e+01 -2.612074136734008789e+00
5.033480212698000105e+04 -1.811812162399291992e+00 -1.118032360076904297e+01 -3.532046079635620117e+00
5.033482254323999950e+04 -3.829525709152221680e+00 -8.747814178466796875e+00 -3.139396905899047852e+00
5.033484219656100322e+04 -3.841496706008911133e+00 -8.088212013244628906e+00 -3.154360651969909668e-01
5.033486218557500251e+04 -3.251325845718383789e+00 -8.282740592956542969e+00 -6.356605291366577148e-01
5.033488223562300118e+04 -1.068412542343139648e+00 -9.526528358459472656e+00 -3.362656354904174805e+00
5.033490222463599639e+04 -5.907692909240722656e-01 -8.950124740600585938e+00 -4.217984676361083984e+00
5.033492224416800309e+04 -1.921346902847290039e+00 -6.834847450256347656e+00 -3.589506864547729492e+00
5.033494229421800264e+04 -2.222417831420898438e+00 -6.206967830657958984e+00 -2.955641984939575195e+00
5.033496228323000105e+04 -1.191713929176330566e+00 -6.409876346588134766e+00 -2.404376983642578125e+00
5.033498230276099639e+04 -4.776432514190673828e-01 -6.362590789794921875e+00 -2.050035238265991211e+00
5.033500250539900298e+04 -1.110909581184387207e+00 -5.888539314270019531e+00 -2.283469915390014648e+00
5.033502237234300264e+04 -1.705868721008300781e+00 -5.290587425231933594e+00 -2.473210334777832031e+00
5.033504236135500105e+04 -1.355118155479431152e+00 -5.187037944793701172e+00 -2.580949544906616211e+00
5.033506280813200283e+04 -1.357512354850769043e+00 -5.884947776794433594e+00 -2.506130695343017578e+00
5.033508243093600322e+04 -1.732204914093017578e+00 -6.838438510894775391e+00 -2.531269788742065430e+00
5.033510241995000251e+04 -2.155380010604858398e+00 -7.924807548522949219e+00 -3.394379377365112305e+00
5.033512246999800118e+04 -2.293645143508911133e+00 -9.066842079162597656e+00 -5.009268283843994141e+00
5.033514245901099639e+04 -1.186925530433654785e+00 -1.092234802246093750e+01 -6.868366241455078125e+00
5.033516247854300309e+04 9.253589510917663574e-01 -1.339496040344238281e+01 -7.610568523406982422e+00
5.033518246755799919e+04 1.832761406898498535e+00 -1.486559867858886719e+01 -6.342838764190673828e+00
5.033520251760500105e+04 1.463455796241760254e+00 -1.307353878021240234e+01 -3.551199674606323242e+00
5.033522250661900034e+04 -8.619125932455062866e-02 -1.065000724792480469e+01 -2.479195833206176758e+00
5.033524270925600285e+04 -2.395398855209350586e+00 -9.872490882873535156e+00 -2.525882720947265625e+00
5.033526260671800264e+04 -3.182492494583129883e+00 -1.149815368652343750e+01 -4.129997730255126953e+00
5.033528256521299772e+04 -2.409165382385253906e+00 -1.420360183715820312e+01 -4.944026470184326172e+00
5.033530298147199937e+04 6.374561786651611328e-01 -1.130362510681152344e+01 -3.952228546142578125e+00
5.033532266531100322e+04 -4.692635238170623779e-01 -7.422623634338378906e+00 -1.311424016952514648e+00
5.033534262380799919e+04 -1.254561662673950195e+00 -5.732317447662353516e+00 2.543839216232299805e-01
5.033536264333799772e+04 -1.649006366729736328e+00 -7.565078735351562500e+00 1.070208191871643066e+00
5.033538266286900034e+04 -1.269525408744812012e+00 -1.027292060852050781e+01 1.176750183105468750e+00
5.033540268240099977e+04 5.542576909065246582e-01 -1.191833591461181641e+01 7.870938181877136230e-01
5.033542270193299919e+04 4.016273319721221924e-01 -1.183034896850585938e+01 8.212111592292785645e-01
5.033544272146299772e+04 -1.292270421981811523e+00 -1.010532665252685547e+01 3.687070608139038086e-01
5.033546274099400034e+04 -3.099892616271972656e+00 -8.774150848388671875e+00 -1.392826795578002930e+00
5.033548294363100285e+04 -3.825335741043090820e+00 -9.132083892822265625e+00 -1.779490470886230469e+00
5.033550281057500251e+04 -3.203441858291625977e+00 -1.029027843475341797e+01 -3.345896899700164795e-01
5.033552279958799772e+04 -2.824559450149536133e+00 -1.083017158508300781e+01 1.100135684013366699e+00
5.033554321584699937e+04 -1.965041041374206543e+00 -1.098459720611572266e+01 1.862688899040222168e+00
5.033556286916800309e+04 -9.289502501487731934e-01 -1.045248603820800781e+01 1.766322255134582520e+00
5.033558285818299919e+04 -6.368576288223266602e-01 -1.016817474365234375e+01 6.476315855979919434e-01
5.033560287771299772e+04 -8.744821548461914062e-01 -9.929951667785644531e+00 1.741781681776046753e-01
5.033562289724400034e+04 -1.286883354187011719e+00 -9.667786598205566406e+00 -1.262941360473632812e-01
5.033564291677599977e+04 -1.882441043853759766e+00 -9.673771858215332031e+00 1.466448605060577393e-01
5.033566293630799919e+04 -2.270301818847656250e+00 -9.724648475646972656e+00 2.974795699119567871e-01
5.033568295583799772e+04 -2.278082847595214844e+00 -9.685743331909179688e+00 3.938461840152740479e-01
5.033570297536900034e+04 -2.245162725448608398e+00 -9.831789016723632812e+00 5.422866940498352051e-01
5.033572314748899953e+04 -1.898601889610290527e+00 -9.895833969116210938e+00 4.124012291431427002e-01
5.033574304495000251e+04 -1.316810965538024902e+00 -1.000596714019775391e+01 1.203086376190185547e-01
5.033576303396299772e+04 -7.074866294860839844e-01 -1.015440750122070312e+01 -2.214636653661727905e-02
5.033578341970500333e+04 -4.752490520477294922e-01 -1.021905136108398438e+01 -5.422866940498352051e-01
5.033580310354300309e+04 -5.955576896667480469e-01 -1.024897861480712891e+01 -1.066018342971801758e+00
5.033582309255799919e+04 -9.624691009521484375e-01 -1.042375564575195312e+01 -6.602011322975158691e-01
5.033584308156999759e+04 -1.325789213180541992e+00 -1.046325969696044922e+01 1.173158809542655945e-01
5.033586313161900034e+04 -1.443703651428222656e+00 -1.030284881591796875e+01 6.344634294509887695e-02
5.033588315115099977e+04 -1.431732654571533203e+00 -1.015560531616210938e+01 -1.286883354187011719e-01
5.033590317068299919e+04 -1.381454348564147949e+00 -1.018194103240966797e+01 -1.430535465478897095e-01
5.033592319021299772e+04 -1.168370485305786133e+00 -1.011310768127441406e+01 -4.860229492187500000e-01
5.033594320974400034e+04 -7.655459642410278320e-01 -1.003350067138671875e+01 -3.992331326007843018e-01
5.033596338186399953e+04 -2.579752206802368164e-01 -9.968258857727050781e+00 -2.100912034511566162e-01
5.033598327932500251e+04 -2.621650993824005127e-01 -1.013046550750732422e+01 3.351882472634315491e-02
5.033600323781999759e+04 -6.488286852836608887e-01 -1.025795745849609375e+01 2.076970040798187256e-01
5.033602368459699937e+04 -1.266532659530639648e+00 -9.720458984375000000e+00 1.304839998483657837e-01
5.033604333791800309e+04 -2.223614931106567383e+00 -9.403825759887695312e+00 -1.256955862045288086e-01
5.033606329641499906e+04 -2.973598480224609375e+00 -9.306262016296386719e+00 -4.668693244457244873e-01
5.033608331594499759e+04 -3.295020103454589844e+00 -9.401431083679199219e+00 -5.183446407318115234e-01
5.033610333547600021e+04 -3.444059133529663086e+00 -9.676764488220214844e+00 -2.537853717803955078e-01
5.033612338552599977e+04 -3.202843427658081055e+00 -9.780313491821289062e+00 2.394201699644327164e-03
5.033614340505799919e+04 -2.745550870895385742e+00 -9.662998199462890625e+00 8.020575344562530518e-02
5.033616339406999759e+04 -2.055422067642211914e+00 -9.695918083190917969e+00 1.855506375432014465e-02
5.033618344411900034e+04 -1.568800687789916992e+00 -9.769539833068847656e+00 3.830722719430923462e-02
5.033620361623899953e+04 -1.437718152999877930e+00 -9.807249069213867188e+00 5.566519126296043396e-02
5.033622348318299919e+04 -1.793257117271423340e+00 -9.841964721679687500e+00 -5.805939063429832458e-02
5.033624347219499759e+04 -2.245162725448608398e+00 -9.721655845642089844e+00 -3.112462162971496582e-01
5.033626385793700319e+04 -2.516904592514038086e+00 -9.597157478332519531e+00 -6.236895322799682617e-01
5.033628354177599977e+04 -2.819172382354736328e+00 -9.689932823181152344e+00 -3.950432837009429932e-01
5.033630353078999906e+04 -2.814982652664184570e+00 -1.000716495513916016e+01 -3.794809579849243164e-01
5.033632355031999759e+04 -2.583343744277954102e+00 -1.001733970642089844e+01 -4.740519225597381592e-01
5.033634356985100021e+04 -2.164956808090209961e+00 -9.916783332824707031e+00 -6.129156351089477539e-01
5.033636358938299963e+04 -1.737591862678527832e+00 -9.818022727966308594e+00 -5.626373887062072754e-01
5.033638360891400225e+04 -1.414374709129333496e+00 -9.768941879272460938e+00 -4.399345517158508301e-01
5.033640362844400079e+04 -1.274313807487487793e+00 -9.827599525451660156e+00 -3.280056416988372803e-01
5.033642364797600021e+04 -1.322197914123535156e+00 -9.915586471557617188e+00 -3.351882398128509521e-01
5.033644382009599940e+04 -1.482010841369628906e+00 -9.889249801635742188e+00 -4.572925269603729248e-01
5.033646371755799919e+04 -1.735796213150024414e+00 -9.862914085388183594e+00 -5.817909836769104004e-01
5.033648370656999759e+04 -2.087145328521728516e+00 -9.835380554199218750e+00 -5.770025849342346191e-01
5.033650409231200319e+04 -2.275090217590332031e+00 -9.897030830383300781e+00 -5.045779943466186523e-01
5.033652377615099977e+04 -2.286462545394897461e+00 -1.002212810516357422e+01 -4.165911078453063965e-01
5.033654376516400225e+04 -2.073378562927246094e+00 -9.998186111450195312e+00 -3.004723191261291504e-01
5.033656378469400079e+04 -1.722029566764831543e+00 -9.914987564086914062e+00 -2.388216257095336914e-01
5.033658380422600021e+04 -1.587355732917785645e+00 -9.870096206665039062e+00 -1.897404789924621582e-01
5.033660382375799963e+04 -1.710657119750976562e+00 -9.834781646728515625e+00 -2.274491637945175171e-01
5.033662384328900225e+04 -1.816002011299133301e+00 -9.844358444213867188e+00 -1.909375786781311035e-01
5.033664386281900079e+04 -1.987785935401916504e+00 -9.868300437927246094e+00 -1.238999366760253906e-01
5.033666391286900034e+04 -2.204461097717285156e+00 -9.950901031494140625e+00 -2.076970040798187256e-01
5.033668405447099940e+04 -2.267308950424194336e+00 -9.962871551513671875e+00 -8.559270948171615601e-02
5.033670395193200238e+04 -2.158971309661865234e+00 -9.829395294189453125e+00 -1.370680481195449829e-01
5.033672394094400079e+04 -1.974019289016723633e+00 -9.720458984375000000e+00 -2.896983921527862549e-01
5.033674432668700319e+04 -1.895010590553283691e+00 -9.791686058044433594e+00 -3.740940093994140625e-01
5.033676401052599977e+04 -1.906981706619262695e+00 -9.843161582946777344e+00 -4.375403523445129395e-01
5.033678396902199893e+04 -1.786673069000244141e+00 -9.810241699218750000e+00 -4.088099300861358643e-01
5.033680401906900079e+04 -1.646612167358398438e+00 -9.742605209350585938e+00 -4.393360018730163574e-01
5.033682400808399689e+04 -1.601720929145812988e+00 -9.687539100646972656e+00 -5.345055460929870605e-01
5.033684402761600359e+04 -1.638232469558715820e+00 -9.711481094360351562e+00 -7.224503755569458008e-01
5.033686404714699893e+04 -1.582567334175109863e+00 -9.848548889160156250e+00 -8.517372608184814453e-01
5.033688406667699746e+04 -1.631049871444702148e+00 -9.936535835266113281e+00 -9.068039059638977051e-01
5.033690408620899689e+04 -1.679532527923583984e+00 -9.932345390319824219e+00 -9.014169573783874512e-01
5.033692428884599940e+04 -1.742380261421203613e+00 -9.910798072814941406e+00 -8.637082576751708984e-01
5.033694418630700238e+04 -1.842936754226684570e+00 -9.926959037780761719e+00 -9.355342984199523926e-01
5.033696414480199746e+04 -1.858499050140380859e+00 -9.937732696533203125e+00 -9.983820915222167969e-01
5.033698572073000105e+04 -1.784877419471740723e+00 -9.897030830383300781e+00 -9.409212470054626465e-01
5.033700451955899916e+04 -1.686116576194763184e+00 -9.922170639038085938e+00 -9.498994946479797363e-01
5.033702469167800155e+04 -1.558026790618896484e+00 -9.891644477844238281e+00 -1.025915384292602539e+00
5.033704471120800008e+04 -1.474229693412780762e+00 -9.893440246582031250e+00 -1.246181964874267578e+00
5.033706473073999950e+04 -1.341351509094238281e+00 -9.975440979003906250e+00 -1.261744260787963867e+00
5.033708478078900225e+04 -1.297058820724487305e+00 -9.980229377746582031e+00 -1.181538581848144531e+00
5.033710480031999759e+04 -1.256357312202453613e+00 -9.967061996459960938e+00 -1.065419793128967285e+00
5.033712481985000341e+04 -1.288080573081970215e+00 -9.911396026611328125e+00 -9.923965930938720703e-01
5.033714480886499950e+04 -1.423352956771850586e+00 -9.857526779174804688e+00 -9.906009435653686523e-01
5.033716498098499869e+04 -1.535281896591186523e+00 -9.821015357971191406e+00 -1.107916831970214844e+00
5.033718484792800155e+04 -1.602319478988647461e+00 -9.877877235412597656e+00 -1.210268974304199219e+00
5.033720486745800008e+04 -1.584362983703613281e+00 -9.977236747741699219e+00 -1.274912357330322266e+00
5.033722525320100249e+04 -1.532289028167724609e+00 -9.999382972717285156e+00 -1.248576164245605469e+00
5.033724490652199893e+04 -1.536478996276855469e+00 -9.916184425354003906e+00 -1.151610970497131348e+00
5.033726492605300155e+04 -1.612494826316833496e+00 -9.809044837951660156e+00 -1.036090731620788574e+00
5.033728494558300008e+04 -1.673547029495239258e+00 -9.732429504394531250e+00 -9.187749028205871582e-01
5.033730496511499950e+04 -1.770512104034423828e+00 -9.838972091674804688e+00 -9.008184075355529785e-01
5.033732498464699893e+04 -1.875856995582580566e+00 -9.819818496704101562e+00 -8.074445128440856934e-01
5.033734500417800155e+04 -1.978807687759399414e+00 -9.765948295593261719e+00 -6.560112833976745605e-01
5.033736502370800008e+04 -2.109890222549438477e+00 -9.701305389404296875e+00 -5.811924338340759277e-01
5.033738504323999950e+04 -2.181716203689575195e+00 -9.711481094360351562e+00 -5.734112858772277832e-01
5.033740521535999869e+04 -2.164358377456665039e+00 -9.733627319335937500e+00 -4.507084786891937256e-01
5.033742508230300155e+04 -2.051830768585205078e+00 -9.743204116821289062e+00 -2.861070930957794189e-01
5.033744510183300008e+04 -1.980004787445068359e+00 -9.813833236694335938e+00 -1.687912195920944214e-01
5.033746548757600249e+04 -1.971026539802551270e+00 -9.831191062927246094e+00 -1.705868691205978394e-01
5.033748514089699893e+04 -2.127248287200927734e+00 -9.765350341796875000e+00 -2.190694510936737061e-01
5.033750516042800155e+04 -2.285864114761352539e+00 -9.749189376831054688e+00 -3.022679686546325684e-01
5.033752517995800008e+04 -2.379237890243530273e+00 -9.823410034179687500e+00 -3.585317134857177734e-01
5.033754519948999950e+04 -2.266710519790649414e+00 -9.917382240295410156e+00 -2.908954918384552002e-01
5.033756521902199893e+04 -2.023699045181274414e+00 -1.005085849761962891e+01 -3.010708689689636230e-01
5.033758600149200356e+04 -1.876455545425415039e+00 -1.018253993988037109e+01 -4.411316514015197754e-01
5.033760522756499995e+04 -1.872864246368408203e+00 -1.014064121246337891e+01 -6.482301354408264160e-01
5.033762524709699937e+04 -1.974617838859558105e+00 -1.013106441497802734e+01 -7.571662664413452148e-01
5.033764544973499869e+04 -2.133233785629272461e+00 -1.027052688598632812e+01 -6.548141837120056152e-01
5.033766528616000141e+04 -2.254140853881835938e+00 -1.021665763854980469e+01 -5.117605924606323242e-01
5.033768530569200084e+04 -2.366069793701171875e+00 -9.950901031494140625e+00 -3.351882398128509521e-01
5.033770572195199929e+04 -2.440289974212646484e+00 -9.810839653015136719e+00 -1.705868691205978394e-01
5.033772534475300199e+04 -2.500743627548217773e+00 -9.661801338195800781e+00 -1.424549967050552368e-01
5.033774536428300053e+04 -2.473809003829956055e+00 -9.515754699707031250e+00 -2.023100405931472778e-01
5.033776538381499995e+04 -2.339135169982910156e+00 -9.440936088562011719e+00 -9.516951441764831543e-02
5.033778540334699937e+04 -2.129642486572265625e+00 -9.520543098449707031e+00 4.070143029093742371e-02
5.033780542287899880e+04 -1.805228114128112793e+00 -9.683348655700683594e+00 1.197100877761840820e-01
5.033782544241099822e+04 -1.359906554222106934e+00 -9.724648475646972656e+00 -9.277531504631042480e-02
5.033784546194099676e+04 -1.151012420654296875e+00 -9.727641105651855469e+00 -2.801215946674346924e-01
5.033786551198900270e+04 -1.288080573081970215e+00 -9.719262123107910156e+00 -5.925649404525756836e-01
5.033788568410799780e+04 -1.488594889640808105e+00 -1.000895977020263672e+01 -8.481459617614746094e-01
5.033790555105199746e+04 -1.656787633895874023e+00 -1.023880386352539062e+01 -1.040879130363464355e+00
5.033792554006599676e+04 -1.783081769943237305e+00 -1.025197124481201172e+01 -1.249174714088439941e+00
5.033794598684400262e+04 -1.823783159255981445e+00 -1.009215831756591797e+01 -1.435323953628540039e+00
5.033796557912800199e+04 -1.776497602462768555e+00 -9.996390342712402344e+00 -1.376067399978637695e+00
5.033798565969299671e+04 -1.723226666450500488e+00 -9.941324234008789062e+00 -1.199495077133178711e+00
5.033800567922500341e+04 -1.588552832603454590e+00 -9.938929557800292969e+00 -1.167173385620117188e+00
5.033802569875700283e+04 -1.501762986183166504e+00 -1.002332496643066406e+01 -1.111508131027221680e+00
5.033804574880700238e+04 -1.533486247062683105e+00 -1.010233402252197266e+01 -1.301248669624328613e+00
5.033806573782100168e+04 -1.582567334175109863e+00 -1.016877269744873047e+01 -1.517923831939697266e+00
5.033808575735100021e+04 -1.477222442626953125e+00 -1.007300472259521484e+01 -1.616086125373840332e+00
5.033810577688099875e+04 -1.361702203750610352e+00 -1.003888797760009766e+01 -1.643619418144226074e+00
5.033812594900000113e+04 -1.277306556701660156e+00 -1.008497619628906250e+01 -1.684320926666259766e+00
5.033814581594400079e+04 -1.144428372383117676e+00 -1.018014526367187500e+01 -1.991975784301757812e+00
5.033816583547600021e+04 -1.164180517196655273e+00 -1.024538803100585938e+01 -2.235585927963256836e+00
5.033818625173700275e+04 -1.459265947341918945e+00 -9.894038200378417969e+00 -1.968632340431213379e+00
5.033820587453799817e+04 -1.959055542945861816e+00 -9.127894401550292969e+00 -1.578976035118103027e+00
5.033822589406799671e+04 -3.128024578094482422e+00 -8.729858398437500000e+00 -1.812410712242126465e+00
5.033824591360000341e+04 -4.426878929138183594e+00 -8.763975143432617188e+00 -2.713827610015869141e+00
5.033826593313200283e+04 -4.903325080871582031e+00 -8.910021781921386719e+00 -3.618835926055908203e+00
5.033828595266400225e+04 -4.398746967315673828e+00 -9.332598686218261719e+00 -4.090493679046630859e+00
5.033830597219600168e+04 -3.808576345443725586e+00 -9.466673851013183594e+00 -4.482543945312500000e+00
5.033832599172600021e+04 -2.891597032546997070e+00 -9.282320022583007812e+00 -4.140173435211181641e+00
5.033834601125599875e+04 -1.312022566795349121e+00 -9.356540679931640625e+00 -3.469796895980834961e+00
5.033836618337500113e+04 3.280056416988372803e-01 -9.394248962402343750e+00 -2.685097217559814453e+00
5.033838601980199746e+04 1.122282028198242188e+00 -9.124900817871093750e+00 -1.840542554855346680e+00
5.033840603933399689e+04 8.792705535888671875e-01 -8.044517517089843750e+00 -6.374561786651611328e-01
5.033842645559400262e+04 -7.823054194450378418e-01 -7.268796443939208984e+00 -1.124077677726745605e+00
5.033844607839600212e+04 -1.729212164878845215e+00 -7.443572998046875000e+00 -1.431732654571533203e+00
5.033846609792600066e+04 -2.052429437637329102e+00 -8.118738174438476562e+00 -1.869272947311401367e+00
5.033848611745800008e+04 -2.341529369354248047e+00 -8.702324867248535156e+00 -2.303820610046386719e+00
5.033850613698999950e+04 -2.912546396255493164e+00 -9.200318336486816406e+00 -2.735974073410034180e+00
5.033852615652199893e+04 -3.503315687179565430e+00 -9.445724487304687500e+00 -2.877231836318969727e+00
5.033854614553599822e+04 -3.527257680892944336e+00 -9.482235908508300781e+00 -2.400785684585571289e+00
5.033856616506599676e+04 -3.342305660247802734e+00 -1.021905136108398438e+01 -1.702277421951293945e+00
5.033858618459600257e+04 -3.338115692138671875e+00 -1.082478427886962891e+01 -1.030703783035278320e+00
5.033860635671499767e+04 -3.943250179290771484e+00 -1.097980880737304688e+01 -1.751957058906555176e+00
5.033862622365899733e+04 -4.102464675903320312e+00 -1.095586681365966797e+01 -2.360682964324951172e+00
5.033864621267400071e+04 -4.438849925994873047e+00 -1.151431465148925781e+01 -2.439691543579101562e+00
5.033866662893399916e+04 -4.799177169799804688e+00 -1.168729591369628906e+01 -4.241328239440917969e+00
5.033868625173599867e+04 -2.613869667053222656e+00 -1.032319927215576172e+01 -3.204040527343750000e+00
5.033870627126599720e+04 -4.662707746028900146e-01 -8.772355079650878906e+00 -8.978256583213806152e-01
5.033872629079799663e+04 1.993172913789749146e-01 -7.890091896057128906e+00 3.860650360584259033e-01
5.033874631033000333e+04 9.397241473197937012e-02 -8.024765968322753906e+00 1.249174714088439941e+00
5.033876632986200275e+04 -6.530185341835021973e-01 -9.526528358459472656e+00 6.763619780540466309e-01
5.033878634939400217e+04 -8.583213090896606445e-01 -1.056261920928955078e+01 -2.226607650518417358e-01
5.033880636892400071e+04 -1.280299305915832520e+00 -1.072362899780273438e+01 -4.692635238170623779e-01
5.033882638845399924e+04 -2.242169857025146484e+00 -1.035372543334960938e+01 -1.106719732284545898e+00
5.033884628591399814e+04 -3.384204149246215820e+00 -9.778518676757812500e+00 -8.224082589149475098e-01
5.033886639699900115e+04 -3.630208253860473633e+00 -9.085995674133300781e+00 -6.853402256965637207e-01
5.033888635549599712e+04 -2.681505918502807617e+00 -8.484452247619628906e+00 -7.697358727455139160e-01
5.033890683279200312e+04 -1.137844324111938477e+00 -9.331400871276855469e+00 9.774328470230102539e-01
5.033892642507499841e+04 3.208230137825012207e-01 -1.139101314544677734e+01 1.889623641967773438e+00
5.033894641408800089e+04 2.102109193801879883e+00 -1.267131233215332031e+01 1.169567584991455078e+00
5.033896643362000032e+04 2.944868087768554688e+00 -1.240435886383056641e+01 -3.172317147254943848e-02
5.033898642263399961e+04 1.626261472702026367e+00 -1.102529907226562500e+01 -5.135562419891357422e-01
5.033900647268399916e+04 -6.242880821228027344e-01 -1.054047298431396484e+01 -1.580771684646606445e+00
5.033902649221599859e+04 -8.517372608184814453e-01 -9.826402664184570312e+00 -9.121908545494079590e-01
5.033904651174599712e+04 -8.577227592468261719e-01 -9.215881347656250000e+00 5.075707435607910156e-01
5.033906650075800280e+04 -1.073799490928649902e+00 -9.018958091735839844e+00 9.678560495376586914e-01
5.033908670339499804e+04 -1.010951638221740723e+00 -9.223662376403808594e+00 1.027112483978271484e+00
5.033910660085600102e+04 -9.295487999916076660e-01 -9.440337181091308594e+00 3.357867896556854248e-01
5.033912655935299699e+04 -8.936358094215393066e-01 -9.801861763000488281e+00 -3.214215636253356934e-01
5.033914697561399953e+04 -9.481038451194763184e-01 -1.039203262329101562e+01 -5.608417391777038574e-01
5.033916665944999841e+04 -1.100734233856201172e+00 -1.077809715270996094e+01 -1.580173075199127197e-01
5.033918661794500076e+04 -1.391629695892333984e+00 -1.064641666412353516e+01 -1.795651274733245373e-03
5.033920663747700019e+04 -1.255160212516784668e+00 -1.028189945220947266e+01 -1.945288926362991333e-01
5.033922665700899961e+04 -6.895300745964050293e-01 -1.006282997131347656e+01 3.046621680259704590e-01
