1.957646703530380037e+05 -4.633378982543945312e+00 -7.613561153411865234e-01 8.778340339660644531e+00
1.957647008706160123e+05 -4.639962673187255859e+00 -7.451952695846557617e-01 8.797493934631347656e+00
1.957647238198360137e+05 -4.621407985687255859e+00 -7.583633661270141602e-01 8.777143478393554688e+00
1.957647406045050011e+05 -4.638167381286621094e+00 -7.463923692703247070e-01 8.769362449645996094e+00
1.957647609902450058e+05 -4.635773181915283203e+00 -7.350199222564697266e-01 8.759186744689941406e+00
1.957647806435659877e+05 -4.629189014434814453e+00 -7.499836683273315430e-01 8.756793022155761719e+00
1.957648006630979944e+05 -4.633977413177490234e+00 -7.422025203704833984e-01 8.778939247131347656e+00
1.957648209267689963e+05 -4.634575843811035156e+00 -7.541735172271728516e-01 8.757989883422851562e+00
1.957648407021590101e+05 -4.639962673187255859e+00 -7.404068708419799805e-01 8.752004623413085938e+00
1.957648607216909877e+05 -4.642955780029296875e+00 -7.362170219421386719e-01 8.769362449645996094e+00
1.957648814736439963e+05 -4.632181644439697266e+00 -7.499836683273315430e-01 8.770559310913085938e+00
1.957649007607550011e+05 -4.644152641296386719e+00 -7.493851184844970703e-01 8.741828918457031250e+00
1.957649207802849996e+05 -4.636970043182373047e+00 -7.284358739852905273e-01 8.753800392150878906e+00
1.957649411965440086e+05 -4.639962673187255859e+00 -7.451952695846557617e-01 8.758588790893554688e+00
1.957649608193479944e+05 -4.636970043182373047e+00 -7.356184720993041992e-01 8.752602577209472656e+00
1.957649808388790116e+05 -4.641758441925048828e+00 -7.380126714706420898e-01 8.746617317199707031e+00
1.957650018654890009e+05 -4.638167381286621094e+00 -7.242460250854492188e-01 8.771158218383789062e+00
1.957650208779409877e+05 -4.627393245697021484e+00 -7.445967197418212891e-01 8.741230010986328125e+00
1.957650408974729944e+05 -4.622604846954345703e+00 -7.404068708419799805e-01 8.762179374694824219e+00
1.957650614052859892e+05 -4.630385875701904297e+00 -7.475894689559936523e-01 8.747814178466796875e+00
1.957650809365349996e+05 -4.636970043182373047e+00 -7.469909191131591797e-01 8.752602577209472656e+00
1.957651009560659877e+05 -4.638765811920166016e+00 -7.332242727279663086e-01 8.737040519714355469e+00
1.957651217385370110e+05 -4.632181644439697266e+00 -7.350199222564697266e-01 8.743624687194824219e+00
1.957651409951290116e+05 -4.636371612548828125e+00 -7.457938194274902344e-01 8.769362449645996094e+00
1.957651610146590101e+05 -4.630385875701904297e+00 -7.445967197418212891e-01 8.736441612243652344e+00
1.957651810952259984e+05 -4.625597476959228516e+00 -7.368155717849731445e-01 8.770559310913085938e+00
1.957652010537229944e+05 -4.648941040039062500e+00 -7.332242727279663086e-01 8.755595207214355469e+00
1.957652210732550011e+05 -4.631583213806152344e+00 -7.505822181701660156e-01 8.745420455932617188e+00
1.957652410927849996e+05 -4.645349979400634766e+00 -7.493851184844970703e-01 8.780136108398437500e+00
1.957652611123159877e+05 -4.636970043182373047e+00 -7.469909191131591797e-01 8.784325599670410156e+00
1.957652811013300088e+05 -4.637568473815917969e+00 -7.553706169128417969e-01 8.760383605957031250e+00
1.957653013039660000e+05 -4.636371612548828125e+00 -7.463923692703247070e-01 8.755595207214355469e+00
1.957653211709090101e+05 -4.639364242553710938e+00 -7.457938194274902344e-01 8.757390975952148438e+00
1.957653411599230021e+05 -4.625597476959228516e+00 -7.523778676986694336e-01 8.781931877136230469e+00
1.957653615761830006e+05 -4.625597476959228516e+00 -7.428010702133178711e-01 8.784325599670410156e+00
1.957653811989869864e+05 -4.635773181915283203e+00 -7.445967197418212891e-01 8.749011993408203125e+00
1.957654012490349996e+05 -4.631583213806152344e+00 -7.445967197418212891e-01 8.777143478393554688e+00
1.957654212380480021e+05 -4.632780075073242188e+00 -7.433996200561523438e-01 8.772953987121582031e+00
1.957654412575800088e+05 -4.623203277587890625e+00 -7.535749673843383789e-01 8.757390975952148438e+00
1.957654612771109969e+05 -4.618414878845214844e+00 -7.475894689559936523e-01 8.768165588378906250e+00
1.957654812966409954e+05 -4.641758441925048828e+00 -7.410054206848144531e-01 8.757390975952148438e+00
1.957655013161730021e+05 -4.620809078216552734e+00 -7.428010702133178711e-01 8.756194114685058594e+00
1.957655213357050088e+05 -4.628590583801269531e+00 -7.493851184844970703e-01 8.777143478393554688e+00
1.957655415383419895e+05 -4.633977413177490234e+00 -7.595604658126831055e-01 8.768763542175292969e+00
1.957655613747670141e+05 -4.634575843811035156e+00 -7.511807680130004883e-01 8.753800392150878906e+00
1.957655813942980021e+05 -4.622006416320800781e+00 -7.362170219421386719e-01 8.750208854675292969e+00
1.957656018410759862e+05 -4.637568473815917969e+00 -7.577648162841796875e-01 8.755595207214355469e+00
1.957656214333609969e+05 -4.644751071929931641e+00 -7.439981698989868164e-01 8.771756172180175781e+00
1.957656414528909954e+05 -4.628590583801269531e+00 -7.350199222564697266e-01 8.759186744689941406e+00
1.957656614724230021e+05 -4.626794815063476562e+00 -7.320271730422973633e-01 8.754398345947265625e+00
1.957656814614369941e+05 -4.638167381286621094e+00 -7.505822181701660156e-01 8.775347709655761719e+00
1.957657015114869864e+05 -4.626196384429931641e+00 -7.475894689559936523e-01 8.772355079650878906e+00
1.957657215310170141e+05 -4.646546840667724609e+00 -7.326257228851318359e-01 8.771756172180175781e+00
1.957657415505480021e+05 -4.619013786315917969e+00 -7.469909191131591797e-01 8.765172004699707031e+00
1.957657615700800088e+05 -4.656123638153076172e+00 -7.535749673843383789e-01 8.775946617126464844e+00
1.957657815896109969e+05 -4.626196384429931641e+00 -7.344213724136352539e-01 8.771158218383789062e+00
1.957658016091409954e+05 -4.636970043182373047e+00 -7.511807680130004883e-01 8.785523414611816406e+00
1.957658216286730021e+05 -4.636970043182373047e+00 -7.511807680130004883e-01 8.764574050903320312e+00
1.957658416482050088e+05 -4.638765811920166016e+00 -7.505822181701660156e-01 8.787917137145996094e+00
1.957658616677369864e+05 -4.644152641296386719e+00 -7.445967197418212891e-01 8.765770912170410156e+00
1.957658816872670141e+05 -4.631583213806152344e+00 -7.422025203704833984e-01 8.762179374694824219e+00
1.957659016762799874e+05 -4.618414878845214844e+00 -7.416039705276489258e-01 8.768165588378906250e+00
1.957659216958119941e+05 -4.635773181915283203e+00 -7.511807680130004883e-01 8.768165588378906250e+00
1.957659417458609969e+05 -4.633977413177490234e+00 -7.308300733566284180e-01 8.759785652160644531e+00
1.957659617348730098e+05 -4.628590583801269531e+00 -7.433996200561523438e-01 8.762179374694824219e+00
1.957659817544049874e+05 -4.626196384429931641e+00 -7.517793178558349609e-01 8.769960403442382812e+00
1.957660017739369941e+05 -4.623802185058593750e+00 -7.583633661270141602e-01 8.756194114685058594e+00
1.957660217934690008e+05 -4.624999046325683594e+00 -7.439981698989868164e-01 8.762778282165527344e+00
1.957660418129989994e+05 -4.633977413177490234e+00 -7.553706169128417969e-01 8.786720275878906250e+00
1.957660618325299874e+05 -4.630984783172607422e+00 -7.362170219421386719e-01 8.760383605957031250e+00
1.957660818520619941e+05 -4.630385875701904297e+00 -7.583633661270141602e-01 8.772953987121582031e+00
1.957661018715930113e+05 -4.642356872558593750e+00 -7.314286231994628906e-01 8.777742385864257812e+00
1.957661218911230098e+05 -4.641758441925048828e+00 -7.404068708419799805e-01 8.760982513427734375e+00
1.957661419106549874e+05 -4.644152641296386719e+00 -7.493851184844970703e-01 8.766369819641113281e+00
1.957661619301869941e+05 -4.641758441925048828e+00 -7.541735172271728516e-01 8.772953987121582031e+00
1.957661819497190008e+05 -4.631583213806152344e+00 -7.338228225708007812e-01 8.780136108398437500e+00
1.957662019692489994e+05 -4.614225387573242188e+00 -7.314286231994628906e-01 8.757989883422851562e+00
1.957662219582629914e+05 -4.637568473815917969e+00 -7.410054206848144531e-01 8.757390975952148438e+00
1.957662420083119941e+05 -4.627991676330566406e+00 -7.368155717849731445e-01 8.766967773437500000e+00
1.957662619973259862e+05 -4.631583213806152344e+00 -7.529764175415039062e-01 8.783128738403320312e+00
1.957662820168560138e+05 -4.647744178771972656e+00 -7.296329736709594727e-01 8.764574050903320312e+00
1.957663020363879914e+05 -4.638765811920166016e+00 -7.481880187988281250e-01 8.786121368408203125e+00
1.957663220559199981e+05 -4.633977413177490234e+00 -7.428010702133178711e-01 8.797493934631347656e+00
1.957663420754520048e+05 -4.626196384429931641e+00 -7.392097711563110352e-01 8.754997253417968750e+00
1.957663620949820033e+05 -4.641758441925048828e+00 -7.529764175415039062e-01 8.779537200927734375e+00
1.957663821145129914e+05 -4.623203277587890625e+00 -7.463923692703247070e-01 8.786720275878906250e+00
1.957664021340449981e+05 -4.619013786315917969e+00 -7.559691667556762695e-01 8.768763542175292969e+00
1.957664221535759862e+05 -4.623203277587890625e+00 -7.499836683273315430e-01 8.772953987121582031e+00
1.957664421731060138e+05 -4.624400615692138672e+00 -7.362170219421386719e-01 8.799289703369140625e+00
1.957664621926379914e+05 -4.630984783172607422e+00 -7.523778676986694336e-01 8.774748802185058594e+00
1.957664822121699981e+05 -4.636371612548828125e+00 -7.350199222564697266e-01 8.776544570922851562e+00
1.957665022317020048e+05 -4.631583213806152344e+00 -7.296329736709594727e-01 8.795698165893554688e+00
1.957665222817489994e+05 -4.633977413177490234e+00 -7.463923692703247070e-01 8.795698165893554688e+00
1.957665423012799874e+05 -4.635174274444580078e+00 -7.457938194274902344e-01 8.789113998413085938e+00
1.957665622902949981e+05 -4.635773181915283203e+00 -7.416039705276489258e-01 8.768165588378906250e+00
1.957665823098259862e+05 -4.637568473815917969e+00 -7.577648162841796875e-01 8.792107582092285156e+00
1.957666023293560138e+05 -4.633977413177490234e+00 -7.571662664413452148e-01 8.772355079650878906e+00
1.957666223794049874e+05 -4.641160011291503906e+00 -7.433996200561523438e-01 8.781332969665527344e+00
1.957666423684199981e+05 -4.630984783172607422e+00 -7.416039705276489258e-01 8.771158218383789062e+00
1.957666623879520048e+05 -4.630984783172607422e+00 -7.523778676986694336e-01 8.767566680908203125e+00
1.957666824074820033e+05 -4.625597476959228516e+00 -7.422025203704833984e-01 8.783128738403320312e+00
1.957667024270129914e+05 -4.633378982543945312e+00 -7.386112213134765625e-01 8.780735015869140625e+00
1.957667224465449981e+05 -4.646546840667724609e+00 -7.565677165985107422e-01 8.775347709655761719e+00
1.957667424660759862e+05 -4.634575843811035156e+00 -7.451952695846557617e-01 8.778939247131347656e+00
1.957667624856060138e+05 -4.627393245697021484e+00 -7.392097711563110352e-01 8.786720275878906250e+00
1.957667825051379914e+05 -4.632181644439697266e+00 -7.481880187988281250e-01 8.749609947204589844e+00
1.957668025246699981e+05 -4.643554210662841797e+00 -7.451952695846557617e-01 8.750208854675292969e+00
1.957668225442020048e+05 -4.622006416320800781e+00 -7.475894689559936523e-01 8.771756172180175781e+00
1.957668425637320033e+05 -4.624999046325683594e+00 -7.404068708419799805e-01 8.769960403442382812e+00
1.957668625832629914e+05 -4.636371612548828125e+00 -7.272387742996215820e-01 8.774150848388671875e+00
1.957668826027949981e+05 -4.632780075073242188e+00 -7.422025203704833984e-01 8.789712905883789062e+00
1.957669026223259862e+05 -4.624400615692138672e+00 -7.547720670700073242e-01 8.777143478393554688e+00
1.957669226418560138e+05 -4.627393245697021484e+00 -7.469909191131591797e-01 8.766967773437500000e+00
1.957669426613879914e+05 -4.624999046325683594e+00 -7.374141216278076172e-01 8.787917137145996094e+00
1.957669626809199981e+05 -4.629189014434814453e+00 -7.302315235137939453e-01 8.772355079650878906e+00
1.957669827004520048e+05 -4.639364242553710938e+00 -7.541735172271728516e-01 8.772355079650878906e+00
1.957670027199820033e+05 -4.635773181915283203e+00 -7.571662664413452148e-01 8.777742385864257812e+00
1.957670227089950058e+05 -4.627393245697021484e+00 -7.613561153411865234e-01 8.776544570922851562e+00
1.957670427590449981e+05 -4.628590583801269531e+00 -7.296329736709594727e-01 8.773551940917968750e+00
1.957670627785759862e+05 -4.627393245697021484e+00 -7.529764175415039062e-01 8.789712905883789062e+00
1.957670827981060138e+05 -4.620809078216552734e+00 -7.451952695846557617e-01 8.791508674621582031e+00
1.957671028176379914e+05 -4.628590583801269531e+00 -7.661445140838623047e-01 8.766369819641113281e+00
1.957671228371699981e+05 -4.618414878845214844e+00 -7.487865686416625977e-01 8.778340339660644531e+00
1.957671428261839901e+05 -4.632181644439697266e+00 -7.499836683273315430e-01 8.784924507141113281e+00
1.957671628457139886e+05 -4.629189014434814453e+00 -7.553706169128417969e-01 8.766369819641113281e+00
1.957671828957629914e+05 -4.632780075073242188e+00 -7.541735172271728516e-01 8.784924507141113281e+00
1.957672028847770125e+05 -4.623802185058593750e+00 -7.290344238281250000e-01 8.766967773437500000e+00
1.957672229043080006e+05 -4.626794815063476562e+00 -7.266402244567871094e-01 8.763377189636230469e+00
1.957672429238379991e+05 -4.630385875701904297e+00 -7.529764175415039062e-01 8.775946617126464844e+00
1.957672629433700058e+05 -4.648342609405517578e+00 -7.398083209991455078e-01 8.772953987121582031e+00
1.957672829629020125e+05 -4.622006416320800781e+00 -7.637503147125244141e-01 8.786121368408203125e+00
1.957673029824339901e+05 -4.623203277587890625e+00 -7.535749673843383789e-01 8.777143478393554688e+00
1.957673230019639886e+05 -4.621407985687255859e+00 -7.463923692703247070e-01 8.761581420898437500e+00
1.957673430214950058e+05 -4.635174274444580078e+00 -7.493851184844970703e-01 8.764574050903320312e+00
1.957673630410270125e+05 -4.638765811920166016e+00 -7.469909191131591797e-01 8.772355079650878906e+00
1.957673830605580006e+05 -4.619013786315917969e+00 -7.499836683273315430e-01 8.771158218383789062e+00
1.957674030800879991e+05 -4.623203277587890625e+00 -7.559691667556762695e-01 8.793902397155761719e+00
1.957674230996200058e+05 -4.627991676330566406e+00 -7.505822181701660156e-01 8.789113998413085938e+00
1.957674431191520125e+05 -4.613626480102539062e+00 -7.541735172271728516e-01 8.792705535888671875e+00
1.957674631386830006e+05 -4.631583213806152344e+00 -7.481880187988281250e-01 8.762778282165527344e+00
1.957674831582129991e+05 -4.647744178771972656e+00 -7.589619159698486328e-01 8.774748802185058594e+00
1.957675031777450058e+05 -4.625597476959228516e+00 -7.487865686416625977e-01 8.772355079650878906e+00
1.957675231972770125e+05 -4.633378982543945312e+00 -7.493851184844970703e-01 8.774150848388671875e+00
1.957675432168080006e+05 -4.626196384429931641e+00 -7.332242727279663086e-01 8.783727645874023438e+00
1.957675632363379991e+05 -4.631583213806152344e+00 -7.296329736709594727e-01 8.783727645874023438e+00
1.957675832558700058e+05 -4.619013786315917969e+00 -7.326257228851318359e-01 8.769960403442382812e+00
1.957676032754020125e+05 -4.613626480102539062e+00 -7.433996200561523438e-01 8.768763542175292969e+00
1.957676232949330006e+05 -4.632780075073242188e+00 -7.493851184844970703e-01 8.796297073364257812e+00
1.957676433144629991e+05 -4.651335239410400391e+00 -7.469909191131591797e-01 8.772355079650878906e+00
1.957676633339950058e+05 -4.620809078216552734e+00 -7.481880187988281250e-01 8.782530784606933594e+00
1.957676833535270125e+05 -4.622006416320800781e+00 -7.338228225708007812e-01 8.777742385864257812e+00
1.957677034035759862e+05 -4.638765811920166016e+00 -7.350199222564697266e-01 8.782530784606933594e+00
1.957677234231060138e+05 -4.634575843811035156e+00 -7.481880187988281250e-01 8.772953987121582031e+00
1.957677434121200058e+05 -4.635174274444580078e+00 -7.499836683273315430e-01 8.768763542175292969e+00
1.957677634316520125e+05 -4.637568473815917969e+00 -7.260416746139526367e-01 8.780136108398437500e+00
1.957677834511830006e+05 -4.633977413177490234e+00 -7.362170219421386719e-01 8.786720275878906250e+00
1.957678034401960031e+05 -4.650138378143310547e+00 -7.445967197418212891e-01 8.777742385864257812e+00
1.957678234597280098e+05 -4.625597476959228516e+00 -7.439981698989868164e-01 8.776544570922851562e+00
1.957678435097770125e+05 -4.622006416320800781e+00 -7.517793178558349609e-01 8.771158218383789062e+00
1.957678635293080006e+05 -4.631583213806152344e+00 -7.326257228851318359e-01 8.772953987121582031e+00
1.957678835488379991e+05 -4.626196384429931641e+00 -7.571662664413452148e-01 8.784325599670410156e+00
1.957679035378530098e+05 -4.639364242553710938e+00 -7.469909191131591797e-01 8.783727645874023438e+00
1.957679235573849874e+05 -4.632780075073242188e+00 -7.493851184844970703e-01 8.791508674621582031e+00
1.957679435769160045e+05 -4.622006416320800781e+00 -7.505822181701660156e-01 8.780136108398437500e+00
1.957679635964460031e+05 -4.635174274444580078e+00 -7.398083209991455078e-01 8.775347709655761719e+00
1.957679836159780098e+05 -4.645349979400634766e+00 -7.362170219421386719e-01 8.778340339660644531e+00
1.957680036355099874e+05 -4.632780075073242188e+00 -7.410054206848144531e-01 8.778340339660644531e+00
1.957680236550410045e+05 -4.617816448211669922e+00 -7.475894689559936523e-01 8.771756172180175781e+00
1.957680436745710031e+05 -4.642356872558593750e+00 -7.368155717849731445e-01 8.768165588378906250e+00
1.957680636941030098e+05 -4.642955780029296875e+00 -7.457938194274902344e-01 8.767566680908203125e+00
1.957680837136349874e+05 -4.629189014434814453e+00 -7.481880187988281250e-01 8.790909767150878906e+00
1.957681037331660045e+05 -4.636970043182373047e+00 -7.410054206848144531e-01 8.786720275878906250e+00
1.957681237526960031e+05 -4.627991676330566406e+00 -7.481880187988281250e-01 8.771158218383789062e+00
1.957681437722280098e+05 -4.632181644439697266e+00 -7.362170219421386719e-01 8.774150848388671875e+00
1.957681637917599874e+05 -4.633378982543945312e+00 -7.422025203704833984e-01 8.775347709655761719e+00
1.957681838112910045e+05 -4.626196384429931641e+00 -7.338228225708007812e-01 8.772953987121582031e+00
1.957682038308210031e+05 -4.621407985687255859e+00 -7.338228225708007812e-01 8.771756172180175781e+00
1.957682238503530098e+05 -4.639962673187255859e+00 -7.350199222564697266e-01 8.791508674621582031e+00
1.957682438698849874e+05 -4.610035419464111328e+00 -7.386112213134765625e-01 8.784924507141113281e+00
1.957682638894160045e+05 -4.639364242553710938e+00 -7.535749673843383789e-01 8.774150848388671875e+00
1.957682839089460031e+05 -4.633378982543945312e+00 -7.428010702133178711e-01 8.802881240844726562e+00
1.957683038979599951e+05 -4.638765811920166016e+00 -7.511807680130004883e-01 8.773551940917968750e+00
1.957683239174920018e+05 -4.627393245697021484e+00 -7.266402244567871094e-01 8.780735015869140625e+00
1.957683439675410045e+05 -4.636371612548828125e+00 -7.332242727279663086e-01 8.784325599670410156e+00
1.957683639870710031e+05 -4.620210647583007812e+00 -7.439981698989868164e-01 8.784325599670410156e+00
1.957683840066030098e+05 -4.635773181915283203e+00 -7.308300733566284180e-01 8.784325599670410156e+00
1.957684039956170018e+05 -4.622006416320800781e+00 -7.511807680130004883e-01 8.778939247131347656e+00
1.957684240151479898e+05 -4.624999046325683594e+00 -7.487865686416625977e-01 8.800486564636230469e+00
1.957684440346779884e+05 -4.619612216949462891e+00 -7.523778676986694336e-01 8.787917137145996094e+00
1.957684640542099951e+05 -4.633378982543945312e+00 -7.338228225708007812e-01 8.782530784606933594e+00
1.957684840737420018e+05 -4.629787445068359375e+00 -7.433996200561523438e-01 8.775347709655761719e+00
1.957685040932729898e+05 -4.634575843811035156e+00 -7.320271730422973633e-01 8.787319183349609375e+00
1.957685241128029884e+05 -4.621407985687255859e+00 -7.350199222564697266e-01 8.758588790893554688e+00
1.957685441323349951e+05 -4.627393245697021484e+00 -7.416039705276489258e-01 8.772953987121582031e+00
1.957685641518670018e+05 -4.630385875701904297e+00 -7.428010702133178711e-01 8.769362449645996094e+00
1.957685841713979898e+05 -4.632181644439697266e+00 -7.278373241424560547e-01 8.778939247131347656e+00
1.957686041909279884e+05 -4.633378982543945312e+00 -7.433996200561523438e-01 8.786121368408203125e+00
1.957686242104599951e+05 -4.638765811920166016e+00 -7.481880187988281250e-01 8.774748802185058594e+00
1.957686442299920018e+05 -4.642356872558593750e+00 -7.553706169128417969e-01 8.782530784606933594e+00
1.957686642495229898e+05 -4.630385875701904297e+00 -7.469909191131591797e-01 8.781931877136230469e+00
1.957686842690529884e+05 -4.641160011291503906e+00 -7.308300733566284180e-01 8.777742385864257812e+00
1.957687042885829869e+05 -4.629787445068359375e+00 -7.469909191131591797e-01 8.778939247131347656e+00
1.957687243081149936e+05 -4.631583213806152344e+00 -7.422025203704833984e-01 8.789712905883789062e+00
1.957687443276470003e+05 -4.624999046325683594e+00 -7.344213724136352539e-01 8.798690795898437500e+00
1.957687643471790070e+05 -4.640561580657958984e+00 -7.374141216278076172e-01 8.764574050903320312e+00
1.957687843667110137e+05 -4.630984783172607422e+00 -7.278373241424560547e-01 8.772953987121582031e+00
1.957688043862410123e+05 -4.623802185058593750e+00 -7.511807680130004883e-01 8.792705535888671875e+00
1.957688244057710108e+05 -4.616020679473876953e+00 -7.404068708419799805e-01 8.770559310913085938e+00
1.957688444253019989e+05 -4.628590583801269531e+00 -7.493851184844970703e-01 8.786121368408203125e+00
1.957688644448340056e+05 -4.639962673187255859e+00 -7.350199222564697266e-01 8.779537200927734375e+00
1.957688844643660123e+05 -4.631583213806152344e+00 -7.320271730422973633e-01 8.771756172180175781e+00
1.957689044838979898e+05 -4.638167381286621094e+00 -7.344213724136352539e-01 8.773551940917968750e+00
1.957689245034290070e+05 -4.641160011291503906e+00 -7.392097711563110352e-01 8.775946617126464844e+00
1.957689444924420095e+05 -4.616619586944580078e+00 -7.428010702133178711e-01 8.763975143432617188e+00
1.957689645119720080e+05 -4.617816448211669922e+00 -7.368155717849731445e-01 8.775946617126464844e+00
1.957689845315039856e+05 -4.629189014434814453e+00 -7.314286231994628906e-01 8.784325599670410156e+00
1.957690046120710031e+05 -4.640561580657958984e+00 -7.529764175415039062e-01 8.781332969665527344e+00
1.957690246926379914e+05 -4.640561580657958984e+00 -7.398083209991455078e-01 8.770559310913085938e+00
1.957690446206170018e+05 -4.635174274444580078e+00 -7.433996200561523438e-01 8.797493934631347656e+00
1.957690646706649859e+05 -4.629787445068359375e+00 -7.404068708419799805e-01 8.767566680908203125e+00
1.957690846596769989e+05 -4.626196384429931641e+00 -7.529764175415039062e-01 8.771158218383789062e+00
1.957691047707620019e+05 -4.626196384429931641e+00 -7.380126714706420898e-01 8.782530784606933594e+00
1.957691247597759939e+05 -4.625597476959228516e+00 -7.481880187988281250e-01 8.799888610839843750e+00
1.957691447793080006e+05 -4.635174274444580078e+00 -7.445967197418212891e-01 8.808866500854492188e+00
1.957691647378040070e+05 -4.637568473815917969e+00 -7.559691667556762695e-01 8.769960403442382812e+00
1.957691847878519911e+05 -4.621407985687255859e+00 -7.445967197418212891e-01 8.766967773437500000e+00
1.957692047463470080e+05 -4.627393245697021484e+00 -7.320271730422973633e-01 8.795100212097167969e+00
1.957692247658789856e+05 -4.616619586944580078e+00 -7.398083209991455078e-01 8.780735015869140625e+00
1.957692448159279884e+05 -4.631583213806152344e+00 -7.439981698989868164e-01 8.774150848388671875e+00
1.957692648049429990e+05 -4.611831188201904297e+00 -7.517793178558349609e-01 8.769960403442382812e+00
1.957692848244739871e+05 -4.614823818206787109e+00 -7.559691667556762695e-01 8.774748802185058594e+00
1.957693048440039856e+05 -4.634575843811035156e+00 -7.302315235137939453e-01 8.767566680908203125e+00
1.957693248635350028e+05 -4.624999046325683594e+00 -7.445967197418212891e-01 8.778939247131347656e+00
1.957693448830670095e+05 -4.639364242553710938e+00 -7.559691667556762695e-01 8.763377189636230469e+00
1.957693649025989871e+05 -4.620809078216552734e+00 -7.422025203704833984e-01 8.774150848388671875e+00
1.957693849221309938e+05 -4.629189014434814453e+00 -7.404068708419799805e-01 8.786121368408203125e+00
1.957694049416609923e+05 -4.625597476959228516e+00 -7.410054206848144531e-01 8.769362449645996094e+00
1.957694249611920095e+05 -4.616020679473876953e+00 -7.416039705276489258e-01 8.786720275878906250e+00
1.957694449807229976e+05 -4.623802185058593750e+00 -7.529764175415039062e-01 8.771756172180175781e+00
1.957694650002550043e+05 -4.636970043182373047e+00 -7.571662664413452148e-01 8.771756172180175781e+00
1.957694850503040070e+05 -4.623203277587890625e+00 -7.499836683273315430e-01 8.794501304626464844e+00
1.957695050698349951e+05 -4.630385875701904297e+00 -7.499836683273315430e-01 8.796895980834960938e+00
1.957695250893649936e+05 -4.629189014434814453e+00 -7.296329736709594727e-01 8.792705535888671875e+00
1.957695451088960108e+05 -4.622604846954345703e+00 -7.248445749282836914e-01 8.794501304626464844e+00
1.957695650979109923e+05 -4.619013786315917969e+00 -7.499836683273315430e-01 8.778340339660644531e+00
1.957695851479599951e+05 -4.630984783172607422e+00 -7.356184720993041992e-01 8.788516044616699219e+00
1.957696051369739871e+05 -4.631583213806152344e+00 -7.457938194274902344e-01 8.784325599670410156e+00
1.957696251870220003e+05 -4.615422248840332031e+00 -7.493851184844970703e-01 8.773551940917968750e+00
1.957696452065519989e+05 -4.634575843811035156e+00 -7.481880187988281250e-01 8.789712905883789062e+00
1.957696652260840056e+05 -4.636970043182373047e+00 -7.541735172271728516e-01 8.784325599670410156e+00
1.957696852456160123e+05 -4.629787445068359375e+00 -7.451952695846557617e-01 8.775946617126464844e+00
1.957697052346309938e+05 -4.626196384429931641e+00 -7.290344238281250000e-01 8.793304443359375000e+00
1.957697252846790070e+05 -4.622006416320800781e+00 -7.350199222564697266e-01 8.777143478393554688e+00
1.957697452736920095e+05 -4.624400615692138672e+00 -7.362170219421386719e-01 8.795100212097167969e+00
1.957697652932229976e+05 -4.638765811920166016e+00 -7.583633661270141602e-01 8.777143478393554688e+00
1.957697853127550043e+05 -4.634575843811035156e+00 -7.404068708419799805e-01 8.775347709655761719e+00
1.957698053322870110e+05 -4.644751071929931641e+00 -7.445967197418212891e-01 8.768763542175292969e+00
1.957698253518170095e+05 -4.620210647583007812e+00 -7.493851184844970703e-01 8.780136108398437500e+00
1.957698453713479976e+05 -4.641160011291503906e+00 -7.505822181701660156e-01 8.775347709655761719e+00
1.957698653908789856e+05 -4.635773181915283203e+00 -7.475894689559936523e-01 8.789712905883789062e+00
1.957698854104109923e+05 -4.623203277587890625e+00 -7.320271730422973633e-01 8.778340339660644531e+00
1.957699054299429990e+05 -4.615422248840332031e+00 -7.272387742996215820e-01 8.799888610839843750e+00
1.957699254494739871e+05 -4.641758441925048828e+00 -7.398083209991455078e-01 8.780136108398437500e+00
1.957699454690039856e+05 -4.643554210662841797e+00 -7.433996200561523438e-01 8.774150848388671875e+00
1.957699654885350028e+05 -4.627393245697021484e+00 -7.416039705276489258e-01 8.790909767150878906e+00
1.957699855080670095e+05 -4.622604846954345703e+00 -7.499836683273315430e-01 8.781332969665527344e+00
1.957700052224230021e+05 -4.622006416320800781e+00 -7.523778676986694336e-01 8.780735015869140625e+00
1.957700254555779975e+05 -4.636970043182373047e+00 -7.386112213134765625e-01 8.787917137145996094e+00
1.957700454751089856e+05 -4.629189014434814453e+00 -7.463923692703247070e-01 8.811859130859375000e+00
1.957700654946390132e+05 -4.635174274444580078e+00 -7.428010702133178711e-01 8.845377922058105469e+00
1.957700854836530052e+05 -4.627393245697021484e+00 -7.356184720993041992e-01 8.805873870849609375e+00
1.957701055031850119e+05 -4.635773181915283203e+00 -7.469909191131591797e-01 8.801085472106933594e+00
1.957701255227150104e+05 -4.633977413177490234e+00 -7.619546651840209961e-01 8.812458038330078125e+00
1.957701455422459985e+05 -4.632780075073242188e+00 -7.416039705276489258e-01 8.811859130859375000e+00
1.957701655617780052e+05 -4.649539470672607422e+00 -7.493851184844970703e-01 8.826224327087402344e+00
1.957701855813100119e+05 -4.627991676330566406e+00 -7.655459642410278320e-01 8.816647529602050781e+00
1.957702056008410000e+05 -4.639962673187255859e+00 -7.296329736709594727e-01 8.811859130859375000e+00
1.957702256203709985e+05 -4.630984783172607422e+00 -7.559691667556762695e-01 8.819042205810546875e+00
1.957702456399030052e+05 -4.629189014434814453e+00 -7.613561153411865234e-01 8.825626373291015625e+00
1.957702656594350119e+05 -4.620210647583007812e+00 -7.601590156555175781e-01 8.821435928344726562e+00
1.957702856789650104e+05 -4.630984783172607422e+00 -7.775170207023620605e-01 8.828020095825195312e+00
1.957703056984959985e+05 -4.628590583801269531e+00 -7.577648162841796875e-01 8.836998939514160156e+00
1.957703257180280052e+05 -4.628590583801269531e+00 -7.751228213310241699e-01 8.826224327087402344e+00
1.957703457375600119e+05 -4.633378982543945312e+00 -7.571662664413452148e-01 8.799289703369140625e+00
1.957703657265740039e+05 -4.630385875701904297e+00 -7.571662664413452148e-01 8.822632789611816406e+00
1.957703857766209985e+05 -4.636371612548828125e+00 -7.583633661270141602e-01 8.833407402038574219e+00
1.957704057961530052e+05 -4.636970043182373047e+00 -7.487865686416625977e-01 8.820837974548339844e+00
1.957704258156850119e+05 -4.637568473815917969e+00 -7.721300721168518066e-01 8.807669639587402344e+00
1.957704458352150104e+05 -4.647145271301269531e+00 -7.583633661270141602e-01 8.841787338256835938e+00
1.957704658547459985e+05 -4.633378982543945312e+00 -7.685387730598449707e-01 8.807070732116699219e+00
1.957704858742780052e+05 -4.644152641296386719e+00 -7.553706169128417969e-01 8.814851760864257812e+00
1.957705060463979898e+05 -4.624400615692138672e+00 -7.631517648696899414e-01 8.812458038330078125e+00
1.957705259438589856e+05 -4.627393245697021484e+00 -7.559691667556762695e-01 8.826823234558105469e+00
1.957705463296000089e+05 -4.634575843811035156e+00 -7.595604658126831055e-01 8.831611633300781250e+00
1.957705659829209908e+05 -4.624999046325683594e+00 -7.511807680130004883e-01 8.832808494567871094e+00
1.957705859414179868e+05 -4.610633850097656250e+00 -7.505822181701660156e-01 8.806472778320312500e+00
1.957706059609480144e+05 -4.625597476959228516e+00 -7.571662664413452148e-01 8.805274963378906250e+00
1.957706260109959985e+05 -4.624999046325683594e+00 -7.745242714881896973e-01 8.816049575805664062e+00
1.957706460000110092e+05 -4.645948410034179688e+00 -7.589619159698486328e-01 8.819042205810546875e+00
1.957706660195429868e+05 -4.623802185058593750e+00 -7.595604658126831055e-01 8.808866500854492188e+00
1.957706860390740039e+05 -4.634575843811035156e+00 -7.517793178558349609e-01 8.804677009582519531e+00
1.957707060586040025e+05 -4.623203277587890625e+00 -7.475894689559936523e-01 8.831012725830078125e+00
1.957707260781360092e+05 -4.624400615692138672e+00 -7.601590156555175781e-01 8.808866500854492188e+00
1.957707460976679868e+05 -4.620809078216552734e+00 -7.499836683273315430e-01 8.810063362121582031e+00
1.957707661171980144e+05 -4.627393245697021484e+00 -7.493851184844970703e-01 8.786720275878906250e+00
1.957707861367290025e+05 -4.642356872558593750e+00 -7.685387730598449707e-01 8.807070732116699219e+00
1.957708061867780052e+05 -4.639962673187255859e+00 -7.499836683273315430e-01 8.816647529602050781e+00
1.957708261757929868e+05 -4.630385875701904297e+00 -7.625532150268554688e-01 8.818443298339843750e+00
1.957708461953240039e+05 -4.622604846954345703e+00 -7.643488645553588867e-01 8.803479194641113281e+00
1.957708662148540025e+05 -4.635773181915283203e+00 -7.445967197418212891e-01 8.813654899597167969e+00
1.957708862343860092e+05 -4.627991676330566406e+00 -7.523778676986694336e-01 8.810662269592285156e+00
1.957709062539179868e+05 -4.632181644439697266e+00 -7.589619159698486328e-01 8.816049575805664062e+00
1.957709262734480144e+05 -4.627991676330566406e+00 -7.469909191131591797e-01 8.831611633300781250e+00
1.957709462929790025e+05 -4.636970043182373047e+00 -7.601590156555175781e-01 8.811859130859375000e+00
1.957709663125110092e+05 -4.640561580657958984e+00 -7.697358727455139160e-01 8.796297073364257812e+00
1.957709863320429868e+05 -4.630385875701904297e+00 -7.577648162841796875e-01 8.816647529602050781e+00
1.957710063515740039e+05 -4.636970043182373047e+00 -7.457938194274902344e-01 8.812458038330078125e+00
1.957710264016209985e+05 -4.633378982543945312e+00 -7.517793178558349609e-01 8.814851760864257812e+00
1.957710464211530052e+05 -4.614823818206787109e+00 -7.499836683273315430e-01 8.795100212097167969e+00
1.957710664406850119e+05 -4.638167381286621094e+00 -7.457938194274902344e-01 8.808267593383789062e+00
1.957710864296980144e+05 -4.638765811920166016e+00 -7.517793178558349609e-01 8.800486564636230469e+00
1.957711064492290025e+05 -4.638765811920166016e+00 -7.631517648696899414e-01 8.790909767150878906e+00
1.957711264687610092e+05 -4.617218017578125000e+00 -7.577648162841796875e-01 8.804078102111816406e+00
1.957711464882929868e+05 -4.627393245697021484e+00 -7.721300721168518066e-01 8.812458038330078125e+00
1.957711665078240039e+05 -4.622006416320800781e+00 -7.601590156555175781e-01 8.795698165893554688e+00
1.957711865273540025e+05 -4.626794815063476562e+00 -7.565677165985107422e-01 8.789113998413085938e+00
1.957712065468860092e+05 -4.633378982543945312e+00 -7.398083209991455078e-01 8.822034835815429688e+00
1.957712265664179868e+05 -4.638765811920166016e+00 -7.607575654983520508e-01 8.798092842102050781e+00
1.957712465859480144e+05 -4.624400615692138672e+00 -7.499836683273315430e-01 8.813654899597167969e+00
1.957712665749609878e+05 -4.639364242553710938e+00 -7.643488645553588867e-01 8.789712905883789062e+00
1.957712865944929945e+05 -4.627393245697021484e+00 -7.499836683273315430e-01 8.825626373291015625e+00
1.957713066140250012e+05 -4.632780075073242188e+00 -7.529764175415039062e-01 8.801085472106933594e+00
1.957713266335559892e+05 -4.639364242553710938e+00 -7.625532150268554688e-01 8.813055992126464844e+00
1.957713466530859878e+05 -4.641160011291503906e+00 -7.493851184844970703e-01 8.799289703369140625e+00
1.957713666726179945e+05 -4.636371612548828125e+00 -7.547720670700073242e-01 8.819042205810546875e+00
1.957713866921500012e+05 -4.632780075073242188e+00 -7.565677165985107422e-01 8.810662269592285156e+00
1.957714067116799997e+05 -4.634575843811035156e+00 -7.655459642410278320e-01 8.791508674621582031e+00
1.957714267312109878e+05 -4.632181644439697266e+00 -7.553706169128417969e-01 8.820837974548339844e+00
1.957714467812610092e+05 -4.633977413177490234e+00 -7.493851184844970703e-01 8.805274963378906250e+00
1.957714667702750012e+05 -4.618414878845214844e+00 -7.529764175415039062e-01 8.795100212097167969e+00
1.957714868203240039e+05 -4.636970043182373047e+00 -7.625532150268554688e-01 8.816647529602050781e+00
1.957715068093359878e+05 -4.635773181915283203e+00 -7.583633661270141602e-01 8.814253807067871094e+00
1.957715268288679945e+05 -4.638765811920166016e+00 -7.487865686416625977e-01 8.789712905883789062e+00
1.957715468789179868e+05 -4.635773181915283203e+00 -7.697358727455139160e-01 8.798092842102050781e+00
1.957715668679299997e+05 -4.626196384429931641e+00 -7.523778676986694336e-01 8.802881240844726562e+00
1.957715869179790025e+05 -4.621407985687255859e+00 -7.553706169128417969e-01 8.828020095825195312e+00
1.957716069069929945e+05 -4.629787445068359375e+00 -7.703344225883483887e-01 8.816647529602050781e+00
1.957716269265250012e+05 -4.628590583801269531e+00 -7.685387730598449707e-01 8.783727645874023438e+00
1.957716469460559892e+05 -4.640561580657958984e+00 -7.535749673843383789e-01 8.801085472106933594e+00
1.957716669655859878e+05 -4.630984783172607422e+00 -7.457938194274902344e-01 8.797493934631347656e+00
1.957716869851179945e+05 -4.631583213806152344e+00 -7.547720670700073242e-01 8.793902397155761719e+00
1.957717070046500012e+05 -4.642955780029296875e+00 -7.529764175415039062e-01 8.805274963378906250e+00
1.957717270241799997e+05 -4.631583213806152344e+00 -7.422025203704833984e-01 8.797493934631347656e+00
1.957717470437109878e+05 -4.634575843811035156e+00 -7.547720670700073242e-01 8.802881240844726562e+00
1.957717670632429945e+05 -4.630385875701904297e+00 -7.595604658126831055e-01 8.817844390869140625e+00
1.957717870827750012e+05 -4.626794815063476562e+00 -7.649474143981933594e-01 8.802282333374023438e+00
1.957718071023059892e+05 -4.617218017578125000e+00 -7.499836683273315430e-01 8.778939247131347656e+00
1.957718271218359878e+05 -4.623802185058593750e+00 -7.577648162841796875e-01 8.809465408325195312e+00
1.957718471413679945e+05 -4.625597476959228516e+00 -7.613561153411865234e-01 8.799888610839843750e+00
1.957718671609000012e+05 -4.626196384429931641e+00 -7.607575654983520508e-01 8.814851760864257812e+00
1.957718871804299997e+05 -4.642356872558593750e+00 -7.619546651840209961e-01 8.805274963378906250e+00
1.957719071999609878e+05 -4.640561580657958984e+00 -7.619546651840209961e-01 8.793902397155761719e+00
1.957719272194929945e+05 -4.620809078216552734e+00 -7.559691667556762695e-01 8.798690795898437500e+00
1.957719472390250012e+05 -4.640561580657958984e+00 -7.541735172271728516e-01 8.798690795898437500e+00
1.957719672585559892e+05 -4.622006416320800781e+00 -7.625532150268554688e-01 8.810063362121582031e+00
1.957719872780859878e+05 -4.630385875701904297e+00 -7.583633661270141602e-01 8.796297073364257812e+00
1.957720072671000089e+05 -4.638765811920166016e+00 -7.577648162841796875e-01 8.807669639587402344e+00
1.957720273171500012e+05 -4.631583213806152344e+00 -7.673416733741760254e-01 8.819042205810546875e+00
1.957720473366799997e+05 -4.650138378143310547e+00 -7.613561153411865234e-01 8.813654899597167969e+00
1.957720673562109878e+05 -4.626196384429931641e+00 -7.577648162841796875e-01 8.792705535888671875e+00
1.957720873452250089e+05 -4.645349979400634766e+00 -7.613561153411865234e-01 8.787319183349609375e+00
1.957721073647569865e+05 -4.630385875701904297e+00 -7.571662664413452148e-01 8.803479194641113281e+00
1.957721273842880037e+05 -4.639962673187255859e+00 -7.673416733741760254e-01 8.799888610839843750e+00
1.957721474038180022e+05 -4.629189014434814453e+00 -7.553706169128417969e-01 8.784924507141113281e+00
1.957721674233500089e+05 -4.639364242553710938e+00 -7.511807680130004883e-01 8.799289703369140625e+00
1.957721874428819865e+05 -4.638167381286621094e+00 -7.649474143981933594e-01 8.805873870849609375e+00
1.957722074929299997e+05 -4.651335239410400391e+00 -7.727286219596862793e-01 8.793902397155761719e+00
1.957722275124609878e+05 -4.627393245697021484e+00 -7.565677165985107422e-01 8.802282333374023438e+00
1.957722475014750089e+05 -4.628590583801269531e+00 -7.499836683273315430e-01 8.795698165893554688e+00
1.957722675210069865e+05 -4.636970043182373047e+00 -7.529764175415039062e-01 8.798690795898437500e+00
1.957722875405380037e+05 -4.620210647583007812e+00 -7.481880187988281250e-01 8.797493934631347656e+00
1.957723075600680022e+05 -4.631583213806152344e+00 -7.553706169128417969e-01 8.792705535888671875e+00
1.957723275796000089e+05 -4.624400615692138672e+00 -7.697358727455139160e-01 8.780136108398437500e+00
1.957723475991319865e+05 -4.636371612548828125e+00 -7.433996200561523438e-01 8.785523414611816406e+00
1.957723676186620141e+05 -4.636371612548828125e+00 -7.763199210166931152e-01 8.796895980834960938e+00
1.957723876381939917e+05 -4.643554210662841797e+00 -7.595604658126831055e-01 8.787917137145996094e+00
1.957724076577250089e+05 -4.633378982543945312e+00 -7.631517648696899414e-01 8.785523414611816406e+00
1.957724276772569865e+05 -4.633378982543945312e+00 -7.631517648696899414e-01 8.786121368408203125e+00
1.957724476967880037e+05 -4.642955780029296875e+00 -7.625532150268554688e-01 8.786720275878906250e+00
1.957724677163180022e+05 -4.622604846954345703e+00 -7.571662664413452148e-01 8.804677009582519531e+00
1.957724877358500089e+05 -4.626196384429931641e+00 -7.697358727455139160e-01 8.780735015869140625e+00
1.957725077553819865e+05 -4.634575843811035156e+00 -7.619546651840209961e-01 8.807669639587402344e+00
1.957725280190529884e+05 -4.625597476959228516e+00 -7.553706169128417969e-01 8.787319183349609375e+00
1.957725477944439917e+05 -4.628590583801269531e+00 -7.511807680130004883e-01 8.814851760864257812e+00
1.957725678139759984e+05 -4.645948410034179688e+00 -7.667431235313415527e-01 8.788516044616699219e+00
1.957725878335080051e+05 -4.637568473815917969e+00 -7.469909191131591797e-01 8.783727645874023438e+00
1.957726078530380037e+05 -4.622006416320800781e+00 -7.625532150268554688e-01 8.798690795898437500e+00
1.957726280861929990e+05 -4.629787445068359375e+00 -7.643488645553588867e-01 8.799888610839843750e+00
1.957726478921009984e+05 -4.643554210662841797e+00 -7.499836683273315430e-01 8.815450668334960938e+00
1.957726678811149905e+05 -4.629787445068359375e+00 -7.667431235313415527e-01 8.795100212097167969e+00
1.957726879006449890e+05 -4.623802185058593750e+00 -7.565677165985107422e-01 8.790311813354492188e+00
1.957727079201769957e+05 -4.628590583801269531e+00 -7.553706169128417969e-01 8.799888610839843750e+00
1.957727281228140055e+05 -4.631583213806152344e+00 -7.398083209991455078e-01 8.798092842102050781e+00
1.957727479592410091e+05 -4.633977413177490234e+00 -7.517793178558349609e-01 8.804677009582519531e+00
1.957727679787710076e+05 -4.624400615692138672e+00 -7.595604658126831055e-01 8.810662269592285156e+00
1.957727879983019957e+05 -4.625597476959228516e+00 -7.541735172271728516e-01 8.813055992126464844e+00
1.957728080483509984e+05 -4.633977413177490234e+00 -7.398083209991455078e-01 8.796297073364257812e+00
1.957728281289179868e+05 -4.639962673187255859e+00 -7.362170219421386719e-01 8.802282333374023438e+00
1.957728480568949890e+05 -4.623203277587890625e+00 -7.643488645553588867e-01 8.780735015869140625e+00
1.957728680764269957e+05 -4.633378982543945312e+00 -7.601590156555175781e-01 8.811261177062988281e+00
1.957728880959590024e+05 -4.617816448211669922e+00 -7.523778676986694336e-01 8.801684379577636719e+00
1.957729081154910091e+05 -4.630984783172607422e+00 -7.499836683273315430e-01 8.802881240844726562e+00
1.957729281350210076e+05 -4.638167381286621094e+00 -7.451952695846557617e-01 8.794501304626464844e+00
1.957729481545519957e+05 -4.623203277587890625e+00 -7.625532150268554688e-01 8.784924507141113281e+00
1.957729681740840024e+05 -4.629189014434814453e+00 -7.565677165985107422e-01 8.800486564636230469e+00
1.957729881936149905e+05 -4.635773181915283203e+00 -7.589619159698486328e-01 8.790909767150878906e+00
1.957730082131449890e+05 -4.633977413177490234e+00 -7.577648162841796875e-01 8.787917137145996094e+00
1.957730282326769957e+05 -4.628590583801269531e+00 -7.607575654983520508e-01 8.774150848388671875e+00
1.957730482522090024e+05 -4.630984783172607422e+00 -7.392097711563110352e-01 8.796297073364257812e+00
1.957730682717410091e+05 -4.624999046325683594e+00 -7.601590156555175781e-01 8.798092842102050781e+00
1.957730882912710076e+05 -4.606443881988525391e+00 -7.439981698989868164e-01 8.801684379577636719e+00
1.957731083108019957e+05 -4.630984783172607422e+00 -7.565677165985107422e-01 8.800486564636230469e+00
1.957731283303340024e+05 -4.636970043182373047e+00 -7.398083209991455078e-01 8.793304443359375000e+00
1.957731483498649905e+05 -4.619612216949462891e+00 -7.487865686416625977e-01 8.773551940917968750e+00
1.957731683693949890e+05 -4.630984783172607422e+00 -7.583633661270141602e-01 8.787319183349609375e+00
1.957731883889269957e+05 -4.618414878845214844e+00 -7.583633661270141602e-01 8.809465408325195312e+00
1.957732083779409877e+05 -4.633378982543945312e+00 -7.553706169128417969e-01 8.807070732116699219e+00
1.957732284279910091e+05 -4.636371612548828125e+00 -7.643488645553588867e-01 8.797493934631347656e+00
1.957732484475210076e+05 -4.636371612548828125e+00 -7.625532150268554688e-01 8.798092842102050781e+00
1.957732684670519957e+05 -4.636970043182373047e+00 -7.763199210166931152e-01 8.796297073364257812e+00
1.957732884560659877e+05 -4.624400615692138672e+00 -7.589619159698486328e-01 8.793304443359375000e+00
1.957733084755970049e+05 -4.625597476959228516e+00 -7.577648162841796875e-01 8.793304443359375000e+00
1.957733284951270034e+05 -4.626196384429931641e+00 -7.541735172271728516e-01 8.797493934631347656e+00
1.957733485146590101e+05 -4.636371612548828125e+00 -7.637503147125244141e-01 8.775347709655761719e+00
1.957733685647090024e+05 -4.629787445068359375e+00 -7.703344225883483887e-01 8.802282333374023438e+00
1.957733885537229944e+05 -4.635174274444580078e+00 -7.631517648696899414e-01 8.807669639587402344e+00
1.957734085732529929e+05 -4.633977413177490234e+00 -7.523778676986694336e-01 8.817844390869140625e+00
1.957734285927840101e+05 -4.635773181915283203e+00 -7.553706169128417969e-01 8.806472778320312500e+00
1.957734486123159877e+05 -4.628590583801269531e+00 -7.619546651840209961e-01 8.793902397155761719e+00
1.957734686318470049e+05 -4.635773181915283203e+00 -7.410054206848144531e-01 8.804078102111816406e+00
1.957734886513770034e+05 -4.629189014434814453e+00 -7.547720670700073242e-01 8.797493934631347656e+00
1.957735086709090101e+05 -4.623802185058593750e+00 -7.577648162841796875e-01 8.799289703369140625e+00
1.957735286904409877e+05 -4.633977413177490234e+00 -7.751228213310241699e-01 8.781332969665527344e+00
1.957735487099729944e+05 -4.630385875701904297e+00 -7.661445140838623047e-01 8.814851760864257812e+00
1.957735687295029929e+05 -4.631583213806152344e+00 -7.559691667556762695e-01 8.805274963378906250e+00
1.957735887490340101e+05 -4.620210647583007812e+00 -7.541735172271728516e-01 8.808267593383789062e+00
1.957736087685659877e+05 -4.637568473815917969e+00 -7.457938194274902344e-01 8.810063362121582031e+00
1.957736287880970049e+05 -4.638167381286621094e+00 -7.607575654983520508e-01 8.783727645874023438e+00
1.957736488076270034e+05 -4.631583213806152344e+00 -7.601590156555175781e-01 8.791508674621582031e+00
1.957736688271590101e+05 -4.627991676330566406e+00 -7.691373229026794434e-01 8.807669639587402344e+00
1.957736888466909877e+05 -4.630385875701904297e+00 -7.583633661270141602e-01 8.816049575805664062e+00
1.957737088662229944e+05 -4.629189014434814453e+00 -7.679402232170104980e-01 8.792107582092285156e+00
1.957737288857529929e+05 -4.622006416320800781e+00 -7.625532150268554688e-01 8.795100212097167969e+00
1.957737489052840101e+05 -4.616619586944580078e+00 -7.511807680130004883e-01 8.795698165893554688e+00
1.957737689248159877e+05 -4.643554210662841797e+00 -7.649474143981933594e-01 8.807070732116699219e+00
1.957737889443470049e+05 -4.641160011291503906e+00 -7.637503147125244141e-01 8.803479194641113281e+00
1.957738089638770034e+05 -4.635174274444580078e+00 -7.487865686416625977e-01 8.810063362121582031e+00
1.957738289834090101e+05 -4.641160011291503906e+00 -7.517793178558349609e-01 8.799888610839843750e+00
1.957738489724239917e+05 -4.631583213806152344e+00 -7.547720670700073242e-01 8.812458038330078125e+00
1.957738690224729944e+05 -4.617218017578125000e+00 -7.595604658126831055e-01 8.792107582092285156e+00
1.957738890420029929e+05 -4.641758441925048828e+00 -7.523778676986694336e-01 8.799888610839843750e+00
1.957739090615340101e+05 -4.629189014434814453e+00 -7.601590156555175781e-01 8.777143478393554688e+00
1.957739290810659877e+05 -4.633378982543945312e+00 -7.535749673843383789e-01 8.811261177062988281e+00
1.957739490700800088e+05 -4.639364242553710938e+00 -7.457938194274902344e-01 8.800486564636230469e+00
1.957739691201270034e+05 -4.630385875701904297e+00 -7.493851184844970703e-01 8.786720275878906250e+00
1.957739891091420141e+05 -4.630385875701904297e+00 -7.445967197418212891e-01 8.803479194641113281e+00
1.957740091286739917e+05 -4.623203277587890625e+00 -7.451952695846557617e-01 8.784325599670410156e+00
1.957740291482059984e+05 -4.651335239410400391e+00 -7.649474143981933594e-01 8.784325599670410156e+00
1.957740491677359969e+05 -4.629787445068359375e+00 -7.475894689559936523e-01 8.786720275878906250e+00
1.957740691872670141e+05 -4.627393245697021484e+00 -7.601590156555175781e-01 8.795698165893554688e+00
1.957740892067989917e+05 -4.628590583801269531e+00 -7.553706169128417969e-01 8.805274963378906250e+00
1.957741092263300088e+05 -4.629787445068359375e+00 -7.571662664413452148e-01 8.783727645874023438e+00
1.957741292458600074e+05 -4.653131008148193359e+00 -7.697358727455139160e-01 8.779537200927734375e+00
1.957741492653920141e+05 -4.629189014434814453e+00 -7.529764175415039062e-01 8.799888610839843750e+00
1.957741693154409877e+05 -4.642955780029296875e+00 -7.595604658126831055e-01 8.800486564636230469e+00
1.957741893044559984e+05 -4.645948410034179688e+00 -7.583633661270141602e-01 8.799888610839843750e+00
1.957742093239859969e+05 -4.631583213806152344e+00 -7.523778676986694336e-01 8.793304443359375000e+00
1.957742293435170141e+05 -4.641160011291503906e+00 -7.535749673843383789e-01 8.793902397155761719e+00
1.957742493630489917e+05 -4.637568473815917969e+00 -7.607575654983520508e-01 8.811859130859375000e+00
1.957742693825800088e+05 -4.627393245697021484e+00 -7.703344225883483887e-01 8.787917137145996094e+00
1.957742894021100074e+05 -4.629189014434814453e+00 -7.457938194274902344e-01 8.807070732116699219e+00
1.957743094216420141e+05 -4.635174274444580078e+00 -7.685387730598449707e-01 8.804677009582519531e+00
1.957743294411739917e+05 -4.629189014434814453e+00 -7.601590156555175781e-01 8.809465408325195312e+00
1.957743494607059984e+05 -4.632181644439697266e+00 -7.625532150268554688e-01 8.798690795898437500e+00
1.957743694802359969e+05 -4.636371612548828125e+00 -7.607575654983520508e-01 8.824428558349609375e+00
1.957743894997670141e+05 -4.616619586944580078e+00 -7.529764175415039062e-01 8.802282333374023438e+00
1.957744095192989917e+05 -4.626196384429931641e+00 -7.589619159698486328e-01 8.799888610839843750e+00
1.957744295388300088e+05 -4.628590583801269531e+00 -7.571662664413452148e-01 8.777143478393554688e+00
1.957744495583600074e+05 -4.626794815063476562e+00 -7.631517648696899414e-01 8.803479194641113281e+00
1.957744695778920141e+05 -4.638167381286621094e+00 -7.655459642410278320e-01 8.781931877136230469e+00
1.957744895974239917e+05 -4.645349979400634766e+00 -7.499836683273315430e-01 8.795698165893554688e+00
1.957745096169559984e+05 -4.627393245697021484e+00 -7.625532150268554688e-01 8.808866500854492188e+00
1.957745296364859969e+05 -4.635773181915283203e+00 -7.625532150268554688e-01 8.787319183349609375e+00
1.957745496560170141e+05 -4.634575843811035156e+00 -7.601590156555175781e-01 8.786720275878906250e+00
1.957745696755489917e+05 -4.644751071929931641e+00 -7.499836683273315430e-01 8.797493934631347656e+00
1.957745896950800088e+05 -4.623203277587890625e+00 -7.445967197418212891e-01 8.786121368408203125e+00
1.957746097146100074e+05 -4.635773181915283203e+00 -7.463923692703247070e-01 8.801684379577636719e+00
1.957746297341420141e+05 -4.636970043182373047e+00 -7.439981698989868164e-01 8.803479194641113281e+00
1.957746497536739917e+05 -4.647744178771972656e+00 -7.547720670700073242e-01 8.791508674621582031e+00
1.957746697732059984e+05 -4.625597476959228516e+00 -7.661445140838623047e-01 8.799888610839843750e+00
1.957746897927359969e+05 -4.624400615692138672e+00 -7.565677165985107422e-01 8.803479194641113281e+00
1.957747098122670141e+05 -4.617816448211669922e+00 -7.517793178558349609e-01 8.790909767150878906e+00
1.957747298317989917e+05 -4.635174274444580078e+00 -7.553706169128417969e-01 8.793304443359375000e+00
1.957747498513300088e+05 -4.622604846954345703e+00 -7.643488645553588867e-01 8.788516044616699219e+00
1.957747698708600074e+05 -4.632181644439697266e+00 -7.601590156555175781e-01 8.785523414611816406e+00
1.957747898903920141e+05 -4.636970043182373047e+00 -7.422025203704833984e-01 8.826224327087402344e+00
1.957748099099239917e+05 -4.622006416320800781e+00 -7.553706169128417969e-01 8.783727645874023438e+00
1.957748299294559984e+05 -4.621407985687255859e+00 -7.541735172271728516e-01 8.797493934631347656e+00
1.957748499489859969e+05 -4.627991676330566406e+00 -7.607575654983520508e-01 8.789113998413085938e+00
1.957748699685170141e+05 -4.623203277587890625e+00 -7.733271718025207520e-01 8.790909767150878906e+00
1.957748899880489917e+05 -4.631583213806152344e+00 -7.613561153411865234e-01 8.794501304626464844e+00
1.957749099770619941e+05 -4.637568473815917969e+00 -7.649474143981933594e-01 8.792107582092285156e+00
1.957749299965919927e+05 -4.644152641296386719e+00 -7.433996200561523438e-01 8.813055992126464844e+00
1.957749500466420141e+05 -4.616619586944580078e+00 -7.511807680130004883e-01 8.797493934631347656e+00
1.957749700661739917e+05 -4.621407985687255859e+00 -7.649474143981933594e-01 8.793304443359375000e+00
1.957749900551880128e+05 -4.631583213806152344e+00 -7.637503147125244141e-01 8.789113998413085938e+00
1.957750100747180113e+05 -4.634575843811035156e+00 -7.439981698989868164e-01 8.796895980834960938e+00
1.957750300942489994e+05 -4.638765811920166016e+00 -7.571662664413452148e-01 8.794501304626464844e+00
1.957750501137810061e+05 -4.644751071929931641e+00 -7.655459642410278320e-01 8.818443298339843750e+00
1.957750701333119941e+05 -4.639962673187255859e+00 -7.541735172271728516e-01 8.787319183349609375e+00
1.957750901528419927e+05 -4.625597476959228516e+00 -7.475894689559936523e-01 8.795698165893554688e+00
1.957751101723739994e+05 -4.645948410034179688e+00 -7.517793178558349609e-01 8.772355079650878906e+00
1.957751301919060061e+05 -4.636970043182373047e+00 -7.481880187988281250e-01 8.804677009582519531e+00
1.957751502114380128e+05 -4.641160011291503906e+00 -7.631517648696899414e-01 8.788516044616699219e+00
1.957751702309680113e+05 -4.639364242553710938e+00 -7.505822181701660156e-01 8.814851760864257812e+00
1.957751902504989994e+05 -4.629787445068359375e+00 -7.691373229026794434e-01 8.802282333374023438e+00
1.957752102700310061e+05 -4.638167381286621094e+00 -7.601590156555175781e-01 8.777742385864257812e+00
1.957752302895619941e+05 -4.626196384429931641e+00 -7.475894689559936523e-01 8.789712905883789062e+00
1.957752503090919927e+05 -4.627991676330566406e+00 -7.505822181701660156e-01 8.804677009582519531e+00
1.957752702981070033e+05 -4.626196384429931641e+00 -7.589619159698486328e-01 8.785523414611816406e+00
1.957752903176390100e+05 -4.621407985687255859e+00 -7.583633661270141602e-01 8.796297073364257812e+00
1.957753103371709876e+05 -4.641160011291503906e+00 -7.619546651840209961e-01 8.778939247131347656e+00
1.957753303567009862e+05 -4.636970043182373047e+00 -7.661445140838623047e-01 8.805274963378906250e+00
1.957753503762320033e+05 -4.638167381286621094e+00 -7.595604658126831055e-01 8.801684379577636719e+00
1.957753703957640100e+05 -4.633378982543945312e+00 -7.649474143981933594e-01 8.807070732116699219e+00
1.957753904152949981e+05 -4.623802185058593750e+00 -7.422025203704833984e-01 8.801085472106933594e+00
1.957754104348249966e+05 -4.638167381286621094e+00 -7.553706169128417969e-01 8.808267593383789062e+00
1.957754304543570033e+05 -4.620210647583007812e+00 -7.386112213134765625e-01 8.805274963378906250e+00
1.957754504738890100e+05 -4.647145271301269531e+00 -7.541735172271728516e-01 8.791508674621582031e+00
1.957754704934209876e+05 -4.623203277587890625e+00 -7.643488645553588867e-01 8.799888610839843750e+00
1.957754905129509862e+05 -4.620809078216552734e+00 -7.631517648696899414e-01 8.790311813354492188e+00
1.957755105324820033e+05 -4.644751071929931641e+00 -7.565677165985107422e-01 8.785523414611816406e+00
1.957755305520140100e+05 -4.628590583801269531e+00 -7.637503147125244141e-01 8.794501304626464844e+00
1.957755505715449981e+05 -4.627393245697021484e+00 -7.451952695846557617e-01 8.788516044616699219e+00
1.957755705910749966e+05 -4.632780075073242188e+00 -7.487865686416625977e-01 8.785523414611816406e+00
1.957755906106070033e+05 -4.633977413177490234e+00 -7.559691667556762695e-01 8.813055992126464844e+00
1.957756106301390100e+05 -4.619013786315917969e+00 -7.475894689559936523e-01 8.789712905883789062e+00
1.957756306496709876e+05 -4.634575843811035156e+00 -7.649474143981933594e-01 8.790311813354492188e+00
1.957756506692009862e+05 -4.650138378143310547e+00 -7.565677165985107422e-01 8.797493934631347656e+00
1.957756706887320033e+05 -4.616619586944580078e+00 -7.673416733741760254e-01 8.768165588378906250e+00
1.957756907082640100e+05 -4.633977413177490234e+00 -7.667431235313415527e-01 8.798690795898437500e+00
1.957757107277949981e+05 -4.641758441925048828e+00 -7.649474143981933594e-01 8.794501304626464844e+00
1.957757307168070110e+05 -4.632780075073242188e+00 -7.691373229026794434e-01 8.790909767150878906e+00
1.957757507363389886e+05 -4.628590583801269531e+00 -7.685387730598449707e-01 8.798092842102050781e+00
1.957757707863890100e+05 -4.626196384429931641e+00 -7.643488645553588867e-01 8.799888610839843750e+00
1.957757908059209876e+05 -4.638167381286621094e+00 -7.589619159698486328e-01 8.802282333374023438e+00
1.957758107949330006e+05 -4.629787445068359375e+00 -7.679402232170104980e-01 8.806472778320312500e+00
1.957758308144639886e+05 -4.632780075073242188e+00 -7.511807680130004883e-01 8.802282333374023438e+00
1.957758508339959953e+05 -4.626794815063476562e+00 -7.487865686416625977e-01 8.805873870849609375e+00
1.957758708535270125e+05 -4.618414878845214844e+00 -7.439981698989868164e-01 8.789113998413085938e+00
1.957758908730570110e+05 -4.615422248840332031e+00 -7.457938194274902344e-01 8.789712905883789062e+00
1.957759108925889886e+05 -4.646546840667724609e+00 -7.727286219596862793e-01 8.778340339660644531e+00
1.957759309121209953e+05 -4.639364242553710938e+00 -7.571662664413452148e-01 8.793304443359375000e+00
1.957759509316530020e+05 -4.639962673187255859e+00 -7.613561153411865234e-01 8.810662269592285156e+00
1.957759709511830006e+05 -4.640561580657958984e+00 -7.655459642410278320e-01 8.784325599670410156e+00
1.957759909707139886e+05 -4.623802185058593750e+00 -7.571662664413452148e-01 8.786720275878906250e+00
1.957760109902459953e+05 -4.632181644439697266e+00 -7.643488645553588867e-01 8.784325599670410156e+00
1.957760310097770125e+05 -4.616619586944580078e+00 -7.583633661270141602e-01 8.787917137145996094e+00
1.957760510293070110e+05 -4.632181644439697266e+00 -7.583633661270141602e-01 8.793304443359375000e+00
1.957760710488389886e+05 -4.651933670043945312e+00 -7.469909191131591797e-01 8.790311813354492188e+00
1.957760910988890100e+05 -4.624999046325683594e+00 -7.422025203704833984e-01 8.790909767150878906e+00
1.957761111184209876e+05 -4.639364242553710938e+00 -7.649474143981933594e-01 8.773551940917968750e+00
1.957761311379509862e+05 -4.626196384429931641e+00 -7.547720670700073242e-01 8.785523414611816406e+00
1.957761511269639886e+05 -4.639364242553710938e+00 -7.589619159698486328e-01 8.795100212097167969e+00
1.957761711464959953e+05 -4.623203277587890625e+00 -7.607575654983520508e-01 8.777742385864257812e+00
1.957761911660270125e+05 -4.632181644439697266e+00 -7.433996200561523438e-01 8.797493934631347656e+00
1.957762111855570110e+05 -4.639364242553710938e+00 -7.625532150268554688e-01 8.804677009582519531e+00
1.957762312050889886e+05 -4.627991676330566406e+00 -7.493851184844970703e-01 8.805873870849609375e+00
1.957762512246209953e+05 -4.627991676330566406e+00 -7.553706169128417969e-01 8.790909767150878906e+00
1.957762712441530020e+05 -4.614823818206787109e+00 -7.505822181701660156e-01 8.802881240844726562e+00
1.957762912636830006e+05 -4.624999046325683594e+00 -7.655459642410278320e-01 8.808267593383789062e+00
1.957763112832139886e+05 -4.633378982543945312e+00 -7.697358727455139160e-01 8.784325599670410156e+00
1.957763313027459953e+05 -4.635174274444580078e+00 -7.655459642410278320e-01 8.775946617126464844e+00
1.957763513222770125e+05 -4.617816448211669922e+00 -7.541735172271728516e-01 8.826823234558105469e+00
1.957763713418070110e+05 -4.622006416320800781e+00 -7.697358727455139160e-01 8.781332969665527344e+00
1.957763913613389886e+05 -4.635773181915283203e+00 -7.667431235313415527e-01 8.796297073364257812e+00
1.957764113808709953e+05 -4.627991676330566406e+00 -7.398083209991455078e-01 8.785523414611816406e+00
1.957764314004030020e+05 -4.633378982543945312e+00 -7.619546651840209961e-01 8.796895980834960938e+00
1.957764513894149859e+05 -4.639962673187255859e+00 -7.589619159698486328e-01 8.799888610839843750e+00
1.957764714089460031e+05 -4.640561580657958984e+00 -7.451952695846557617e-01 8.805873870849609375e+00
1.957764914589959953e+05 -4.635174274444580078e+00 -7.475894689559936523e-01 8.796297073364257812e+00
1.957765114785270125e+05 -4.619612216949462891e+00 -7.511807680130004883e-01 8.802282333374023438e+00
1.957765314980570110e+05 -4.630385875701904297e+00 -7.577648162841796875e-01 8.805274963378906250e+00
1.957765515175889886e+05 -4.633378982543945312e+00 -7.475894689559936523e-01 8.792705535888671875e+00
1.957765715371209953e+05 -4.627393245697021484e+00 -7.505822181701660156e-01 8.799888610839843750e+00
1.957765915566530020e+05 -4.635174274444580078e+00 -7.445967197418212891e-01 8.789113998413085938e+00
1.957766115761830006e+05 -4.638765811920166016e+00 -7.499836683273315430e-01 8.789113998413085938e+00
1.957766315957139886e+05 -4.625597476959228516e+00 -7.577648162841796875e-01 8.796895980834960938e+00
1.957766516152459953e+05 -4.641160011291503906e+00 -7.589619159698486328e-01 8.794501304626464844e+00
1.957766716347770125e+05 -4.644751071929931641e+00 -7.691373229026794434e-01 8.795698165893554688e+00
1.957766916543070110e+05 -4.629787445068359375e+00 -7.410054206848144531e-01 8.807070732116699219e+00
1.957767116738389886e+05 -4.630385875701904297e+00 -7.433996200561523438e-01 8.785523414611816406e+00
1.957767318764759984e+05 -4.633378982543945312e+00 -7.362170219421386719e-01 8.797493934631347656e+00
1.957767517129030020e+05 -4.632181644439697266e+00 -7.583633661270141602e-01 8.784325599670410156e+00
1.957767717324330006e+05 -4.629189014434814453e+00 -7.416039705276489258e-01 8.792705535888671875e+00
1.957767917519639886e+05 -4.628590583801269531e+00 -7.445967197418212891e-01 8.791508674621582031e+00
1.957768117409780098e+05 -4.638765811920166016e+00 -7.535749673843383789e-01 8.809465408325195312e+00
1.957768317910270125e+05 -4.644152641296386719e+00 -7.607575654983520508e-01 8.783128738403320312e+00
1.957768517800389964e+05 -4.641160011291503906e+00 -7.374141216278076172e-01 8.799888610839843750e+00
1.957768717995710031e+05 -4.622006416320800781e+00 -7.727286219596862793e-01 8.803479194641113281e+00
1.957768918191030098e+05 -4.629189014434814453e+00 -7.517793178558349609e-01 8.811261177062988281e+00
1.957769118691530020e+05 -4.633977413177490234e+00 -7.439981698989868164e-01 8.815450668334960938e+00
1.957769318581649859e+05 -4.629189014434814453e+00 -7.625532150268554688e-01 8.787917137145996094e+00
1.957769518776960031e+05 -4.641758441925048828e+00 -7.625532150268554688e-01 8.784325599670410156e+00
1.957769718972280098e+05 -4.613626480102539062e+00 -7.613561153411865234e-01 8.795698165893554688e+00
1.957769919167589978e+05 -4.634575843811035156e+00 -7.535749673843383789e-01 8.791508674621582031e+00
1.957770119668070110e+05 -4.632181644439697266e+00 -7.565677165985107422e-01 8.807669639587402344e+00
1.957770319558210031e+05 -4.624999046325683594e+00 -7.422025203704833984e-01 8.789712905883789062e+00
1.957770519753530098e+05 -4.635174274444580078e+00 -7.607575654983520508e-01 8.815450668334960938e+00
1.957770719948849874e+05 -4.630984783172607422e+00 -7.475894689559936523e-01 8.790311813354492188e+00
1.957770920449330006e+05 -4.639364242553710938e+00 -7.445967197418212891e-01 8.795698165893554688e+00
1.957771120644639886e+05 -4.633977413177490234e+00 -7.410054206848144531e-01 8.805274963378906250e+00
1.957771320839959953e+05 -4.634575843811035156e+00 -7.577648162841796875e-01 8.810063362121582031e+00
1.957771521035270125e+05 -4.638765811920166016e+00 -7.553706169128417969e-01 8.802881240844726562e+00
1.957771721230570110e+05 -4.626196384429931641e+00 -7.547720670700073242e-01 8.810063362121582031e+00
1.957771921120710031e+05 -4.619013786315917969e+00 -7.553706169128417969e-01 8.805274963378906250e+00
1.957772121316030098e+05 -4.638167381286621094e+00 -7.577648162841796875e-01 8.793902397155761719e+00
1.957772321511349874e+05 -4.638167381286621094e+00 -7.517793178558349609e-01 8.786121368408203125e+00
1.957772521706649859e+05 -4.621407985687255859e+00 -7.529764175415039062e-01 8.804677009582519531e+00
1.957772721901960031e+05 -4.626794815063476562e+00 -7.559691667556762695e-01 8.799888610839843750e+00
1.957772922097280098e+05 -4.630385875701904297e+00 -7.535749673843383789e-01 8.802881240844726562e+00
1.957773122292589978e+05 -4.641160011291503906e+00 -7.559691667556762695e-01 8.804078102111816406e+00
1.957773322487889964e+05 -4.639962673187255859e+00 -7.523778676986694336e-01 8.804677009582519531e+00
1.957773522683210031e+05 -4.621407985687255859e+00 -7.529764175415039062e-01 8.790311813354492188e+00
1.957773722878530098e+05 -4.620210647583007812e+00 -7.589619159698486328e-01 8.790909767150878906e+00
1.957773923073849874e+05 -4.633378982543945312e+00 -7.703344225883483887e-01 8.786121368408203125e+00
1.957774123269149859e+05 -4.636970043182373047e+00 -7.703344225883483887e-01 8.788516044616699219e+00
1.957774323464460031e+05 -4.620809078216552734e+00 -7.451952695846557617e-01 8.799289703369140625e+00
1.957774523659780098e+05 -4.637568473815917969e+00 -7.553706169128417969e-01 8.794501304626464844e+00
1.957774723855089978e+05 -4.635773181915283203e+00 -7.463923692703247070e-01 8.797493934631347656e+00
1.957774924050389964e+05 -4.624400615692138672e+00 -7.433996200561523438e-01 8.797493934631347656e+00
1.957775124245710031e+05 -4.632181644439697266e+00 -7.571662664413452148e-01 8.795100212097167969e+00
1.957775324441030098e+05 -4.630984783172607422e+00 -7.559691667556762695e-01 8.796895980834960938e+00
1.957775538369260030e+05 -4.630984783172607422e+00 -7.679402232170104980e-01 8.775946617126464844e+00
1.957775724831649859e+05 -4.639962673187255859e+00 -7.493851184844970703e-01 8.800486564636230469e+00
1.957775925026960031e+05 -4.626196384429931641e+00 -7.607575654983520508e-01 8.810063362121582031e+00
1.957776125222280098e+05 -4.620809078216552734e+00 -7.547720670700073242e-01 8.804677009582519531e+00
1.957776325417589978e+05 -4.637568473815917969e+00 -7.463923692703247070e-01 8.828020095825195312e+00
1.957776525612889964e+05 -4.642356872558593750e+00 -7.559691667556762695e-01 8.787917137145996094e+00
1.957776725808210031e+05 -4.629787445068359375e+00 -7.619546651840209961e-01 8.792107582092285156e+00
1.957776926003530098e+05 -4.639364242553710938e+00 -7.469909191131591797e-01 8.791508674621582031e+00
1.957777125893679913e+05 -4.630984783172607422e+00 -7.565677165985107422e-01 8.778939247131347656e+00
1.957777326394149859e+05 -4.643554210662841797e+00 -7.481880187988281250e-01 8.801085472106933594e+00
1.957777526284290070e+05 -4.642356872558593750e+00 -7.571662664413452148e-01 8.801085472106933594e+00
1.957777726784780098e+05 -4.638167381286621094e+00 -7.481880187988281250e-01 8.792705535888671875e+00
1.957777926980080083e+05 -4.621407985687255859e+00 -7.529764175415039062e-01 8.798092842102050781e+00
1.957778126870229898e+05 -4.641160011291503906e+00 -7.553706169128417969e-01 8.790909767150878906e+00
1.957778327065549965e+05 -4.636970043182373047e+00 -7.559691667556762695e-01 8.801684379577636719e+00
1.957778527260849951e+05 -4.626196384429931641e+00 -7.451952695846557617e-01 8.805873870849609375e+00
1.957778727456160123e+05 -4.621407985687255859e+00 -7.505822181701660156e-01 8.780735015869140625e+00
1.957778927651479898e+05 -4.635773181915283203e+00 -7.529764175415039062e-01 8.796895980834960938e+00
1.957779127846799965e+05 -4.627393245697021484e+00 -7.601590156555175781e-01 8.795100212097167969e+00
1.957779328042099951e+05 -4.625597476959228516e+00 -7.583633661270141602e-01 8.817246437072753906e+00
1.957779528237410123e+05 -4.625597476959228516e+00 -7.607575654983520508e-01 8.798690795898437500e+00
1.957779728432729898e+05 -4.635773181915283203e+00 -7.505822181701660156e-01 8.805274963378906250e+00
1.957779928628049965e+05 -4.630984783172607422e+00 -7.637503147125244141e-01 8.821435928344726562e+00
1.957780128823349951e+05 -4.639962673187255859e+00 -7.625532150268554688e-01 8.802881240844726562e+00
1.957780329018660123e+05 -4.614225387573242188e+00 -7.637503147125244141e-01 8.798690795898437500e+00
1.957780529213979898e+05 -4.622604846954345703e+00 -7.577648162841796875e-01 8.805873870849609375e+00
1.957780729409299965e+05 -4.626794815063476562e+00 -7.410054206848144531e-01 8.798690795898437500e+00
1.957780929604599951e+05 -4.638167381286621094e+00 -7.511807680130004883e-01 8.804677009582519531e+00
1.957781129799910123e+05 -4.635174274444580078e+00 -7.673416733741760254e-01 8.778939247131347656e+00
1.957781329690050043e+05 -4.622006416320800781e+00 -7.493851184844970703e-01 8.779537200927734375e+00
1.957781529885370110e+05 -4.643554210662841797e+00 -7.595604658126831055e-01 8.801684379577636719e+00
1.957781730385849951e+05 -4.632780075073242188e+00 -7.553706169128417969e-01 8.792705535888671875e+00
1.957781930581160123e+05 -4.635773181915283203e+00 -7.517793178558349609e-01 8.811859130859375000e+00
1.957782130471300043e+05 -4.629189014434814453e+00 -7.625532150268554688e-01 8.814851760864257812e+00
1.957782330666620110e+05 -4.636371612548828125e+00 -7.439981698989868164e-01 8.793304443359375000e+00
1.957782530861920095e+05 -4.642356872558593750e+00 -7.601590156555175781e-01 8.810063362121582031e+00
1.957782731057229976e+05 -4.629189014434814453e+00 -7.709329724311828613e-01 8.799289703369140625e+00
1.957782931252550043e+05 -4.630984783172607422e+00 -7.553706169128417969e-01 8.807070732116699219e+00
1.957783131447870110e+05 -4.648342609405517578e+00 -7.643488645553588867e-01 8.811261177062988281e+00
1.957783331948349951e+05 -4.647744178771972656e+00 -7.493851184844970703e-01 8.805274963378906250e+00
1.957783532143660123e+05 -4.619612216949462891e+00 -7.314286231994628906e-01 8.802282333374023438e+00
1.957783732338979898e+05 -4.637568473815917969e+00 -7.565677165985107422e-01 8.788516044616699219e+00
1.957783932229120110e+05 -4.642356872558593750e+00 -7.386112213134765625e-01 8.789113998413085938e+00
1.957784132424420095e+05 -4.625597476959228516e+00 -7.553706169128417969e-01 8.815450668334960938e+00
1.957784332619729976e+05 -4.639364242553710938e+00 -7.649474143981933594e-01 8.790311813354492188e+00
1.957784532815050043e+05 -4.622006416320800781e+00 -7.601590156555175781e-01 8.810063362121582031e+00
1.957784733010370110e+05 -4.642955780029296875e+00 -7.679402232170104980e-01 8.798092842102050781e+00
1.957784933205670095e+05 -4.632181644439697266e+00 -7.547720670700073242e-01 8.786720275878906250e+00
1.957785133400979976e+05 -4.632780075073242188e+00 -7.643488645553588867e-01 8.797493934631347656e+00
1.957785333596300043e+05 -4.629189014434814453e+00 -7.541735172271728516e-01 8.791508674621582031e+00
1.957785533791620110e+05 -4.628590583801269531e+00 -7.565677165985107422e-01 8.799289703369140625e+00
1.957785733681750135e+05 -4.637568473815917969e+00 -7.667431235313415527e-01 8.775946617126464844e+00
1.957785934182229976e+05 -4.615422248840332031e+00 -7.529764175415039062e-01 8.796895980834960938e+00
1.957786134377550043e+05 -4.627991676330566406e+00 -7.529764175415039062e-01 8.808267593383789062e+00
1.957786334572870110e+05 -4.635773181915283203e+00 -7.481880187988281250e-01 8.798690795898437500e+00
1.957786534463000135e+05 -4.623203277587890625e+00 -7.475894689559936523e-01 8.798690795898437500e+00
1.957786734658310015e+05 -4.638167381286621094e+00 -7.469909191131591797e-01 8.795698165893554688e+00
1.957786934853630082e+05 -4.628590583801269531e+00 -7.541735172271728516e-01 8.795698165893554688e+00
1.957787135048949858e+05 -4.631583213806152344e+00 -7.481880187988281250e-01 8.783128738403320312e+00
1.957787335244250135e+05 -4.627991676330566406e+00 -7.643488645553588867e-01 8.798690795898437500e+00
1.957787535439560015e+05 -4.635773181915283203e+00 -7.559691667556762695e-01 8.815450668334960938e+00
1.957787735634880082e+05 -4.617218017578125000e+00 -7.487865686416625977e-01 8.798092842102050781e+00
1.957787935830199858e+05 -4.645349979400634766e+00 -7.404068708419799805e-01 8.803479194641113281e+00
1.957788136025500135e+05 -4.631583213806152344e+00 -7.481880187988281250e-01 8.795100212097167969e+00
1.957788336220810015e+05 -4.628590583801269531e+00 -7.541735172271728516e-01 8.793902397155761719e+00
1.957788536416130082e+05 -4.639364242553710938e+00 -7.541735172271728516e-01 8.774748802185058594e+00
1.957788736611449858e+05 -4.629787445068359375e+00 -7.475894689559936523e-01 8.810063362121582031e+00
1.957788936806760030e+05 -4.635174274444580078e+00 -7.499836683273315430e-01 8.793304443359375000e+00
1.957789137002060015e+05 -4.622006416320800781e+00 -7.451952695846557617e-01 8.796895980834960938e+00
1.957789337197360001e+05 -4.626196384429931641e+00 -7.493851184844970703e-01 8.792705535888671875e+00
1.957789537392680068e+05 -4.635174274444580078e+00 -7.637503147125244141e-01 8.790909767150878906e+00
1.957789737588000135e+05 -4.634575843811035156e+00 -7.505822181701660156e-01 8.792705535888671875e+00
1.957789937783319911e+05 -4.637568473815917969e+00 -7.739257216453552246e-01 8.805873870849609375e+00
1.957790137978630082e+05 -4.626794815063476562e+00 -7.577648162841796875e-01 8.806472778320312500e+00
1.957790338479100028e+05 -4.627393245697021484e+00 -7.505822181701660156e-01 8.786121368408203125e+00
1.957790538674400013e+05 -4.635773181915283203e+00 -7.577648162841796875e-01 8.793902397155761719e+00
1.957790738869720080e+05 -4.648342609405517578e+00 -7.613561153411865234e-01 8.804677009582519531e+00
1.957790939065039856e+05 -4.626794815063476562e+00 -7.493851184844970703e-01 8.793304443359375000e+00
1.957791138955189963e+05 -4.622604846954345703e+00 -7.493851184844970703e-01 8.789113998413085938e+00
1.957791339150510030e+05 -4.627991676330566406e+00 -7.535749673843383789e-01 8.794501304626464844e+00
1.957791539345810015e+05 -4.638167381286621094e+00 -7.577648162841796875e-01 8.810063362121582031e+00
1.957791739541110001e+05 -4.627991676330566406e+00 -7.547720670700073242e-01 8.782530784606933594e+00
1.957791939736430068e+05 -4.636371612548828125e+00 -7.619546651840209961e-01 8.795100212097167969e+00
1.957792139931750135e+05 -4.644152641296386719e+00 -7.589619159698486328e-01 8.818443298339843750e+00
1.957792340127069911e+05 -4.638167381286621094e+00 -7.529764175415039062e-01 8.792107582092285156e+00
1.957792540322380082e+05 -4.635174274444580078e+00 -7.416039705276489258e-01 8.803479194641113281e+00
1.957792740517680068e+05 -4.622604846954345703e+00 -7.547720670700073242e-01 8.783727645874023438e+00
1.957792940712980053e+05 -4.630984783172607422e+00 -7.428010702133178711e-01 8.807070732116699219e+00
1.957793140908300120e+05 -4.636970043182373047e+00 -7.583633661270141602e-01 8.777742385864257812e+00
1.957793341103619896e+05 -4.626794815063476562e+00 -7.511807680130004883e-01 8.799888610839843750e+00
1.957793541298939963e+05 -4.639962673187255859e+00 -7.565677165985107422e-01 8.795698165893554688e+00
1.957793741189079883e+05 -4.620210647583007812e+00 -7.619546651840209961e-01 8.801684379577636719e+00
1.957793941384379868e+05 -4.616619586944580078e+00 -7.625532150268554688e-01 8.780136108398437500e+00
1.957794141579680145e+05 -4.644152641296386719e+00 -7.619546651840209961e-01 8.807669639587402344e+00
1.957794342080180068e+05 -4.625597476959228516e+00 -7.625532150268554688e-01 8.778340339660644531e+00
1.957794541970319988e+05 -4.629189014434814453e+00 -7.535749673843383789e-01 8.809465408325195312e+00
1.957794742165640055e+05 -4.626794815063476562e+00 -7.589619159698486328e-01 8.801085472106933594e+00
1.957794942360949935e+05 -4.644751071929931641e+00 -7.475894689559936523e-01 8.792107582092285156e+00
1.957795142556249921e+05 -4.642356872558593750e+00 -7.493851184844970703e-01 8.799888610839843750e+00
1.957795342751560092e+05 -4.626794815063476562e+00 -7.721300721168518066e-01 8.779537200927734375e+00
1.957795542946879868e+05 -4.627991676330566406e+00 -7.685387730598449707e-01 8.775347709655761719e+00
1.957795743142199935e+05 -4.626196384429931641e+00 -7.547720670700073242e-01 8.805873870849609375e+00
1.957795943337510107e+05 -4.655525207519531250e+00 -7.505822181701660156e-01 8.798690795898437500e+00
1.957796143532810092e+05 -4.638765811920166016e+00 -7.709329724311828613e-01 8.786720275878906250e+00
1.957796343728119973e+05 -4.624999046325683594e+00 -7.679402232170104980e-01 8.790909767150878906e+00
1.957796543923440040e+05 -4.632780075073242188e+00 -7.619546651840209961e-01 8.777742385864257812e+00
1.957796744118760107e+05 -4.634575843811035156e+00 -7.547720670700073242e-01 8.795698165893554688e+00
1.957796944314079883e+05 -4.626196384429931641e+00 -7.745242714881896973e-01 8.777143478393554688e+00
1.957797144509379868e+05 -4.638167381286621094e+00 -7.541735172271728516e-01 8.790311813354492188e+00
1.957797344704680145e+05 -4.638167381286621094e+00 -7.511807680130004883e-01 8.797493934631347656e+00
1.957797544899999921e+05 -4.622006416320800781e+00 -7.416039705276489258e-01 8.816049575805664062e+00
1.957797745095319988e+05 -4.633378982543945312e+00 -7.499836683273315430e-01 8.801684379577636719e+00
1.957797945290640055e+05 -4.657919406890869141e+00 -7.559691667556762695e-01 8.787917137145996094e+00
1.957798145485949935e+05 -4.627393245697021484e+00 -7.505822181701660156e-01 8.790311813354492188e+00
1.957798345681249921e+05 -4.636970043182373047e+00 -7.565677165985107422e-01 8.787917137145996094e+00
1.957798545876560092e+05 -4.630385875701904297e+00 -7.553706169128417969e-01 8.781332969665527344e+00
1.957798746071879868e+05 -4.645349979400634766e+00 -7.553706169128417969e-01 8.807669639587402344e+00
1.957798946267199935e+05 -4.622604846954345703e+00 -7.691373229026794434e-01 8.786121368408203125e+00
1.957799146462510107e+05 -4.626196384429931641e+00 -7.553706169128417969e-01 8.772355079650878906e+00
1.957799346352640132e+05 -4.633378982543945312e+00 -7.571662664413452148e-01 8.796895980834960938e+00
1.957799546547950013e+05 -4.639962673187255859e+00 -7.763199210166931152e-01 8.801684379577636719e+00
1.957799746743270080e+05 -4.633977413177490234e+00 -7.583633661270141602e-01 8.801085472106933594e+00
1.957799946938589856e+05 -4.639962673187255859e+00 -7.613561153411865234e-01 8.792705535888671875e+00
1.957800147133909923e+05 -4.644152641296386719e+00 -7.733271718025207520e-01 8.796895980834960938e+00
1.957800347329209908e+05 -4.624999046325683594e+00 -7.709329724311828613e-01 8.778340339660644531e+00
1.957800547829680145e+05 -4.632780075073242188e+00 -7.487865686416625977e-01 8.806472778320312500e+00
1.957800748024999921e+05 -4.626794815063476562e+00 -7.673416733741760254e-01 8.780136108398437500e+00
1.957800947915150027e+05 -4.645948410034179688e+00 -7.451952695846557617e-01 8.785523414611816406e+00
1.957801148110470094e+05 -4.626196384429931641e+00 -7.619546651840209961e-01 8.795698165893554688e+00
1.957801348305779975e+05 -4.653131008148193359e+00 -7.583633661270141602e-01 8.791508674621582031e+00
1.957801548501079960e+05 -4.639364242553710938e+00 -7.697358727455139160e-01 8.788516044616699219e+00
1.957801748696400027e+05 -4.648342609405517578e+00 -7.601590156555175781e-01 8.777742385864257812e+00
1.957801948891720094e+05 -4.628590583801269531e+00 -7.613561153411865234e-01 8.794501304626464844e+00
1.957802149087020080e+05 -4.649539470672607422e+00 -7.655459642410278320e-01 8.780735015869140625e+00
1.957802350197850028e+05 -4.633977413177490234e+00 -7.475894689559936523e-01 8.792107582092285156e+00
1.957802549782819988e+05 -4.643554210662841797e+00 -7.541735172271728516e-01 8.777143478393554688e+00
1.957802749672970094e+05 -4.637568473815917969e+00 -7.637503147125244141e-01 8.783128738403320312e+00
1.957802949868279975e+05 -4.643554210662841797e+00 -7.745242714881896973e-01 8.781332969665527344e+00
1.957803150063579960e+05 -4.619013786315917969e+00 -7.601590156555175781e-01 8.801085472106933594e+00
1.957803350258900027e+05 -4.630984783172607422e+00 -7.523778676986694336e-01 8.794501304626464844e+00
1.957803550454220094e+05 -4.626196384429931641e+00 -7.469909191131591797e-01 8.787917137145996094e+00
1.957803750954690040e+05 -4.635174274444580078e+00 -7.559691667556762695e-01 8.787319183349609375e+00
1.957803950539650104e+05 -4.627991676330566406e+00 -7.559691667556762695e-01 8.794501304626464844e+00
1.957804150734969880e+05 -4.616619586944580078e+00 -7.655459642410278320e-01 8.806472778320312500e+00
1.957804350930289947e+05 -4.663905143737792969e+00 -7.553706169128417969e-01 8.793902397155761719e+00
1.957804551125600119e+05 -4.636371612548828125e+00 -7.535749673843383789e-01 8.787917137145996094e+00
1.957804751320900104e+05 -4.635773181915283203e+00 -7.655459642410278320e-01 8.793304443359375000e+00
1.957804951516219880e+05 -4.629189014434814453e+00 -7.511807680130004883e-01 8.799888610839843750e+00
1.957805153237420018e+05 -4.634575843811035156e+00 -7.529764175415039062e-01 8.808267593383789062e+00
1.957805352212020080e+05 -4.641758441925048828e+00 -7.613561153411865234e-01 8.767566680908203125e+00
1.957805556374609878e+05 -4.634575843811035156e+00 -7.691373229026794434e-01 8.801085472106933594e+00
1.957805752602650027e+05 -4.640561580657958984e+00 -7.697358727455139160e-01 8.781931877136230469e+00
1.957805952187610092e+05 -4.641758441925048828e+00 -7.661445140838623047e-01 8.788516044616699219e+00
1.957806152382919972e+05 -4.636371612548828125e+00 -7.631517648696899414e-01 8.790909767150878906e+00
1.957806352578219958e+05 -4.633378982543945312e+00 -7.679402232170104980e-01 8.792107582092285156e+00
1.957806552773540025e+05 -4.633378982543945312e+00 -7.571662664413452148e-01 8.781931877136230469e+00
1.957806752968860092e+05 -4.635773181915283203e+00 -7.451952695846557617e-01 8.815450668334960938e+00
