5.113352355266000086e+04 -7.954735159873962402e-01 2.579752206802368164e-01 9.900024414062500000e+00
5.113354807740399701e+04 -8.062474131584167480e-01 2.400187253952026367e-01 9.894637107849121094e+00
5.113356817986499664e+04 -8.008604645729064941e-01 2.723404467105865479e-01 9.898228645324707031e+00
5.113358828282899776e+04 -7.930793166160583496e-01 2.591723203659057617e-01 9.891045570373535156e+00
5.113360835578400292e+04 -7.894880175590515137e-01 2.531868219375610352e-01 9.869498252868652344e+00
5.113362821568499930e+04 -8.116343617439270020e-01 2.579752206802368164e-01 9.860519409179687500e+00
5.113364856411299843e+04 -7.876923680305480957e-01 2.771288454532623291e-01 9.867103576660156250e+00
5.113366824186399754e+04 -7.846996188163757324e-01 2.561795711517333984e-01 9.844957351684570312e+00
5.113368825553199713e+04 -8.110358119010925293e-01 2.711433470249176025e-01 9.882067680358886719e+00
5.113370866614500119e+04 -8.050503134727478027e-01 2.585737705230712891e-01 9.849745750427246094e+00
5.113372828384800232e+04 -8.062474131584167480e-01 2.717418968677520752e-01 9.856928825378417969e+00
5.113374829849699745e+04 -7.978677153587341309e-01 2.543839216232299805e-01 9.866505622863769531e+00
5.113376855756500299e+04 -7.966706156730651855e-01 2.890998423099517822e-01 9.850942611694335938e+00
5.113378835930000059e+04 -7.930793166160583496e-01 2.585737705230712891e-01 9.856928825378417969e+00
5.113380834438699821e+04 -7.733271718025207520e-01 2.896983921527862549e-01 9.876680374145507812e+00
5.113382909251900128e+04 -8.176198601722717285e-01 2.669534981250762939e-01 9.867702484130859375e+00
5.113384840679100307e+04 -7.900865674018859863e-01 2.831143438816070557e-01 9.871294021606445312e+00
5.113386842304599850e+04 -7.990648150444030762e-01 2.717418968677520752e-01 9.861717224121093750e+00
5.113388877518999652e+04 -8.116343617439270020e-01 2.555810213088989258e-01 9.862315177917480469e+00
5.113390842569999950e+04 -7.757213711738586426e-01 2.729389965534210205e-01 9.868899345397949219e+00
5.113392843997300224e+04 -8.062474131584167480e-01 2.454056739807128906e-01 9.885060310363769531e+00
5.113394948591400316e+04 -7.846996188163757324e-01 2.687491476535797119e-01 9.880271911621093750e+00
5.113396851879099995e+04 -7.966706156730651855e-01 2.645592987537384033e-01 9.871294021606445312e+00
5.113398846703200252e+04 -8.134300112724304199e-01 2.501940727233886719e-01 9.868300437927246094e+00
5.113400899514600314e+04 -7.978677153587341309e-01 2.645592987537384033e-01 9.870096206665039062e+00
5.113402851700299652e+04 -7.924807667732238770e-01 2.723404467105865479e-01 9.857526779174804688e+00
5.113404849668800307e+04 -8.014590144157409668e-01 2.759317457675933838e-01 9.878476142883300781e+00
5.113406933076799760e+04 -7.942764163017272949e-01 2.879027426242828369e-01 9.872490882873535156e+00
5.113408854842500295e+04 -7.996633648872375488e-01 2.723404467105865479e-01 9.877877235412597656e+00
5.113410852896799770e+04 -7.996633648872375488e-01 2.615665495395660400e-01 9.863512039184570312e+00
5.113412860127000022e+04 -7.930793166160583496e-01 2.483984231948852539e-01 9.857526779174804688e+00
5.113414855180199811e+04 -7.888894677162170410e-01 2.597708702087402344e-01 9.873687744140625000e+00
5.113416853312499734e+04 -8.020575642585754395e-01 2.783259451389312744e-01 9.861118316650390625e+00
5.113418854515899875e+04 -7.763199210166931152e-01 2.663549482822418213e-01 9.879075050354003906e+00
5.113420855743900029e+04 -8.080430626869201660e-01 2.735375463962554932e-01 9.863512039184570312e+00
5.113422860043100081e+04 -7.978677153587341309e-01 2.663549482822418213e-01 9.873088836669921875e+00
5.113424858265499643e+04 -7.984662652015686035e-01 2.699462473392486572e-01 9.859921455383300781e+00
5.113426862609900127e+04 -7.930793166160583496e-01 2.813186943531036377e-01 9.874286651611328125e+00
5.113428863924000325e+04 -7.906851172447204590e-01 2.669534981250762939e-01 9.879673004150390625e+00
5.113430868309499783e+04 -7.870938181877136230e-01 2.615665495395660400e-01 9.885659217834472656e+00
5.113432866613700025e+04 -7.900865674018859863e-01 2.753331959247589111e-01 9.859322547912597656e+00
5.113434867985500023e+04 -8.014590144157409668e-01 2.723404467105865479e-01 9.867103576660156250e+00
5.113436869373700029e+04 -7.835025191307067871e-01 2.651578485965728760e-01 9.868899345397949219e+00
5.113438873829200020e+04 -7.996633648872375488e-01 2.567781209945678711e-01 9.866505622863769531e+00
5.113440872199199657e+04 -8.062474131584167480e-01 2.729389965534210205e-01 9.857526779174804688e+00
5.113442873636599688e+04 -8.032546639442443848e-01 2.705447971820831299e-01 9.879075050354003906e+00
5.113444875090399728e+04 -8.002619147300720215e-01 2.675520479679107666e-01 9.857526779174804688e+00
5.113446876560300007e+04 -8.080430626869201660e-01 2.819172441959381104e-01 9.874884605407714844e+00
5.113448878046900063e+04 -7.966706156730651855e-01 2.747346460819244385e-01 9.882665634155273438e+00
5.113450879549700039e+04 -8.254010081291198730e-01 2.639607489109039307e-01 9.874884605407714844e+00
5.113452881069100113e+04 -8.008604645729064941e-01 2.753331959247589111e-01 9.871294021606445312e+00
5.113454879549599718e+04 -7.793126702308654785e-01 2.615665495395660400e-01 9.876082420349121094e+00
5.113456884144699870e+04 -8.002619147300720215e-01 2.723404467105865479e-01 9.866505622863769531e+00
5.113458888754199870e+04 -7.936778664588928223e-01 2.633621990680694580e-01 9.874286651611328125e+00
5.113460890324800130e+04 -7.978677153587341309e-01 2.693476974964141846e-01 9.870695114135742188e+00
5.113462891907800076e+04 -8.122329115867614746e-01 2.687491476535797119e-01 9.882067680358886719e+00
5.113464893501000188e+04 -7.948749661445617676e-01 2.699462473392486572e-01 9.888651847839355469e+00
5.113466895104500145e+04 -8.026561141014099121e-01 2.657563984394073486e-01 9.876680374145507812e+00
5.113468893669100362e+04 -8.086416125297546387e-01 2.795230448246002197e-01 9.879075050354003906e+00
5.113470898346500326e+04 -7.936778664588928223e-01 2.687491476535797119e-01 9.877279281616210938e+00
5.113472893880299671e+04 -8.008604645729064941e-01 2.765302956104278564e-01 9.880870819091796875e+00
5.113474895524900057e+04 -8.044517636299133301e-01 2.621650993824005127e-01 9.873687744140625000e+00
5.113476897181600361e+04 -8.044517636299133301e-01 2.705447971820831299e-01 9.870695114135742188e+00
5.113478898846600350e+04 -7.811083197593688965e-01 2.621650993824005127e-01 9.874884605407714844e+00
5.113480897468500189e+04 -8.152256608009338379e-01 2.711433470249176025e-01 9.874884605407714844e+00
5.113482899149900186e+04 -7.960720658302307129e-01 2.621650993824005127e-01 9.894038200378417969e+00
5.113484900839500187e+04 -8.002619147300720215e-01 2.765302956104278564e-01 9.874884605407714844e+00
5.113486905588600348e+04 -7.948749661445617676e-01 2.753331959247589111e-01 9.888052940368652344e+00
5.113488904243300203e+04 -8.056488633155822754e-01 2.896983921527862549e-01 9.871294021606445312e+00
5.113490905957500217e+04 -7.990648150444030762e-01 2.609679996967315674e-01 9.869498252868652344e+00
5.113492907679900236e+04 -7.972691655158996582e-01 2.873041927814483643e-01 9.878476142883300781e+00
5.113494909410500259e+04 -7.966706156730651855e-01 2.663549482822418213e-01 9.870096206665039062e+00
5.113496911147300125e+04 -8.020575642585754395e-01 2.657563984394073486e-01 9.901819229125976562e+00
5.113498912891300279e+04 -7.876923680305480957e-01 2.657563984394073486e-01 9.871891975402832031e+00
5.113500914641300187e+04 -7.966706156730651855e-01 2.741360962390899658e-01 9.864709854125976562e+00
5.113502916397600347e+04 -7.888894677162170410e-01 2.759317457675933838e-01 9.886257171630859375e+00
5.113504918160100351e+04 -8.062474131584167480e-01 2.801215946674346924e-01 9.867702484130859375e+00
5.113506919928699790e+04 -7.906851172447204590e-01 2.519897222518920898e-01 9.874286651611328125e+00
5.113508921703400119e+04 -7.930793166160583496e-01 2.645592987537384033e-01 9.870096206665039062e+00
5.113510923483200168e+04 -7.942764163017272949e-01 2.609679996967315674e-01 9.881468772888183594e+00
5.113512925268200343e+04 -7.978677153587341309e-01 2.753331959247589111e-01 9.881468772888183594e+00
5.113514927059299953e+04 -7.954735159873962402e-01 2.735375463962554932e-01 9.863512039184570312e+00
5.113516928854599973e+04 -8.014590144157409668e-01 2.549824714660644531e-01 9.897629737854003906e+00
5.113518930655899749e+04 -8.020575642585754395e-01 2.513911724090576172e-01 9.866505622863769531e+00
5.113520932461399934e+04 -7.948749661445617676e-01 2.675520479679107666e-01 9.859921455383300781e+00
5.113522934271000122e+04 -7.906851172447204590e-01 2.699462473392486572e-01 9.868300437927246094e+00
5.113524936084700312e+04 -7.948749661445617676e-01 2.723404467105865479e-01 9.862914085388183594e+00
5.113526937902499776e+04 -7.912836670875549316e-01 2.675520479679107666e-01 9.883264541625976562e+00
5.113528939725500095e+04 -7.972691655158996582e-01 2.519897222518920898e-01 9.890447616577148438e+00
5.113530938500900083e+04 -7.990648150444030762e-01 2.687491476535797119e-01 9.861717224121093750e+00
5.113532940331999998e+04 -8.062474131584167480e-01 2.741360962390899658e-01 9.891045570373535156e+00
5.113534942167199915e+04 -7.984662652015686035e-01 2.495955228805541992e-01 9.878476142883300781e+00
5.113536944005999976e+04 -7.912836670875549316e-01 2.789244949817657471e-01 9.882067680358886719e+00
5.113538945848499861e+04 -8.032546639442443848e-01 2.705447971820831299e-01 9.886257171630859375e+00
5.113540947694399802e+04 -8.086416125297546387e-01 2.837128937244415283e-01 9.893440246582031250e+00
5.113542949543499708e+04 -7.954735159873962402e-01 2.639607489109039307e-01 9.898826599121093750e+00
5.113544951395999669e+04 -7.852981686592102051e-01 2.783259451389312744e-01 9.879075050354003906e+00
5.113546953251700324e+04 -7.966706156730651855e-01 2.603694200515747070e-01 9.873088836669921875e+00
5.113548955109999952e+04 -8.146271109580993652e-01 2.663549482822418213e-01 9.871891975402832031e+00
5.113550956971300184e+04 -8.086416125297546387e-01 2.609679996967315674e-01 9.889249801635742188e+00
5.113552958835699974e+04 -8.074445128440856934e-01 2.699462473392486572e-01 9.868300437927246094e+00
5.113554960702700191e+04 -7.894880175590515137e-01 2.777273952960968018e-01 9.873687744140625000e+00
5.113556962572199700e+04 -7.894880175590515137e-01 2.645592987537384033e-01 9.863512039184570312e+00
5.113558964444800222e+04 -8.074445128440856934e-01 2.651578485965728760e-01 9.890447616577148438e+00
5.113560966319499857e+04 -7.948749661445617676e-01 2.657563984394073486e-01 9.889249801635742188e+00
5.113562968196700240e+04 -7.960720658302307129e-01 2.783259451389312744e-01 9.883264541625976562e+00
5.113564970076600002e+04 -7.882909178733825684e-01 2.687491476535797119e-01 9.886257171630859375e+00
5.113566971958400245e+04 -7.888894677162170410e-01 2.687491476535797119e-01 9.884461402893066406e+00
5.113568973842199921e+04 -7.996633648872375488e-01 2.633621990680694580e-01 9.868300437927246094e+00
5.113570975728100166e+04 -8.020575642585754395e-01 2.735375463962554932e-01 9.895833969116210938e+00
5.113572977616199933e+04 -7.894880175590515137e-01 2.681505978107452393e-01 9.877877235412597656e+00
5.113574979506200179e+04 -8.128314614295959473e-01 2.687491476535797119e-01 9.876082420349121094e+00
5.113576981398199860e+04 -8.098387122154235840e-01 2.771288454532623291e-01 9.870096206665039062e+00
5.113578983292399789e+04 -7.960720658302307129e-01 2.681505978107452393e-01 9.901819229125976562e+00
5.113580985188700288e+04 -8.008604645729064941e-01 2.765302956104278564e-01 9.891644477844238281e+00
5.113582987086899811e+04 -7.954735159873962402e-01 2.645592987537384033e-01 9.898228645324707031e+00
5.113584988986700046e+04 -7.912836670875549316e-01 2.741360962390899658e-01 9.881468772888183594e+00
5.113586990888300352e+04 -8.194155097007751465e-01 2.639607489109039307e-01 9.890447616577148438e+00
5.113588989739699900e+04 -8.104372620582580566e-01 2.573766708374023438e-01 9.871891975402832031e+00
5.113590994695999689e+04 -7.936778664588928223e-01 2.837128937244415283e-01 9.879673004150390625e+00
5.113592996602199855e+04 -8.056488633155822754e-01 2.843114435672760010e-01 9.877877235412597656e+00
5.113594998509799916e+04 -8.044517636299133301e-01 2.627636492252349854e-01 9.879075050354003906e+00
5.113596997367100266e+04 -8.014590144157409668e-01 2.873041927814483643e-01 9.895236015319824219e+00
5.113598999277399707e+04 -7.888894677162170410e-01 2.639607489109039307e-01 9.872490882873535156e+00
5.113601001189200178e+04 -7.942764163017272949e-01 2.681505978107452393e-01 9.900024414062500000e+00
5.113603003101999639e+04 -7.954735159873962402e-01 2.729389965534210205e-01 9.892841339111328125e+00
5.113605005016100040e+04 -8.074445128440856934e-01 2.663549482822418213e-01 9.884461402893066406e+00
5.113607006930899661e+04 -8.008604645729064941e-01 2.735375463962554932e-01 9.880870819091796875e+00
5.113609008846899815e+04 -8.056488633155822754e-01 2.735375463962554932e-01 9.898228645324707031e+00
5.113611010764200182e+04 -7.906851172447204590e-01 2.663549482822418213e-01 9.863512039184570312e+00
5.113613012682599947e+04 -7.984662652015686035e-01 2.699462473392486572e-01 9.903017044067382812e+00
5.113615014602200245e+04 -7.984662652015686035e-01 2.675520479679107666e-01 9.875483512878417969e+00
5.113617016522800259e+04 -7.978677153587341309e-01 2.633621990680694580e-01 9.890447616577148438e+00
5.113619021496100322e+04 -7.918822169303894043e-01 2.609679996967315674e-01 9.867103576660156250e+00
5.113621020367000165e+04 -7.906851172447204590e-01 2.741360962390899658e-01 9.886257171630859375e+00
5.113623022290699737e+04 -7.942764163017272949e-01 2.537853717803955078e-01 9.874884605407714844e+00
5.113625024215099984e+04 -7.912836670875549316e-01 2.621650993824005127e-01 9.886257171630859375e+00
5.113627026140600356e+04 -7.996633648872375488e-01 2.579752206802368164e-01 9.882067680358886719e+00
5.113629028066799947e+04 -8.140285611152648926e-01 2.717418968677520752e-01 9.895236015319824219e+00
5.113631029994099663e+04 -7.972691655158996582e-01 2.597708702087402344e-01 9.894038200378417969e+00
5.113633031922100054e+04 -7.835025191307067871e-01 2.705447971820831299e-01 9.888052940368652344e+00
5.113635033850900072e+04 -8.086416125297546387e-01 2.669534981250762939e-01 9.896432876586914062e+00
5.113637035780499718e+04 -7.930793166160583496e-01 2.579752206802368164e-01 9.867103576660156250e+00
5.113639037710700359e+04 -8.062474131584167480e-01 2.669534981250762939e-01 9.882665634155273438e+00
5.113641039641699899e+04 -7.912836670875549316e-01 2.639607489109039307e-01 9.867103576660156250e+00
5.113643041573400114e+04 -7.817068696022033691e-01 2.771288454532623291e-01 9.895833969116210938e+00
5.113645043505699869e+04 -7.894880175590515137e-01 2.657563984394073486e-01 9.879075050354003906e+00
5.113647045438799978e+04 -8.128314614295959473e-01 2.663549482822418213e-01 9.875483512878417969e+00
5.113649047372600035e+04 -8.122329115867614746e-01 2.801215946674346924e-01 9.888052940368652344e+00
5.113651049306699861e+04 -7.900865674018859863e-01 2.651578485965728760e-01 9.880870819091796875e+00
5.113653051241600042e+04 -8.074445128440856934e-01 2.687491476535797119e-01 9.882665634155273438e+00
5.113655053177200170e+04 -7.924807667732238770e-01 2.621650993824005127e-01 9.892242431640625000e+00
5.113657055113100068e+04 -7.900865674018859863e-01 2.472013235092163086e-01 9.885060310363769531e+00
5.113659057049699913e+04 -7.894880175590515137e-01 2.639607489109039307e-01 9.893440246582031250e+00
5.113661058986800344e+04 -8.134300112724304199e-01 2.765302956104278564e-01 9.886257171630859375e+00
5.113663057872700301e+04 -7.864952683448791504e-01 2.693476974964141846e-01 9.894038200378417969e+00
5.113665062862500054e+04 -8.074445128440856934e-01 2.747346460819244385e-01 9.898826599121093750e+00
5.113667064801100059e+04 -7.727286219596862793e-01 2.717418968677520752e-01 9.893440246582031250e+00
5.113669063688399910e+04 -8.098387122154235840e-01 2.513911724090576172e-01 9.866505622863769531e+00
5.113671065627800272e+04 -7.715315222740173340e-01 2.807201445102691650e-01 9.903017044067382812e+00
5.113673067567699763e+04 -7.841010689735412598e-01 2.681505978107452393e-01 9.885060310363769531e+00
5.113675069508099841e+04 -8.080430626869201660e-01 2.657563984394073486e-01 9.878476142883300781e+00
5.113677071448799688e+04 -8.020575642585754395e-01 2.615665495395660400e-01 9.898228645324707031e+00
5.113679073389800033e+04 -7.918822169303894043e-01 2.723404467105865479e-01 9.890447616577148438e+00
5.113681075331199827e+04 -7.990648150444030762e-01 2.717418968677520752e-01 9.892242431640625000e+00
5.113683077272999799e+04 -7.942764163017272949e-01 2.603694200515747070e-01 9.876680374145507812e+00
5.113685079215300357e+04 -8.020575642585754395e-01 2.681505978107452393e-01 9.882067680358886719e+00
5.113687081157899956e+04 -8.020575642585754395e-01 2.651578485965728760e-01 9.873687744140625000e+00
5.113689083100699645e+04 -8.032546639442443848e-01 2.771288454532623291e-01 9.897629737854003906e+00
5.113691085043900239e+04 -8.092401623725891113e-01 2.807201445102691650e-01 9.877877235412597656e+00
5.113693086987500283e+04 -7.906851172447204590e-01 2.843114435672760010e-01 9.880870819091796875e+00
5.113695088931299688e+04 -7.996633648872375488e-01 2.837128937244415283e-01 9.895236015319824219e+00
5.113697090875400318e+04 -7.972691655158996582e-01 2.645592987537384033e-01 9.906607627868652344e+00
5.113699092819899670e+04 -8.026561141014099121e-01 2.699462473392486572e-01 9.895236015319824219e+00
5.113701094764500158e+04 -7.817068696022033691e-01 2.663549482822418213e-01 9.882067680358886719e+00
5.113703096709500096e+04 -7.894880175590515137e-01 2.705447971820831299e-01 9.890447616577148438e+00
5.113705098654700123e+04 -7.936778664588928223e-01 2.771288454532623291e-01 9.889249801635742188e+00
5.113707100600199919e+04 -7.942764163017272949e-01 2.454056739807128906e-01 9.889249801635742188e+00
5.113709102545800124e+04 -7.918822169303894043e-01 2.603694200515747070e-01 9.877877235412597656e+00
5.113711104491700098e+04 -7.960720658302307129e-01 2.819172441959381104e-01 9.874286651611328125e+00
5.113713106438000250e+04 -7.984662652015686035e-01 2.705447971820831299e-01 9.887454032897949219e+00
5.113715108384400082e+04 -8.050503134727478027e-01 2.603694200515747070e-01 9.897030830383300781e+00
5.113717110331099684e+04 -8.038532137870788574e-01 2.819172441959381104e-01 9.880870819091796875e+00
5.113719112278000102e+04 -7.942764163017272949e-01 2.789244949817657471e-01 9.878476142883300781e+00
5.113721114225099882e+04 -7.966706156730651855e-01 2.645592987537384033e-01 9.882665634155273438e+00
5.113723119223999674e+04 -7.990648150444030762e-01 2.621650993824005127e-01 9.883264541625976562e+00
5.113725118119500257e+04 -8.032546639442443848e-01 2.669534981250762939e-01 9.896432876586914062e+00
5.113727120067000214e+04 -7.912836670875549316e-01 2.807201445102691650e-01 9.895236015319824219e+00
5.113729122014799941e+04 -8.032546639442443848e-01 2.753331959247589111e-01 9.886257171630859375e+00
5.113731123962799757e+04 -7.966706156730651855e-01 2.597708702087402344e-01 9.874286651611328125e+00
5.113733125910899980e+04 -7.996633648872375488e-01 2.675520479679107666e-01 9.887454032897949219e+00
5.113735124807299871e+04 -8.056488633155822754e-01 2.597708702087402344e-01 9.886257171630859375e+00
5.113737126755800273e+04 -7.948749661445617676e-01 2.603694200515747070e-01 9.877877235412597656e+00
5.113739128704400355e+04 -7.996633648872375488e-01 2.693476974964141846e-01 9.869498252868652344e+00
5.113741133704799722e+04 -8.098387122154235840e-01 2.621650993824005127e-01 9.892242431640625000e+00
5.113743132601999969e+04 -7.954735159873962402e-01 2.687491476535797119e-01 9.868300437927246094e+00
5.113745137602699833e+04 -7.984662652015686035e-01 2.645592987537384033e-01 9.888651847839355469e+00
5.113747139551799773e+04 -8.086416125297546387e-01 2.663549482822418213e-01 9.882067680358886719e+00
5.113749138449299789e+04 -7.954735159873962402e-01 2.687491476535797119e-01 9.873687744140625000e+00
5.113751140398700227e+04 -7.942764163017272949e-01 2.759317457675933838e-01 9.890447616577148438e+00
5.113753142348099936e+04 -7.972691655158996582e-01 2.765302956104278564e-01 9.876680374145507812e+00
5.113755144297699735e+04 -8.032546639442443848e-01 2.795230448246002197e-01 9.893440246582031250e+00
5.113757146247300261e+04 -7.906851172447204590e-01 2.603694200515747070e-01 9.906009674072265625e+00
5.113759148197199829e+04 -7.841010689735412598e-01 2.573766708374023438e-01 9.906009674072265625e+00
5.113761150147100125e+04 -7.823054194450378418e-01 2.693476974964141846e-01 9.886856079101562500e+00
5.113763152097100101e+04 -7.948749661445617676e-01 2.819172441959381104e-01 9.900622367858886719e+00
5.113765154047199758e+04 -7.852981686592102051e-01 2.627636492252349854e-01 9.887454032897949219e+00
5.113767155997399823e+04 -8.098387122154235840e-01 2.555810213088989258e-01 9.887454032897949219e+00
5.113769157947700296e+04 -7.972691655158996582e-01 2.825157940387725830e-01 9.881468772888183594e+00
5.113771159898000042e+04 -8.170213103294372559e-01 2.531868219375610352e-01 9.866505622863769531e+00
5.113773161848499876e+04 -7.888894677162170410e-01 2.669534981250762939e-01 9.880271911621093750e+00
5.113775163799100119e+04 -7.996633648872375488e-01 2.837128937244415283e-01 9.876680374145507812e+00
5.113777165749700362e+04 -8.026561141014099121e-01 2.837128937244415283e-01 9.893440246582031250e+00
5.113779167700499966e+04 -7.972691655158996582e-01 2.705447971820831299e-01 9.892242431640625000e+00
5.113781169651300297e+04 -7.966706156730651855e-01 2.747346460819244385e-01 9.875483512878417969e+00
5.113783171602200309e+04 -7.924807667732238770e-01 2.879027426242828369e-01 9.893440246582031250e+00
5.113785173553200002e+04 -7.978677153587341309e-01 2.669534981250762939e-01 9.881468772888183594e+00
5.113787184659500053e+04 -8.008604645729064941e-01 2.603694200515747070e-01 9.897629737854003906e+00
5.113789177455299796e+04 -7.954735159873962402e-01 2.687491476535797119e-01 9.897629737854003906e+00
5.113791179406399897e+04 -8.014590144157409668e-01 2.633621990680694580e-01 9.883863449096679688e+00
5.113793181357700087e+04 -7.978677153587341309e-01 2.783259451389312744e-01 9.883863449096679688e+00
5.113795183308899868e+04 -7.954735159873962402e-01 2.687491476535797119e-01 9.879075050354003906e+00
5.113797182208499726e+04 -7.948749661445617676e-01 2.747346460819244385e-01 9.878476142883300781e+00
5.113799187211700337e+04 -7.835025191307067871e-01 2.645592987537384033e-01 9.886856079101562500e+00
5.113801189163100207e+04 -7.978677153587341309e-01 2.591723203659057617e-01 9.880870819091796875e+00
5.113803191114500078e+04 -8.026561141014099121e-01 2.675520479679107666e-01 9.891644477844238281e+00
5.113805190014300024e+04 -7.864952683448791504e-01 2.795230448246002197e-01 9.886257171630859375e+00
5.113807191965899983e+04 -8.026561141014099121e-01 2.657563984394073486e-01 9.882665634155273438e+00
5.113809193917499942e+04 -8.002619147300720215e-01 2.747346460819244385e-01 9.883264541625976562e+00
5.113811195869200310e+04 -8.026561141014099121e-01 2.687491476535797119e-01 9.859322547912597656e+00
5.113813197820899950e+04 -7.978677153587341309e-01 2.753331959247589111e-01 9.892242431640625000e+00
5.113815199772699998e+04 -8.116343617439270020e-01 2.645592987537384033e-01 9.897030830383300781e+00
5.113817201724500046e+04 -7.936778664588928223e-01 2.843114435672760010e-01 9.905410766601562500e+00
5.113819206728100107e+04 -8.008604645729064941e-01 2.717418968677520752e-01 9.886856079101562500e+00
5.113821208679900155e+04 -7.918822169303894043e-01 2.615665495395660400e-01 9.900622367858886719e+00
5.113823210631999973e+04 -7.942764163017272949e-01 2.705447971820831299e-01 9.896432876586914062e+00
5.113825209532200097e+04 -7.996633648872375488e-01 2.669534981250762939e-01 9.897629737854003906e+00
5.113827211484200234e+04 -7.835025191307067871e-01 2.783259451389312744e-01 9.889249801635742188e+00
5.113829213436300051e+04 -7.852981686592102051e-01 2.807201445102691650e-01 9.865307807922363281e+00
5.113831215388300188e+04 -7.984662652015686035e-01 2.831143438816070557e-01 9.876680374145507812e+00
5.113833217340499687e+04 -7.966706156730651855e-01 2.741360962390899658e-01 9.893440246582031250e+00
5.113835219292699912e+04 -7.954735159873962402e-01 2.795230448246002197e-01 9.876680374145507812e+00
5.113837221244900138e+04 -8.008604645729064941e-01 2.777273952960968018e-01 9.891045570373535156e+00
5.113839223197099636e+04 -7.972691655158996582e-01 2.591723203659057617e-01 9.896432876586914062e+00
5.113841225149400270e+04 -7.769184708595275879e-01 2.789244949817657471e-01 9.882665634155273438e+00
5.113843227101599769e+04 -7.894880175590515137e-01 2.777273952960968018e-01 9.876680374145507812e+00
5.113845229053799994e+04 -7.864952683448791504e-01 2.723404467105865479e-01 9.879075050354003906e+00
5.113847231006200309e+04 -7.823054194450378418e-01 2.663549482822418213e-01 9.880870819091796875e+00
5.113849232958599896e+04 -8.080430626869201660e-01 2.735375463962554932e-01 9.869498252868652344e+00
5.113851234911000211e+04 -7.763199210166931152e-01 2.717418968677520752e-01 9.881468772888183594e+00
5.113853236863399798e+04 -7.900865674018859863e-01 2.717418968677520752e-01 9.892242431640625000e+00
5.113855238815899793e+04 -7.972691655158996582e-01 2.603694200515747070e-01 9.876680374145507812e+00
5.113857240768300107e+04 -7.960720658302307129e-01 2.885012924671173096e-01 9.890447616577148438e+00
5.113859242720699694e+04 -7.978677153587341309e-01 2.675520479679107666e-01 9.897030830383300781e+00
5.113861244673100009e+04 -8.020575642585754395e-01 2.741360962390899658e-01 9.868899345397949219e+00
5.113863246625600004e+04 -7.972691655158996582e-01 2.735375463962554932e-01 9.881468772888183594e+00
5.113865248578199680e+04 -7.900865674018859863e-01 2.633621990680694580e-01 9.885060310363769531e+00
5.113867281048400037e+04 -7.894880175590515137e-01 2.693476974964141846e-01 9.872490882873535156e+00
5.113869353191400296e+04 -7.900865674018859863e-01 2.813186943531036377e-01 9.892242431640625000e+00
5.113871303264099697e+04 -8.014590144157409668e-01 2.681505978107452393e-01 9.901221275329589844e+00
5.113873305216799781e+04 -8.056488633155822754e-01 2.621650993824005127e-01 9.886257171630859375e+00
5.113875307169400185e+04 -7.793126702308654785e-01 2.591723203659057617e-01 9.870695114135742188e+00
5.113877309121999861e+04 -7.990648150444030762e-01 2.651578485965728760e-01 9.888651847839355469e+00
5.113879308022800251e+04 -7.942764163017272949e-01 2.669534981250762939e-01 9.889249801635742188e+00
5.113881313027199940e+04 -7.978677153587341309e-01 2.609679996967315674e-01 9.900024414062500000e+00
5.113883311928000330e+04 -7.912836670875549316e-01 2.627636492252349854e-01 9.871294021606445312e+00
5.113885313880699687e+04 -7.936778664588928223e-01 2.669534981250762939e-01 9.881468772888183594e+00
5.113887315833300090e+04 -8.008604645729064941e-01 2.633621990680694580e-01 9.892242431640625000e+00
5.113889317786099855e+04 -7.894880175590515137e-01 2.669534981250762939e-01 9.858723640441894531e+00
5.113891319738900347e+04 -7.906851172447204590e-01 2.675520479679107666e-01 9.891644477844238281e+00
5.113893321691700112e+04 -7.888894677162170410e-01 2.633621990680694580e-01 9.885659217834472656e+00
5.113895323644499877e+04 -7.996633648872375488e-01 2.657563984394073486e-01 9.885659217834472656e+00
5.113897325597299641e+04 -8.080430626869201660e-01 2.717418968677520752e-01 9.888651847839355469e+00
5.113899327550100134e+04 -8.032546639442443848e-01 2.717418968677520752e-01 9.876680374145507812e+00
5.113901421055600076e+04 -7.990648150444030762e-01 2.675520479679107666e-01 9.883264541625976562e+00
5.113903331455699663e+04 -7.841010689735412598e-01 2.759317457675933838e-01 9.885659217834472656e+00
5.113905333408500155e+04 -8.098387122154235840e-01 2.561795711517333984e-01 9.892242431640625000e+00
5.113907335361299920e+04 -7.846996188163757324e-01 2.920926213264465332e-01 9.892242431640625000e+00
5.113909337314099685e+04 -7.924807667732238770e-01 2.663549482822418213e-01 9.886257171630859375e+00
5.113911339266900177e+04 -7.858967185020446777e-01 2.531868219375610352e-01 9.876082420349121094e+00
5.113913368685600290e+04 -7.864952683448791504e-01 2.717418968677520752e-01 9.874884605407714844e+00
5.113915343172499706e+04 -7.954735159873962402e-01 2.777273952960968018e-01 9.876082420349121094e+00
5.113917345125399879e+04 -7.876923680305480957e-01 2.753331959247589111e-01 9.879673004150390625e+00
5.113919347078199644e+04 -8.050503134727478027e-01 2.795230448246002197e-01 9.879075050354003906e+00
5.113921349031000136e+04 -7.936778664588928223e-01 2.621650993824005127e-01 9.880271911621093750e+00
5.113923350983799901e+04 -7.996633648872375488e-01 2.861070930957794189e-01 9.885060310363769531e+00
5.113925352936599666e+04 -8.038532137870788574e-01 2.681505978107452393e-01 9.891045570373535156e+00
5.113927354889600247e+04 -7.906851172447204590e-01 2.669534981250762939e-01 9.876680374145507812e+00
5.113929356842600100e+04 -7.990648150444030762e-01 2.747346460819244385e-01 9.873088836669921875e+00
5.113931358795599954e+04 -7.876923680305480957e-01 2.549824714660644531e-01 9.878476142883300781e+00
5.113933360748599807e+04 -7.954735159873962402e-01 2.765302956104278564e-01 9.883264541625976562e+00
5.113935362701599661e+04 -8.056488633155822754e-01 2.723404467105865479e-01 9.889848709106445312e+00
5.113937364654600242e+04 -7.990648150444030762e-01 2.603694200515747070e-01 9.904213905334472656e+00
5.113939366607600095e+04 -8.032546639442443848e-01 2.819172441959381104e-01 9.880271911621093750e+00
5.113941368560599949e+04 -7.984662652015686035e-01 2.807201445102691650e-01 9.886257171630859375e+00
5.113943370513599803e+04 -8.098387122154235840e-01 2.735375463962554932e-01 9.867702484130859375e+00
5.113945372466599656e+04 -8.080430626869201660e-01 2.693476974964141846e-01 9.899425506591796875e+00
5.113947374419600237e+04 -7.894880175590515137e-01 2.747346460819244385e-01 9.893440246582031250e+00
5.113949376372600091e+04 -8.026561141014099121e-01 2.759317457675933838e-01 9.893440246582031250e+00
5.113951378325599944e+04 -7.978677153587341309e-01 2.789244949817657471e-01 9.884461402893066406e+00
5.113953377226900193e+04 -8.032546639442443848e-01 2.639607489109039307e-01 9.894637107849121094e+00
5.113955382231599651e+04 -7.936778664588928223e-01 2.729389965534210205e-01 9.873088836669921875e+00
5.113957399443400209e+04 -7.894880175590515137e-01 2.801215946674346924e-01 9.870695114135742188e+00
5.113959383085899753e+04 -7.984662652015686035e-01 2.819172441959381104e-01 9.895833969116210938e+00
5.113961427763500251e+04 -7.948749661445617676e-01 2.645592987537384033e-01 9.897030830383300781e+00
5.113963390043599793e+04 -7.930793166160583496e-01 2.771288454532623291e-01 9.900622367858886719e+00
5.113965391996599647e+04 -8.002619147300720215e-01 2.920926213264465332e-01 9.879075050354003906e+00
5.113967390897899895e+04 -8.152256608009338379e-01 2.771288454532623291e-01 9.885659217834472656e+00
5.113969392850899749e+04 -7.936778664588928223e-01 2.735375463962554932e-01 9.899425506591796875e+00
5.113971394803900330e+04 -7.966706156730651855e-01 2.645592987537384033e-01 9.893440246582031250e+00
5.113973396756900183e+04 -8.080430626869201660e-01 2.837128937244415283e-01 9.888651847839355469e+00
5.113975398709900037e+04 -8.080430626869201660e-01 2.663549482822418213e-01 9.883264541625976562e+00
5.113977400662899890e+04 -7.888894677162170410e-01 2.765302956104278564e-01 9.862315177917480469e+00
5.113979402615899744e+04 -8.044517636299133301e-01 2.729389965534210205e-01 9.890447616577148438e+00
5.113981404568900325e+04 -7.918822169303894043e-01 2.765302956104278564e-01 9.883264541625976562e+00
5.113983406521900179e+04 -8.098387122154235840e-01 2.705447971820831299e-01 9.881468772888183594e+00
5.113985408474900032e+04 -7.966706156730651855e-01 2.669534981250762939e-01 9.865307807922363281e+00
5.113987410427899886e+04 -7.900865674018859863e-01 2.705447971820831299e-01 9.885659217834472656e+00
5.113989412380899739e+04 -7.996633648872375488e-01 2.765302956104278564e-01 9.886257171630859375e+00
5.113991414333900320e+04 -8.086416125297546387e-01 2.711433470249176025e-01 9.877877235412597656e+00
5.113993416286900174e+04 -8.098387122154235840e-01 2.693476974964141846e-01 9.867103576660156250e+00
5.113995418239900027e+04 -7.918822169303894043e-01 2.675520479679107666e-01 9.862315177917480469e+00
5.113997420192899881e+04 -7.852981686592102051e-01 2.855085432529449463e-01 9.880271911621093750e+00
5.113999422145899734e+04 -7.954735159873962402e-01 2.681505978107452393e-01 9.880271911621093750e+00
5.114001424098900316e+04 -7.894880175590515137e-01 2.735375463962554932e-01 9.886257171630859375e+00
5.114003426051900169e+04 -7.858967185020446777e-01 2.807201445102691650e-01 9.858125686645507812e+00
5.114005428004900023e+04 -7.948749661445617676e-01 2.717418968677520752e-01 9.870096206665039062e+00
5.114007429957899876e+04 -7.721300721168518066e-01 2.741360962390899658e-01 9.891045570373535156e+00
5.114009431910899730e+04 -8.074445128440856934e-01 2.651578485965728760e-01 9.882665634155273438e+00
5.114011433863900311e+04 -7.852981686592102051e-01 2.843114435672760010e-01 9.892242431640625000e+00
5.114013435816900164e+04 -8.074445128440856934e-01 2.645592987537384033e-01 9.876680374145507812e+00
5.114015434718199685e+04 -7.966706156730651855e-01 2.735375463962554932e-01 9.879673004150390625e+00
5.114017439722899871e+04 -7.954735159873962402e-01 2.819172441959381104e-01 9.879673004150390625e+00
5.114019438624200120e+04 -7.882909178733825684e-01 2.735375463962554932e-01 9.873687744140625000e+00
5.114021440577199974e+04 -8.038532137870788574e-01 2.699462473392486572e-01 9.891045570373535156e+00
5.114023442530199827e+04 -8.032546639442443848e-01 2.693476974964141846e-01 9.896432876586914062e+00
5.114025444483199681e+04 -7.966706156730651855e-01 2.711433470249176025e-01 9.883264541625976562e+00
5.114027449488099955e+04 -8.026561141014099121e-01 2.771288454532623291e-01 9.891045570373535156e+00
5.114029448389600293e+04 -8.002619147300720215e-01 2.837128937244415283e-01 9.890447616577148438e+00
5.114031450342800235e+04 -7.966706156730651855e-01 2.633621990680694580e-01 9.874286651611328125e+00
5.114033452295899770e+04 -8.026561141014099121e-01 2.777273952960968018e-01 9.886856079101562500e+00
5.114035454248900351e+04 -7.900865674018859863e-01 2.867056429386138916e-01 9.875483512878417969e+00
5.114037456201999885e+04 -8.026561141014099121e-01 2.759317457675933838e-01 9.892841339111328125e+00
5.114039458155199827e+04 -7.930793166160583496e-01 2.675520479679107666e-01 9.896432876586914062e+00
5.114041460108399770e+04 -8.020575642585754395e-01 2.825157940387725830e-01 9.895833969116210938e+00
5.114043462061500031e+04 -7.864952683448791504e-01 2.627636492252349854e-01 9.883264541625976562e+00
5.114045464014499885e+04 -7.918822169303894043e-01 2.795230448246002197e-01 9.882665634155273438e+00
5.114047465967600147e+04 -7.894880175590515137e-01 2.699462473392486572e-01 9.872490882873535156e+00
5.114049467920800089e+04 -7.936778664588928223e-01 2.819172441959381104e-01 9.877877235412597656e+00
5.114051469874000031e+04 -7.763199210166931152e-01 2.693476974964141846e-01 9.890447616577148438e+00
5.114053471827199974e+04 -8.080430626869201660e-01 2.639607489109039307e-01 9.846154212951660156e+00
5.114055473780199827e+04 -7.900865674018859863e-01 2.681505978107452393e-01 9.874286651611328125e+00
5.114057475733199681e+04 -7.942764163017272949e-01 2.693476974964141846e-01 9.881468772888183594e+00
5.114059477686400351e+04 -8.092401623725891113e-01 2.675520479679107666e-01 9.865906715393066406e+00
5.114061479639600293e+04 -7.942764163017272949e-01 2.525882720947265625e-01 9.883863449096679688e+00
5.114063481592800235e+04 -8.086416125297546387e-01 2.603694200515747070e-01 9.890447616577148438e+00
5.114065483545899770e+04 -8.002619147300720215e-01 2.741360962390899658e-01 9.889848709106445312e+00
5.114067485498900351e+04 -7.912836670875549316e-01 2.579752206802368164e-01 9.902418136596679688e+00
5.114069487451999885e+04 -8.032546639442443848e-01 2.723404467105865479e-01 9.885659217834472656e+00
5.114071489405199827e+04 -7.984662652015686035e-01 2.747346460819244385e-01 9.880870819091796875e+00
5.114073491358399770e+04 -8.050503134727478027e-01 2.729389965534210205e-01 9.873088836669921875e+00
5.114075493311500031e+04 -7.978677153587341309e-01 2.723404467105865479e-01 9.873687744140625000e+00
5.114077495264499885e+04 -7.936778664588928223e-01 2.729389965534210205e-01 9.871891975402832031e+00
5.114079497217600147e+04 -8.032546639442443848e-01 2.729389965534210205e-01 9.879075050354003906e+00
5.114081499170800089e+04 -8.020575642585754395e-01 2.735375463962554932e-01 9.880870819091796875e+00
5.114083501124000031e+04 -7.912836670875549316e-01 2.633621990680694580e-01 9.873687744140625000e+00
5.114085503077199974e+04 -7.996633648872375488e-01 2.717418968677520752e-01 9.879075050354003906e+00
5.114087505030199827e+04 -7.793126702308654785e-01 2.657563984394073486e-01 9.898228645324707031e+00
5.114089503931399668e+04 -8.002619147300720215e-01 2.753331959247589111e-01 9.866505622863769531e+00
5.114091505884600338e+04 -7.829039692878723145e-01 2.705447971820831299e-01 9.894637107849121094e+00
5.114093507837800280e+04 -7.906851172447204590e-01 2.765302956104278564e-01 9.889848709106445312e+00
5.114095509791000222e+04 -7.972691655158996582e-01 2.825157940387725830e-01 9.887454032897949219e+00
5.114097514795899770e+04 -7.996633648872375488e-01 2.693476974964141846e-01 9.880271911621093750e+00
5.114099513697100338e+04 -7.948749661445617676e-01 2.513911724090576172e-01 9.881468772888183594e+00
5.114101515650199872e+04 -8.068459630012512207e-01 2.753331959247589111e-01 9.880870819091796875e+00
5.114103517603399814e+04 -7.966706156730651855e-01 2.525882720947265625e-01 9.892242431640625000e+00
5.114105519556599756e+04 -7.948749661445617676e-01 2.675520479679107666e-01 9.886257171630859375e+00
5.114107521509700018e+04 -7.948749661445617676e-01 2.771288454532623291e-01 9.887454032897949219e+00
5.114109523462699872e+04 -7.984662652015686035e-01 2.603694200515747070e-01 9.889249801635742188e+00
5.114111525415800133e+04 -8.032546639442443848e-01 2.789244949817657471e-01 9.874286651611328125e+00
5.114113527369000076e+04 -7.912836670875549316e-01 2.507926225662231445e-01 9.879075050354003906e+00
5.114115529322200018e+04 -8.086416125297546387e-01 2.741360962390899658e-01 9.880870819091796875e+00
5.114117531275399961e+04 -8.056488633155822754e-01 2.663549482822418213e-01 9.877279281616210938e+00
5.114119536280199827e+04 -8.080430626869201660e-01 2.783259451389312744e-01 9.886257171630859375e+00
5.114121538233199681e+04 -8.122329115867614746e-01 2.711433470249176025e-01 9.879075050354003906e+00
5.114123537134600338e+04 -7.978677153587341309e-01 2.687491476535797119e-01 9.900622367858886719e+00
5.114125539087800280e+04 -7.954735159873962402e-01 2.693476974964141846e-01 9.869498252868652344e+00
5.114127541041000222e+04 -7.876923680305480957e-01 2.813186943531036377e-01 9.875483512878417969e+00
5.114129542994099756e+04 -7.852981686592102051e-01 2.789244949817657471e-01 9.870695114135742188e+00
5.114131544947100338e+04 -7.817068696022033691e-01 2.777273952960968018e-01 9.877279281616210938e+00
5.114133546900199872e+04 -7.990648150444030762e-01 2.735375463962554932e-01 9.874286651611328125e+00
5.114135548853399814e+04 -7.954735159873962402e-01 2.902969419956207275e-01 9.870096206665039062e+00
5.114137550806599756e+04 -8.134300112724304199e-01 2.759317457675933838e-01 9.884461402893066406e+00
5.114139552759700018e+04 -7.942764163017272949e-01 2.879027426242828369e-01 9.877877235412597656e+00
5.114141554712699872e+04 -7.924807667732238770e-01 2.681505978107452393e-01 9.889249801635742188e+00
5.114143556665800133e+04 -7.978677153587341309e-01 2.777273952960968018e-01 9.874286651611328125e+00
5.114145558619000076e+04 -7.835025191307067871e-01 2.890998423099517822e-01 9.871294021606445312e+00
5.114147560572200018e+04 -7.990648150444030762e-01 2.681505978107452393e-01 9.889848709106445312e+00
5.114149562525399961e+04 -7.846996188163757324e-01 2.723404467105865479e-01 9.896432876586914062e+00
5.114151564478399814e+04 -7.924807667732238770e-01 2.801215946674346924e-01 9.874884605407714844e+00
5.114153566431399668e+04 -7.954735159873962402e-01 2.759317457675933838e-01 9.894637107849121094e+00
5.114155568384600338e+04 -7.978677153587341309e-01 2.873041927814483643e-01 9.871891975402832031e+00
5.114157570337800280e+04 -7.894880175590515137e-01 2.735375463962554932e-01 9.874286651611328125e+00
5.114159572291000222e+04 -7.739257216453552246e-01 2.759317457675933838e-01 9.888052940368652344e+00
5.114161574244099756e+04 -7.930793166160583496e-01 2.621650993824005127e-01 9.892841339111328125e+00
5.114163576197100338e+04 -7.936778664588928223e-01 2.837128937244415283e-01 9.878476142883300781e+00
5.114165578150199872e+04 -7.906851172447204590e-01 2.831143438816070557e-01 9.876680374145507812e+00
5.114167580103399814e+04 -8.020575642585754395e-01 2.801215946674346924e-01 9.853935241699218750e+00
5.114169582056599756e+04 -8.104372620582580566e-01 2.867056429386138916e-01 9.876082420349121094e+00
5.114171580957999686e+04 -7.978677153587341309e-01 2.789244949817657471e-01 9.882067680358886719e+00
5.114173582911000267e+04 -7.906851172447204590e-01 2.675520479679107666e-01 9.872490882873535156e+00
5.114175584864099801e+04 -8.014590144157409668e-01 2.735375463962554932e-01 9.876680374145507812e+00
5.114177586817299743e+04 -7.900865674018859863e-01 2.693476974964141846e-01 9.875483512878417969e+00
5.114179591822200018e+04 -7.936778664588928223e-01 2.705447971820831299e-01 9.871294021606445312e+00
5.114181590723700356e+04 -7.817068696022033691e-01 2.849099934101104736e-01 9.903017044067382812e+00
5.114183595728399814e+04 -8.062474131584167480e-01 2.735375463962554932e-01 9.886856079101562500e+00
5.114185597681500076e+04 -7.954735159873962402e-01 2.902969419956207275e-01 9.876082420349121094e+00
5.114187596582999686e+04 -7.835025191307067871e-01 2.837128937244415283e-01 9.894637107849121094e+00
5.114189601587899961e+04 -8.002619147300720215e-01 2.699462473392486572e-01 9.874884605407714844e+00
5.114191603540899814e+04 -7.990648150444030762e-01 2.645592987537384033e-01 9.879075050354003906e+00
5.114193602442299743e+04 -7.930793166160583496e-01 2.705447971820831299e-01 9.888052940368652344e+00
5.114195604395499686e+04 -7.978677153587341309e-01 2.717418968677520752e-01 9.856329917907714844e+00
5.114197606348700356e+04 -7.960720658302307129e-01 2.717418968677520752e-01 9.885659217834472656e+00
5.114199608301700209e+04 -7.900865674018859863e-01 2.873041927814483643e-01 9.893440246582031250e+00
5.114201610254799743e+04 -8.020575642585754395e-01 2.693476974964141846e-01 9.895833969116210938e+00
5.114203612207999686e+04 -7.966706156730651855e-01 2.801215946674346924e-01 9.888651847839355469e+00
5.114205614161200356e+04 -7.984662652015686035e-01 2.699462473392486572e-01 9.890447616577148438e+00
5.114207616114200209e+04 -8.008604645729064941e-01 2.717418968677520752e-01 9.878476142883300781e+00
5.114209618067299743e+04 -8.020575642585754395e-01 2.615665495395660400e-01 9.879075050354003906e+00
5.114211620020499686e+04 -8.056488633155822754e-01 2.759317457675933838e-01 9.890447616577148438e+00
5.114213621973700356e+04 -7.972691655158996582e-01 2.813186943531036377e-01 9.906607627868652344e+00
5.114215623926700209e+04 -7.978677153587341309e-01 2.621650993824005127e-01 9.889848709106445312e+00
5.114217625879799743e+04 -8.020575642585754395e-01 2.849099934101104736e-01 9.884461402893066406e+00
5.114219627832999686e+04 -7.936778664588928223e-01 2.807201445102691650e-01 9.872490882873535156e+00
5.114221632837899961e+04 -7.882909178733825684e-01 2.867056429386138916e-01 9.871891975402832031e+00
5.114223634790899814e+04 -7.924807667732238770e-01 2.867056429386138916e-01 9.895833969116210938e+00
5.114225633692299743e+04 -7.906851172447204590e-01 2.783259451389312744e-01 9.897030830383300781e+00
5.114227608179600065e+04 -7.894880175590515137e-01 2.735375463962554932e-01 9.871891975402832031e+00
5.114229628443399997e+04 -7.906851172447204590e-01 2.807201445102691650e-01 9.894637107849121094e+00
5.114231630396399851e+04 -8.110358119010925293e-01 2.896983921527862549e-01 9.883264541625976562e+00
5.114233629297700099e+04 -7.996633648872375488e-01 2.723404467105865479e-01 9.906607627868652344e+00
5.114235631250900042e+04 -8.038532137870788574e-01 2.771288454532623291e-01 9.903017044067382812e+00
5.114237636255899997e+04 -7.942764163017272949e-01 2.813186943531036377e-01 9.914389610290527344e+00
5.114239635157099838e+04 -7.894880175590515137e-01 2.765302956104278564e-01 9.931747436523437500e+00
5.114241637110200099e+04 -7.870938181877136230e-01 2.729389965534210205e-01 9.917980194091796875e+00
5.114243639063400042e+04 -7.990648150444030762e-01 2.687491476535797119e-01 9.912593841552734375e+00
5.114245641016599984e+04 -8.008604645729064941e-01 2.603694200515747070e-01 9.943120002746582031e+00
5.114247642969599838e+04 -7.930793166160583496e-01 2.603694200515747070e-01 9.921571731567382812e+00
5.114249644922700099e+04 -7.912836670875549316e-01 2.771288454532623291e-01 9.928155899047851562e+00
5.114251646875900042e+04 -8.044517636299133301e-01 2.585737705230712891e-01 9.924564361572265625e+00
5.114253648829099984e+04 -7.912836670875549316e-01 2.573766708374023438e-01 9.918579101562500000e+00
5.114255650782099838e+04 -7.930793166160583496e-01 2.513911724090576172e-01 9.930550575256347656e+00
5.114257652735200099e+04 -7.984662652015686035e-01 2.513911724090576172e-01 9.923966407775878906e+00
5.114259654688400042e+04 -8.014590144157409668e-01 2.675520479679107666e-01 9.920374870300292969e+00
5.114261656641599984e+04 -7.942764163017272949e-01 2.711433470249176025e-01 9.914987564086914062e+00
5.114263658594599838e+04 -8.008604645729064941e-01 2.591723203659057617e-01 9.929352760314941406e+00
5.114265663599500112e+04 -8.056488633155822754e-01 2.633621990680694580e-01 9.906607627868652344e+00
5.114267662500900042e+04 -7.966706156730651855e-01 2.639607489109039307e-01 9.944316864013671875e+00
5.114269664454099984e+04 -8.062474131584167480e-01 2.537853717803955078e-01 9.912593841552734375e+00
5.114271666407099838e+04 -8.086416125297546387e-01 2.483984231948852539e-01 9.928754806518554688e+00
5.114273668360200099e+04 -7.936778664588928223e-01 2.711433470249176025e-01 9.916184425354003906e+00
5.114275670313400042e+04 -8.080430626869201660e-01 2.549824714660644531e-01 9.928155899047851562e+00
5.114277672266599984e+04 -8.074445128440856934e-01 2.585737705230712891e-01 9.923966407775878906e+00
5.114279674219599838e+04 -7.948749661445617676e-01 2.615665495395660400e-01 9.909002304077148438e+00
5.114281676172700099e+04 -7.930793166160583496e-01 2.591723203659057617e-01 9.930550575256347656e+00
5.114283678125900042e+04 -8.020575642585754395e-01 2.783259451389312744e-01 9.905410766601562500e+00
5.114285680079099984e+04 -7.805097699165344238e-01 2.633621990680694580e-01 9.950302124023437500e+00
5.114287682032099838e+04 -7.996633648872375488e-01 2.585737705230712891e-01 9.911994934082031250e+00
5.114289683985200099e+04 -7.906851172447204590e-01 2.579752206802368164e-01 9.923966407775878906e+00
5.114291685938400042e+04 -7.906851172447204590e-01 2.537853717803955078e-01 9.922170639038085938e+00
5.114293687891599984e+04 -7.948749661445617676e-01 2.519897222518920898e-01 9.922170639038085938e+00
5.114295689844599838e+04 -8.032546639442443848e-01 2.669534981250762939e-01 9.927556991577148438e+00
5.114297691797700099e+04 -7.936778664588928223e-01 2.591723203659057617e-01 9.909002304077148438e+00
5.114299693750900042e+04 -7.954735159873962402e-01 2.549824714660644531e-01 9.920374870300292969e+00
5.114301695704099984e+04 -8.032546639442443848e-01 2.603694200515747070e-01 9.900024414062500000e+00
5.114303697657099838e+04 -7.972691655158996582e-01 2.579752206802368164e-01 9.896432876586914062e+00
5.114305699610200099e+04 -8.110358119010925293e-01 2.513911724090576172e-01 9.898826599121093750e+00
5.114307701563400042e+04 -8.080430626869201660e-01 2.675520479679107666e-01 9.903614997863769531e+00
5.114309703516599984e+04 -7.918822169303894043e-01 2.615665495395660400e-01 9.908403396606445312e+00
5.114311705469599838e+04 -7.894880175590515137e-01 2.693476974964141846e-01 9.916184425354003906e+00
5.114313707422700099e+04 -8.020575642585754395e-01 2.615665495395660400e-01 9.914389610290527344e+00
5.114315709375900042e+04 -7.846996188163757324e-01 2.591723203659057617e-01 9.914987564086914062e+00
5.114317711329099984e+04 -8.038532137870788574e-01 2.681505978107452393e-01 9.912593841552734375e+00
5.114319713282099838e+04 -8.080430626869201660e-01 2.627636492252349854e-01 9.922170639038085938e+00
5.114321715235200099e+04 -7.900865674018859863e-01 2.543839216232299805e-01 9.897629737854003906e+00
5.114323717188400042e+04 -7.948749661445617676e-01 2.681505978107452393e-01 9.897030830383300781e+00
5.114325719141599984e+04 -7.984662652015686035e-01 2.675520479679107666e-01 9.914389610290527344e+00
5.114327721094599838e+04 -8.008604645729064941e-01 2.633621990680694580e-01 9.922768592834472656e+00
5.114329723047700099e+04 -7.870938181877136230e-01 2.669534981250762939e-01 9.909601211547851562e+00
5.114331721949199709e+04 -8.074445128440856934e-01 2.705447971820831299e-01 9.919178009033203125e+00
5.114333723902399652e+04 -7.846996188163757324e-01 2.693476974964141846e-01 9.894038200378417969e+00
5.114335725855400233e+04 -7.936778664588928223e-01 2.573766708374023438e-01 9.922768592834472656e+00
5.114337730860200099e+04 -7.912836670875549316e-01 2.603694200515747070e-01 9.920374870300292969e+00
5.114339732813400042e+04 -7.900865674018859863e-01 2.765302956104278564e-01 9.914987564086914062e+00
5.114341777491199900e+04 -7.972691655158996582e-01 2.717418968677520752e-01 9.909601211547851562e+00
5.114343736719599838e+04 -7.954735159873962402e-01 2.717418968677520752e-01 9.912593841552734375e+00
5.114345738672700099e+04 -8.026561141014099121e-01 2.651578485965728760e-01 9.909601211547851562e+00
5.114347737574199709e+04 -8.014590144157409668e-01 2.507926225662231445e-01 9.921571731567382812e+00
5.114349739527399652e+04 -7.930793166160583496e-01 2.531868219375610352e-01 9.906607627868652344e+00
5.114351741480400233e+04 -8.080430626869201660e-01 2.591723203659057617e-01 9.906009674072265625e+00
5.114353789209800016e+04 -7.978677153587341309e-01 2.675520479679107666e-01 9.899425506591796875e+00
5.114355745386699709e+04 -7.894880175590515137e-01 2.651578485965728760e-01 9.917980194091796875e+00
5.114357747339899652e+04 -7.918822169303894043e-01 2.675520479679107666e-01 9.910798072814941406e+00
5.114359749292900233e+04 -8.026561141014099121e-01 2.561795711517333984e-01 9.897030830383300781e+00
5.114361751245999767e+04 -7.799112200736999512e-01 2.585737705230712891e-01 9.895236015319824219e+00
5.114363753199199709e+04 -8.098387122154235840e-01 2.507926225662231445e-01 9.914389610290527344e+00
5.114365755152399652e+04 -8.128314614295959473e-01 2.639607489109039307e-01 9.906607627868652344e+00
5.114367757105400233e+04 -7.990648150444030762e-01 2.747346460819244385e-01 9.910199165344238281e+00
5.114369759058499767e+04 -7.954735159873962402e-01 2.567781209945678711e-01 9.911994934082031250e+00
5.114371761011699709e+04 -8.002619147300720215e-01 2.639607489109039307e-01 9.908403396606445312e+00
5.114373762964899652e+04 -7.984662652015686035e-01 2.705447971820831299e-01 9.899425506591796875e+00
5.114375764917900233e+04 -8.050503134727478027e-01 2.633621990680694580e-01 9.907805442810058594e+00
5.114377766870999767e+04 -8.008604645729064941e-01 2.591723203659057617e-01 9.899425506591796875e+00
5.114379768824199709e+04 -8.050503134727478027e-01 2.663549482822418213e-01 9.898826599121093750e+00
5.114381770777399652e+04 -7.918822169303894043e-01 2.561795711517333984e-01 9.900622367858886719e+00
5.114383772730400233e+04 -7.870938181877136230e-01 2.585737705230712891e-01 9.929951667785644531e+00
5.114385774683499767e+04 -8.236053586006164551e-01 2.699462473392486572e-01 9.900024414062500000e+00
5.114387773584899696e+04 -7.942764163017272949e-01 2.705447971820831299e-01 9.907805442810058594e+00
5.114389778589899652e+04 -7.906851172447204590e-01 2.735375463962554932e-01 9.901819229125976562e+00
5.114391780542900233e+04 -7.924807667732238770e-01 2.615665495395660400e-01 9.909002304077148438e+00
5.114393782495999767e+04 -7.876923680305480957e-01 2.651578485965728760e-01 9.911396026611328125e+00
5.114395784449199709e+04 -7.846996188163757324e-01 2.567781209945678711e-01 9.903017044067382812e+00
5.114397786402399652e+04 -7.829039692878723145e-01 2.531868219375610352e-01 9.907206535339355469e+00
5.114399788355400233e+04 -8.032546639442443848e-01 2.537853717803955078e-01 9.898826599121093750e+00
5.114401790308499767e+04 -7.936778664588928223e-01 2.663549482822418213e-01 9.908403396606445312e+00
5.114403792261699709e+04 -8.014590144157409668e-01 2.591723203659057617e-01 9.904213905334472656e+00
5.114405791163099639e+04 -7.984662652015686035e-01 2.657563984394073486e-01 9.886257171630859375e+00
5.114407793116100220e+04 -7.948749661445617676e-01 2.687491476535797119e-01 9.901221275329589844e+00
5.114409795069199754e+04 -7.858967185020446777e-01 2.621650993824005127e-01 9.919178009033203125e+00
5.114411797022399696e+04 -8.074445128440856934e-01 2.573766708374023438e-01 9.881468772888183594e+00
5.114413798975599639e+04 -7.984662652015686035e-01 2.627636492252349854e-01 9.915586471557617188e+00
5.114415800928600220e+04 -7.918822169303894043e-01 2.633621990680694580e-01 9.912593841552734375e+00
5.114417805933499767e+04 -7.918822169303894043e-01 2.597708702087402344e-01 9.906009674072265625e+00
5.114419807886699709e+04 -7.960720658302307129e-01 2.603694200515747070e-01 9.906607627868652344e+00
5.114421809839899652e+04 -7.811083197593688965e-01 2.687491476535797119e-01 9.903017044067382812e+00
5.114423811792900233e+04 -7.930793166160583496e-01 2.483984231948852539e-01 9.906009674072265625e+00
5.114425813745999767e+04 -7.745242714881896973e-01 2.633621990680694580e-01 9.914987564086914062e+00
5.114427815699199709e+04 -8.008604645729064941e-01 2.489969730377197266e-01 9.914389610290527344e+00
5.114429817652399652e+04 -8.128314614295959473e-01 2.669534981250762939e-01 9.900622367858886719e+00
5.114431816553600220e+04 -8.008604645729064941e-01 2.687491476535797119e-01 9.900024414062500000e+00
5.114433818506699754e+04 -7.978677153587341309e-01 2.591723203659057617e-01 9.894038200378417969e+00
5.114435820459899696e+04 -8.008604645729064941e-01 2.687491476535797119e-01 9.904812812805175781e+00
5.114437822413099639e+04 -8.002619147300720215e-01 2.495955228805541992e-01 9.903017044067382812e+00
5.114439824366100220e+04 -8.068459630012512207e-01 2.657563984394073486e-01 9.923367500305175781e+00
5.114441826319199754e+04 -7.942764163017272949e-01 2.561795711517333984e-01 9.904812812805175781e+00
5.114443828272399696e+04 -7.978677153587341309e-01 2.633621990680694580e-01 9.888052940368652344e+00
5.114445830225599639e+04 -7.990648150444030762e-01 2.567781209945678711e-01 9.891045570373535156e+00
5.114447832178600220e+04 -7.972691655158996582e-01 2.567781209945678711e-01 9.904213905334472656e+00
5.114449834131699754e+04 -8.032546639442443848e-01 2.507926225662231445e-01 9.916783332824707031e+00
5.114451836084899696e+04 -8.044517636299133301e-01 2.507926225662231445e-01 9.904812812805175781e+00
5.114453838038099639e+04 -8.074445128440856934e-01 2.723404467105865479e-01 9.902418136596679688e+00
5.114455839991100220e+04 -7.960720658302307129e-01 2.615665495395660400e-01 9.902418136596679688e+00
5.114457841944199754e+04 -7.912836670875549316e-01 2.663549482822418213e-01 9.910798072814941406e+00
5.114459843897399696e+04 -8.008604645729064941e-01 2.759317457675933838e-01 9.900024414062500000e+00
5.114461845850599639e+04 -7.811083197593688965e-01 2.675520479679107666e-01 9.910798072814941406e+00
5.114463847803600220e+04 -7.954735159873962402e-01 2.663549482822418213e-01 9.907206535339355469e+00
5.114465849756699754e+04 -7.984662652015686035e-01 2.525882720947265625e-01 9.900622367858886719e+00
5.114467851709899696e+04 -7.864952683448791504e-01 2.711433470249176025e-01 9.904812812805175781e+00
5.114469853663099639e+04 -7.799112200736999512e-01 2.651578485965728760e-01 9.899425506591796875e+00
5.114471855616100220e+04 -7.936778664588928223e-01 2.789244949817657471e-01 9.893440246582031250e+00
5.114473857569199754e+04 -7.996633648872375488e-01 2.723404467105865479e-01 9.906607627868652344e+00
5.114475856470700091e+04 -7.852981686592102051e-01 2.657563984394073486e-01 9.916184425354003906e+00
5.114477861475599639e+04 -8.008604645729064941e-01 2.567781209945678711e-01 9.903017044067382812e+00
5.114479860376899887e+04 -8.104372620582580566e-01 2.717418968677520752e-01 9.900024414062500000e+00
5.114481862330000149e+04 -8.074445128440856934e-01 2.615665495395660400e-01 9.911994934082031250e+00
5.114483864283200091e+04 -8.050503134727478027e-01 2.681505978107452393e-01 9.893440246582031250e+00
5.114485866236400034e+04 -7.948749661445617676e-01 2.633621990680694580e-01 9.908403396606445312e+00
5.114487868189399887e+04 -8.092401623725891113e-01 2.460042238235473633e-01 9.920374870300292969e+00
5.114489870142500149e+04 -7.829039692878723145e-01 2.669534981250762939e-01 9.914987564086914062e+00
5.114491872095700091e+04 -7.906851172447204590e-01 2.699462473392486572e-01 9.905410766601562500e+00
5.114493874048900034e+04 -8.014590144157409668e-01 2.537853717803955078e-01 9.907805442810058594e+00
5.114495876001899887e+04 -7.990648150444030762e-01 2.711433470249176025e-01 9.910199165344238281e+00
5.114497877955000149e+04 -8.104372620582580566e-01 2.890998423099517822e-01 9.906009674072265625e+00
5.114499879908200091e+04 -8.026561141014099121e-01 2.466027736663818359e-01 9.897030830383300781e+00
5.114501884913099639e+04 -7.984662652015686035e-01 2.549824714660644531e-01 9.886257171630859375e+00
5.114503886866100220e+04 -8.014590144157409668e-01 2.585737705230712891e-01 9.902418136596679688e+00
5.114505885767599830e+04 -7.990648150444030762e-01 2.531868219375610352e-01 9.893440246582031250e+00
5.114507887720799772e+04 -7.942764163017272949e-01 2.531868219375610352e-01 9.922768592834472656e+00
5.114509889673800353e+04 -7.966706156730651855e-01 2.537853717803955078e-01 9.917382240295410156e+00
5.114511891626899887e+04 -7.966706156730651855e-01 2.681505978107452393e-01 9.895833969116210938e+00
5.114513893580099830e+04 -7.858967185020446777e-01 2.663549482822418213e-01 9.908403396606445312e+00
5.114515895533299772e+04 -8.068459630012512207e-01 2.615665495395660400e-01 9.878476142883300781e+00
5.114517897486300353e+04 -8.080430626869201660e-01 2.597708702087402344e-01 9.910798072814941406e+00
5.114519899439399887e+04 -8.062474131584167480e-01 2.735375463962554932e-01 9.891644477844238281e+00
5.114521901392599830e+04 -7.930793166160583496e-01 2.669534981250762939e-01 9.895833969116210938e+00
5.114523903345799772e+04 -7.852981686592102051e-01 2.693476974964141846e-01 9.901819229125976562e+00
5.114525905298800353e+04 -8.086416125297546387e-01 2.663549482822418213e-01 9.921571731567382812e+00
5.114527907251899887e+04 -7.876923680305480957e-01 2.645592987537384033e-01 9.891045570373535156e+00
5.114529906153299817e+04 -7.906851172447204590e-01 2.633621990680694580e-01 9.912593841552734375e+00
5.114531908106499759e+04 -7.841010689735412598e-01 2.627636492252349854e-01 9.901819229125976562e+00
5.114533910059500340e+04 -7.894880175590515137e-01 2.639607489109039307e-01 9.899425506591796875e+00
5.114535912012599874e+04 -7.870938181877136230e-01 2.579752206802368164e-01 9.895833969116210938e+00
5.114537913965799817e+04 -7.912836670875549316e-01 2.645592987537384033e-01 9.894637107849121094e+00
5.114539915918999759e+04 -7.942764163017272949e-01 2.621650993824005127e-01 9.888651847839355469e+00
5.114541917872000340e+04 -8.008604645729064941e-01 2.597708702087402344e-01 9.902418136596679688e+00
5.114543919825099874e+04 -8.092401623725891113e-01 2.627636492252349854e-01 9.902418136596679688e+00
5.114545921778299817e+04 -8.188169598579406738e-01 2.675520479679107666e-01 9.895236015319824219e+00
5.114547923731499759e+04 -7.978677153587341309e-01 2.639607489109039307e-01 9.907206535339355469e+00
5.114549925684500340e+04 -7.912836670875549316e-01 2.585737705230712891e-01 9.895236015319824219e+00
5.114551927637599874e+04 -7.966706156730651855e-01 2.717418968677520752e-01 9.901819229125976562e+00
5.114553929590799817e+04 -7.918822169303894043e-01 2.657563984394073486e-01 9.901221275329589844e+00
5.114555931543999759e+04 -7.906851172447204590e-01 2.621650993824005127e-01 9.888651847839355469e+00
5.114557933497000340e+04 -8.032546639442443848e-01 2.519897222518920898e-01 9.914389610290527344e+00
5.114559935450099874e+04 -7.954735159873962402e-01 2.639607489109039307e-01 9.900622367858886719e+00
5.114561937403299817e+04 -8.032546639442443848e-01 2.633621990680694580e-01 9.903017044067382812e+00
5.114563939356499759e+04 -8.008604645729064941e-01 2.627636492252349854e-01 9.885659217834472656e+00
5.114565941309500340e+04 -8.002619147300720215e-01 2.681505978107452393e-01 9.924564361572265625e+00
5.114567943262599874e+04 -8.068459630012512207e-01 2.669534981250762939e-01 9.909601211547851562e+00
5.114569945215799817e+04 -7.960720658302307129e-01 2.501940727233886719e-01 9.909002304077148438e+00
5.114571947168999759e+04 -8.038532137870788574e-01 2.579752206802368164e-01 9.894038200378417969e+00
5.114573949122000340e+04 -7.912836670875549316e-01 2.579752206802368164e-01 9.900622367858886719e+00
5.114575951075099874e+04 -7.912836670875549316e-01 2.639607489109039307e-01 9.900024414062500000e+00
5.114577953028299817e+04 -7.972691655158996582e-01 2.663549482822418213e-01 9.904213905334472656e+00
5.114579954981499759e+04 -7.990648150444030762e-01 2.621650993824005127e-01 9.903614997863769531e+00
5.114581956934500340e+04 -8.068459630012512207e-01 2.651578485965728760e-01 9.909601211547851562e+00
5.114583958887599874e+04 -7.918822169303894043e-01 2.489969730377197266e-01 9.893440246582031250e+00
5.114585960840799817e+04 -7.990648150444030762e-01 2.657563984394073486e-01 9.897629737854003906e+00
5.114587962793999759e+04 -7.972691655158996582e-01 2.669534981250762939e-01 9.911994934082031250e+00
5.114589964747000340e+04 -7.978677153587341309e-01 2.621650993824005127e-01 9.905410766601562500e+00
5.114591966700099874e+04 -7.882909178733825684e-01 2.615665495395660400e-01 9.898228645324707031e+00
5.114593968653299817e+04 -7.996633648872375488e-01 2.633621990680694580e-01 9.898228645324707031e+00
5.114595970606499759e+04 -7.984662652015686035e-01 2.621650993824005127e-01 9.914987564086914062e+00
5.114597972559500340e+04 -7.900865674018859863e-01 2.735375463962554932e-01 9.910199165344238281e+00
5.114599974512599874e+04 -7.936778664588928223e-01 2.663549482822418213e-01 9.926959037780761719e+00
5.114601976465799817e+04 -8.158242106437683105e-01 2.627636492252349854e-01 9.911396026611328125e+00
5.114603975367199746e+04 -7.984662652015686035e-01 2.573766708374023438e-01 9.888052940368652344e+00
5.114605980372000340e+04 -7.787141203880310059e-01 2.591723203659057617e-01 9.907206535339355469e+00
5.114607982325099874e+04 -8.056488633155822754e-01 2.669534981250762939e-01 9.906607627868652344e+00
5.114609984278299817e+04 -7.984662652015686035e-01 2.633621990680694580e-01 9.889249801635742188e+00
5.114611986231499759e+04 -7.930793166160583496e-01 2.555810213088989258e-01 9.888651847839355469e+00
5.114613985132700327e+04 -7.900865674018859863e-01 2.627636492252349854e-01 9.906607627868652344e+00
5.114615990137599874e+04 -7.924807667732238770e-01 2.663549482822418213e-01 9.876082420349121094e+00
5.114617989038999804e+04 -7.990648150444030762e-01 2.489969730377197266e-01 9.904213905334472656e+00
5.114619990992199746e+04 -7.954735159873962402e-01 2.567781209945678711e-01 9.901221275329589844e+00
5.114621992945200327e+04 -7.924807667732238770e-01 2.645592987537384033e-01 9.881468772888183594e+00
5.114623997950099874e+04 -8.008604645729064941e-01 2.567781209945678711e-01 9.910798072814941406e+00
5.114625999903299817e+04 -7.900865674018859863e-01 2.675520479679107666e-01 9.915586471557617188e+00
5.114628001856499759e+04 -7.930793166160583496e-01 2.759317457675933838e-01 9.900024414062500000e+00
5.114630000757800008e+04 -7.900865674018859863e-01 2.430114746093750000e-01 9.903017044067382812e+00
5.114632002710799861e+04 -7.888894677162170410e-01 2.783259451389312744e-01 9.902418136596679688e+00
5.114634004663799715e+04 -7.984662652015686035e-01 2.693476974964141846e-01 9.898228645324707031e+00
5.114636006616999657e+04 -7.864952683448791504e-01 2.513911724090576172e-01 9.870695114135742188e+00
5.114638008570200327e+04 -7.882909178733825684e-01 2.747346460819244385e-01 9.912593841552734375e+00
5.114640010523400269e+04 -7.918822169303894043e-01 2.699462473392486572e-01 9.890447616577148438e+00
5.114642012476499804e+04 -8.140285611152648926e-01 2.477998733520507812e-01 9.887454032897949219e+00
5.114644014429499657e+04 -8.026561141014099121e-01 2.597708702087402344e-01 9.913790702819824219e+00
5.114646016382500238e+04 -8.032546639442443848e-01 2.693476974964141846e-01 9.900024414062500000e+00
5.114648018335700181e+04 -8.026561141014099121e-01 2.681505978107452393e-01 9.891644477844238281e+00
5.114650020288900123e+04 -7.978677153587341309e-01 2.472013235092163086e-01 9.891045570373535156e+00
5.114652022242100065e+04 -7.775170207023620605e-01 2.663549482822418213e-01 9.899425506591796875e+00
5.114654024195300008e+04 -8.092401623725891113e-01 2.585737705230712891e-01 9.900622367858886719e+00
5.114656026148299861e+04 -7.972691655158996582e-01 2.633621990680694580e-01 9.898228645324707031e+00
5.114658028101299715e+04 -7.954735159873962402e-01 2.579752206802368164e-01 9.917980194091796875e+00
5.114660030054499657e+04 -7.936778664588928223e-01 2.723404467105865479e-01 9.906009674072265625e+00
5.114662032007700327e+04 -8.164227604866027832e-01 2.627636492252349854e-01 9.889249801635742188e+00
5.114664030909199937e+04 -7.882909178733825684e-01 2.783259451389312744e-01 9.898228645324707031e+00
5.114666035913999804e+04 -8.122329115867614746e-01 2.627636492252349854e-01 9.902418136596679688e+00
5.114668037866999657e+04 -8.026561141014099121e-01 2.651578485965728760e-01 9.918579101562500000e+00
5.114670039820000238e+04 -7.870938181877136230e-01 2.813186943531036377e-01 9.884461402893066406e+00
5.114672038721499848e+04 -7.930793166160583496e-01 2.651578485965728760e-01 9.890447616577148438e+00
5.114674040674699791e+04 -7.906851172447204590e-01 2.519897222518920898e-01 9.902418136596679688e+00
5.114676042627899733e+04 -7.894880175590515137e-01 2.645592987537384033e-01 9.913191795349121094e+00
5.114678044581099675e+04 -7.990648150444030762e-01 2.579752206802368164e-01 9.919178009033203125e+00
5.114680046534100256e+04 -8.170213103294372559e-01 2.567781209945678711e-01 9.906009674072265625e+00
5.114682048487100110e+04 -8.050503134727478027e-01 2.567781209945678711e-01 9.889848709106445312e+00
5.114684053491999657e+04 -7.966706156730651855e-01 2.681505978107452393e-01 9.894038200378417969e+00
5.114686055445200327e+04 -7.990648150444030762e-01 2.627636492252349854e-01 9.904213905334472656e+00
5.114688054346699937e+04 -7.948749661445617676e-01 2.675520479679107666e-01 9.885659217834472656e+00
5.114690056299800199e+04 -8.056488633155822754e-01 2.519897222518920898e-01 9.903614997863769531e+00
5.114692058252800052e+04 -7.966706156730651855e-01 2.537853717803955078e-01 9.888651847839355469e+00
5.114694060205900314e+04 -8.116343617439270020e-01 2.466027736663818359e-01 9.910798072814941406e+00
5.114696062159100256e+04 -7.960720658302307129e-01 2.507926225662231445e-01 9.892242431640625000e+00
5.114698064112300199e+04 -8.098387122154235840e-01 2.645592987537384033e-01 9.903017044067382812e+00
5.114700066065399733e+04 -7.924807667732238770e-01 2.669534981250762939e-01 9.899425506591796875e+00
5.114702068018400314e+04 -7.918822169303894043e-01 2.609679996967315674e-01 9.899425506591796875e+00
5.114704069971499848e+04 -7.936778664588928223e-01 2.555810213088989258e-01 9.893440246582031250e+00
5.114706071924699791e+04 -8.044517636299133301e-01 2.615665495395660400e-01 9.885060310363769531e+00
5.114708073877899733e+04 -8.014590144157409668e-01 2.489969730377197266e-01 9.892841339111328125e+00
5.114710075831099675e+04 -7.966706156730651855e-01 2.627636492252349854e-01 9.900622367858886719e+00
5.114712077784100256e+04 -7.960720658302307129e-01 2.687491476535797119e-01 9.898826599121093750e+00
5.114714079737100110e+04 -7.990648150444030762e-01 2.555810213088989258e-01 9.881468772888183594e+00
5.114716081690300052e+04 -8.128314614295959473e-01 2.597708702087402344e-01 9.899425506591796875e+00
5.114718083643499995e+04 -7.882909178733825684e-01 2.507926225662231445e-01 9.909601211547851562e+00
5.114720085596699937e+04 -8.044517636299133301e-01 2.741360962390899658e-01 9.907206535339355469e+00
5.114722087549800199e+04 -7.870938181877136230e-01 2.765302956104278564e-01 9.915586471557617188e+00
5.114724089502800052e+04 -7.841010689735412598e-01 2.729389965534210205e-01 9.895833969116210938e+00
5.114726091455900314e+04 -7.954735159873962402e-01 2.627636492252349854e-01 9.892242431640625000e+00
5.114728093409100256e+04 -8.050503134727478027e-01 2.681505978107452393e-01 9.901221275329589844e+00
5.114730095362300199e+04 -7.960720658302307129e-01 2.705447971820831299e-01 9.898826599121093750e+00
5.114732097315399733e+04 -8.152256608009338379e-01 2.669534981250762939e-01 9.905410766601562500e+00
5.114734099268400314e+04 -7.900865674018859863e-01 2.489969730377197266e-01 9.898826599121093750e+00
5.114736101221499848e+04 -7.954735159873962402e-01 2.657563984394073486e-01 9.906009674072265625e+00
5.114738103174699791e+04 -8.044517636299133301e-01 2.681505978107452393e-01 9.894038200378417969e+00
5.114740105127899733e+04 -8.008604645729064941e-01 2.627636492252349854e-01 9.897030830383300781e+00
5.114742107081099675e+04 -7.972691655158996582e-01 2.651578485965728760e-01 9.898228645324707031e+00
5.114744105982300243e+04 -7.918822169303894043e-01 2.663549482822418213e-01 9.885659217834472656e+00
5.114746107935300097e+04 -8.026561141014099121e-01 2.495955228805541992e-01 9.871891975402832031e+00
5.114748109888500039e+04 -7.882909178733825684e-01 2.609679996967315674e-01 9.896432876586914062e+00
5.114750111841699982e+04 -7.870938181877136230e-01 2.621650993824005127e-01 9.890447616577148438e+00
5.114752113794899924e+04 -8.044517636299133301e-01 2.627636492252349854e-01 9.889848709106445312e+00
5.114754115748000186e+04 -7.930793166160583496e-01 2.777273952960968018e-01 9.902418136596679688e+00
5.114756117701000039e+04 -8.026561141014099121e-01 2.472013235092163086e-01 9.909601211547851562e+00
5.114758119654100301e+04 -7.930793166160583496e-01 2.651578485965728760e-01 9.906607627868652344e+00
5.114760121607300243e+04 -8.020575642585754395e-01 2.675520479679107666e-01 9.904213905334472656e+00
5.114762123560500186e+04 -8.026561141014099121e-01 2.621650993824005127e-01 9.902418136596679688e+00
5.114764128565399733e+04 -7.936778664588928223e-01 2.693476974964141846e-01 9.901221275329589844e+00
5.114766130518400314e+04 -8.026561141014099121e-01 2.729389965534210205e-01 9.879075050354003906e+00
5.114768129419699835e+04 -8.128314614295959473e-01 2.627636492252349854e-01 9.888651847839355469e+00
5.114770131372899777e+04 -7.781155705451965332e-01 2.579752206802368164e-01 9.910199165344238281e+00
5.114772133326099720e+04 -7.978677153587341309e-01 2.633621990680694580e-01 9.901221275329589844e+00
5.114774135279299662e+04 -8.020575642585754395e-01 2.501940727233886719e-01 9.899425506591796875e+00
5.114776137232300243e+04 -7.960720658302307129e-01 2.633621990680694580e-01 9.897629737854003906e+00
5.114778139185300097e+04 -8.182184100151062012e-01 2.717418968677520752e-01 9.886856079101562500e+00
5.114780141138500039e+04 -7.918822169303894043e-01 2.525882720947265625e-01 9.906607627868652344e+00
5.114782143091699982e+04 -7.781155705451965332e-01 2.585737705230712891e-01 9.900622367858886719e+00
5.114784145044899924e+04 -8.152256608009338379e-01 2.663549482822418213e-01 9.895236015319824219e+00
5.114786146998000186e+04 -7.805097699165344238e-01 2.675520479679107666e-01 9.912593841552734375e+00
5.114788148951000039e+04 -7.936778664588928223e-01 2.651578485965728760e-01 9.904812812805175781e+00
5.114790150904100301e+04 -8.158242106437683105e-01 2.657563984394073486e-01 9.887454032897949219e+00
5.114792152857300243e+04 -7.793126702308654785e-01 2.633621990680694580e-01 9.907805442810058594e+00
5.114794154810500186e+04 -8.158242106437683105e-01 2.591723203659057617e-01 9.883863449096679688e+00
5.114796156763599720e+04 -7.948749661445617676e-01 2.573766708374023438e-01 9.905410766601562500e+00
5.114798158716600301e+04 -7.852981686592102051e-01 2.579752206802368164e-01 9.912593841552734375e+00
5.114800160669699835e+04 -7.948749661445617676e-01 2.633621990680694580e-01 9.877877235412597656e+00
5.114802162622899777e+04 -8.014590144157409668e-01 2.663549482822418213e-01 9.886257171630859375e+00
5.114804161524400115e+04 -7.960720658302307129e-01 2.567781209945678711e-01 9.912593841552734375e+00
5.114806166529299662e+04 -7.990648150444030762e-01 2.657563984394073486e-01 9.909002304077148438e+00
5.114808165430599911e+04 -8.026561141014099121e-01 2.549824714660644531e-01 9.909601211547851562e+00
5.114810167383599764e+04 -7.930793166160583496e-01 2.735375463962554932e-01 9.891045570373535156e+00
5.114812175440300052e+04 -8.176198601722717285e-01 2.483984231948852539e-01 9.901221275329589844e+00
5.114814174341699982e+04 -8.098387122154235840e-01 2.705447971820831299e-01 9.891045570373535156e+00
5.114816176294899924e+04 -7.990648150444030762e-01 2.609679996967315674e-01 9.900024414062500000e+00
5.114818178248000186e+04 -7.936778664588928223e-01 2.627636492252349854e-01 9.894038200378417969e+00
5.114820183252800052e+04 -7.948749661445617676e-01 2.729389965534210205e-01 9.928754806518554688e+00
5.114822185205900314e+04 -8.128314614295959473e-01 2.519897222518920898e-01 9.916184425354003906e+00
5.114824184107300243e+04 -7.775170207023620605e-01 2.591723203659057617e-01 9.901819229125976562e+00
5.114826186060500186e+04 -7.996633648872375488e-01 2.747346460819244385e-01 9.879075050354003906e+00
5.114828191065399733e+04 -8.032546639442443848e-01 2.567781209945678711e-01 9.905410766601562500e+00
5.114830193018400314e+04 -7.972691655158996582e-01 2.681505978107452393e-01 9.902418136596679688e+00
5.114832191919699835e+04 -8.104372620582580566e-01 2.567781209945678711e-01 9.901819229125976562e+00
5.114834193872899777e+04 -8.140285611152648926e-01 2.735375463962554932e-01 9.905410766601562500e+00
5.114836195826099720e+04 -8.056488633155822754e-01 2.687491476535797119e-01 9.880271911621093750e+00
5.114838197779299662e+04 -7.918822169303894043e-01 2.597708702087402344e-01 9.898826599121093750e+00
5.114840199732300243e+04 -8.020575642585754395e-01 2.651578485965728760e-01 9.899425506591796875e+00
5.114842201685300097e+04 -8.002619147300720215e-01 2.561795711517333984e-01 9.911396026611328125e+00
5.114844203638500039e+04 -7.846996188163757324e-01 2.657563984394073486e-01 9.909601211547851562e+00
5.114846205591699982e+04 -7.942764163017272949e-01 2.693476974964141846e-01 9.882067680358886719e+00
5.114848207544899924e+04 -7.817068696022033691e-01 2.735375463962554932e-01 9.891644477844238281e+00
5.114850209498000186e+04 -7.954735159873962402e-01 2.639607489109039307e-01 9.891045570373535156e+00
5.114852211451000039e+04 -7.876923680305480957e-01 2.657563984394073486e-01 9.911994934082031250e+00
5.114854213404100301e+04 -8.152256608009338379e-01 2.627636492252349854e-01 9.890447616577148438e+00
5.114856215357300243e+04 -7.894880175590515137e-01 2.771288454532623291e-01 9.904812812805175781e+00
5.114858217310500186e+04 -7.954735159873962402e-01 2.627636492252349854e-01 9.909601211547851562e+00
5.114860219263599720e+04 -7.930793166160583496e-01 2.723404467105865479e-01 9.898228645324707031e+00
5.114862221216600301e+04 -7.912836670875549316e-01 2.771288454532623291e-01 9.909002304077148438e+00
5.114864223169699835e+04 -7.936778664588928223e-01 2.711433470249176025e-01 9.897030830383300781e+00
5.114866225122899777e+04 -8.074445128440856934e-01 2.669534981250762939e-01 9.907206535339355469e+00
5.114868227076099720e+04 -7.864952683448791504e-01 2.669534981250762939e-01 9.902418136596679688e+00
5.114870229029299662e+04 -7.906851172447204590e-01 2.705447971820831299e-01 9.915586471557617188e+00
5.114872230982300243e+04 -7.942764163017272949e-01 2.789244949817657471e-01 9.910199165344238281e+00
5.114874232935300097e+04 -8.152256608009338379e-01 2.693476974964141846e-01 9.891045570373535156e+00
5.114876234888500039e+04 -8.038532137870788574e-01 2.549824714660644531e-01 9.905410766601562500e+00
5.114878236841699982e+04 -8.026561141014099121e-01 2.597708702087402344e-01 9.892242431640625000e+00
5.114880238794899924e+04 -7.948749661445617676e-01 2.579752206802368164e-01 9.910199165344238281e+00
5.114882240748000186e+04 -8.014590144157409668e-01 2.555810213088989258e-01 9.902418136596679688e+00
5.114884242701000039e+04 -7.954735159873962402e-01 2.663549482822418213e-01 9.899425506591796875e+00
5.114886244654100301e+04 -8.032546639442443848e-01 2.885012924671173096e-01 9.894637107849121094e+00
5.114888246607300243e+04 -7.709329724311828613e-01 2.819172441959381104e-01 9.895833969116210938e+00
5.114890248560500186e+04 -8.134300112724304199e-01 2.771288454532623291e-01 9.896432876586914062e+00
5.114892250513599720e+04 -7.936778664588928223e-01 2.567781209945678711e-01 9.907805442810058594e+00
5.114894252466600301e+04 -7.894880175590515137e-01 2.639607489109039307e-01 9.899425506591796875e+00
5.114896254419699835e+04 -8.056488633155822754e-01 2.591723203659057617e-01 9.903017044067382812e+00
5.114898256372899777e+04 -8.068459630012512207e-01 2.741360962390899658e-01 9.895833969116210938e+00
5.114900258326099720e+04 -8.044517636299133301e-01 2.849099934101104736e-01 9.889848709106445312e+00
5.114902260279299662e+04 -8.044517636299133301e-01 2.675520479679107666e-01 9.886257171630859375e+00
5.114904262232300243e+04 -7.972691655158996582e-01 2.639607489109039307e-01 9.907805442810058594e+00
5.114906291651100037e+04 -7.924807667732238770e-01 2.699462473392486572e-01 9.909002304077148438e+00
5.114908305811400351e+04 -8.032546639442443848e-01 2.615665495395660400e-01 9.880870819091796875e+00
5.114910268091699982e+04 -8.104372620582580566e-01 2.687491476535797119e-01 9.892841339111328125e+00
5.114912270044899924e+04 -7.996633648872375488e-01 2.681505978107452393e-01 9.894038200378417969e+00
5.114914271998000186e+04 -7.870938181877136230e-01 2.609679996967315674e-01 9.899425506591796875e+00
5.114916273951000039e+04 -7.769184708595275879e-01 2.555810213088989258e-01 9.901221275329589844e+00
5.114918275904100301e+04 -8.128314614295959473e-01 2.609679996967315674e-01 9.895833969116210938e+00
5.114920277857300243e+04 -8.080430626869201660e-01 2.543839216232299805e-01 9.909601211547851562e+00
5.114922279810500186e+04 -7.954735159873962402e-01 2.645592987537384033e-01 9.904213905334472656e+00
5.114924281763599720e+04 -7.846996188163757324e-01 2.525882720947265625e-01 9.913191795349121094e+00
5.114926283716600301e+04 -7.876923680305480957e-01 2.555810213088989258e-01 9.904812812805175781e+00
5.114928282618000230e+04 -7.817068696022033691e-01 2.609679996967315674e-01 9.889249801635742188e+00
5.114930284571200173e+04 -7.846996188163757324e-01 2.627636492252349854e-01 9.895833969116210938e+00
5.114932286524400115e+04 -8.128314614295959473e-01 2.663549482822418213e-01 9.902418136596679688e+00
5.114934288477600057e+04 -7.906851172447204590e-01 2.837128937244415283e-01 9.894038200378417969e+00
5.114936290430599911e+04 -7.960720658302307129e-01 2.831143438816070557e-01 9.897030830383300781e+00
5.114938292383599764e+04 -8.038532137870788574e-01 2.627636492252349854e-01 9.889249801635742188e+00
5.114940294336799707e+04 -8.122329115867614746e-01 2.561795711517333984e-01 9.901819229125976562e+00
5.114942296289999649e+04 -8.068459630012512207e-01 2.633621990680694580e-01 9.901819229125976562e+00
5.114944298243200319e+04 -7.870938181877136230e-01 2.669534981250762939e-01 9.901221275329589844e+00
5.114946300196299853e+04 -7.793126702308654785e-01 2.723404467105865479e-01 9.897030830383300781e+00
5.114948302149299707e+04 -7.966706156730651855e-01 2.537853717803955078e-01 9.889249801635742188e+00
5.114950304102399969e+04 -8.014590144157409668e-01 2.591723203659057617e-01 9.900024414062500000e+00
5.114952306055599911e+04 -7.906851172447204590e-01 2.591723203659057617e-01 9.901819229125976562e+00
