2.368506514858920127e+05 1.173158809542655945e-01 -1.885433793067932129e-01 9.955090522766113281e+00
2.368506713471419935e+05 1.256955862045288086e-01 -2.011129409074783325e-01 9.961075782775878906e+00
2.368506972497119859e+05 1.203086376190185547e-01 -2.017114907503128052e-01 9.955689430236816406e+00
2.368507117724739946e+05 1.316810995340347290e-01 -1.909375786781311035e-01 9.961674690246582031e+00
2.368507316957830044e+05 1.113303825259208679e-01 -1.987187415361404419e-01 9.944915771484375000e+00
2.368507516193430056e+05 1.059434264898300171e-01 -2.124854028224945068e-01 9.931148529052734375e+00
2.368507723975040135e+05 1.131260320544242859e-01 -1.957259923219680786e-01 9.906009674072265625e+00
2.368507916808869923e+05 1.316810995340347290e-01 -1.927332431077957153e-01 9.927556991577148438e+00
2.368508117272639938e+05 1.221042871475219727e-01 -2.035071402788162231e-01 9.932345390319824219e+00
2.368508320484739961e+05 1.059434264898300171e-01 -2.172738015651702881e-01 9.904213905334472656e+00
2.368508516681269975e+05 1.125274822115898132e-01 -2.064998894929885864e-01 9.921571731567382812e+00
2.368508717151510064e+05 1.209071874618530273e-01 -1.915361285209655762e-01 9.923367500305175781e+00
2.368508917928540031e+05 1.238999366760253906e-01 -1.975216418504714966e-01 9.911396026611328125e+00
2.368509117450909980e+05 1.244984865188598633e-01 -1.945288926362991333e-01 9.897030830383300781e+00
2.368509317539590120e+05 1.149216815829277039e-01 -1.999158412218093872e-01 9.925163269042968750e+00
2.368509520985079871e+05 1.215057373046875000e-01 -2.088941037654876709e-01 9.915586471557617188e+00
2.368509717418359942e+05 1.161187812685966492e-01 -1.903390288352966309e-01 9.917382240295410156e+00
2.368509917514690023e+05 1.292868852615356445e-01 -1.921346932649612427e-01 9.926360130310058594e+00
2.368510121274380072e+05 1.250970363616943359e-01 -1.993172913789749146e-01 9.903614997863769531e+00
2.368510317716540012e+05 1.029506698250770569e-01 -1.999158412218093872e-01 9.917382240295410156e+00
2.368510517821900139e+05 1.089361757040023804e-01 -1.969230920076370239e-01 9.920374870300292969e+00
2.368510727996609930e+05 1.185129806399345398e-01 -1.861491799354553223e-01 9.906607627868652344e+00
2.368510918345960090e+05 1.119289323687553406e-01 -1.987187415361404419e-01 9.924564361572265625e+00
2.368511121510069934e+05 1.322796493768692017e-01 -1.975216418504714966e-01 9.923367500305175781e+00
2.368511340844760125e+05 1.167173311114311218e-01 -1.993172913789749146e-01 9.928754806518554688e+00
2.368511518388979894e+05 1.262941360473632812e-01 -1.867477297782897949e-01 9.937732696533203125e+00
2.368511718509930070e+05 1.173158809542655945e-01 -1.831564307212829590e-01 9.922768592834472656e+00
2.368511922294060059e+05 1.466448605060577393e-01 -1.861491799354553223e-01 9.940725326538085938e+00
2.368512118758719880e+05 1.149216815829277039e-01 -1.909375786781311035e-01 9.922768592834472656e+00
2.368512318886230059e+05 1.238999366760253906e-01 -2.011129409074783325e-01 9.916184425354003906e+00
2.368512519626250141e+05 1.161187812685966492e-01 -2.202665507793426514e-01 9.926360130310058594e+00
2.368512719147710013e+05 1.041477769613265991e-01 -2.160767018795013428e-01 9.931747436523437500e+00
2.368512918976600049e+05 1.017535701394081116e-01 -1.999158412218093872e-01 9.916783332824707031e+00
2.368513119112220011e+05 1.274912357330322266e-01 -1.915361285209655762e-01 9.929951667785644531e+00
2.368513319554550108e+05 1.286883354187011719e-01 -1.945288926362991333e-01 9.925761222839355469e+00
2.368513519388459972e+05 1.017535701394081116e-01 -1.849520802497863770e-01 9.899425506591796875e+00
2.368513719529820082e+05 1.125274822115898132e-01 -2.035071402788162231e-01 9.936535835266113281e+00
2.368513919672819902e+05 1.238999366760253906e-01 -1.735796183347702026e-01 9.921571731567382812e+00
2.368514119817450119e+05 1.113303825259208679e-01 -1.867477297782897949e-01 9.944316864013671875e+00
2.368514319963679882e+05 1.382651478052139282e-01 -1.969230920076370239e-01 9.932345390319824219e+00
2.368514520111200109e+05 1.364694982767105103e-01 -1.915361285209655762e-01 9.907206535339355469e+00
2.368514720260349859e+05 1.322796493768692017e-01 -2.208651006221771240e-01 9.937732696533203125e+00
2.368514920410889899e+05 1.125274822115898132e-01 -1.861491799354553223e-01 9.925761222839355469e+00
2.368515120562869997e+05 8.798690885305404663e-02 -1.819593310356140137e-01 9.938331604003906250e+00
2.368515320716119895e+05 1.131260320544242859e-01 -1.993172913789749146e-01 9.938331604003906250e+00
2.368515520870769979e+05 1.406593471765518188e-01 -2.023100405931472778e-01 9.940127372741699219e+00
2.368515721026640094e+05 1.388636976480484009e-01 -2.047042399644851685e-01 9.923966407775878906e+00
2.368515921183750033e+05 1.041477769613265991e-01 -1.951274424791336060e-01 9.924564361572265625e+00
2.368516121342029946e+05 1.053448766469955444e-01 -1.813607811927795410e-01 9.934141159057617188e+00
2.368516321501400089e+05 1.173158809542655945e-01 -1.933317929506301880e-01 9.927556991577148438e+00
2.368516521661980078e+05 1.346738487482070923e-01 -1.945288926362991333e-01 9.906607627868652344e+00
2.368516721823549888e+05 1.185129806399345398e-01 -2.082955539226531982e-01 9.943717956542968750e+00
2.368516921986190137e+05 1.089361757040023804e-01 -1.963245421648025513e-01 9.921571731567382812e+00
2.368517121844679932e+05 1.107318252325057983e-01 -1.801636815071105957e-01 9.934141159057617188e+00
2.368517322009369964e+05 1.328781992197036743e-01 -1.957259923219680786e-01 9.925163269042968750e+00
2.368517522480170010e+05 1.406593471765518188e-01 -2.053027898073196411e-01 9.934141159057617188e+00
2.368517722646649927e+05 1.436520963907241821e-01 -1.999158412218093872e-01 9.944316864013671875e+00
2.368517922508819902e+05 9.038111567497253418e-02 -2.053027898073196411e-01 9.922768592834472656e+00
2.368518122676940111e+05 1.089361757040023804e-01 -1.873462796211242676e-01 9.920374870300292969e+00
2.368518322845890070e+05 1.071405261754989624e-01 -2.064998894929885864e-01 9.929951667785644531e+00
2.368518523015659885e+05 1.490390598773956299e-01 -2.274491637945175171e-01 9.941324234008789062e+00
2.368518723186250136e+05 1.143231317400932312e-01 -1.981201916933059692e-01 9.931148529052734375e+00
2.368518923357659951e+05 1.113303825259208679e-01 -1.849520802497863770e-01 9.928155899047851562e+00
2.368519123529889912e+05 1.119289323687553406e-01 -1.753752678632736206e-01 9.929352760314941406e+00
2.368519323702940019e+05 1.256955862045288086e-01 -2.017114907503128052e-01 9.944316864013671875e+00
2.368519523876669991e+05 1.185129806399345398e-01 -2.214636504650115967e-01 9.953294754028320312e+00
2.368519724051129888e+05 1.107318252325057983e-01 -2.232593148946762085e-01 9.935936927795410156e+00
2.368519924226200092e+05 1.059434264898300171e-01 -1.825578808784484863e-01 9.921571731567382812e+00
2.368520124401900102e+05 1.280897855758666992e-01 -1.723825186491012573e-01 9.923367500305175781e+00
2.368520324883350113e+05 1.137245818972587585e-01 -1.945288926362991333e-01 9.943717956542968750e+00
2.368520524755090009e+05 1.364694982767105103e-01 -2.184709012508392334e-01 9.949704170227050781e+00
2.368520724932310113e+05 1.227028369903564453e-01 -2.070984542369842529e-01 9.931747436523437500e+00
2.368520925110079988e+05 1.131260320544242859e-01 -1.849520802497863770e-01 9.943717956542968750e+00
2.368521125288360054e+05 1.221042871475219727e-01 -1.939303427934646606e-01 9.938929557800292969e+00
2.368521325467230054e+05 1.250970363616943359e-01 -1.915361285209655762e-01 9.931148529052734375e+00
2.368521525646639930e+05 1.149216815829277039e-01 -2.334346622228622437e-01 9.918579101562500000e+00
2.368521725826550100e+05 1.280897855758666992e-01 -2.094926536083221436e-01 9.920972824096679688e+00
2.368521926006989961e+05 1.221042871475219727e-01 -1.915361285209655762e-01 9.930550575256347656e+00
2.368522126187790127e+05 1.358709484338760376e-01 -1.933317929506301880e-01 9.949704170227050781e+00
2.368522326369019866e+05 1.209071874618530273e-01 -1.897404789924621582e-01 9.932345390319824219e+00
2.368522526550790062e+05 1.250970363616943359e-01 -1.999158412218093872e-01 9.934141159057617188e+00
2.368522726733029995e+05 1.101332753896713257e-01 -2.070984542369842529e-01 9.937133789062500000e+00
2.368522926915689895e+05 1.101332753896713257e-01 -1.813607811927795410e-01 9.922768592834472656e+00
2.368523127098740079e+05 1.137245818972587585e-01 -1.891419291496276855e-01 9.935338973999023438e+00
2.368523327282120008e+05 1.191115379333496094e-01 -2.053027898073196411e-01 9.944915771484375000e+00
2.368523527160740050e+05 1.256955862045288086e-01 -2.130839526653289795e-01 9.950901031494140625e+00
2.368523727650030050e+05 1.298854351043701172e-01 -2.094926536083221436e-01 9.938331604003906250e+00
2.368523927529380016e+05 1.191115379333496094e-01 -1.903390288352966309e-01 9.920972824096679688e+00
2.368524128019379859e+05 1.041477769613265991e-01 -1.927332431077957153e-01 9.940127372741699219e+00
2.368524327899380005e+05 1.286883354187011719e-01 -2.011129409074783325e-01 9.928754806518554688e+00
2.368524528390050109e+05 1.352723985910415649e-01 -1.981201916933059692e-01 9.934740066528320312e+00
2.368524728270719934e+05 1.221042871475219727e-01 -2.005143910646438599e-01 9.940127372741699219e+00
2.368524928456800117e+05 1.167173311114311218e-01 -1.849520802497863770e-01 9.934141159057617188e+00
2.368525128643169883e+05 1.298854351043701172e-01 -2.011129409074783325e-01 9.929352760314941406e+00
2.368525328829860082e+05 1.113303825259208679e-01 -2.082955539226531982e-01 9.947908401489257812e+00
2.368525529016809887e+05 1.059434264898300171e-01 -1.849520802497863770e-01 9.946112632751464844e+00
2.368525729509149969e+05 1.113303825259208679e-01 -2.082955539226531982e-01 9.946710586547851562e+00
2.368525929391460086e+05 1.077390760183334351e-01 -2.100912034511566162e-01 9.927556991577148438e+00
2.368526129579159897e+05 1.125274822115898132e-01 -1.921346932649612427e-01 9.932944297790527344e+00
2.368526329767080024e+05 1.388636976480484009e-01 -1.945288926362991333e-01 9.941922187805175781e+00
2.368526529955299920e+05 1.310825496912002563e-01 -1.777694821357727051e-01 9.940127372741699219e+00
2.368526730143729947e+05 1.071405261754989624e-01 -1.945288926362991333e-01 9.951498985290527344e+00
2.368526930332350021e+05 1.155202314257621765e-01 -2.142810523509979248e-01 9.922170639038085938e+00
2.368527130521170038e+05 1.310825496912002563e-01 -1.987187415361404419e-01 9.946112632751464844e+00
2.368527330710210081e+05 1.256955862045288086e-01 -1.927332431077957153e-01 9.944915771484375000e+00
2.368527530899459962e+05 1.250970363616943359e-01 -2.011129409074783325e-01 9.940127372741699219e+00
2.368527731088899891e+05 1.412578970193862915e-01 -2.106897532939910889e-01 9.940725326538085938e+00
2.368527931278540054e+05 1.101332753896713257e-01 -1.903390288352966309e-01 9.949105262756347656e+00
2.368528131468339998e+05 1.197100877761840820e-01 -2.059013396501541138e-01 9.937732696533203125e+00
2.368528331658339885e+05 1.238999366760253906e-01 -2.070984542369842529e-01 9.945513725280761719e+00
2.368528531848489947e+05 1.161187812685966492e-01 -1.975216418504714966e-01 9.929951667785644531e+00
2.368528732038809976e+05 1.131260320544242859e-01 -1.993172913789749146e-01 9.941324234008789062e+00
2.368528932229299971e+05 1.119289323687553406e-01 -1.957259923219680786e-01 9.931747436523437500e+00
2.368529132419940142e+05 1.256955862045288086e-01 -1.987187415361404419e-01 9.945513725280761719e+00
2.368529332610710117e+05 1.376665979623794556e-01 -1.969230920076370239e-01 9.933543205261230469e+00
2.368529532801629975e+05 1.292868852615356445e-01 -2.076970040798187256e-01 9.954492568969726562e+00
2.368529732992690115e+05 1.155202314257621765e-01 -1.963245421648025513e-01 9.932345390319824219e+00
2.368529933183889952e+05 1.238999366760253906e-01 -2.047042399644851685e-01 9.937732696533203125e+00
2.368530133375200094e+05 1.262941360473632812e-01 -1.795651316642761230e-01 9.951498985290527344e+00
2.368530333566649933e+05 1.250970363616943359e-01 -1.963245421648025513e-01 9.950302124023437500e+00
2.368530533758210076e+05 1.370680481195449829e-01 -1.915361285209655762e-01 9.937732696533203125e+00
2.368530733949900023e+05 1.119289323687553406e-01 -2.100912034511566162e-01 9.943717956542968750e+00
2.368530934141709877e+05 1.155202314257621765e-01 -1.867477297782897949e-01 9.934740066528320312e+00
2.368531134333630034e+05 1.089361757040023804e-01 -1.939303427934646606e-01 9.938929557800292969e+00
2.368531334525650018e+05 1.244984865188598633e-01 -1.951274424791336060e-01 9.935936927795410156e+00
2.368531534412589972e+05 1.316810995340347290e-01 -2.035071402788162231e-01 9.953893661499023438e+00
2.368531734604820085e+05 1.197100877761840820e-01 -2.112883031368255615e-01 9.936535835266113281e+00
2.368531934797150025e+05 1.197100877761840820e-01 -2.076970040798187256e-01 9.944915771484375000e+00
2.368532134989569895e+05 1.179144307971000671e-01 -1.885433793067932129e-01 9.941324234008789062e+00
2.368532335182100069e+05 1.280897855758666992e-01 -1.975216418504714966e-01 9.952097892761230469e+00
2.368532535374709987e+05 1.298854351043701172e-01 -2.053027898073196411e-01 9.953294754028320312e+00
2.368532735567399941e+05 1.197100877761840820e-01 -1.993172913789749146e-01 9.941922187805175781e+00
2.368532935760169930e+05 1.262941360473632812e-01 -1.927332431077957153e-01 9.933543205261230469e+00
2.368533135953030142e+05 1.238999366760253906e-01 -1.963245421648025513e-01 9.962273597717285156e+00
2.368533336145959911e+05 1.262941360473632812e-01 -1.981201916933059692e-01 9.941324234008789062e+00
2.368533536338960112e+05 1.095347255468368530e-01 -1.927332431077957153e-01 9.938929557800292969e+00
2.368533736532029870e+05 1.227028369903564453e-01 -1.963245421648025513e-01 9.934141159057617188e+00
2.368533936725170061e+05 1.262941360473632812e-01 -1.987187415361404419e-01 9.950901031494140625e+00
2.368534136918389995e+05 1.244984865188598633e-01 -1.963245421648025513e-01 9.950302124023437500e+00
2.368534337416850030e+05 1.137245818972587585e-01 -1.891419291496276855e-01 9.951498985290527344e+00
2.368534537610200059e+05 1.119289323687553406e-01 -1.969230920076370239e-01 9.938331604003906250e+00
2.368534737803610042e+05 1.244984865188598633e-01 -2.011129409074783325e-01 9.943120002746582031e+00
2.368534937691900122e+05 1.364694982767105103e-01 -2.106897532939910889e-01 9.936535835266113281e+00
2.368535137885439908e+05 1.274912357330322266e-01 -2.005143910646438599e-01 9.948506355285644531e+00
2.368535338079019857e+05 1.113303825259208679e-01 -1.969230920076370239e-01 9.939528465270996094e+00
2.368535538272649865e+05 1.209071874618530273e-01 -2.035071402788162231e-01 9.974843025207519531e+00
2.368535738466340117e+05 1.346738487482070923e-01 -1.993172913789749146e-01 9.970652580261230469e+00
2.368535938660080137e+05 1.238999366760253906e-01 -1.915361285209655762e-01 9.931747436523437500e+00
2.368536138853860029e+05 1.155202314257621765e-01 -1.843535304069519043e-01 9.940725326538085938e+00
2.368536339047710062e+05 9.636662155389785767e-02 -1.909375786781311035e-01 9.916184425354003906e+00
2.368536539241599967e+05 1.227028369903564453e-01 -1.999158412218093872e-01 9.946112632751464844e+00
2.368536739435520140e+05 1.161187812685966492e-01 -2.112883031368255615e-01 9.918579101562500000e+00
2.368536939629509870e+05 1.406593471765518188e-01 -1.951274424791336060e-01 9.947309494018554688e+00
2.368537139823529869e+05 1.119289323687553406e-01 -1.861491799354553223e-01 9.923367500305175781e+00
2.368537340017599927e+05 8.738835901021957397e-02 -1.921346932649612427e-01 9.932345390319824219e+00
2.368537540211699961e+05 1.113303825259208679e-01 -1.885433793067932129e-01 9.914987564086914062e+00
2.368537740405850054e+05 1.286883354187011719e-01 -2.059013396501541138e-01 9.936535835266113281e+00
2.368537940600030124e+05 1.472434103488922119e-01 -1.933317929506301880e-01 9.963470458984375000e+00
2.368538140794239880e+05 1.478419601917266846e-01 -1.933317929506301880e-01 9.937133789062500000e+00
2.368538340683309943e+05 1.191115379333496094e-01 -1.879448294639587402e-01 9.941324234008789062e+00
2.368538540877579944e+05 9.876082092523574829e-02 -2.053027898073196411e-01 9.941324234008789062e+00
2.368538741071890108e+05 1.161187812685966492e-01 -1.921346932649612427e-01 9.932944297790527344e+00
2.368538941266240145e+05 1.364694982767105103e-01 -1.915361285209655762e-01 9.947908401489257812e+00
2.368539141460609972e+05 1.322796493768692017e-01 -1.819593310356140137e-01 9.934740066528320312e+00
2.368539341655019962e+05 1.095347255468368530e-01 -1.885433793067932129e-01 9.935338973999023438e+00
2.368539541849440138e+05 1.197100877761840820e-01 -1.939303427934646606e-01 9.925163269042968750e+00
2.368539742043899896e+05 1.185129806399345398e-01 -1.957259923219680786e-01 9.932944297790527344e+00
2.368539942238389922e+05 1.406593471765518188e-01 -1.975216418504714966e-01 9.946710586547851562e+00
2.368540142432890134e+05 1.400607973337173462e-01 -1.837549805641174316e-01 9.960477828979492188e+00
2.368540342627429927e+05 1.155202314257621765e-01 -1.909375786781311035e-01 9.953294754028320312e+00
2.368540542821990093e+05 1.059434264898300171e-01 -1.873462796211242676e-01 9.931747436523437500e+00
2.368540743016570050e+05 1.292868852615356445e-01 -2.142810523509979248e-01 9.924564361572265625e+00
2.368540943211179983e+05 1.340752989053726196e-01 -2.017114907503128052e-01 9.937732696533203125e+00
2.368541143405819894e+05 1.346738487482070923e-01 -1.873462796211242676e-01 9.960477828979492188e+00
2.368541343600479886e+05 1.119289323687553406e-01 -1.897404789924621582e-01 9.947309494018554688e+00
2.368541543795150064e+05 1.316810995340347290e-01 -1.765723824501037598e-01 9.958083152770996094e+00
2.368541747041589988e+05 1.382651478052139282e-01 -2.029085904359817505e-01 9.953294754028320312e+00
2.368541949067350070e+05 1.095347255468368530e-01 -1.873462796211242676e-01 9.935338973999023438e+00
2.368542149262090097e+05 1.137245818972587585e-01 -1.729810684919357300e-01 9.939528465270996094e+00
2.368542349456840020e+05 1.137245818972587585e-01 -1.963245421648025513e-01 9.936535835266113281e+00
2.368542549651610025e+05 1.059434264898300171e-01 -2.047042399644851685e-01 9.944915771484375000e+00
2.368542749846389925e+05 1.167173311114311218e-01 -1.921346932649612427e-01 9.943717956542968750e+00
2.368542950041200093e+05 1.334767490625381470e-01 -1.987187415361404419e-01 9.947309494018554688e+00
2.368543150236019865e+05 1.179144307971000671e-01 -1.837549805641174316e-01 9.948506355285644531e+00
2.368543350430850114e+05 1.143231317400932312e-01 -1.891419291496276855e-01 9.962273597717285156e+00
2.368543550625699863e+05 1.262941360473632812e-01 -1.945288926362991333e-01 9.946112632751464844e+00
2.368543750820569985e+05 1.268926858901977539e-01 -1.897404789924621582e-01 9.929951667785644531e+00
2.368543951015450002e+05 1.268926858901977539e-01 -1.921346932649612427e-01 9.938929557800292969e+00
2.368544151210339915e+05 1.233013868331909180e-01 -2.035071402788162231e-01 9.941324234008789062e+00
2.368544351405249909e+05 1.161187812685966492e-01 -1.963245421648025513e-01 9.925163269042968750e+00
2.368544551600170089e+05 1.155202314257621765e-01 -1.873462796211242676e-01 9.948506355285644531e+00
2.368544751795099874e+05 1.197100877761840820e-01 -1.951274424791336060e-01 9.953294754028320312e+00
2.368544951990040136e+05 1.310825496912002563e-01 -1.891419291496276855e-01 9.962273597717285156e+00
2.368545151879829937e+05 1.185129806399345398e-01 -1.951274424791336060e-01 9.938929557800292969e+00
2.368545352379970136e+05 1.256955862045288086e-01 -2.166752517223358154e-01 9.952097892761230469e+00
2.368545552574949979e+05 1.083376258611679077e-01 -2.094926536083221436e-01 9.941922187805175781e+00
2.368545752769930114e+05 1.149216815829277039e-01 -1.789665818214416504e-01 9.942521095275878906e+00
2.368545952659760078e+05 1.191115379333496094e-01 -1.975216418504714966e-01 9.942521095275878906e+00
2.368546152854769898e+05 1.346738487482070923e-01 -1.909375786781311035e-01 9.955689430236816406e+00
2.368546353049800091e+05 1.316810995340347290e-01 -1.915361285209655762e-01 9.928155899047851562e+00
2.368546553244820097e+05 1.268926858901977539e-01 -1.837549805641174316e-01 9.943717956542968750e+00
2.368546753439870081e+05 1.268926858901977539e-01 -1.873462796211242676e-01 9.937732696533203125e+00
2.368546953634909878e+05 1.083376258611679077e-01 -2.023100405931472778e-01 9.949105262756347656e+00
2.368547153829970048e+05 1.203086376190185547e-01 -2.023100405931472778e-01 9.956287384033203125e+00
2.368547354025040113e+05 1.083376258611679077e-01 -1.909375786781311035e-01 9.947309494018554688e+00
2.368547554220099992e+05 1.244984865188598633e-01 -1.843535304069519043e-01 9.943717956542968750e+00
2.368547754415179952e+05 1.131260320544242859e-01 -1.969230920076370239e-01 9.945513725280761719e+00
2.368547954915440059e+05 1.143231317400932312e-01 -1.957259923219680786e-01 9.946112632751464844e+00
2.368548155720870127e+05 1.113303825259208679e-01 -2.070984542369842529e-01 9.934141159057617188e+00
2.368548355305620062e+05 1.274912357330322266e-01 -1.885433793067932129e-01 9.953893661499023438e+00
2.368548555195550143e+05 1.238999366760253906e-01 -2.100912034511566162e-01 9.948506355285644531e+00
2.368548755390660081e+05 1.143231317400932312e-01 -1.897404789924621582e-01 9.934141159057617188e+00
2.368548955585779913e+05 1.035492271184921265e-01 -2.232593148946762085e-01 9.956287384033203125e+00
2.368549155780909932e+05 1.280897855758666992e-01 -1.915361285209655762e-01 9.951498985290527344e+00
2.368549355976030056e+05 1.400607973337173462e-01 -1.873462796211242676e-01 9.951498985290527344e+00
2.368549556476350117e+05 1.370680481195449829e-01 -1.939303427934646606e-01 9.940725326538085938e+00
2.368549756366320071e+05 1.179144307971000671e-01 -1.885433793067932129e-01 9.941324234008789062e+00
2.368549956561459985e+05 1.280897855758666992e-01 -1.909375786781311035e-01 9.941922187805175781e+00
2.368550156756610086e+05 1.095347255468368530e-01 -1.939303427934646606e-01 9.958083152770996094e+00
2.368550356951770082e+05 1.125274822115898132e-01 -2.070984542369842529e-01 9.952696800231933594e+00
2.368550557146930078e+05 1.238999366760253906e-01 -2.142810523509979248e-01 9.937732696533203125e+00
2.368550757342090074e+05 1.161187812685966492e-01 -1.969230920076370239e-01 9.938331604003906250e+00
2.368550957537259965e+05 1.167173311114311218e-01 -2.064998894929885864e-01 9.937133789062500000e+00
2.368551157732440042e+05 1.119289323687553406e-01 -1.801636815071105957e-01 9.944316864013671875e+00
2.368551357927620120e+05 1.292868852615356445e-01 -2.005143910646438599e-01 9.934740066528320312e+00
2.368551558122810093e+05 1.316810995340347290e-01 -1.915361285209655762e-01 9.925761222839355469e+00
2.368551758317989879e+05 1.274912357330322266e-01 -1.945288926362991333e-01 9.948506355285644531e+00
2.368551958513180143e+05 1.227028369903564453e-01 -2.011129409074783325e-01 9.941922187805175781e+00
2.368552158708380011e+05 1.233013868331909180e-01 -2.059013396501541138e-01 9.943717956542968750e+00
2.368552358903590066e+05 1.179144307971000671e-01 -2.070984542369842529e-01 9.940127372741699219e+00
2.368552559098789934e+05 1.011550202965736389e-01 -1.939303427934646606e-01 9.928155899047851562e+00
2.368552759293990093e+05 1.388636976480484009e-01 -1.957259923219680786e-01 9.933543205261230469e+00
2.368552959489189961e+05 1.292868852615356445e-01 -2.059013396501541138e-01 9.957485198974609375e+00
2.368553159684420098e+05 1.185129806399345398e-01 -1.957259923219680786e-01 9.931148529052734375e+00
2.368553359879640047e+05 1.065419763326644897e-01 -1.999158412218093872e-01 9.955689430236816406e+00
2.368553560074859997e+05 1.209071874618530273e-01 -1.873462796211242676e-01 9.942521095275878906e+00
2.368553760270079947e+05 1.215057373046875000e-01 -2.094926536083221436e-01 9.956287384033203125e+00
2.368553960465299897e+05 1.238999366760253906e-01 -1.951274424791336060e-01 9.936535835266113281e+00
2.368554160660530033e+05 1.137245818972587585e-01 -1.957259923219680786e-01 9.950302124023437500e+00
2.368554360855749983e+05 1.173158809542655945e-01 -1.837549805641174316e-01 9.934740066528320312e+00
2.368554561050990014e+05 1.161187812685966492e-01 -1.933317929506301880e-01 9.938929557800292969e+00
2.368554761246230046e+05 1.191115379333496094e-01 -1.999158412218093872e-01 9.947309494018554688e+00
2.368554961441470077e+05 1.233013868331909180e-01 -1.975216418504714966e-01 9.955090522766113281e+00
2.368555161636710109e+05 1.286883354187011719e-01 -1.861491799354553223e-01 9.948506355285644531e+00
2.368555361831950140e+05 1.298854351043701172e-01 -1.867477297782897949e-01 9.943717956542968750e+00
2.368555562027200067e+05 1.382651478052139282e-01 -1.789665818214416504e-01 9.927556991577148438e+00
2.368555762222440098e+05 1.244984865188598633e-01 -1.975216418504714966e-01 9.956287384033203125e+00
2.368555962417680130e+05 1.203086376190185547e-01 -2.076970040798187256e-01 9.943120002746582031e+00
2.368556162612939952e+05 1.286883354187011719e-01 -2.100912034511566162e-01 9.944915771484375000e+00
2.368556362808200065e+05 1.346738487482070923e-01 -1.993172913789749146e-01 9.950901031494140625e+00
2.368556563308640034e+05 1.292868852615356445e-01 -1.921346932649612427e-01 9.942521095275878906e+00
2.368556763198720000e+05 1.244984865188598633e-01 -1.939303427934646606e-01 9.953294754028320312e+00
2.368556963393980113e+05 1.209071874618530273e-01 -1.951274424791336060e-01 9.944915771484375000e+00
2.368557163284069975e+05 1.173158809542655945e-01 -1.897404789924621582e-01 9.939528465270996094e+00
2.368557363479330088e+05 1.185129806399345398e-01 -1.849520802497863770e-01 9.941324234008789062e+00
2.368557563674589910e+05 1.316810995340347290e-01 -1.999158412218093872e-01 9.937133789062500000e+00
2.368557764175029879e+05 1.125274822115898132e-01 -2.029085904359817505e-01 9.936535835266113281e+00
2.368557964370289992e+05 1.227028369903564453e-01 -2.011129409074783325e-01 9.941922187805175781e+00
2.368558164260380145e+05 1.262941360473632812e-01 -1.903390288352966309e-01 9.944915771484375000e+00
2.368558364455639967e+05 1.256955862045288086e-01 -1.945288926362991333e-01 9.945513725280761719e+00
2.368558564956079936e+05 1.215057373046875000e-01 -2.035071402788162231e-01 9.942521095275878906e+00
2.368558764846189879e+05 1.197100877761840820e-01 -2.064998894929885864e-01 9.958083152770996094e+00
2.368558965041470074e+05 1.209071874618530273e-01 -1.969230920076370239e-01 9.947309494018554688e+00
2.368559165236749977e+05 1.346738487482070923e-01 -1.891419291496276855e-01 9.943717956542968750e+00
2.368559365432029881e+05 1.191115379333496094e-01 -1.855506300926208496e-01 9.940127372741699219e+00
2.368559565322140115e+05 1.262941360473632812e-01 -1.891419291496276855e-01 9.940127372741699219e+00
2.368559765517420019e+05 1.424549967050552368e-01 -2.023100405931472778e-01 9.951498985290527344e+00
2.368559966017869883e+05 1.921346932649612427e-01 2.118868529796600342e-01 1.028309631347656250e+01
2.368560165907980117e+05 2.364274114370346069e-01 -3.315969407558441162e-01 9.819219589233398438e+00
2.368560366408429982e+05 1.358709484338760376e-01 -2.902969419956207275e-01 1.002811336517333984e+01
2.368560566603709885e+05 2.693476900458335876e-02 -3.202244639396667480e-01 9.934740066528320312e+00
2.368560766798999975e+05 -1.388636976480484009e-01 -7.140706777572631836e-01 9.782708168029785156e+00
2.368560966994279879e+05 -4.189852997660636902e-02 -3.770867586135864258e-01 9.842563629150390625e+00
2.368561166884379927e+05 3.226186931133270264e-01 1.975216418504714966e-01 1.004427433013916016e+01
2.368561367384839978e+05 4.285621047019958496e-01 3.202244639396667480e-01 9.989208221435546875e+00
2.368561567580119881e+05 1.951274424791336060e-01 -2.394201699644327164e-03 9.983820915222167969e+00
2.368561767470219929e+05 -8.978256583213806152e-02 -5.692214369773864746e-01 9.894038200378417969e+00
2.368561967665500124e+05 -7.900865375995635986e-02 -5.740098357200622559e-01 9.922170639038085938e+00
2.368562167860780028e+05 1.568202078342437744e-01 -1.436521019786596298e-02 9.952097892761230469e+00
2.368562368056080013e+05 3.070563673973083496e-01 1.646013706922531128e-01 1.000536918640136719e+01
2.368562568251389894e+05 1.861491799354553223e-01 -1.801636815071105957e-01 9.971850395202636719e+00
2.368562768446689879e+05 2.035071514546871185e-02 -4.381389021873474121e-01 9.935338973999023438e+00
2.368562968641989864e+05 -5.805939063429832458e-02 -4.393360018730163574e-01 9.910199165344238281e+00
2.368563168837290141e+05 1.256955862045288086e-01 -1.340752989053726196e-01 9.944316864013671875e+00
2.368563369032590126e+05 3.070563673973083496e-01 1.993172913789749146e-01 9.967061996459960938e+00
2.368563569227890112e+05 2.316390126943588257e-01 1.795651204884052277e-02 9.975440979003906250e+00
2.368563769423190097e+05 6.584054976701736450e-02 -4.118026793003082275e-01 9.961075782775878906e+00
2.368563969618490082e+05 -4.548983275890350342e-02 -5.015852451324462891e-01 9.908403396606445312e+00
2.368564169813790068e+05 3.591302409768104553e-02 -2.861070930957794189e-01 9.944316864013671875e+00
2.368564370009090053e+05 1.957259923219680786e-01 -3.830722719430923462e-02 9.949105262756347656e+00
2.368564570204390038e+05 2.867056429386138916e-01 4.608838260173797607e-02 9.947908401489257812e+00
2.368564770399690024e+05 1.801636815071105957e-01 -1.466448605060577393e-01 9.964069366455078125e+00
2.368564970594990009e+05 5.147533491253852844e-02 -3.543418645858764648e-01 9.936535835266113281e+00
2.368565170790289994e+05 1.975216343998908997e-02 -3.303998410701751709e-01 9.933543205261230469e+00
2.368565370985589980e+05 1.227028369903564453e-01 -1.364694982767105103e-01 9.926360130310058594e+00
2.368565571180889965e+05 1.975216418504714966e-01 -1.215057373046875000e-01 9.950302124023437500e+00
2.368565771376189950e+05 1.508347094058990479e-01 -2.011129409074783325e-01 9.956886291503906250e+00
2.368565971571489936e+05 8.319851011037826538e-02 -2.711433470249176025e-01 9.935936927795410156e+00
2.368566171766789921e+05 7.242459803819656372e-02 -2.424129247665405273e-01 9.933543205261230469e+00
2.368566371962089906e+05 1.538274586200714111e-01 -9.756372123956680298e-02 9.932944297790527344e+00
2.368566571852210036e+05 1.969230920076370239e-01 -6.165069341659545898e-02 9.952097892761230469e+00
2.368566772047510021e+05 1.628057211637496948e-01 -2.005143910646438599e-01 9.939528465270996094e+00
2.368566972242810007e+05 4.908113554120063782e-02 -3.405751883983612061e-01 9.935338973999023438e+00
2.368567172743290139e+05 4.189852997660636902e-02 -3.124433159828186035e-01 9.931747436523437500e+00
2.368567372938590124e+05 1.035492271184921265e-01 -1.879448294639587402e-01 9.922170639038085938e+00
2.368567573133890110e+05 1.861491799354553223e-01 -8.738835901021957397e-02 9.961674690246582031e+00
2.368567773329190095e+05 1.861491799354553223e-01 -9.038111567497253418e-02 9.956886291503906250e+00
2.368567973219320120e+05 1.101332753896713257e-01 -2.226607650518417358e-01 9.926360130310058594e+00
2.368568173414620105e+05 5.087678506970405579e-02 -2.388216257095336914e-01 9.950901031494140625e+00
2.368568373609920091e+05 6.464344263076782227e-02 -2.436100244522094727e-01 9.909601211547851562e+00
2.368568573805220076e+05 1.604115068912506104e-01 -2.142810523509979248e-01 9.942521095275878906e+00
2.368568774000520061e+05 1.867477297782897949e-01 -1.334767490625381470e-01 9.973047256469726562e+00
2.368568974195820047e+05 8.918401598930358887e-02 -1.747767180204391479e-01 9.944915771484375000e+00
2.368569174391120032e+05 7.541735470294952393e-02 -2.244564145803451538e-01 9.914389610290527344e+00
2.368569374586420017e+05 1.346738487482070923e-01 -1.286883354187011719e-01 9.934740066528320312e+00
2.368569574781720003e+05 1.789665818214416504e-01 -1.418564468622207642e-01 9.937133789062500000e+00
2.368569774977019988e+05 1.442506462335586548e-01 -2.424129247665405273e-01 9.968857765197753906e+00
2.368569975172319973e+05 9.038111567497253418e-02 -2.448071241378784180e-01 9.941324234008789062e+00
2.368570175367619959e+05 3.292027488350868225e-02 -2.436100244522094727e-01 9.934141159057617188e+00
2.368570375562919944e+05 1.041477769613265991e-01 -2.286462634801864624e-01 9.904812812805175781e+00
2.368570575758219929e+05 1.771709322929382324e-01 -1.562216579914093018e-01 9.957485198974609375e+00
2.368570775953519915e+05 1.801636815071105957e-01 -1.095347255468368530e-01 9.949704170227050781e+00
2.368570976148819900e+05 1.053448766469955444e-01 -1.651999205350875854e-01 1.007779312133789062e+01
2.368571176344119885e+05 1.496376097202301025e-01 -2.148796021938323975e-01 9.951498985290527344e+00
2.368571376539419871e+05 1.346738487482070923e-01 -1.675941199064254761e-01 9.934740066528320312e+00
2.368571576734719856e+05 9.337386488914489746e-02 -2.651578485965728760e-01 9.914987564086914062e+00
2.368571776930020133e+05 1.077390760183334351e-01 -2.442085742950439453e-01 9.974244117736816406e+00
2.368571977125320118e+05 1.352723985910415649e-01 -1.520318090915679932e-01 9.930550575256347656e+00
2.368572177320620103e+05 1.328781992197036743e-01 -1.759738177061080933e-01 9.958682060241699219e+00
2.368572377515929984e+05 1.065419763326644897e-01 -1.580173075199127197e-01 9.943717956542968750e+00
2.368572577711250051e+05 1.185129806399345398e-01 -1.562216579914093018e-01 9.949105262756347656e+00
2.368572777906570118e+05 1.107318252325057983e-01 -2.358288615942001343e-01 9.957485198974609375e+00
2.368572977796710038e+05 1.017535701394081116e-01 -2.298433631658554077e-01 9.933543205261230469e+00
2.368573178297179984e+05 1.197100877761840820e-01 -2.094926536083221436e-01 9.972448348999023438e+00
2.368573378492489865e+05 9.935937076807022095e-02 -1.759738177061080933e-01 9.947309494018554688e+00
2.368573578687809932e+05 1.298854351043701172e-01 -1.819593310356140137e-01 9.950901031494140625e+00
2.368573778577960038e+05 1.478419601917266846e-01 -1.693897694349288940e-01 9.916783332824707031e+00
2.368573978773280105e+05 1.179144307971000671e-01 -1.544260084629058838e-01 9.979032516479492188e+00
2.368574178968580090e+05 1.065419763326644897e-01 -2.124854028224945068e-01 9.946710586547851562e+00
2.368574379163880076e+05 1.083376258611679077e-01 -2.334346622228622437e-01 9.950901031494140625e+00
2.368574579664370103e+05 1.304839998483657837e-01 -1.927332431077957153e-01 9.933543205261230469e+00
2.368574779554519919e+05 1.394622474908828735e-01 -2.340332120656967163e-01 9.937732696533203125e+00
2.368574979749839986e+05 1.071405261754989624e-01 -1.987187415361404419e-01 9.923966407775878906e+00
2.368575179945149866e+05 1.107318252325057983e-01 -1.472434103488922119e-01 9.940127372741699219e+00
2.368575380140450143e+05 1.328781992197036743e-01 -1.460463106632232666e-01 9.947908401489257812e+00
2.368575580335760023e+05 1.358709484338760376e-01 -1.957259923219680786e-01 9.935338973999023438e+00
2.368575780531080090e+05 1.400607973337173462e-01 -2.041056901216506958e-01 9.918579101562500000e+00
2.368575980726399866e+05 8.858546614646911621e-02 -2.328361123800277710e-01 9.939528465270996094e+00
2.368576180921710038e+05 8.738835901021957397e-02 -2.070984542369842529e-01 9.932345390319824219e+00
2.368576381117010023e+05 1.107318252325057983e-01 -1.933317929506301880e-01 9.951498985290527344e+00
2.368576581312319904e+05 1.352723985910415649e-01 -2.035071402788162231e-01 9.935936927795410156e+00
2.368576781507639971e+05 1.472434103488922119e-01 -1.867477297782897949e-01 9.947908401489257812e+00
2.368576981702960038e+05 1.209071874618530273e-01 -1.490390598773956299e-01 9.929951667785644531e+00
2.368577181898280105e+05 1.047463268041610718e-01 -1.897404789924621582e-01 9.935936927795410156e+00
2.368577382093580090e+05 1.029506698250770569e-01 -2.082955539226531982e-01 9.919178009033203125e+00
2.368577582288880076e+05 1.286883354187011719e-01 -1.963245421648025513e-01 9.954492568969726562e+00
2.368577782484200143e+05 1.197100877761840820e-01 -2.184709012508392334e-01 9.938929557800292969e+00
2.368577982679519919e+05 1.286883354187011719e-01 -1.981201916933059692e-01 9.949105262756347656e+00
2.368578182874839986e+05 1.268926858901977539e-01 -1.562216579914093018e-01 9.927556991577148438e+00
2.368578383070149866e+05 1.292868852615356445e-01 -1.556231081485748291e-01 9.946710586547851562e+00
2.368578583265450143e+05 1.083376258611679077e-01 -1.963245421648025513e-01 9.951498985290527344e+00
2.368578784986629908e+05 1.125274822115898132e-01 -2.340332120656967163e-01 9.903614997863769531e+00
2.368578983656080090e+05 1.059434264898300171e-01 -2.017114907503128052e-01 9.973646163940429688e+00
2.368579188123859931e+05 1.268926858901977539e-01 -1.867477297782897949e-01 9.981427192687988281e+00
2.368579384046710038e+05 1.400607973337173462e-01 -1.969230920076370239e-01 9.940127372741699219e+00
2.368579584242010023e+05 1.209071874618530273e-01 -2.064998894929885864e-01 9.952696800231933594e+00
2.368579784437330090e+05 1.065419763326644897e-01 -2.029085904359817505e-01 9.942521095275878906e+00
2.368579984632649866e+05 1.131260320544242859e-01 -1.813607811927795410e-01 9.937732696533203125e+00
2.368580184827960038e+05 1.406593471765518188e-01 -1.388636976480484009e-01 9.945513725280761719e+00
2.368580385023260023e+05 1.286883354187011719e-01 -1.885433793067932129e-01 9.941922187805175781e+00
2.368580584913399944e+05 1.029506698250770569e-01 -2.483984231948852539e-01 9.949704170227050781e+00
2.368580785413899866e+05 7.302315533161163330e-02 -2.304419130086898804e-01 9.937732696533203125e+00
2.368580985609210038e+05 7.122749835252761841e-02 -2.154781520366668701e-01 9.941922187805175781e+00
2.368581185804510023e+05 1.478419601917266846e-01 -1.562216579914093018e-01 9.863512039184570312e+00
2.368581385999830090e+05 1.861491799354553223e-01 -1.526303589344024658e-01 9.982624053955078125e+00
2.368581585889970011e+05 1.628057211637496948e-01 -1.903390288352966309e-01 9.955689430236816406e+00
2.368581786085279891e+05 9.097966551780700684e-02 -2.262520641088485718e-01 9.911396026611328125e+00
2.368581986585760023e+05 5.865794047713279724e-02 -2.364274114370346069e-01 9.940127372741699219e+00
2.368582186475899944e+05 1.244984865188598633e-01 -1.837549805641174316e-01 9.977835655212402344e+00
2.368582386671220011e+05 2.005143910646438599e-01 -1.651999205350875854e-01 9.940127372741699219e+00
2.368582586866529891e+05 1.526303589344024658e-01 -1.951274424791336060e-01 9.931148529052734375e+00
2.368582787061829877e+05 1.065419763326644897e-01 -1.975216418504714966e-01 9.961075782775878906e+00
2.368582987257149944e+05 5.327098816633224487e-02 -2.041056901216506958e-01 9.928754806518554688e+00
2.368583187452470011e+05 9.876082092523574829e-02 -1.957259923219680786e-01 9.909002304077148438e+00
2.368583384901199897e+05 1.628057211637496948e-01 -1.562216579914093018e-01 9.937732696533203125e+00
2.368583586927549914e+05 1.418564468622207642e-01 -2.094926536083221436e-01 9.935936927795410156e+00
2.368583787122869981e+05 9.038111567497253418e-02 -2.585737705230712891e-01 9.939528465270996094e+00
2.368583987318190048e+05 7.422025501728057861e-02 -2.035071402788162231e-01 9.974843025207519531e+00
2.368584187513499928e+05 1.262941360473632812e-01 -1.687912195920944214e-01 9.984419822692871094e+00
2.368584387708799914e+05 1.789665818214416504e-01 -1.693897694349288940e-01 9.981427192687988281e+00
2.368584587904119981e+05 1.388636976480484009e-01 -1.687912195920944214e-01 9.975440979003906250e+00
2.368584788099440048e+05 8.140286058187484741e-02 -2.178723514080047607e-01 9.978434562683105469e+00
2.368584988294749928e+05 9.397241473197937012e-02 -2.466027736663818359e-01 9.983820915222167969e+00
2.368585188490049914e+05 1.089361757040023804e-01 -2.064998894929885864e-01 9.980828285217285156e+00
2.368585388685369981e+05 1.544260084629058838e-01 -2.118868529796600342e-01 9.988011360168457031e+00
2.368585588880690048e+05 1.268926858901977539e-01 -1.885433793067932129e-01 9.993397712707519531e+00
2.368585789075999928e+05 1.215057373046875000e-01 -1.951274424791336060e-01 9.996989250183105469e+00
2.368585989271299914e+05 1.125274822115898132e-01 -1.963245421648025513e-01 1.001255130767822266e+01
2.368586189466619981e+05 1.215057373046875000e-01 -1.993172913789749146e-01 9.985616683959960938e+00
2.368586389661940048e+05 1.268926858901977539e-01 -1.957259923219680786e-01 9.964667320251464844e+00
2.368586589857249928e+05 1.221042871475219727e-01 -2.178723514080047607e-01 9.999382972717285156e+00
2.368586790052549914e+05 1.095347255468368530e-01 -2.124854028224945068e-01 9.968857765197753906e+00
2.368586990247869981e+05 1.179144307971000671e-01 -2.286462634801864624e-01 9.996989250183105469e+00
2.368587190443190048e+05 1.149216815829277039e-01 -2.304419130086898804e-01 9.994594573974609375e+00
2.368587390638499928e+05 1.274912357330322266e-01 -1.777694821357727051e-01 9.969455718994140625e+00
2.368587590833799914e+05 1.274912357330322266e-01 -1.969230920076370239e-01 9.983222961425781250e+00
2.368587791029119981e+05 1.221042871475219727e-01 -1.945288926362991333e-01 9.986215591430664062e+00
2.368587991224440048e+05 8.918401598930358887e-02 -2.244564145803451538e-01 9.991003990173339844e+00
2.368588191419749928e+05 1.023521199822425842e-01 -2.106897532939910889e-01 9.978434562683105469e+00
2.368588391615049914e+05 1.346738487482070923e-01 -2.070984542369842529e-01 9.977835655212402344e+00
2.368588591810369981e+05 1.215057373046875000e-01 -2.035071402788162231e-01 9.983222961425781250e+00
2.368588792005690048e+05 1.059434264898300171e-01 -2.148796021938323975e-01 9.979631423950195312e+00
2.368588992200999928e+05 1.017535701394081116e-01 -2.017114907503128052e-01 9.971850395202636719e+00
2.368589192396299914e+05 1.131260320544242859e-01 -1.825578808784484863e-01 9.986813545227050781e+00
2.368589392591619981e+05 1.161187812685966492e-01 -2.154781520366668701e-01 9.963470458984375000e+00
2.368589592786940048e+05 1.035492271184921265e-01 -2.124854028224945068e-01 9.977835655212402344e+00
2.368589792982249928e+05 1.250970363616943359e-01 -2.286462634801864624e-01 9.973047256469726562e+00
2.368589993177549914e+05 7.781155407428741455e-02 -1.987187415361404419e-01 9.996989250183105469e+00
2.368590193372869981e+05 9.756372123956680298e-02 -2.328361123800277710e-01 9.982624053955078125e+00
2.368590393568190048e+05 1.729810684919357300e-01 -1.843535304069519043e-01 9.943717956542968750e+00
2.368590593763499928e+05 1.496376097202301025e-01 -2.017114907503128052e-01 9.992799758911132812e+00
2.368590793958799914e+05 1.041477769613265991e-01 -2.454056739807128906e-01 9.982624053955078125e+00
2.368590994154119981e+05 7.062894850969314575e-02 -1.873462796211242676e-01 9.959280967712402344e+00
2.368591194349440048e+05 9.995792061090469360e-02 -2.304419130086898804e-01 9.977236747741699219e+00
2.368591394544749928e+05 1.705868691205978394e-01 -2.370259612798690796e-01 9.976638793945312500e+00
2.368591595045239956e+05 1.532289087772369385e-01 -1.861491799354553223e-01 9.960477828979492188e+00
2.368591795240560023e+05 8.439560979604721069e-02 -2.256535142660140991e-01 9.952696800231933594e+00
2.368591996351410053e+05 5.207388848066329956e-02 -2.460042238235473633e-01 9.967659950256347656e+00
2.368592195631180075e+05 9.397241473197937012e-02 -1.957259923219680786e-01 9.956886291503906250e+00
2.368592395826489956e+05 1.484405100345611572e-01 -2.196680009365081787e-01 9.961674690246582031e+00
2.368592595716629876e+05 1.616086214780807495e-01 -2.274491637945175171e-01 9.979032516479492188e+00
2.368592796217130090e+05 1.310825496912002563e-01 -1.885433793067932129e-01 9.983222961425781250e+00
2.368592995802079968e+05 3.351882472634315491e-02 -2.094926536083221436e-01 9.940725326538085938e+00
2.368593196607739956e+05 4.668693244457244873e-02 -2.017114907503128052e-01 9.941324234008789062e+00
2.368593396192709915e+05 1.646013706922531128e-01 -2.118868529796600342e-01 9.913790702819824219e+00
2.368593596388029982e+05 1.897404789924621582e-01 -1.909375786781311035e-01 1.001015758514404297e+01
2.368593796583329968e+05 1.663970202207565308e-01 -2.208651006221771240e-01 1.000955867767333984e+01
2.368593998609689879e+05 9.516951441764831543e-02 -2.220622003078460693e-01 9.968258857727050781e+00
2.368594196973959915e+05 4.967968538403511047e-02 -1.861491799354553223e-01 9.960477828979492188e+00
2.368594397474449943e+05 7.422025501728057861e-02 -2.256535142660140991e-01 9.925163269042968750e+00
2.368594597669749928e+05 1.376665979623794556e-01 -2.507926225662231445e-01 9.974244117736816406e+00
2.368594797865060100e+05 1.831564307212829590e-01 -1.891419291496276855e-01 9.962273597717285156e+00
2.368594999586259946e+05 1.256955862045288086e-01 -1.891419291496276855e-01 9.973047256469726562e+00
2.368595198255699943e+05 6.344634294509887695e-02 -2.118868529796600342e-01 9.936535835266113281e+00
2.368595398450999928e+05 6.763619929552078247e-02 -1.993172913789749146e-01 9.952097892761230469e+00
2.368595598646310100e+05 1.316810995340347290e-01 -2.244564145803451538e-01 9.966463088989257812e+00
2.368595798841629876e+05 1.472434103488922119e-01 -2.328361123800277710e-01 9.948506355285644531e+00
2.368595999647300050e+05 1.221042871475219727e-01 -1.861491799354553223e-01 9.985616683959960938e+00
2.368596199232249928e+05 7.721300423145294189e-02 -1.747767180204391479e-01 9.941922187805175781e+00
2.368596399427560100e+05 1.071405261754989624e-01 -2.328361123800277710e-01 9.973047256469726562e+00
2.368596599317709915e+05 1.610100716352462769e-01 -2.238578647375106812e-01 9.988609313964843750e+00
2.368596799818199943e+05 1.376665979623794556e-01 -2.124854028224945068e-01 9.964667320251464844e+00
2.368596999708329968e+05 9.756372123956680298e-02 -2.304419130086898804e-01 9.938331604003906250e+00
2.368597200208810100e+05 8.619125932455062866e-02 -1.891419291496276855e-01 9.974843025207519531e+00
2.368597400098959915e+05 1.406593471765518188e-01 -2.017114907503128052e-01 9.977835655212402344e+00
2.368597600294279982e+05 1.562216579914093018e-01 -2.501940727233886719e-01 9.949704170227050781e+00
2.368597800794749928e+05 1.095347255468368530e-01 -1.999158412218093872e-01 9.979032516479492188e+00
2.368598000990060100e+05 9.397241473197937012e-02 -1.999158412218093872e-01 9.949704170227050781e+00
2.368598200880209915e+05 9.038111567497253418e-02 -2.041056901216506958e-01 9.977835655212402344e+00
2.368598401075529982e+05 1.358709484338760376e-01 -1.879448294639587402e-01 9.962871551513671875e+00
2.368598601270829968e+05 1.430535465478897095e-01 -2.064998894929885864e-01 9.984419822692871094e+00
2.368598801466140139e+05 1.035492271184921265e-01 -2.412158250808715820e-01 9.986215591430664062e+00
2.368599001661459915e+05 1.113303825259208679e-01 -1.885433793067932129e-01 9.958083152770996094e+00
2.368599201856779982e+05 1.161187812685966492e-01 -1.933317929506301880e-01 9.962273597717285156e+00
2.368599401746900112e+05 1.262941360473632812e-01 -2.202665507793426514e-01 9.979032516479492188e+00
2.368599601942209993e+05 1.250970363616943359e-01 -2.172738015651702881e-01 9.960477828979492188e+00
2.368599802137530060e+05 1.161187812685966492e-01 -2.166752517223358154e-01 9.971251487731933594e+00
2.368600002332850127e+05 9.876082092523574829e-02 -2.310404628515243530e-01 9.959878921508789062e+00
2.368600202528150112e+05 1.005564704537391663e-01 -1.885433793067932129e-01 9.953893661499023438e+00
2.368600402723459993e+05 1.221042871475219727e-01 -2.041056901216506958e-01 9.955090522766113281e+00
2.368600602918780060e+05 1.406593471765518188e-01 -2.041056901216506958e-01 9.961674690246582031e+00
2.368600803114100127e+05 1.179144307971000671e-01 -2.256535142660140991e-01 9.984419822692871094e+00
2.368601007276689925e+05 1.065419763326644897e-01 -2.041056901216506958e-01 9.976039886474609375e+00
2.368601203504709993e+05 1.089361757040023804e-01 -2.124854028224945068e-01 9.955090522766113281e+00
2.368601403700030060e+05 1.185129806399345398e-01 -1.993172913789749146e-01 9.956287384033203125e+00
2.368601603895350127e+05 1.382651478052139282e-01 -2.238578647375106812e-01 9.941324234008789062e+00
2.368601804090650112e+05 1.185129806399345398e-01 -2.238578647375106812e-01 9.962273597717285156e+00
2.368602004285959993e+05 1.143231317400932312e-01 -2.106897532939910889e-01 9.959878921508789062e+00
2.368602204176110099e+05 1.041477769613265991e-01 -2.088941037654876709e-01 9.976039886474609375e+00
2.368602404371429875e+05 1.268926858901977539e-01 -2.047042399644851685e-01 9.955090522766113281e+00
2.368602604566729860e+05 1.262941360473632812e-01 -2.184709012508392334e-01 9.950302124023437500e+00
2.368602804762040032e+05 1.113303825259208679e-01 -2.262520641088485718e-01 9.973646163940429688e+00
2.368603004957360099e+05 1.005564704537391663e-01 -2.070984542369842529e-01 9.980828285217285156e+00
2.368603205152679875e+05 1.167173311114311218e-01 -2.059013396501541138e-01 9.965864181518554688e+00
2.368603405347979860e+05 1.083376258611679077e-01 -2.268506139516830444e-01 9.969455718994140625e+00
2.368603605543290032e+05 1.161187812685966492e-01 -2.232593148946762085e-01 9.955090522766113281e+00
2.368603805738610099e+05 1.161187812685966492e-01 -2.017114907503128052e-01 9.956287384033203125e+00
2.368604005933929875e+05 1.173158809542655945e-01 -1.939303427934646606e-01 9.967061996459960938e+00
2.368604206129229860e+05 1.107318252325057983e-01 -2.035071402788162231e-01 9.983222961425781250e+00
2.368604406324540032e+05 1.149216815829277039e-01 -2.059013396501541138e-01 9.961075782775878906e+00
2.368604606825030060e+05 1.179144307971000671e-01 -2.112883031368255615e-01 9.962273597717285156e+00
2.368604806715179875e+05 1.238999366760253906e-01 -2.142810523509979248e-01 9.962871551513671875e+00
2.368605006910479860e+05 1.095347255468368530e-01 -2.035071402788162231e-01 9.971850395202636719e+00
2.368605207410959993e+05 9.457096457481384277e-02 -1.981201916933059692e-01 9.971850395202636719e+00
2.368605407606280060e+05 1.215057373046875000e-01 -2.059013396501541138e-01 9.979032516479492188e+00
2.368605607801600127e+05 1.203086376190185547e-01 -2.088941037654876709e-01 9.953294754028320312e+00
2.368605807996900112e+05 1.137245818972587585e-01 -2.112883031368255615e-01 9.974843025207519531e+00
2.368606008192209993e+05 9.457096457481384277e-02 -2.202665507793426514e-01 9.960477828979492188e+00
2.368606208387530060e+05 1.197100877761840820e-01 -2.160767018795013428e-01 9.965266227722167969e+00
2.368606408582850127e+05 1.233013868331909180e-01 -2.124854028224945068e-01 9.963470458984375000e+00
2.368606608778150112e+05 1.221042871475219727e-01 -2.112883031368255615e-01 9.951498985290527344e+00
2.368606808973459993e+05 1.029506698250770569e-01 -2.262520641088485718e-01 9.943717956542968750e+00
2.368607008863610099e+05 1.077390760183334351e-01 -2.154781520366668701e-01 9.943120002746582031e+00
2.368607209058929875e+05 1.023521199822425842e-01 -2.106897532939910889e-01 9.952097892761230469e+00
2.368607409254229860e+05 1.268926858901977539e-01 -2.100912034511566162e-01 9.946710586547851562e+00
2.368607609449540032e+05 1.125274822115898132e-01 -2.094926536083221436e-01 9.976039886474609375e+00
2.368607809950030060e+05 1.149216815829277039e-01 -2.070984542369842529e-01 9.951498985290527344e+00
2.368608009840179875e+05 1.173158809542655945e-01 -2.100912034511566162e-01 9.977236747741699219e+00
2.368608210340650112e+05 1.209071874618530273e-01 -1.981201916933059692e-01 9.937732696533203125e+00
2.368608410535959993e+05 1.280897855758666992e-01 -2.136825025081634521e-01 9.946710586547851562e+00
2.368608610426110099e+05 1.250970363616943359e-01 -2.106897532939910889e-01 9.960477828979492188e+00
2.368608810926600127e+05 1.083376258611679077e-01 -1.999158412218093872e-01 9.973646163940429688e+00
2.368609011121900112e+05 1.101332753896713257e-01 -1.939303427934646606e-01 9.958682060241699219e+00
2.368609211317209993e+05 9.876082092523574829e-02 -2.148796021938323975e-01 9.958083152770996094e+00
2.368609413953940093e+05 1.280897855758666992e-01 -1.873462796211242676e-01 9.980828285217285156e+00
2.368609611402679875e+05 1.119289323687553406e-01 -1.993172913789749146e-01 9.941324234008789062e+00
2.368609811597979860e+05 1.089361757040023804e-01 -2.160767018795013428e-01 9.968857765197753906e+00
2.368610011793290032e+05 1.292868852615356445e-01 -1.891419291496276855e-01 9.946112632751464844e+00
2.368610211988610099e+05 1.149216815829277039e-01 -2.124854028224945068e-01 9.959878921508789062e+00
2.368610412183929875e+05 1.101332753896713257e-01 -2.154781520366668701e-01 9.980229377746582031e+00
2.368610612379229860e+05 1.071405261754989624e-01 -2.130839526653289795e-01 9.965266227722167969e+00
2.368610812574540032e+05 9.516951441764831543e-02 -2.112883031368255615e-01 9.965864181518554688e+00
2.368611012464679952e+05 8.559270948171615601e-02 -2.041056901216506958e-01 9.947309494018554688e+00
2.368611212659990124e+05 1.065419763326644897e-01 -2.166752517223358154e-01 9.973047256469726562e+00
2.368611412855290109e+05 1.209071874618530273e-01 -2.112883031368255615e-01 9.955689430236816406e+00
2.368611613355790032e+05 1.394622474908828735e-01 -1.969230920076370239e-01 9.968857765197753906e+00
2.368611813245929952e+05 1.029506698250770569e-01 -2.100912034511566162e-01 9.953893661499023438e+00
2.368612013746419980e+05 1.179144307971000671e-01 -2.172738015651702881e-01 9.963470458984375000e+00
2.368612213636540109e+05 1.179144307971000671e-01 -1.981201916933059692e-01 9.955689430236816406e+00
2.368612413831859885e+05 1.173158809542655945e-01 -2.047042399644851685e-01 9.941324234008789062e+00
2.368612614027179952e+05 1.101332753896713257e-01 -1.897404789924621582e-01 9.946710586547851562e+00
2.368612814222490124e+05 9.935937076807022095e-02 -2.136825025081634521e-01 9.968258857727050781e+00
2.368613014417790109e+05 1.095347255468368530e-01 -1.981201916933059692e-01 9.938331604003906250e+00
2.368613214613109885e+05 1.191115379333496094e-01 -2.017114907503128052e-01 9.964667320251464844e+00
2.368613414808429952e+05 1.179144307971000671e-01 -2.076970040798187256e-01 9.947908401489257812e+00
2.368613615003740124e+05 1.167173311114311218e-01 -2.136825025081634521e-01 9.949704170227050781e+00
2.368613815199040109e+05 1.280897855758666992e-01 -1.903390288352966309e-01 9.961075782775878906e+00
2.368614015394359885e+05 1.167173311114311218e-01 -2.106897532939910889e-01 9.943120002746582031e+00
2.368614215589679952e+05 1.107318252325057983e-01 -2.202665507793426514e-01 9.934740066528320312e+00
2.368614415784990124e+05 1.011550202965736389e-01 -2.214636504650115967e-01 9.966463088989257812e+00
2.368614616285469965e+05 1.137245818972587585e-01 -2.029085904359817505e-01 9.945513725280761719e+00
2.368614816175609885e+05 1.089361757040023804e-01 -2.029085904359817505e-01 9.937732696533203125e+00
2.368615016370929952e+05 1.191115379333496094e-01 -2.053027898073196411e-01 9.979032516479492188e+00
2.368615216566240124e+05 1.083376258611679077e-01 -2.118868529796600342e-01 9.964069366455078125e+00
2.368615416761540109e+05 1.107318252325057983e-01 -2.154781520366668701e-01 9.967659950256347656e+00
2.368615616956859885e+05 1.143231317400932312e-01 -2.172738015651702881e-01 9.950901031494140625e+00
2.368615817152179952e+05 1.047463268041610718e-01 -2.076970040798187256e-01 9.964667320251464844e+00
2.368616017347490124e+05 1.131260320544242859e-01 -2.124854028224945068e-01 9.968857765197753906e+00
2.368616217542790109e+05 1.083376258611679077e-01 -2.082955539226531982e-01 9.945513725280761719e+00
2.368616417738109885e+05 1.107318252325057983e-01 -2.023100405931472778e-01 9.920972824096679688e+00
2.368616617933429952e+05 1.149216815829277039e-01 -2.023100405931472778e-01 9.978434562683105469e+00
2.368616818128740124e+05 1.197100877761840820e-01 -2.196680009365081787e-01 9.934740066528320312e+00
2.368617018324040109e+05 1.101332753896713257e-01 -1.939303427934646606e-01 9.955689430236816406e+00
2.368617218519359885e+05 9.995792061090469360e-02 -2.166752517223358154e-01 9.936535835266113281e+00
2.368617418714679952e+05 1.119289323687553406e-01 -2.124854028224945068e-01 9.970652580261230469e+00
2.368617618604809977e+05 9.457096457481384277e-02 -2.076970040798187256e-01 9.949105262756347656e+00
2.368617819105290109e+05 1.209071874618530273e-01 -1.987187415361404419e-01 9.964069366455078125e+00
2.368618019300609885e+05 1.215057373046875000e-01 -1.969230920076370239e-01 9.963470458984375000e+00
2.368618219495929952e+05 1.173158809542655945e-01 -2.154781520366668701e-01 9.957485198974609375e+00
2.368618419386059977e+05 1.095347255468368530e-01 -2.076970040798187256e-01 9.971251487731933594e+00
2.368618619886540109e+05 1.095347255468368530e-01 -2.070984542369842529e-01 9.943120002746582031e+00
2.368618819776680029e+05 9.995792061090469360e-02 -2.124854028224945068e-01 9.959878921508789062e+00
2.368619019972000096e+05 1.077390760183334351e-01 -2.124854028224945068e-01 9.961674690246582031e+00
2.368619220167309977e+05 1.059434264898300171e-01 -2.166752517223358154e-01 9.970652580261230469e+00
2.368619420362609962e+05 1.035492271184921265e-01 -2.256535142660140991e-01 9.947309494018554688e+00
2.368619620557930029e+05 1.101332753896713257e-01 -2.035071402788162231e-01 9.955689430236816406e+00
2.368619820753250096e+05 1.185129806399345398e-01 -1.999158412218093872e-01 9.951498985290527344e+00
2.368620020948559977e+05 1.065419763326644897e-01 -2.035071402788162231e-01 9.945513725280761719e+00
2.368620221143859962e+05 1.215057373046875000e-01 -2.106897532939910889e-01 9.955090522766113281e+00
2.368620421034010069e+05 1.083376258611679077e-01 -2.250549644231796265e-01 9.973047256469726562e+00
2.368620621534500096e+05 1.185129806399345398e-01 -2.142810523509979248e-01 9.959878921508789062e+00
2.368620821729809977e+05 1.244984865188598633e-01 -2.059013396501541138e-01 9.947908401489257812e+00
2.368621021925109962e+05 1.131260320544242859e-01 -2.035071402788162231e-01 9.950302124023437500e+00
2.368621222120430029e+05 1.167173311114311218e-01 -2.196680009365081787e-01 9.949105262756347656e+00
2.368621422010580136e+05 1.023521199822425842e-01 -2.053027898073196411e-01 9.946710586547851562e+00
2.368621622511059977e+05 1.017535701394081116e-01 -2.154781520366668701e-01 9.959878921508789062e+00
2.368621822706359962e+05 1.065419763326644897e-01 -2.190694510936737061e-01 9.944915771484375000e+00
2.368622022596510069e+05 1.233013868331909180e-01 -1.987187415361404419e-01 9.963470458984375000e+00
2.368622222791830136e+05 1.298854351043701172e-01 -2.064998894929885864e-01 9.964667320251464844e+00
2.368622422987140017e+05 1.268926858901977539e-01 -2.106897532939910889e-01 9.953294754028320312e+00
2.368622623182440002e+05 1.161187812685966492e-01 -2.154781520366668701e-01 9.953294754028320312e+00
2.368622823377760069e+05 1.238999366760253906e-01 -1.987187415361404419e-01 9.951498985290527344e+00
2.368623023573080136e+05 1.179144307971000671e-01 -2.220622003078460693e-01 9.964069366455078125e+00
2.368623223768390017e+05 1.173158809542655945e-01 -2.190694510936737061e-01 9.949105262756347656e+00
2.368623423963690002e+05 7.960720360279083252e-02 -2.124854028224945068e-01 9.964069366455078125e+00
2.368623624159010069e+05 1.011550202965736389e-01 -2.112883031368255615e-01 9.931148529052734375e+00
2.368623824354330136e+05 8.619125932455062866e-02 -2.268506139516830444e-01 9.937133789062500000e+00
2.368624024549649912e+05 1.310825496912002563e-01 -2.370259612798690796e-01 9.970652580261230469e+00
2.368624224744949897e+05 1.215057373046875000e-01 -1.735796183347702026e-01 9.983820915222167969e+00
2.368624424940249883e+05 1.107318252325057983e-01 -2.118868529796600342e-01 9.937732696533203125e+00
2.368624625135569950e+05 1.197100877761840820e-01 -2.142810523509979248e-01 9.957485198974609375e+00
2.368624825330890017e+05 1.173158809542655945e-01 -1.951274424791336060e-01 9.956287384033203125e+00
2.368625025526199897e+05 1.532289087772369385e-01 -2.064998894929885864e-01 9.951498985290527344e+00
2.368625225721499883e+05 1.173158809542655945e-01 -2.214636504650115967e-01 9.964667320251464844e+00
2.368625425916810054e+05 1.119289323687553406e-01 -1.969230920076370239e-01 9.973646163940429688e+00
2.368625626112130121e+05 1.125274822115898132e-01 -2.172738015651702881e-01 9.962273597717285156e+00
2.368625826307449897e+05 1.041477769613265991e-01 -2.196680009365081787e-01 9.965864181518554688e+00
2.368626026502769964e+05 1.041477769613265991e-01 -2.035071402788162231e-01 9.959280967712402344e+00
2.368626226698069950e+05 1.023521199822425842e-01 -2.136825025081634521e-01 9.966463088989257812e+00
2.368626426893369935e+05 9.097966551780700684e-02 -2.274491637945175171e-01 9.919178009033203125e+00
2.368626627088690002e+05 1.382651478052139282e-01 -2.064998894929885864e-01 9.963470458984375000e+00
2.368626827284010069e+05 1.586158573627471924e-01 -2.064998894929885864e-01 9.982624053955078125e+00
2.368627027479330136e+05 1.376665979623794556e-01 -1.753752678632736206e-01 9.969455718994140625e+00
2.368627227674649912e+05 8.259996026754379272e-02 -1.801636815071105957e-01 9.941324234008789062e+00
2.368627427869949897e+05 5.805939063429832458e-02 -2.388216257095336914e-01 9.940725326538085938e+00
2.368627628065249883e+05 1.071405261754989624e-01 -2.256535142660140991e-01 9.947908401489257812e+00
2.368627828260560054e+05 1.675941199064254761e-01 -2.088941037654876709e-01 9.965266227722167969e+00
2.368628028455880121e+05 1.550245583057403564e-01 -1.813607811927795410e-01 9.982624053955078125e+00
2.368628228346020041e+05 9.756372123956680298e-02 -1.957259923219680786e-01 9.965864181518554688e+00
2.368628428541340108e+05 7.900865375995635986e-02 -2.316390126943588257e-01 9.939528465270996094e+00
2.368628628736640094e+05 8.738835901021957397e-02 -2.442085742950439453e-01 9.956886291503906250e+00
2.368628828931940079e+05 1.532289087772369385e-01 -2.190694510936737061e-01 9.962273597717285156e+00
2.368629029127259855e+05 1.759738177061080933e-01 -1.723825186491012573e-01 9.956287384033203125e+00
2.368629229322579922e+05 1.227028369903564453e-01 -1.711854189634323120e-01 9.946710586547851562e+00
2.368629429517899989e+05 7.661445438861846924e-02 -2.466027736663818359e-01 9.945513725280761719e+00
2.368629629713220056e+05 9.457096457481384277e-02 -2.460042238235473633e-01 9.969455718994140625e+00
2.368629829908520041e+05 1.574187576770782471e-01 -2.244564145803451538e-01 9.954492568969726562e+00
2.368630030103820027e+05 1.532289087772369385e-01 -1.873462796211242676e-01 9.939528465270996094e+00
2.368630230299129908e+05 1.227028369903564453e-01 -1.538274586200714111e-01 9.947309494018554688e+00
2.368630430494449975e+05 8.978256583213806152e-02 -1.646013706922531128e-01 9.965266227722167969e+00
2.368630630689770041e+05 1.029506698250770569e-01 -2.130839526653289795e-01 9.937133789062500000e+00
2.368630830885090108e+05 1.209071874618530273e-01 -2.699462473392486572e-01 9.974843025207519531e+00
2.368631031080390094e+05 1.502361595630645752e-01 -2.519897222518920898e-01 9.948506355285644531e+00
2.368631231275690079e+05 1.095347255468368530e-01 -1.586158573627471924e-01 9.962273597717285156e+00
2.368631431471009855e+05 8.080431073904037476e-02 -1.927332431077957153e-01 9.960477828979492188e+00
2.368631631666329922e+05 9.157821536064147949e-02 -1.981201916933059692e-01 9.964069366455078125e+00
2.368631831861649989e+05 1.490390598773956299e-01 -2.154781520366668701e-01 9.956287384033203125e+00
2.368632032056970056e+05 1.400607973337173462e-01 -2.430114746093750000e-01 9.968258857727050781e+00
2.368632231947100081e+05 1.011550202965736389e-01 -1.933317929506301880e-01 9.959878921508789062e+00
2.368632432142400066e+05 8.798690885305404663e-02 -1.472434103488922119e-01 9.961674690246582031e+00
2.368632632337709947e+05 8.858546614646911621e-02 -2.070984542369842529e-01 9.953294754028320312e+00
2.368632832533030014e+05 1.310825496912002563e-01 -2.460042238235473633e-01 9.961674690246582031e+00
2.368633032728350081e+05 1.448491960763931274e-01 -2.172738015651702881e-01 9.953893661499023438e+00
2.368633232923669857e+05 1.215057373046875000e-01 -2.094926536083221436e-01 9.953893661499023438e+00
2.368633433118970133e+05 8.200141042470932007e-02 -1.837549805641174316e-01 9.958083152770996094e+00
2.368633633314270119e+05 1.149216815829277039e-01 -1.927332431077957153e-01 9.979032516479492188e+00
2.368633833509589895e+05 1.292868852615356445e-01 -2.424129247665405273e-01 9.967659950256347656e+00
2.368634033704909962e+05 1.352723985910415649e-01 -2.507926225662231445e-01 9.970652580261230469e+00
2.368634233900230029e+05 1.155202314257621765e-01 -1.975216418504714966e-01 9.967061996459960938e+00
2.368634434095550096e+05 9.217676520347595215e-02 -1.885433793067932129e-01 9.961674690246582031e+00
2.368634634290850081e+05 1.179144307971000671e-01 -1.873462796211242676e-01 9.967659950256347656e+00
2.368634834486150066e+05 1.364694982767105103e-01 -2.082955539226531982e-01 9.925163269042968750e+00
2.368635034376280091e+05 1.191115379333496094e-01 -2.262520641088485718e-01 9.973047256469726562e+00
2.368635234571599867e+05 1.101332753896713257e-01 -1.993172913789749146e-01 9.973047256469726562e+00
2.368635434766919934e+05 9.397241473197937012e-02 -1.867477297782897949e-01 9.954492568969726562e+00
2.368635634962240001e+05 1.340752989053726196e-01 -2.118868529796600342e-01 9.947908401489257812e+00
2.368635835157539987e+05 1.280897855758666992e-01 -2.256535142660140991e-01 9.952097892761230469e+00
2.368636035352839972e+05 1.155202314257621765e-01 -2.160767018795013428e-01 9.963470458984375000e+00
2.368636235548160039e+05 1.035492271184921265e-01 -2.017114907503128052e-01 9.947309494018554688e+00
2.368636435743480106e+05 8.798690885305404663e-02 -1.837549805641174316e-01 9.937133789062500000e+00
2.368636636243980029e+05 1.250970363616943359e-01 -2.023100405931472778e-01 9.958682060241699219e+00
2.368636836134119949e+05 1.352723985910415649e-01 -2.585737705230712891e-01 9.977236747741699219e+00
2.368637036329419934e+05 1.185129806399345398e-01 -2.196680009365081787e-01 9.988011360168457031e+00
2.368637236524719920e+05 1.089361757040023804e-01 -1.753752678632736206e-01 9.962273597717285156e+00
2.368637436720030091e+05 1.197100877761840820e-01 -1.981201916933059692e-01 9.957485198974609375e+00
2.368637636915349867e+05 1.298854351043701172e-01 -2.118868529796600342e-01 9.979631423950195312e+00
2.368637837110669934e+05 1.215057373046875000e-01 -2.220622003078460693e-01 9.944316864013671875e+00
2.368638037305990001e+05 1.089361757040023804e-01 -2.148796021938323975e-01 9.952696800231933594e+00
2.368638237501289987e+05 1.011550202965736389e-01 -2.047042399644851685e-01 9.935936927795410156e+00
2.368638437696589972e+05 1.161187812685966492e-01 -1.813607811927795410e-01 9.975440979003906250e+00
2.368638637891910039e+05 1.083376258611679077e-01 -2.304419130086898804e-01 9.949105262756347656e+00
2.368638838087230106e+05 1.328781992197036743e-01 -2.220622003078460693e-01 9.977236747741699219e+00
2.368639038282549882e+05 1.238999366760253906e-01 -2.041056901216506958e-01 9.969455718994140625e+00
2.368639238477869949e+05 1.077390760183334351e-01 -1.927332431077957153e-01 9.967659950256347656e+00
2.368639438673169934e+05 1.179144307971000671e-01 -1.867477297782897949e-01 9.968258857727050781e+00
2.368639638868469920e+05 1.065419763326644897e-01 -1.969230920076370239e-01 9.955090522766113281e+00
2.368639839063780091e+05 1.292868852615356445e-01 -2.316390126943588257e-01 9.950302124023437500e+00
2.368640039259099867e+05 1.005564704537391663e-01 -2.304419130086898804e-01 9.941324234008789062e+00
2.368640239454419934e+05 1.065419763326644897e-01 -2.011129409074783325e-01 9.965266227722167969e+00
2.368640439649740001e+05 1.065419763326644897e-01 -1.837549805641174316e-01 9.947908401489257812e+00
2.368640639845039987e+05 1.227028369903564453e-01 -1.999158412218093872e-01 9.957485198974609375e+00
2.368640840040339972e+05 1.286883354187011719e-01 -2.232593148946762085e-01 9.980229377746582031e+00
2.368641040235660039e+05 1.173158809542655945e-01 -2.178723514080047607e-01 9.940127372741699219e+00
2.368641240430980106e+05 9.397241473197937012e-02 -1.915361285209655762e-01 9.965266227722167969e+00
2.368641440626299882e+05 1.035492271184921265e-01 -1.963245421648025513e-01 9.951498985290527344e+00
2.368641640821619949e+05 1.119289323687553406e-01 -2.430114746093750000e-01 9.959878921508789062e+00
2.368641841016919934e+05 1.244984865188598633e-01 -1.873462796211242676e-01 9.961075782775878906e+00
2.368642041212219920e+05 1.197100877761840820e-01 -2.059013396501541138e-01 9.964667320251464844e+00
2.368642241102360131e+05 9.337386488914489746e-02 -1.969230920076370239e-01 9.949105262756347656e+00
2.368642441602849867e+05 1.173158809542655945e-01 -1.987187415361404419e-01 9.955090522766113281e+00
2.368642641798169934e+05 1.328781992197036743e-01 -2.184709012508392334e-01 9.950901031494140625e+00
2.368642841993490001e+05 1.244984865188598633e-01 -2.076970040798187256e-01 9.950901031494140625e+00
2.368643042188789987e+05 1.191115379333496094e-01 -2.148796021938323975e-01 9.962871551513671875e+00
2.368643242078920011e+05 1.173158809542655945e-01 -2.130839526653289795e-01 9.946710586547851562e+00
2.368643442274240078e+05 1.029506698250770569e-01 -1.969230920076370239e-01 9.952097892761230469e+00
2.368643642774730106e+05 1.238999366760253906e-01 -2.047042399644851685e-01 9.955090522766113281e+00
2.368643842664879921e+05 1.238999366760253906e-01 -2.178723514080047607e-01 9.964667320251464844e+00
2.368644043165369949e+05 1.053448766469955444e-01 -1.981201916933059692e-01 9.967659950256347656e+00
2.368644243360669934e+05 1.292868852615356445e-01 -2.088941037654876709e-01 9.971251487731933594e+00
2.368644443555969920e+05 1.161187812685966492e-01 -1.981201916933059692e-01 9.974843025207519531e+00
2.368644643751280091e+05 1.280897855758666992e-01 -2.136825025081634521e-01 9.966463088989257812e+00
2.368644843946599867e+05 1.310825496912002563e-01 -2.154781520366668701e-01 9.961674690246582031e+00
2.368645044141919934e+05 1.167173311114311218e-01 -2.100912034511566162e-01 9.962273597717285156e+00
2.368645244032070041e+05 1.089361757040023804e-01 -1.939303427934646606e-01 9.968857765197753906e+00
2.368645444532539987e+05 1.107318252325057983e-01 -2.124854028224945068e-01 9.958083152770996094e+00
2.368645644422670011e+05 1.119289323687553406e-01 -2.142810523509979248e-01 9.964069366455078125e+00
2.368645844617990078e+05 1.286883354187011719e-01 -2.250549644231796265e-01 9.960477828979492188e+00
2.368646045118480106e+05 1.304839998483657837e-01 -2.130839526653289795e-01 9.976039886474609375e+00
2.368646245008629921e+05 1.113303825259208679e-01 -2.011129409074783325e-01 9.953294754028320312e+00
2.368646445203940093e+05 1.071405261754989624e-01 -1.963245421648025513e-01 9.967659950256347656e+00
2.368646645704419934e+05 1.125274822115898132e-01 -2.064998894929885864e-01 9.962871551513671875e+00
2.368646845594549959e+05 1.149216815829277039e-01 -2.124854028224945068e-01 9.957485198974609375e+00
2.368647045789860131e+05 1.298854351043701172e-01 -2.011129409074783325e-01 9.957485198974609375e+00
2.368647245985179907e+05 9.696517139673233032e-02 -2.041056901216506958e-01 9.964069366455078125e+00
2.368647446180499974e+05 1.107318252325057983e-01 -2.076970040798187256e-01 9.963470458984375000e+00
2.368647646375820041e+05 1.250970363616943359e-01 -2.124854028224945068e-01 9.944915771484375000e+00
2.368647846876289987e+05 1.256955862045288086e-01 -2.118868529796600342e-01 9.981427192687988281e+00
2.368648046766420011e+05 1.233013868331909180e-01 -2.082955539226531982e-01 9.968258857727050781e+00
2.368648246961740078e+05 1.227028369903564453e-01 -1.945288926362991333e-01 9.953893661499023438e+00
2.368648447462230106e+05 1.065419763326644897e-01 -2.142810523509979248e-01 9.964667320251464844e+00
2.368648647657549882e+05 1.131260320544242859e-01 -1.933317929506301880e-01 9.959878921508789062e+00
2.368648847852869949e+05 1.227028369903564453e-01 -2.059013396501541138e-01 9.958682060241699219e+00
2.368649047742990078e+05 1.065419763326644897e-01 -2.082955539226531982e-01 9.971850395202636719e+00
2.368649247938299959e+05 1.209071874618530273e-01 -2.029085904359817505e-01 9.946112632751464844e+00
2.368649448133610131e+05 1.035492271184921265e-01 -2.047042399644851685e-01 9.947309494018554688e+00
2.368649648328929907e+05 1.322796493768692017e-01 -2.124854028224945068e-01 9.979032516479492188e+00
2.368649848524249974e+05 1.221042871475219727e-01 -2.148796021938323975e-01 9.969455718994140625e+00
2.368650048414389894e+05 1.143231317400932312e-01 -2.082955539226531982e-01 9.966463088989257812e+00
2.368650248914870026e+05 1.089361757040023804e-01 -1.933317929506301880e-01 9.956287384033203125e+00
2.368650449110170011e+05 1.149216815829277039e-01 -2.076970040798187256e-01 9.951498985290527344e+00
2.368650649305490078e+05 1.059434264898300171e-01 -2.190694510936737061e-01 9.971251487731933594e+00
2.368650849195629999e+05 1.406593471765518188e-01 -2.184709012508392334e-01 9.964069366455078125e+00
2.368651049390950066e+05 1.197100877761840820e-01 -1.951274424791336060e-01 9.959280967712402344e+00
2.368651249586270133e+05 1.209071874618530273e-01 -1.981201916933059692e-01 9.968258857727050781e+00
2.368651449781570118e+05 1.131260320544242859e-01 -1.963245421648025513e-01 9.952696800231933594e+00
2.368651650282049959e+05 1.274912357330322266e-01 -2.041056901216506958e-01 9.958083152770996094e+00
2.368651850477360131e+05 1.143231317400932312e-01 -2.334346622228622437e-01 9.955689430236816406e+00
2.368652051893380121e+05 1.280897855758666992e-01 -2.070984542369842529e-01 9.977835655212402344e+00
2.368652250867999974e+05 1.137245818972587585e-01 -1.981201916933059692e-01 9.973646163940429688e+00
2.368652450758139894e+05 1.209071874618530273e-01 -1.981201916933059692e-01 9.948506355285644531e+00
2.368652650953439879e+05 1.322796493768692017e-01 -2.041056901216506958e-01 9.955689430236816406e+00
2.368652851148739865e+05 1.185129806399345398e-01 -1.921346932649612427e-01 9.941922187805175781e+00
2.368653051344059932e+05 1.155202314257621765e-01 -2.250549644231796265e-01 9.953893661499023438e+00
2.368653251539379999e+05 1.179144307971000671e-01 -1.987187415361404419e-01 9.955689430236816406e+00
2.368653451734700066e+05 1.274912357330322266e-01 -2.070984542369842529e-01 9.948506355285644531e+00
2.368653651930020133e+05 1.143231317400932312e-01 -2.196680009365081787e-01 9.960477828979492188e+00
2.368653852125320118e+05 1.041477769613265991e-01 -2.118868529796600342e-01 9.966463088989257812e+00
2.368654052320620103e+05 1.274912357330322266e-01 -2.112883031368255615e-01 9.950302124023437500e+00
2.368654252515929984e+05 1.233013868331909180e-01 -1.939303427934646606e-01 9.962273597717285156e+00
2.368654452711250051e+05 1.328781992197036743e-01 -1.897404789924621582e-01 9.960477828979492188e+00
2.368654652906570118e+05 1.185129806399345398e-01 -2.148796021938323975e-01 9.967061996459960938e+00
2.368654853101889894e+05 1.215057373046875000e-01 -2.064998894929885864e-01 9.965864181518554688e+00
2.368655053297189879e+05 9.277531504631042480e-02 -2.088941037654876709e-01 9.957485198974609375e+00
2.368655253492489865e+05 1.167173311114311218e-01 -2.082955539226531982e-01 9.962871551513671875e+00
2.368655453687809932e+05 1.137245818972587585e-01 -2.136825025081634521e-01 9.963470458984375000e+00
2.368655653883129999e+05 1.334767490625381470e-01 -2.076970040798187256e-01 9.968857765197753906e+00
2.368655854078450066e+05 1.131260320544242859e-01 -2.064998894929885864e-01 9.950302124023437500e+00
2.368656054273770133e+05 1.256955862045288086e-01 -2.100912034511566162e-01 9.970054626464843750e+00
2.368656254469070118e+05 1.179144307971000671e-01 -1.969230920076370239e-01 9.958083152770996094e+00
2.368656454664370103e+05 1.167173311114311218e-01 -2.064998894929885864e-01 9.962871551513671875e+00
2.368656676221980015e+05 1.197100877761840820e-01 -2.088941037654876709e-01 9.960477828979492188e+00
2.368656855055000051e+05 1.191115379333496094e-01 -2.106897532939910889e-01 9.952097892761230469e+00
2.368657055250320118e+05 1.071405261754989624e-01 -2.184709012508392334e-01 9.959280967712402344e+00
2.368657255445639894e+05 1.119289323687553406e-01 -1.993172913789749146e-01 9.965266227722167969e+00
2.368657455640939879e+05 1.197100877761840820e-01 -2.220622003078460693e-01 9.957485198974609375e+00
2.368657655836239865e+05 1.233013868331909180e-01 -2.142810523509979248e-01 9.962273597717285156e+00
2.368657856031559932e+05 1.029506698250770569e-01 -1.951274424791336060e-01 9.952097892761230469e+00
2.368658056226879999e+05 1.161187812685966492e-01 -1.801636815071105957e-01 9.941922187805175781e+00
2.368658256422200066e+05 1.047463268041610718e-01 -2.047042399644851685e-01 9.962273597717285156e+00
2.368658456617520133e+05 1.227028369903564453e-01 -1.987187415361404419e-01 9.952696800231933594e+00
2.368658656812820118e+05 1.256955862045288086e-01 -2.160767018795013428e-01 9.951498985290527344e+00
2.368658857008120103e+05 9.397241473197937012e-02 -2.136825025081634521e-01 9.950302124023437500e+00
2.368659057203429984e+05 1.149216815829277039e-01 -2.064998894929885864e-01 9.968857765197753906e+00
2.368659257398750051e+05 1.179144307971000671e-01 -2.160767018795013428e-01 9.959280967712402344e+00
2.368659457288889971e+05 1.209071874618530273e-01 -2.088941037654876709e-01 9.958682060241699219e+00
2.368659657484210038e+05 1.119289323687553406e-01 -2.106897532939910889e-01 9.976039886474609375e+00
2.368659857679510023e+05 1.179144307971000671e-01 -1.993172913789749146e-01 9.962871551513671875e+00
2.368660057874810009e+05 1.023521199822425842e-01 -2.190694510936737061e-01 9.956287384033203125e+00
2.368660258070130076e+05 1.017535701394081116e-01 -2.148796021938323975e-01 9.934740066528320312e+00
2.368660458265450143e+05 1.035492271184921265e-01 -2.088941037654876709e-01 9.943120002746582031e+00
2.368660658460769919e+05 1.197100877761840820e-01 -2.232593148946762085e-01 9.956886291503906250e+00
2.368660858656089986e+05 1.173158809542655945e-01 -2.196680009365081787e-01 9.977835655212402344e+00
2.368661058851389971e+05 9.995792061090469360e-02 -2.130839526653289795e-01 9.958682060241699219e+00
2.368661259046689956e+05 1.089361757040023804e-01 -1.927332431077957153e-01 9.966463088989257812e+00
2.368661459242000128e+05 1.113303825259208679e-01 -2.059013396501541138e-01 9.983222961425781250e+00
2.368661659437319904e+05 1.304839998483657837e-01 -2.064998894929885864e-01 9.961674690246582031e+00
2.368661859632639971e+05 1.107318252325057983e-01 -2.130839526653289795e-01 9.963470458984375000e+00
2.368662059827960038e+05 1.179144307971000671e-01 -2.130839526653289795e-01 9.949105262756347656e+00
2.368662260023260023e+05 1.041477769613265991e-01 -2.136825025081634521e-01 9.952696800231933594e+00
2.368662460218560009e+05 1.113303825259208679e-01 -1.987187415361404419e-01 9.947309494018554688e+00
2.368662660413880076e+05 1.197100877761840820e-01 -2.124854028224945068e-01 9.941324234008789062e+00
2.368662860609200143e+05 1.125274822115898132e-01 -2.142810523509979248e-01 9.952696800231933594e+00
2.368663060804519919e+05 1.107318252325057983e-01 -2.178723514080047607e-01 9.943120002746582031e+00
2.368663260999839986e+05 1.119289323687553406e-01 -2.035071402788162231e-01 9.953294754028320312e+00
2.368663461195139971e+05 1.274912357330322266e-01 -1.909375786781311035e-01 9.952696800231933594e+00
2.368663661390439956e+05 1.119289323687553406e-01 -2.094926536083221436e-01 9.952097892761230469e+00
2.368663864942690125e+05 1.173158809542655945e-01 -2.214636504650115967e-01 9.954492568969726562e+00
2.368664061781069904e+05 1.113303825259208679e-01 -2.076970040798187256e-01 9.971850395202636719e+00
2.368664261976389971e+05 1.077390760183334351e-01 -2.035071402788162231e-01 9.972448348999023438e+00
2.368664462171710038e+05 1.209071874618530273e-01 -1.999158412218093872e-01 9.955689430236816406e+00
2.368664662367010023e+05 1.244984865188598633e-01 -2.047042399644851685e-01 9.968258857727050781e+00
2.368664862562310009e+05 1.101332753896713257e-01 -1.945288926362991333e-01 9.958682060241699219e+00
2.368665062757630076e+05 1.119289323687553406e-01 -1.975216418504714966e-01 9.964667320251464844e+00
2.368665262952950143e+05 1.095347255468368530e-01 -1.933317929506301880e-01 9.949704170227050781e+00
2.368665463148269919e+05 1.011550202965736389e-01 -2.064998894929885864e-01 9.955689430236816406e+00
2.368665663343589986e+05 1.023521199822425842e-01 -1.999158412218093872e-01 9.961075782775878906e+00
2.368665863538889971e+05 1.322796493768692017e-01 -2.053027898073196411e-01 9.970054626464843750e+00
2.368666063734189956e+05 1.131260320544242859e-01 -2.035071402788162231e-01 9.940725326538085938e+00
2.368666263624329877e+05 1.155202314257621765e-01 -1.981201916933059692e-01 9.947309494018554688e+00
2.368666464124819904e+05 1.262941360473632812e-01 -1.987187415361404419e-01 9.956886291503906250e+00
