2.444369345907839888e+05 -4.377199172973632812e+00 1.491587638854980469e+00 -8.772355079650878906e+00
2.444369578036479943e+05 -4.374206542968750000e+00 1.492784738540649414e+00 -8.781931877136230469e+00
2.444369748246340023e+05 -4.380191802978515625e+00 1.494580388069152832e+00 -8.801085472106933594e+00
2.444369948962419876e+05 -4.393958568572998047e+00 1.489193439483642578e+00 -8.789712905883789062e+00
2.444370148461119970e+05 -4.381987571716308594e+00 1.513733983039855957e+00 -8.803479194641113281e+00
2.444370351927999873e+05 -4.372410774230957031e+00 1.490390539169311523e+00 -8.804677009582519531e+00
2.444370548686659895e+05 -4.375403404235839844e+00 1.507149934768676758e+00 -8.772953987121582031e+00
2.444370748803330061e+05 -4.355651378631591797e+00 1.513135433197021484e+00 -8.789113998413085938e+00
2.444370954108499864e+05 -4.367023944854736328e+00 1.515529632568359375e+00 -8.820239067077636719e+00
2.444371149348700128e+05 -4.345476150512695312e+00 1.496376037597656250e+00 -8.798092842102050781e+00
2.444371348862209998e+05 -4.383783340454101562e+00 1.483207941055297852e+00 -8.798092842102050781e+00
2.444371553869119962e+05 -4.389170169830322266e+00 1.493383288383483887e+00 -8.795698165893554688e+00
2.444371749726310081e+05 -4.365228176116943359e+00 1.505354285240173340e+00 -8.801085472106933594e+00
2.444371949551150028e+05 -4.398746967315673828e+00 1.501164436340332031e+00 -8.813654899597167969e+00
2.444372152734230040e+05 -4.389768600463867188e+00 1.471835494041442871e+00 -8.834604263305664062e+00
2.444372349817439972e+05 -4.369418144226074219e+00 1.511339783668518066e+00 -8.766967773437500000e+00
2.444372550258490082e+05 -4.346673011779785156e+00 1.538274645805358887e+00 -8.781931877136230469e+00
2.444372753752589924e+05 -4.374804973602294922e+00 1.531091928482055664e+00 -8.781332969665527344e+00
2.444372949926180008e+05 -4.364629745483398438e+00 1.546654343605041504e+00 -8.771158218383789062e+00
2.444373150067579991e+05 -4.394556999206542969e+00 1.508347034454345703e+00 -8.771158218383789062e+00
2.444373361804280139e+05 -4.390367507934570312e+00 1.496974587440490723e+00 -8.792705535888671875e+00
2.444373550965469913e+05 -4.365228176116943359e+00 1.474229693412780762e+00 -8.803479194641113281e+00
2.444373750501580071e+05 -4.365228176116943359e+00 1.480215191841125488e+00 -8.796895980834960938e+00
2.444373957972050121e+05 -4.371812343597412109e+00 1.501164436340332031e+00 -8.783128738403320312e+00
2.444374151104239863e+05 -4.386177539825439453e+00 1.490390539169311523e+00 -8.775347709655761719e+00
2.444374350950010121e+05 -4.376002311706542969e+00 1.508945584297180176e+00 -8.775946617126464844e+00
2.444374554763660126e+05 -4.383783340454101562e+00 1.517923831939697266e+00 -8.790311813354492188e+00
2.444374751256029995e+05 -4.404732704162597656e+00 1.496974587440490723e+00 -8.793304443359375000e+00
2.444374951411010115e+05 -4.386177539825439453e+00 1.520318031311035156e+00 -8.801684379577636719e+00
2.444375152482579870e+05 -4.374804973602294922e+00 1.515529632568359375e+00 -8.787319183349609375e+00
2.444375352029789938e+05 -4.392162799835205078e+00 1.508347034454345703e+00 -8.767566680908203125e+00
2.444375551883199951e+05 -4.372410774230957031e+00 1.505354285240173340e+00 -8.781332969665527344e+00
2.444375753568499931e+05 -4.345476150512695312e+00 1.509544134140014648e+00 -8.789113998413085938e+00
2.444375952508960036e+05 -4.364629745483398438e+00 1.502361536026000977e+00 -8.761581420898437500e+00
2.444376152365629969e+05 -4.385579109191894531e+00 1.516128182411193848e+00 -8.766967773437500000e+00
2.444376356800379872e+05 -4.389768600463867188e+00 1.495777487754821777e+00 -8.801684379577636719e+00
2.444376552997590043e+05 -4.391564369201660156e+00 1.508347034454345703e+00 -8.792107582092285156e+00
2.444376752857500105e+05 -4.390965938568115234e+00 1.499368786811828613e+00 -8.793304443359375000e+00
2.444376953023399983e+05 -4.370016574859619141e+00 1.499368786811828613e+00 -8.777143478393554688e+00
2.444377153190120007e+05 -4.374804973602294922e+00 1.512536883354187012e+00 -8.784325599670410156e+00
2.444377353357659886e+05 -4.378994941711425781e+00 1.525704979896545410e+00 -8.776544570922851562e+00
2.444377553526030097e+05 -4.377199172973632812e+00 1.511938333511352539e+00 -8.772953987121582031e+00
2.444377753390069993e+05 -4.383184909820556641e+00 1.511339783668518066e+00 -8.786121368408203125e+00
2.444377953560070018e+05 -4.378994941711425781e+00 1.501762986183166504e+00 -8.787917137145996094e+00
2.444378154036040069e+05 -4.376002311706542969e+00 1.502960085868835449e+00 -8.783727645874023438e+00
2.444378355123120127e+05 -4.382586002349853516e+00 1.498770236968994141e+00 -8.803479194641113281e+00
2.444378554380169953e+05 -4.384980201721191406e+00 1.510142683982849121e+00 -8.765770912170410156e+00
2.444378754553459876e+05 -4.370016574859619141e+00 1.511339783668518066e+00 -8.768763542175292969e+00
2.444378954727390083e+05 -4.384381771087646484e+00 1.486799240112304688e+00 -8.781332969665527344e+00
2.444379154902030132e+05 -4.365228176116943359e+00 1.510142683982849121e+00 -8.792705535888671875e+00
2.444379355077290093e+05 -4.374206542968750000e+00 1.513733983039855957e+00 -8.784325599670410156e+00
2.444379555253169965e+05 -4.395754337310791016e+00 1.507748484611511230e+00 -8.753201484680175781e+00
2.444379755429660145e+05 -4.375403404235839844e+00 1.506551384925842285e+00 -8.763975143432617188e+00
2.444379955301620066e+05 -4.365826606750488281e+00 1.489791989326477051e+00 -8.800486564636230469e+00
2.444380155479240057e+05 -4.362833976745605469e+00 1.499368786811828613e+00 -8.802881240844726562e+00
2.444380355657380132e+05 -4.374206542968750000e+00 1.495777487754821777e+00 -8.762778282165527344e+00
2.444380555836129934e+05 -4.390965938568115234e+00 1.519719481468200684e+00 -8.774748802185058594e+00
2.444380756015389925e+05 -4.398148536682128906e+00 1.515529632568359375e+00 -8.780735015869140625e+00
2.444380956195190083e+05 -4.387973308563232422e+00 1.505952835083007812e+00 -8.805274963378906250e+00
2.444381156375390128e+05 -4.380191802978515625e+00 1.520318031311035156e+00 -8.786121368408203125e+00
2.444381356556089886e+05 -4.384980201721191406e+00 1.518522381782531738e+00 -8.784924507141113281e+00
2.444381556737319916e+05 -4.380790710449218750e+00 1.519120931625366211e+00 -8.756793022155761719e+00
2.444381756918960018e+05 -4.370016574859619141e+00 1.510142683982849121e+00 -8.743624687194824219e+00
2.444381957101009903e+05 -4.358045578002929688e+00 1.512536883354187012e+00 -8.780136108398437500e+00
2.444382157283469860e+05 -4.343081951141357422e+00 1.526902079582214355e+00 -8.790311813354492188e+00
2.444382357466339890e+05 -4.352060317993164062e+00 1.507149934768676758e+00 -8.782530784606933594e+00
2.444382557649610098e+05 -4.370016574859619141e+00 1.517923831939697266e+00 -8.766967773437500000e+00
2.444382757833260112e+05 -4.407126903533935547e+00 1.496376037597656250e+00 -8.778340339660644531e+00
2.444382958017270139e+05 -4.382586002349853516e+00 1.501164436340332031e+00 -8.813055992126464844e+00
2.444383158201639890e+05 -4.382586002349853516e+00 1.499967336654663086e+00 -8.825027465820312500e+00
2.444383358386349864e+05 -4.399345397949218750e+00 1.489193439483642578e+00 -8.801085472106933594e+00
2.444383558571379981e+05 -4.391564369201660156e+00 1.497573137283325195e+00 -8.741828918457031250e+00
2.444383758756729949e+05 -4.374206542968750000e+00 1.529894828796386719e+00 -8.738237380981445312e+00
2.444383958942379977e+05 -4.381987571716308594e+00 1.542464494705200195e+00 -8.774748802185058594e+00
2.444384159128339961e+05 -4.365826606750488281e+00 1.553836941719055176e+00 -8.747814178466796875e+00
2.444384359009400068e+05 -4.367622375488281250e+00 1.552639842033386230e+00 -8.756194114685058594e+00
2.444384559195920010e+05 -4.379593372344970703e+00 1.526902079582214355e+00 -8.772953987121582031e+00
2.444384759382749908e+05 -4.358644008636474609e+00 1.493981838226318359e+00 -8.805873870849609375e+00
2.444384959569789935e+05 -4.359242916107177734e+00 1.498171687126159668e+00 -8.784924507141113281e+00
2.444385160062290088e+05 -4.388571739196777344e+00 1.505354285240173340e+00 -8.754398345947265625e+00
2.444385360249860096e+05 -4.402936935424804688e+00 1.501762986183166504e+00 -8.752004623413085938e+00
2.444385560742829985e+05 -4.393958568572998047e+00 1.506551384925842285e+00 -8.790311813354492188e+00
2.444385760625730036e+05 -4.377199172973632812e+00 1.505952835083007812e+00 -8.792705535888671875e+00
2.444385960813999991e+05 -4.408922195434570312e+00 1.519120931625366211e+00 -8.783128738403320312e+00
2.444386161002480076e+05 -4.376002311706542969e+00 1.521515130996704102e+00 -8.772355079650878906e+00
2.444386361191169999e+05 -4.380191802978515625e+00 1.501762986183166504e+00 -8.789712905883789062e+00
2.444386561380049970e+05 -4.393360137939453125e+00 1.501164436340332031e+00 -8.796297073364257812e+00
2.444386761569149967e+05 -4.359841346740722656e+00 1.520318031311035156e+00 -8.757989883422851562e+00
2.444386961758449906e+05 -4.353855609893798828e+00 1.528099179267883301e+00 -8.763975143432617188e+00
2.444387161947959976e+05 -4.346074581146240234e+00 1.525704979896545410e+00 -8.789113998413085938e+00
2.444387362137649907e+05 -4.371213912963867188e+00 1.528697729110717773e+00 -8.779537200927734375e+00
2.444387562327510095e+05 -4.391564369201660156e+00 1.519120931625366211e+00 -8.783727645874023438e+00
2.444387762517530064e+05 -4.362833976745605469e+00 1.519120931625366211e+00 -8.762179374694824219e+00
2.444387962707729894e+05 -4.373009204864501953e+00 1.519719481468200684e+00 -8.753800392150878906e+00
2.444388162898090086e+05 -4.374206542968750000e+00 1.517923831939697266e+00 -8.765770912170410156e+00
2.444388363088599872e+05 -4.381987571716308594e+00 1.511938333511352539e+00 -8.770559310913085938e+00
2.444388563279260125e+05 -4.377199172973632812e+00 1.487996339797973633e+00 -8.773551940917968750e+00
2.444388763470079866e+05 -4.377797603607177734e+00 1.490390539169311523e+00 -8.788516044616699219e+00
2.444388963661029993e+05 -4.364629745483398438e+00 1.501762986183166504e+00 -8.780136108398437500e+00
2.444389163852100028e+05 -4.381389141082763672e+00 1.503558635711669922e+00 -8.792705535888671875e+00
2.444389364043299865e+05 -4.389768600463867188e+00 1.499967336654663086e+00 -8.754997253417968750e+00
2.444389563929470023e+05 -4.388571739196777344e+00 1.511339783668518066e+00 -8.771158218383789062e+00
2.444389764120930049e+05 -4.364031314849853516e+00 1.517923831939697266e+00 -8.783128738403320312e+00
2.444389964617690130e+05 -4.389170169830322266e+00 1.513135433197021484e+00 -8.777143478393554688e+00
2.444390164504210115e+05 -4.368220806121826172e+00 1.508945584297180176e+00 -8.761581420898437500e+00
2.444390365001180035e+05 -4.364629745483398438e+00 1.531690478324890137e+00 -8.768165588378906250e+00
2.444390565193069924e+05 -4.380790710449218750e+00 1.508945584297180176e+00 -8.765770912170410156e+00
2.444390765079899866e+05 -4.365228176116943359e+00 1.507149934768676758e+00 -8.753800392150878906e+00
2.444390965271999885e+05 -4.369418144226074219e+00 1.511938333511352539e+00 -8.766967773437500000e+00
2.444391165769369982e+05 -4.362833976745605469e+00 1.514931082725524902e+00 -8.755595207214355469e+00
2.444391365656509879e+05 -4.372410774230957031e+00 1.500565886497497559e+00 -8.763975143432617188e+00
2.444391566154070024e+05 -4.371213912963867188e+00 1.490989089012145996e+00 -8.762179374694824219e+00
2.444391766041379888e+05 -4.382586002349853516e+00 1.501762986183166504e+00 -8.769960403442382812e+00
2.444391966233940038e+05 -4.390965938568115234e+00 1.499967336654663086e+00 -8.784924507141113281e+00
2.444392166426600015e+05 -4.385579109191894531e+00 1.520916581153869629e+00 -8.769362449645996094e+00
2.444392366619330132e+05 -4.395155906677246094e+00 1.510142683982849121e+00 -8.775946617126464844e+00
2.444392566812139994e+05 -4.390367507934570312e+00 1.510741233825683594e+00 -8.756793022155761719e+00
2.444392767005040077e+05 -4.388571739196777344e+00 1.508347034454345703e+00 -8.768165588378906250e+00
2.444392967198010010e+05 -4.371213912963867188e+00 1.512536883354187012e+00 -8.756793022155761719e+00
2.444393167391059978e+05 -4.378396511077880859e+00 1.513135433197021484e+00 -8.749609947204589844e+00
2.444393367584169901e+05 -4.349067211151123047e+00 1.515529632568359375e+00 -8.773551940917968750e+00
2.444393567777370044e+05 -4.361038208007812500e+00 1.529296278953552246e+00 -8.792705535888671875e+00
2.444393767970630142e+05 -4.362833976745605469e+00 1.507149934768676758e+00 -8.764574050903320312e+00
2.444393968163940008e+05 -4.388571739196777344e+00 1.511938333511352539e+00 -8.757390975952148438e+00
2.444394168357320013e+05 -4.417900562286376953e+00 1.497573137283325195e+00 -8.795100212097167969e+00
2.444394368550750078e+05 -4.384980201721191406e+00 1.489791989326477051e+00 -8.798690795898437500e+00
2.444394568744259886e+05 -4.393958568572998047e+00 1.476025342941284180e+00 -8.814253807067871094e+00
2.444394768937820045e+05 -4.391564369201660156e+00 1.485003590583801270e+00 -8.776544570922851562e+00
2.444394969131429971e+05 -4.368220806121826172e+00 1.523909330368041992e+00 -8.720281600952148438e+00
2.444395169325089955e+05 -4.355651378631591797e+00 1.533486247062683105e+00 -8.760982513427734375e+00
2.444395369518809894e+05 -4.372410774230957031e+00 1.543661594390869141e+00 -8.774748802185058594e+00
2.444395569712560100e+05 -4.361637115478515625e+00 1.537676095962524414e+00 -8.751405715942382812e+00
2.444395769906379865e+05 -4.383783340454101562e+00 1.523310780525207520e+00 -8.753800392150878906e+00
2.444395970100249979e+05 -4.356249809265136719e+00 1.508945584297180176e+00 -8.771158218383789062e+00
2.444396169988999900e+05 -4.366425514221191406e+00 1.490390539169311523e+00 -8.781931877136230469e+00
2.444396370182950050e+05 -4.358644008636474609e+00 1.480813741683959961e+00 -8.766369819641113281e+00
2.444396570376949967e+05 -4.387973308563232422e+00 1.511938333511352539e+00 -8.756194114685058594e+00
2.444396770570990047e+05 -4.386177539825439453e+00 1.492784738540649414e+00 -8.769960403442382812e+00
2.444396970765060105e+05 -4.386177539825439453e+00 1.514931082725524902e+00 -8.760982513427734375e+00
2.444397170959179930e+05 -4.393360137939453125e+00 1.494580388069152832e+00 -8.757390975952148438e+00
2.444397371153339918e+05 -4.398746967315673828e+00 1.516128182411193848e+00 -8.781931877136230469e+00
2.444397571347529883e+05 -4.370615005493164062e+00 1.494580388069152832e+00 -8.769362449645996094e+00
2.444397771541769907e+05 -4.372410774230957031e+00 1.510741233825683594e+00 -8.783727645874023438e+00
2.444397971736030013e+05 -4.376600742340087891e+00 1.511938333511352539e+00 -8.780136108398437500e+00
2.444398171930320095e+05 -4.360439777374267578e+00 1.519719481468200684e+00 -8.760383605957031250e+00
2.444398372124659945e+05 -4.365228176116943359e+00 1.505952835083007812e+00 -8.778340339660644531e+00
2.444398572319019877e+05 -4.360439777374267578e+00 1.522712230682373047e+00 -8.789712905883789062e+00
2.444398772513399890e+05 -4.381389141082763672e+00 1.518522381782531738e+00 -8.778939247131347656e+00
2.444398972707820067e+05 -4.374804973602294922e+00 1.517923831939697266e+00 -8.780136108398437500e+00
2.444399172902280116e+05 -4.373608112335205078e+00 1.513135433197021484e+00 -8.759785652160644531e+00
2.444399373096750060e+05 -4.364629745483398438e+00 1.504755735397338867e+00 -8.760383605957031250e+00
2.444399573291249981e+05 -4.352060317993164062e+00 1.488594889640808105e+00 -8.802282333374023438e+00
2.444399773485790065e+05 -4.360439777374267578e+00 1.492186188697814941e+00 -8.784325599670410156e+00
2.444399973680340045e+05 -4.366425514221191406e+00 1.485003590583801270e+00 -8.737040519714355469e+00
2.444400173874920001e+05 -4.386775970458984375e+00 1.499368786811828613e+00 -8.764574050903320312e+00
2.444400373764350079e+05 -4.369418144226074219e+00 1.504755735397338867e+00 -8.790909767150878906e+00
2.444400574264150055e+05 -4.357447147369384766e+00 1.495178937911987305e+00 -8.808866500854492188e+00
2.444400774458789965e+05 -4.351461410522460938e+00 1.509544134140014648e+00 -8.769960403442382812e+00
2.444400974653460144e+05 -4.376600742340087891e+00 1.504157185554504395e+00 -8.783128738403320312e+00
2.444401174848150113e+05 -4.378396511077880859e+00 1.521515130996704102e+00 -8.781931877136230469e+00
2.444401375348019938e+05 -4.358644008636474609e+00 1.490390539169311523e+00 -8.774150848388671875e+00
2.444401575237569923e+05 -4.368220806121826172e+00 1.516128182411193848e+00 -8.770559310913085938e+00
2.444401775432320137e+05 -4.355052947998046875e+00 1.504755735397338867e+00 -8.765770912170410156e+00
2.444401975321909995e+05 -4.355651378631591797e+00 1.520916581153869629e+00 -8.784325599670410156e+00
2.444402175821870042e+05 -4.376002311706542969e+00 1.506551384925842285e+00 -8.768763542175292969e+00
2.444402376016660128e+05 -4.374804973602294922e+00 1.496376037597656250e+00 -8.781332969665527344e+00
2.444402575906300044e+05 -4.381987571716308594e+00 1.497573137283325195e+00 -8.796895980834960938e+00
2.444402776101130003e+05 -4.374206542968750000e+00 1.500565886497497559e+00 -8.783128738403320312e+00
2.444402979042550141e+05 -4.375403404235839844e+00 1.504755735397338867e+00 -8.795100212097167969e+00
2.444403176490830083e+05 -4.378396511077880859e+00 1.516726732254028320e+00 -8.789113998413085938e+00
2.444403376685699914e+05 -4.384980201721191406e+00 1.520916581153869629e+00 -8.789113998413085938e+00
2.444403576880579931e+05 -4.374804973602294922e+00 1.501164436340332031e+00 -8.774748802185058594e+00
2.444403777075480029e+05 -4.366425514221191406e+00 1.506551384925842285e+00 -8.786720275878906250e+00
2.444403978796270094e+05 -4.361038208007812500e+00 1.504157185554504395e+00 -8.786720275878906250e+00
2.444404177465320099e+05 -4.367023944854736328e+00 1.490989089012145996e+00 -8.770559310913085938e+00
2.444404377660260070e+05 -4.359242916107177734e+00 1.489193439483642578e+00 -8.759186744689941406e+00
2.444404577855200041e+05 -4.349666118621826172e+00 1.516726732254028320e+00 -8.777143478393554688e+00
2.444404778355339949e+05 -4.361637115478515625e+00 1.504157185554504395e+00 -8.805274963378906250e+00
2.444404978245139937e+05 -4.368819713592529297e+00 1.502960085868835449e+00 -8.781332969665527344e+00
2.444405178440129966e+05 -4.392761707305908203e+00 1.497573137283325195e+00 -8.795698165893554688e+00
2.444405378635129891e+05 -4.398148536682128906e+00 1.449689149856567383e+00 -8.740033149719238281e+00
2.444405579135309963e+05 -4.382586002349853516e+00 1.475426793098449707e+00 -8.776544570922851562e+00
2.444405779025139927e+05 -4.370615005493164062e+00 1.487397789955139160e+00 -8.811261177062988281e+00
2.444405979220159934e+05 -4.384980201721191406e+00 1.489791989326477051e+00 -8.782530784606933594e+00
2.444406179720360087e+05 -4.374206542968750000e+00 1.495777487754821777e+00 -8.771158218383789062e+00
2.444406379610229924e+05 -4.343680381774902344e+00 1.529296278953552246e+00 -8.769960403442382812e+00
2.444406579805290094e+05 -4.365228176116943359e+00 1.502960085868835449e+00 -8.786121368408203125e+00
2.444406780000349972e+05 -4.353257179260253906e+00 1.530493378639221191e+00 -8.759785652160644531e+00
2.444406979890239891e+05 -4.351461410522460938e+00 1.504755735397338867e+00 -8.757390975952148438e+00
2.444407180390499998e+05 -4.366425514221191406e+00 1.500565886497497559e+00 -8.773551940917968750e+00
2.444407380585579958e+05 -4.377797603607177734e+00 1.496974587440490723e+00 -8.779537200927734375e+00
2.444407580780659919e+05 -4.378994941711425781e+00 1.506551384925842285e+00 -8.766369819641113281e+00
2.444407780975769856e+05 -4.371812343597412109e+00 1.490989089012145996e+00 -8.757390975952148438e+00
2.444407981170869898e+05 -4.388571739196777344e+00 1.505354285240173340e+00 -8.744223594665527344e+00
2.444408181365969940e+05 -4.390367507934570312e+00 1.516726732254028320e+00 -8.743624687194824219e+00
2.444408381561090064e+05 -4.390965938568115234e+00 1.496974587440490723e+00 -8.760383605957031250e+00
2.444408581756220083e+05 -4.376600742340087891e+00 1.498171687126159668e+00 -8.801684379577636719e+00
2.444408781951339915e+05 -4.360439777374267578e+00 1.498171687126159668e+00 -8.802282333374023438e+00
2.444408982146469934e+05 -4.388571739196777344e+00 1.508347034454345703e+00 -8.752602577209472656e+00
2.444409182036439888e+05 -4.404732704162597656e+00 1.516128182411193848e+00 -8.759186744689941406e+00
2.444409382536759949e+05 -4.370016574859619141e+00 1.514332532882690430e+00 -8.767566680908203125e+00
2.444409582426720008e+05 -4.368819713592529297e+00 1.504755735397338867e+00 -8.778340339660644531e+00
2.444409782621889899e+05 -4.381389141082763672e+00 1.513135433197021484e+00 -8.789712905883789062e+00
2.444409983122219855e+05 -4.384381771087646484e+00 1.529296278953552246e+00 -8.762179374694824219e+00
2.444410183012209891e+05 -4.378994941711425781e+00 1.504157185554504395e+00 -8.776544570922851562e+00
2.444410383207369887e+05 -4.374206542968750000e+00 1.497573137283325195e+00 -8.779537200927734375e+00
2.444410583402549964e+05 -4.373608112335205078e+00 1.489791989326477051e+00 -8.752602577209472656e+00
2.444410783597739937e+05 -4.365228176116943359e+00 1.498770236968994141e+00 -8.754997253417968750e+00
2.444410983792920015e+05 -4.377797603607177734e+00 1.500565886497497559e+00 -8.764574050903320312e+00
2.444411183988100092e+05 -4.384381771087646484e+00 1.504157185554504395e+00 -8.764574050903320312e+00
2.444411384183279879e+05 -4.366425514221191406e+00 1.499967336654663086e+00 -8.764574050903320312e+00
2.444411584378480038e+05 -4.374206542968750000e+00 1.501762986183166504e+00 -8.790909767150878906e+00
2.444411784573679906e+05 -4.383184909820556641e+00 1.499368786811828613e+00 -8.792107582092285156e+00
2.444411984768889961e+05 -4.404133796691894531e+00 1.498770236968994141e+00 -8.769960403442382812e+00
2.444412184964090120e+05 -4.370016574859619141e+00 1.505952835083007812e+00 -8.759785652160644531e+00
2.444412385159289988e+05 -4.378994941711425781e+00 1.510741233825683594e+00 -8.780136108398437500e+00
2.444412585354509938e+05 -4.366425514221191406e+00 1.513135433197021484e+00 -8.750208854675292969e+00
2.444412785549729888e+05 -4.383783340454101562e+00 1.496974587440490723e+00 -8.747814178466796875e+00
2.444412985744950129e+05 -4.370615005493164062e+00 1.507149934768676758e+00 -8.756793022155761719e+00
2.444413185940179974e+05 -4.370615005493164062e+00 1.511938333511352539e+00 -8.754997253417968750e+00
2.444413386135399924e+05 -4.358644008636474609e+00 1.495178937911987305e+00 -8.762778282165527344e+00
2.444413586330619873e+05 -4.383783340454101562e+00 1.504157185554504395e+00 -8.784325599670410156e+00
2.444413789882769925e+05 -4.373009204864501953e+00 1.498171687126159668e+00 -8.775946617126464844e+00
2.444413986721079855e+05 -4.386775970458984375e+00 1.493981838226318359e+00 -8.771158218383789062e+00
2.444414186916319886e+05 -4.374804973602294922e+00 1.502361536026000977e+00 -8.768763542175292969e+00
2.444414387111559918e+05 -4.383783340454101562e+00 1.504755735397338867e+00 -8.790311813354492188e+00
2.444414587306799949e+05 -4.399345397949218750e+00 1.510142683982849121e+00 -8.788516044616699219e+00
2.444414787502039981e+05 -4.396951198577880859e+00 1.508347034454345703e+00 -8.806472778320312500e+00
2.444414987697280012e+05 -4.387374401092529297e+00 1.507748484611511230e+00 -8.749609947204589844e+00
2.444415187892529939e+05 -4.382586002349853516e+00 1.512536883354187012e+00 -8.754398345947265625e+00
2.444415388087769970e+05 -4.384980201721191406e+00 1.514332532882690430e+00 -8.768763542175292969e+00
2.444415588283030083e+05 -4.364629745483398438e+00 1.506551384925842285e+00 -8.767566680908203125e+00
2.444415788478289905e+05 -4.364031314849853516e+00 1.513733983039855957e+00 -8.750806808471679688e+00
2.444415988673550019e+05 -4.360439777374267578e+00 1.517325282096862793e+00 -8.775946617126464844e+00
2.444416188563629985e+05 -4.369418144226074219e+00 1.511339783668518066e+00 -8.774150848388671875e+00
2.444416389064069954e+05 -4.364629745483398438e+00 1.504755735397338867e+00 -8.759785652160644531e+00
2.444416588954160106e+05 -4.397550106048583984e+00 1.499967336654663086e+00 -8.762179374694824219e+00
2.444416789454589889e+05 -4.401739597320556641e+00 1.475426793098449707e+00 -8.793304443359375000e+00
2.444416989649850002e+05 -4.389170169830322266e+00 1.476025342941284180e+00 -8.810063362121582031e+00
2.444417189845110115e+05 -4.408323764801025391e+00 1.487996339797973633e+00 -8.791508674621582031e+00
2.444417390040369937e+05 -4.410119533538818359e+00 1.492784738540649414e+00 -8.737639427185058594e+00
2.444417589930460090e+05 -4.366425514221191406e+00 1.526902079582214355e+00 -8.766369819641113281e+00
2.444417790125719912e+05 -4.377797603607177734e+00 1.499967336654663086e+00 -8.770559310913085938e+00
2.444417990626170067e+05 -4.371213912963867188e+00 1.541267395019531250e+00 -8.753800392150878906e+00
2.444418190516270115e+05 -4.385579109191894531e+00 1.547851443290710449e+00 -8.737040519714355469e+00
2.444418390711550019e+05 -4.367622375488281250e+00 1.523310780525207520e+00 -8.756793022155761719e+00
2.444418590906829922e+05 -4.352060317993164062e+00 1.495178937911987305e+00 -8.757989883422851562e+00
2.444418791102110117e+05 -4.358644008636474609e+00 1.478419542312622070e+00 -8.766369819641113281e+00
2.444418991297390021e+05 -4.404732704162597656e+00 1.499368786811828613e+00 -8.778939247131347656e+00
2.444419191492669925e+05 -4.381987571716308594e+00 1.482609391212463379e+00 -8.743025779724121094e+00
2.444419391687950119e+05 -4.393958568572998047e+00 1.486799240112304688e+00 -8.760982513427734375e+00
2.444419591883230023e+05 -4.393360137939453125e+00 1.507149934768676758e+00 -8.769362449645996094e+00
2.444419792078509927e+05 -4.387973308563232422e+00 1.505952835083007812e+00 -8.775347709655761719e+00
2.444419992273800017e+05 -4.395155906677246094e+00 1.511938333511352539e+00 -8.787917137145996094e+00
2.444420192469079921e+05 -4.375403404235839844e+00 1.508347034454345703e+00 -8.787319183349609375e+00
2.444420392664360115e+05 -4.389170169830322266e+00 1.519719481468200684e+00 -8.781332969665527344e+00
2.444420592859640019e+05 -4.392162799835205078e+00 1.500565886497497559e+00 -8.769362449645996094e+00
2.444420793054919923e+05 -4.346673011779785156e+00 1.489193439483642578e+00 -8.758588790893554688e+00
2.444420993250200117e+05 -4.357447147369384766e+00 1.521515130996704102e+00 -8.778939247131347656e+00
2.444421193445480021e+05 -4.373009204864501953e+00 1.524507880210876465e+00 -8.769362449645996094e+00
2.444421393640759925e+05 -4.386177539825439453e+00 1.526303529739379883e+00 -8.752602577209472656e+00
2.444421593836040120e+05 -4.377199172973632812e+00 1.520916581153869629e+00 -8.759186744689941406e+00
2.444421794031329919e+05 -4.386775970458984375e+00 1.499967336654663086e+00 -8.781931877136230469e+00
2.444421994226629904e+05 -4.380191802978515625e+00 1.492186188697814941e+00 -8.751405715942382812e+00
2.444422194421929889e+05 -4.358644008636474609e+00 1.496974587440490723e+00 -8.747216224670410156e+00
2.444422394617229875e+05 -4.390367507934570312e+00 1.504157185554504395e+00 -8.759785652160644531e+00
2.444422594812529860e+05 -4.373608112335205078e+00 1.499967336654663086e+00 -8.771756172180175781e+00
2.444422795007830136e+05 -4.368220806121826172e+00 1.493981838226318359e+00 -8.768763542175292969e+00
2.444422995203130122e+05 -4.387374401092529297e+00 1.511938333511352539e+00 -8.760982513427734375e+00
2.444423196924309887e+05 -4.386775970458984375e+00 1.503558635711669922e+00 -8.772953987121582031e+00
2.444423395898909948e+05 -4.377797603607177734e+00 1.521515130996704102e+00 -8.754398345947265625e+00
2.444423600061490142e+05 -4.396951198577880859e+00 1.530493378639221191e+00 -8.775946617126464844e+00
2.444423796289509919e+05 -4.368819713592529297e+00 1.489791989326477051e+00 -8.768763542175292969e+00
2.444423996179630049e+05 -4.391564369201660156e+00 1.505354285240173340e+00 -8.754997253417968750e+00
2.444424196374930034e+05 -4.384980201721191406e+00 1.518522381782531738e+00 -8.769362449645996094e+00
2.444424396570230019e+05 -4.367622375488281250e+00 1.507748484611511230e+00 -8.757989883422851562e+00
2.444424596765530005e+05 -4.379593372344970703e+00 1.514931082725524902e+00 -8.757390975952148438e+00
2.444424796960829990e+05 -4.378396511077880859e+00 1.517325282096862793e+00 -8.775946617126464844e+00
2.444424997156129975e+05 -4.380790710449218750e+00 1.510142683982849121e+00 -8.731653213500976562e+00
2.444425197351429961e+05 -4.371812343597412109e+00 1.520318031311035156e+00 -8.767566680908203125e+00
2.444425397546729946e+05 -4.380191802978515625e+00 1.513135433197021484e+00 -8.772953987121582031e+00
2.444425597742029931e+05 -4.383184909820556641e+00 1.508945584297180176e+00 -8.784325599670410156e+00
2.444425797632159956e+05 -4.388571739196777344e+00 1.508945584297180176e+00 -8.775347709655761719e+00
2.444425998132629902e+05 -4.387374401092529297e+00 1.509544134140014648e+00 -8.775946617126464844e+00
2.444426198022759927e+05 -4.387973308563232422e+00 1.514332532882690430e+00 -8.760982513427734375e+00
2.444426398218059912e+05 -4.365228176116943359e+00 1.511938333511352539e+00 -8.763975143432617188e+00
2.444426598413359898e+05 -4.378994941711425781e+00 1.515529632568359375e+00 -8.765172004699707031e+00
2.444426798913830135e+05 -4.381389141082763672e+00 1.513135433197021484e+00 -8.757390975952148438e+00
2.444426998803959868e+05 -4.380790710449218750e+00 1.504755735397338867e+00 -8.760383605957031250e+00
2.444427198999260145e+05 -4.363432407379150391e+00 1.524507880210876465e+00 -8.744821548461914062e+00
2.444427399194560130e+05 -4.362833976745605469e+00 1.517325282096862793e+00 -8.771158218383789062e+00
2.444427599389860115e+05 -4.356848716735839844e+00 1.511339783668518066e+00 -8.783727645874023438e+00
2.444427799585160101e+05 -4.351461410522460938e+00 1.539471745491027832e+00 -8.765172004699707031e+00
2.444427999780460086e+05 -4.386775970458984375e+00 1.514931082725524902e+00 -8.784924507141113281e+00
2.444428199975760072e+05 -4.404732704162597656e+00 1.496376037597656250e+00 -8.761581420898437500e+00
2.444428400171060057e+05 -4.389170169830322266e+00 1.509544134140014648e+00 -8.789712905883789062e+00
2.444428600366360042e+05 -4.383783340454101562e+00 1.497573137283325195e+00 -8.805274963378906250e+00
2.444428800561660028e+05 -4.402338504791259766e+00 1.497573137283325195e+00 -8.778939247131347656e+00
2.444429000756960013e+05 -4.393360137939453125e+00 1.501164436340332031e+00 -8.725069999694824219e+00
2.444429200952259998e+05 -4.353257179260253906e+00 1.528697729110717773e+00 -8.782530784606933594e+00
2.444429401147559984e+05 -4.360439777374267578e+00 1.518522381782531738e+00 -8.769362449645996094e+00
2.444429601342859969e+05 -4.358045578002929688e+00 1.546055793762207031e+00 -8.767566680908203125e+00
2.444429801538159954e+05 -4.381389141082763672e+00 1.524507880210876465e+00 -8.746018409729003906e+00
2.444430001733459940e+05 -4.384381771087646484e+00 1.527500629425048828e+00 -8.779537200927734375e+00
2.444430201928759925e+05 -4.368819713592529297e+00 1.480215191841125488e+00 -8.791508674621582031e+00
2.444430402124059910e+05 -4.374206542968750000e+00 1.487397789955139160e+00 -8.775347709655761719e+00
2.444430602319359896e+05 -4.387374401092529297e+00 1.503558635711669922e+00 -8.750208854675292969e+00
2.444430802514659881e+05 -4.389170169830322266e+00 1.486200690269470215e+00 -8.744223594665527344e+00
2.444431002404789906e+05 -4.381389141082763672e+00 1.523909330368041992e+00 -8.777742385864257812e+00
2.444431202600089891e+05 -4.395155906677246094e+00 1.502960085868835449e+00 -8.769960403442382812e+00
2.444431402795389877e+05 -4.402338504791259766e+00 1.512536883354187012e+00 -8.756793022155761719e+00
2.444431602990689862e+05 -4.371812343597412109e+00 1.499967336654663086e+00 -8.759785652160644531e+00
2.444431803186000034e+05 -4.381987571716308594e+00 1.504157185554504395e+00 -8.769362449645996094e+00
2.444432003381320101e+05 -4.388571739196777344e+00 1.502960085868835449e+00 -8.761581420898437500e+00
2.444432203576639877e+05 -4.384381771087646484e+00 1.504157185554504395e+00 -8.754997253417968750e+00
2.444432403771959944e+05 -4.357447147369384766e+00 1.510741233825683594e+00 -8.775946617126464844e+00
2.444432603967259929e+05 -4.384980201721191406e+00 1.525106430053710938e+00 -8.773551940917968750e+00
2.444432804162559914e+05 -4.383184909820556641e+00 1.531091928482055664e+00 -8.752602577209472656e+00
2.444433004357879981e+05 -4.392162799835205078e+00 1.525704979896545410e+00 -8.754997253417968750e+00
2.444433204553200048e+05 -4.369418144226074219e+00 1.505952835083007812e+00 -8.774748802185058594e+00
2.444433404748520115e+05 -4.385579109191894531e+00 1.507748484611511230e+00 -8.775946617126464844e+00
2.444433604943820101e+05 -4.387973308563232422e+00 1.510741233825683594e+00 -8.758588790893554688e+00
2.444433805139120086e+05 -4.382586002349853516e+00 1.528099179267883301e+00 -8.771158218383789062e+00
2.444434005334439862e+05 -4.374804973602294922e+00 1.501164436340332031e+00 -8.760383605957031250e+00
2.444434205529759929e+05 -4.378396511077880859e+00 1.492186188697814941e+00 -8.768165588378906250e+00
2.444434405725079996e+05 -4.381389141082763672e+00 1.505952835083007812e+00 -8.770559310913085938e+00
2.444434605920389877e+05 -4.386177539825439453e+00 1.523909330368041992e+00 -8.756793022155761719e+00
2.444434806115689862e+05 -4.389768600463867188e+00 1.495178937911987305e+00 -8.757989883422851562e+00
2.444435006311000034e+05 -4.384381771087646484e+00 1.514332532882690430e+00 -8.747216224670410156e+00
2.444435206506320101e+05 -4.395155906677246094e+00 1.510142683982849121e+00 -8.772953987121582031e+00
2.444435406701639877e+05 -4.387973308563232422e+00 1.517923831939697266e+00 -8.774150848388671875e+00
2.444435607202129904e+05 -4.381987571716308594e+00 1.520318031311035156e+00 -8.784924507141113281e+00
2.444435807092259929e+05 -4.385579109191894531e+00 1.514931082725524902e+00 -8.764574050903320312e+00
2.444436010339309869e+05 -4.376002311706542969e+00 1.526902079582214355e+00 -8.765770912170410156e+00
2.444436212365689862e+05 -4.374206542968750000e+00 1.526902079582214355e+00 -8.778939247131347656e+00
2.444436412561009929e+05 -4.376600742340087891e+00 1.509544134140014648e+00 -8.762778282165527344e+00
2.444436612756329996e+05 -4.372410774230957031e+00 1.518522381782531738e+00 -8.763377189636230469e+00
2.444436812951629981e+05 -4.388571739196777344e+00 1.515529632568359375e+00 -8.781931877136230469e+00
2.444437013146929967e+05 -4.389170169830322266e+00 1.508945584297180176e+00 -8.778340339660644531e+00
2.444437213342250034e+05 -4.380191802978515625e+00 1.505952835083007812e+00 -8.769960403442382812e+00
2.444437413537570101e+05 -4.384381771087646484e+00 1.509544134140014648e+00 -8.773551940917968750e+00
2.444437613732889877e+05 -4.391564369201660156e+00 1.498770236968994141e+00 -8.764574050903320312e+00
2.444437813928200048e+05 -4.388571739196777344e+00 1.509544134140014648e+00 -8.785523414611816406e+00
2.444438014123500034e+05 -4.378396511077880859e+00 1.505952835083007812e+00 -8.773551940917968750e+00
2.444438214318809914e+05 -4.365826606750488281e+00 1.525106430053710938e+00 -8.741828918457031250e+00
2.444438414514129981e+05 -4.377797603607177734e+00 1.519719481468200684e+00 -8.779537200927734375e+00
2.444438614709450048e+05 -4.382586002349853516e+00 1.523310780525207520e+00 -8.741230010986328125e+00
2.444438814904770115e+05 -4.352060317993164062e+00 1.496974587440490723e+00 -8.758588790893554688e+00
2.444439015100070101e+05 -4.361637115478515625e+00 1.490989089012145996e+00 -8.755595207214355469e+00
2.444439215295370086e+05 -4.336497783660888672e+00 1.510741233825683594e+00 -8.776544570922851562e+00
2.444439415490689862e+05 -4.340687751770019531e+00 1.514332532882690430e+00 -8.775347709655761719e+00
2.444439615686009929e+05 -4.389170169830322266e+00 1.510142683982849121e+00 -8.787319183349609375e+00
2.444439815576150140e+05 -4.424484729766845703e+00 1.493383288383483887e+00 -8.775946617126464844e+00
2.444440015771450126e+05 -4.384980201721191406e+00 1.495178937911987305e+00 -8.799888610839843750e+00
2.444440215966750111e+05 -4.377199172973632812e+00 1.480215191841125488e+00 -8.799289703369140625e+00
2.444440416162069887e+05 -4.368819713592529297e+00 1.499368786811828613e+00 -8.804078102111816406e+00
2.444440616662570101e+05 -4.402936935424804688e+00 1.513135433197021484e+00 -8.774150848388671875e+00
2.444440816857889877e+05 -4.383184909820556641e+00 1.549647092819213867e+00 -8.715493202209472656e+00
2.444441017053200048e+05 -4.363432407379150391e+00 1.535880446434020996e+00 -8.763377189636230469e+00
2.444441217248500034e+05 -4.364031314849853516e+00 1.535281896591186523e+00 -8.778340339660644531e+00
2.444441417138630059e+05 -4.361637115478515625e+00 1.519719481468200684e+00 -8.765172004699707031e+00
2.444441617333950126e+05 -4.377797603607177734e+00 1.501164436340332031e+00 -8.762778282165527344e+00
2.444441817529269902e+05 -4.366425514221191406e+00 1.486799240112304688e+00 -8.773551940917968750e+00
2.444442018029770115e+05 -4.355052947998046875e+00 1.480215191841125488e+00 -8.775347709655761719e+00
2.444442217919889954e+05 -4.380191802978515625e+00 1.485003590583801270e+00 -8.773551940917968750e+00
2.444442418115189939e+05 -4.380191802978515625e+00 1.502361536026000977e+00 -8.752004623413085938e+00
2.444442618310510006e+05 -4.377199172973632812e+00 1.509544134140014648e+00 -8.781931877136230469e+00
2.444442818505830073e+05 -4.371812343597412109e+00 1.509544134140014648e+00 -8.762778282165527344e+00
2.444443018701150140e+05 -4.378396511077880859e+00 1.515529632568359375e+00 -8.749609947204589844e+00
2.444443218896450126e+05 -4.374804973602294922e+00 1.510741233825683594e+00 -8.784924507141113281e+00
2.444443419091750111e+05 -4.344278812408447266e+00 1.507149934768676758e+00 -8.779537200927734375e+00
2.444443619287069887e+05 -4.352658748626708984e+00 1.499368786811828613e+00 -8.778340339660644531e+00
2.444443819482389954e+05 -4.370615005493164062e+00 1.504755735397338867e+00 -8.762778282165527344e+00
2.444444019677710021e+05 -4.375403404235839844e+00 1.514931082725524902e+00 -8.755595207214355469e+00
2.444444219873019902e+05 -4.359841346740722656e+00 1.498770236968994141e+00 -8.765172004699707031e+00
2.444444420068319887e+05 -4.380191802978515625e+00 1.505354285240173340e+00 -8.778939247131347656e+00
2.444444620873979875e+05 -4.381389141082763672e+00 1.504755735397338867e+00 -8.752004623413085938e+00
2.444444821374480089e+05 -4.389768600463867188e+00 1.505354285240173340e+00 -8.781332969665527344e+00
2.444445020959450048e+05 -4.359841346740722656e+00 1.508945584297180176e+00 -8.774748802185058594e+00
2.444445221459940076e+05 -4.362235546112060547e+00 1.500565886497497559e+00 -8.760383605957031250e+00
2.444445421044889954e+05 -4.371812343597412109e+00 1.514931082725524902e+00 -8.778340339660644531e+00
2.444445621850540047e+05 -4.367622375488281250e+00 1.508945584297180176e+00 -8.770559310913085938e+00
2.444445822045860114e+05 -4.384381771087646484e+00 1.519719481468200684e+00 -8.784325599670410156e+00
2.444446022241179890e+05 -4.358644008636474609e+00 1.504755735397338867e+00 -8.762778282165527344e+00
2.444446222131329996e+05 -4.373009204864501953e+00 1.495178937911987305e+00 -8.777143478393554688e+00
2.444446422326629981e+05 -4.371213912963867188e+00 1.503558635711669922e+00 -8.763975143432617188e+00
2.444446622521929967e+05 -4.358644008636474609e+00 1.490989089012145996e+00 -8.763975143432617188e+00
2.444446822717250034e+05 -4.370615005493164062e+00 1.496376037597656250e+00 -8.749011993408203125e+00
2.444447022912570101e+05 -4.383184909820556641e+00 1.502361536026000977e+00 -8.759785652160644531e+00
2.444447223107889877e+05 -4.378396511077880859e+00 1.502960085868835449e+00 -8.777742385864257812e+00
2.444447423303200048e+05 -4.376600742340087891e+00 1.510142683982849121e+00 -8.777742385864257812e+00
2.444447623498500034e+05 -4.373608112335205078e+00 1.501762986183166504e+00 -8.772355079650878906e+00
2.444447823693809914e+05 -4.389768600463867188e+00 1.508945584297180176e+00 -8.749609947204589844e+00
2.444448023889129981e+05 -4.391564369201660156e+00 1.517325282096862793e+00 -8.756793022155761719e+00
2.444448224084450048e+05 -4.357447147369384766e+00 1.514931082725524902e+00 -8.767566680908203125e+00
2.444448424279770115e+05 -4.382586002349853516e+00 1.490390539169311523e+00 -8.795698165893554688e+00
2.444448624475070101e+05 -4.356249809265136719e+00 1.498770236968994141e+00 -8.776544570922851562e+00
2.444448824670370086e+05 -4.377199172973632812e+00 1.517325282096862793e+00 -8.757390975952148438e+00
2.444449024865689862e+05 -4.372410774230957031e+00 1.517923831939697266e+00 -8.766967773437500000e+00
2.444449225061009929e+05 -4.390965938568115234e+00 1.511938333511352539e+00 -8.768165588378906250e+00
2.444449425256329996e+05 -4.380790710449218750e+00 1.512536883354187012e+00 -8.778340339660644531e+00
2.444449625451629981e+05 -4.387973308563232422e+00 1.522712230682373047e+00 -8.793304443359375000e+00
2.444449825646939862e+05 -4.368220806121826172e+00 1.523909330368041992e+00 -8.753800392150878906e+00
2.444450025842259929e+05 -4.373009204864501953e+00 1.507149934768676758e+00 -8.763377189636230469e+00
2.444450226037579996e+05 -4.356848716735839844e+00 1.516726732254028320e+00 -8.737639427185058594e+00
2.444450426232879981e+05 -4.375403404235839844e+00 1.514332532882690430e+00 -8.758588790893554688e+00
2.444450626428189862e+05 -4.353257179260253906e+00 1.507149934768676758e+00 -8.790909767150878906e+00
2.444450826623509929e+05 -4.379593372344970703e+00 1.496974587440490723e+00 -8.767566680908203125e+00
2.444451026818829996e+05 -4.380191802978515625e+00 1.487996339797973633e+00 -8.757989883422851562e+00
2.444451227014129981e+05 -4.406527996063232422e+00 1.505952835083007812e+00 -8.754398345947265625e+00
2.444451427209439862e+05 -4.387973308563232422e+00 1.501164436340332031e+00 -8.791508674621582031e+00
2.444451627099580073e+05 -4.379593372344970703e+00 1.493383288383483887e+00 -8.813654899597167969e+00
2.444451827600079996e+05 -4.402338504791259766e+00 1.492784738540649414e+00 -8.784325599670410156e+00
2.444452027795379981e+05 -4.363432407379150391e+00 1.520318031311035156e+00 -8.734646797180175781e+00
2.444452227990689862e+05 -4.360439777374267578e+00 1.533486247062683105e+00 -8.732851028442382812e+00
2.444452428186009929e+05 -4.364629745483398438e+00 1.523310780525207520e+00 -8.774150848388671875e+00
2.444452628076150140e+05 -4.380191802978515625e+00 1.543661594390869141e+00 -8.742427825927734375e+00
2.444452828271450126e+05 -4.395155906677246094e+00 1.516128182411193848e+00 -8.762778282165527344e+00
2.444453028771939862e+05 -4.374206542968750000e+00 1.502960085868835449e+00 -8.789113998413085938e+00
2.444453228662080073e+05 -4.371812343597412109e+00 1.504157185554504395e+00 -8.775347709655761719e+00
2.444453429162579996e+05 -4.367622375488281250e+00 1.504157185554504395e+00 -8.754398345947265625e+00
2.444453629052700126e+05 -4.398148536682128906e+00 1.499967336654663086e+00 -8.756194114685058594e+00
2.444453829248010006e+05 -4.375403404235839844e+00 1.488594889640808105e+00 -8.765770912170410156e+00
2.444454029443330073e+05 -4.379593372344970703e+00 1.501164436340332031e+00 -8.772355079650878906e+00
2.444454229638650140e+05 -4.399345397949218750e+00 1.510741233825683594e+00 -8.765770912170410156e+00
2.444454429833950126e+05 -4.376002311706542969e+00 1.511339783668518066e+00 -8.796895980834960938e+00
2.444454630029260006e+05 -4.381389141082763672e+00 1.511339783668518066e+00 -8.781332969665527344e+00
2.444454830224580073e+05 -4.389768600463867188e+00 1.507149934768676758e+00 -8.789712905883789062e+00
2.444455030419900140e+05 -4.376002311706542969e+00 1.517325282096862793e+00 -8.757390975952148438e+00
2.444455230615200126e+05 -4.370016574859619141e+00 1.515529632568359375e+00 -8.754997253417968750e+00
2.444455430810510006e+05 -4.370615005493164062e+00 1.505952835083007812e+00 -8.771756172180175781e+00
2.444455631311009929e+05 -4.376600742340087891e+00 1.511938333511352539e+00 -8.766967773437500000e+00
2.444455831506329996e+05 -4.387973308563232422e+00 1.527500629425048828e+00 -8.765172004699707031e+00
2.444456031396450126e+05 -4.387973308563232422e+00 1.530493378639221191e+00 -8.760982513427734375e+00
2.444456231591760006e+05 -4.374804973602294922e+00 1.505952835083007812e+00 -8.780735015869140625e+00
2.444456431787080073e+05 -4.371812343597412109e+00 1.510741233825683594e+00 -8.746617317199707031e+00
2.444456631982400140e+05 -4.364031314849853516e+00 1.508945584297180176e+00 -8.777742385864257812e+00
2.444456832177700126e+05 -4.382586002349853516e+00 1.514332532882690430e+00 -8.751405715942382812e+00
2.444457032373010006e+05 -4.367622375488281250e+00 1.501164436340332031e+00 -8.747216224670410156e+00
2.444457232568330073e+05 -4.393958568572998047e+00 1.518522381782531738e+00 -8.765770912170410156e+00
2.444457432763650140e+05 -4.361637115478515625e+00 1.522712230682373047e+00 -8.776544570922851562e+00
2.444457632958950126e+05 -4.379593372344970703e+00 1.508945584297180176e+00 -8.746018409729003906e+00
2.444457833154260006e+05 -4.383783340454101562e+00 1.507149934768676758e+00 -8.769362449645996094e+00
2.444458033349580073e+05 -4.378994941711425781e+00 1.509544134140014648e+00 -8.761581420898437500e+00
2.444458233544900140e+05 -4.387973308563232422e+00 1.507149934768676758e+00 -8.769960403442382812e+00
2.444458433740200126e+05 -4.381987571716308594e+00 1.493981838226318359e+00 -8.769362449645996094e+00
2.444458633935510006e+05 -4.369418144226074219e+00 1.502960085868835449e+00 -8.772953987121582031e+00
2.444458834130830073e+05 -4.378994941711425781e+00 1.511339783668518066e+00 -8.772355079650878906e+00
2.444459034326150140e+05 -4.370016574859619141e+00 1.530493378639221191e+00 -8.747216224670410156e+00
2.444459234521450126e+05 -4.373608112335205078e+00 1.516128182411193848e+00 -8.760982513427734375e+00
2.444459434716760006e+05 -4.391564369201660156e+00 1.504157185554504395e+00 -8.777742385864257812e+00
2.444459634606910113e+05 -4.361637115478515625e+00 1.511339783668518066e+00 -8.780735015869140625e+00
2.444459834802229889e+05 -4.377199172973632812e+00 1.508347034454345703e+00 -8.748413085937500000e+00
2.444460034997529874e+05 -4.389170169830322266e+00 1.516128182411193848e+00 -8.746018409729003906e+00
2.444460235192840046e+05 -4.394556999206542969e+00 1.526303529739379883e+00 -8.759186744689941406e+00
2.444460435388160113e+05 -4.377199172973632812e+00 1.514931082725524902e+00 -8.790311813354492188e+00
2.444460635583479889e+05 -4.354454517364501953e+00 1.518522381782531738e+00 -8.793902397155761719e+00
2.444460835778779874e+05 -4.368819713592529297e+00 1.520916581153869629e+00 -8.762778282165527344e+00
2.444461035974090046e+05 -4.389768600463867188e+00 1.540070295333862305e+00 -8.751405715942382812e+00
2.444461236474580073e+05 -4.350264549255371094e+00 1.532887697219848633e+00 -8.734646797180175781e+00
2.444461436364729889e+05 -4.356249809265136719e+00 1.523909330368041992e+00 -8.741828918457031250e+00
2.444461636560029874e+05 -4.350862979888916016e+00 1.511339783668518066e+00 -8.742427825927734375e+00
2.444461836755340046e+05 -4.384980201721191406e+00 1.496974587440490723e+00 -8.773551940917968750e+00
2.444462036950660113e+05 -4.407725334167480469e+00 1.498770236968994141e+00 -8.789712905883789062e+00
2.444462237145979889e+05 -4.396951198577880859e+00 1.477820992469787598e+00 -8.777143478393554688e+00
2.444462437341279874e+05 -4.443039894104003906e+00 1.480813741683959961e+00 -8.763975143432617188e+00
2.444462637536590046e+05 -4.416703701019287109e+00 1.498770236968994141e+00 -8.793902397155761719e+00
2.444462837731910113e+05 -4.386775970458984375e+00 1.495178937911987305e+00 -8.795698165893554688e+00
2.444463037927229889e+05 -4.399944305419921875e+00 1.493383288383483887e+00 -8.804078102111816406e+00
2.444463238122529874e+05 -4.388571739196777344e+00 1.497573137283325195e+00 -8.744223594665527344e+00
2.444463438317840046e+05 -4.374804973602294922e+00 1.505354285240173340e+00 -8.722076416015625000e+00
2.444463638513160113e+05 -4.384980201721191406e+00 1.510741233825683594e+00 -8.740632057189941406e+00
2.444463838708479889e+05 -4.373608112335205078e+00 1.525704979896545410e+00 -8.756194114685058594e+00
2.444464038903779874e+05 -4.387973308563232422e+00 1.535281896591186523e+00 -8.741230010986328125e+00
2.444464239099090046e+05 -4.378994941711425781e+00 1.516726732254028320e+00 -8.771756172180175781e+00
2.444464439294410113e+05 -4.376600742340087891e+00 1.501762986183166504e+00 -8.805274963378906250e+00
2.444464639489729889e+05 -4.361038208007812500e+00 1.488594889640808105e+00 -8.769362449645996094e+00
2.444464839685029874e+05 -4.361038208007812500e+00 1.474828243255615234e+00 -8.753201484680175781e+00
2.444465039880340046e+05 -4.374206542968750000e+00 1.498171687126159668e+00 -8.748413085937500000e+00
2.444465240380830073e+05 -4.393958568572998047e+00 1.485003590583801270e+00 -8.761581420898437500e+00
2.444465440270979889e+05 -4.383783340454101562e+00 1.498770236968994141e+00 -8.785523414611816406e+00
2.444465644433560083e+05 -4.389768600463867188e+00 1.496974587440490723e+00 -8.769362449645996094e+00
2.444465840661590046e+05 -4.387973308563232422e+00 1.522712230682373047e+00 -8.783727645874023438e+00
2.444466040856910113e+05 -4.367622375488281250e+00 1.510142683982849121e+00 -8.770559310913085938e+00
2.444466241052229889e+05 -4.377797603607177734e+00 1.507149934768676758e+00 -8.765172004699707031e+00
2.444466440942350018e+05 -4.383184909820556641e+00 1.502361536026000977e+00 -8.750208854675292969e+00
2.444466641137659899e+05 -4.373608112335205078e+00 1.506551384925842285e+00 -8.767566680908203125e+00
2.444466841332979966e+05 -4.360439777374267578e+00 1.509544134140014648e+00 -8.785523414611816406e+00
2.444467038781720039e+05 -4.373009204864501953e+00 1.517325282096862793e+00 -8.775946617126464844e+00
2.444467240808070055e+05 -4.376002311706542969e+00 1.525106430053710938e+00 -8.762778282165527344e+00
2.444467441918909899e+05 -4.379593372344970703e+00 1.502361536026000977e+00 -8.753201484680175781e+00
2.444467691857889877e+05 -4.385579109191894531e+00 1.499368786811828613e+00 -8.746018409729003906e+00
2.444467841394020070e+05 -4.377797603607177734e+00 1.489791989326477051e+00 -8.740033149719238281e+00
2.444468041589320055e+05 -4.383184909820556641e+00 1.506551384925842285e+00 -8.725069999694824219e+00
2.444468242089810083e+05 -4.367023944854736328e+00 1.477820992469787598e+00 -8.728660583496093750e+00
2.444468442895479966e+05 -4.380191802978515625e+00 1.484405040740966797e+00 -8.737639427185058594e+00
2.444468643090800033e+05 -4.375403404235839844e+00 1.489193439483642578e+00 -8.731055259704589844e+00
2.444468842980930058e+05 -4.387374401092529297e+00 1.505354285240173340e+00 -8.723872184753417969e+00
2.444469042565879936e+05 -4.386775970458984375e+00 1.483207941055297852e+00 -8.740033149719238281e+00
2.444469243066379859e+05 -4.390367507934570312e+00 1.476025342941284180e+00 -8.743624687194824219e+00
2.444469442956520070e+05 -4.390367507934570312e+00 1.483207941055297852e+00 -8.750208854675292969e+00
2.444469643151820055e+05 -4.393360137939453125e+00 1.488594889640808105e+00 -8.717288017272949219e+00
2.444469843347129936e+05 -4.386177539825439453e+00 1.494580388069152832e+00 -8.729259490966796875e+00
2.444470043542450003e+05 -4.380790710449218750e+00 1.508347034454345703e+00 -8.717886924743652344e+00
2.444470243737770070e+05 -4.377199172973632812e+00 1.490390539169311523e+00 -8.731055259704589844e+00
2.444470443933070055e+05 -4.374804973602294922e+00 1.483806490898132324e+00 -8.733448982238769531e+00
2.444470644128379936e+05 -4.368819713592529297e+00 1.484405040740966797e+00 -8.743624687194824219e+00
2.444470844323700003e+05 -4.385579109191894531e+00 1.477222442626953125e+00 -8.713098526000976562e+00
2.444471044213850109e+05 -4.387374401092529297e+00 1.499967336654663086e+00 -8.726864814758300781e+00
2.444471244409150095e+05 -4.379593372344970703e+00 1.495178937911987305e+00 -8.744821548461914062e+00
2.444471444604459975e+05 -4.371213912963867188e+00 1.456273198127746582e+00 -8.747814178466796875e+00
2.444471644799780042e+05 -4.370016574859619141e+00 1.490989089012145996e+00 -8.753800392150878906e+00
2.444471844995100109e+05 -4.390367507934570312e+00 1.487996339797973633e+00 -8.752602577209472656e+00
2.444472045495570055e+05 -4.390965938568115234e+00 1.488594889640808105e+00 -8.733448982238769531e+00
2.444472245690879936e+05 -4.395754337310791016e+00 1.486200690269470215e+00 -8.732851028442382812e+00
2.444472445581030042e+05 -4.390965938568115234e+00 1.485003590583801270e+00 -8.727463722229003906e+00
2.444472645776350109e+05 -4.358045578002929688e+00 1.468842744827270508e+00 -8.711901664733886719e+00
2.444472845971650095e+05 -4.379593372344970703e+00 1.488594889640808105e+00 -8.720879554748535156e+00
2.444473046166959975e+05 -4.386775970458984375e+00 1.479616641998291016e+00 -8.720879554748535156e+00
2.444473246362280042e+05 -4.378994941711425781e+00 1.474828243255615234e+00 -8.723872184753417969e+00
2.444473446862770070e+05 -4.374804973602294922e+00 1.501164436340332031e+00 -8.749609947204589844e+00
2.444473646752900095e+05 -4.374804973602294922e+00 1.485003590583801270e+00 -8.751405715942382812e+00
2.444473846948209975e+05 -4.390965938568115234e+00 1.483207941055297852e+00 -8.738836288452148438e+00
2.444474047143530042e+05 -4.417302131652832031e+00 1.481412291526794434e+00 -8.704120635986328125e+00
2.444474247338850109e+05 -4.414309501647949219e+00 1.487996339797973633e+00 -8.731055259704589844e+00
2.444474447534150095e+05 -4.377797603607177734e+00 1.476623892784118652e+00 -8.768165588378906250e+00
2.444474647729459975e+05 -4.397550106048583984e+00 1.464652895927429199e+00 -8.759186744689941406e+00
2.444474847924780042e+05 -4.379593372344970703e+00 1.476623892784118652e+00 -8.698733329772949219e+00
2.444475048120100109e+05 -4.359242916107177734e+00 1.518522381782531738e+00 -8.678980827331542969e+00
2.444475248315400095e+05 -4.387973308563232422e+00 1.513135433197021484e+00 -8.712499618530273438e+00
2.444475448510709975e+05 -4.383783340454101562e+00 1.526902079582214355e+00 -8.734047889709472656e+00
2.444475648706030042e+05 -4.388571739196777344e+00 1.501164436340332031e+00 -8.714295387268066406e+00
2.444475848901350109e+05 -4.397550106048583984e+00 1.468244194984436035e+00 -8.758588790893554688e+00
2.444476048791469948e+05 -4.388571739196777344e+00 1.462258696556091309e+00 -8.747814178466796875e+00
2.444476249291959975e+05 -4.367023944854736328e+00 1.446696400642395020e+00 -8.766967773437500000e+00
2.444476449487280042e+05 -4.397550106048583984e+00 1.476025342941284180e+00 -8.725069999694824219e+00
2.444476649682600109e+05 -4.387973308563232422e+00 1.477222442626953125e+00 -8.725667953491210938e+00
2.444476849877900095e+05 -4.385579109191894531e+00 1.476025342941284180e+00 -8.747814178466796875e+00
2.444477050073209975e+05 -4.410119533538818359e+00 1.465849995613098145e+00 -8.759785652160644531e+00
2.444477249963349896e+05 -4.407126903533935547e+00 1.501762986183166504e+00 -8.728660583496093750e+00
2.444477450158669963e+05 -4.382586002349853516e+00 1.483806490898132324e+00 -8.770559310913085938e+00
2.444477650353969948e+05 -4.370016574859619141e+00 1.480215191841125488e+00 -8.749609947204589844e+00
2.444477850549280120e+05 -4.386177539825439453e+00 1.476025342941284180e+00 -8.761581420898437500e+00
2.444478050744599896e+05 -4.389170169830322266e+00 1.488594889640808105e+00 -8.721478462219238281e+00
2.444478250939919963e+05 -4.370615005493164062e+00 1.498171687126159668e+00 -8.749011993408203125e+00
2.444478451135219948e+05 -4.376600742340087891e+00 1.492784738540649414e+00 -8.747814178466796875e+00
2.444478651330530120e+05 -4.410717964172363281e+00 1.483806490898132324e+00 -8.756194114685058594e+00
2.444478851525849896e+05 -4.398746967315673828e+00 1.477820992469787598e+00 -8.748413085937500000e+00
2.444479052331520070e+05 -4.400542736053466797e+00 1.489791989326477051e+00 -8.740033149719238281e+00
2.444479252221650095e+05 -4.378396511077880859e+00 1.473032593727111816e+00 -8.735244750976562500e+00
2.444479452416959975e+05 -4.392761707305908203e+00 1.477222442626953125e+00 -8.742427825927734375e+00
2.444479652612280042e+05 -4.364629745483398438e+00 1.492784738540649414e+00 -8.746018409729003906e+00
2.444479852807600109e+05 -4.377199172973632812e+00 1.487996339797973633e+00 -8.749609947204589844e+00
2.444480053002900095e+05 -4.374804973602294922e+00 1.464054346084594727e+00 -8.768165588378906250e+00
2.444480253198209975e+05 -4.378396511077880859e+00 1.478419542312622070e+00 -8.769362449645996094e+00
2.444480453393530042e+05 -4.368819713592529297e+00 1.485003590583801270e+00 -8.750806808471679688e+00
2.444480652978500002e+05 -4.391564369201660156e+00 1.501762986183166504e+00 -8.753201484680175781e+00
2.444480853173799987e+05 -4.395155906677246094e+00 1.476623892784118652e+00 -8.756793022155761719e+00
2.444481053369109868e+05 -4.370615005493164062e+00 1.495178937911987305e+00 -8.757989883422851562e+00
2.444481253564429935e+05 -4.376600742340087891e+00 1.490989089012145996e+00 -8.755595207214355469e+00
2.444481453759740107e+05 -4.366425514221191406e+00 1.500565886497497559e+00 -8.765172004699707031e+00
2.444481653649859945e+05 -4.378396511077880859e+00 1.501762986183166504e+00 -8.743025779724121094e+00
2.444481853845180012e+05 -4.377199172973632812e+00 1.487397789955139160e+00 -8.722675323486328125e+00
2.444482054040500079e+05 -4.377199172973632812e+00 1.481412291526794434e+00 -8.741230010986328125e+00
2.444482254235809960e+05 -4.375403404235839844e+00 1.482609391212463379e+00 -8.747814178466796875e+00
2.444482454431109945e+05 -4.381389141082763672e+00 1.477820992469787598e+00 -8.745420455932617188e+00
2.444482654626430012e+05 -4.374804973602294922e+00 1.487397789955139160e+00 -8.753800392150878906e+00
2.444482854821750079e+05 -4.359841346740722656e+00 1.480215191841125488e+00 -8.749011993408203125e+00
2.444483055017059960e+05 -4.375403404235839844e+00 1.465849995613098145e+00 -8.772953987121582031e+00
2.444483255212359945e+05 -4.399944305419921875e+00 1.469441294670104980e+00 -8.759186744689941406e+00
2.444483455407680012e+05 -4.393958568572998047e+00 1.494580388069152832e+00 -8.759186744689941406e+00
2.444483655603000079e+05 -4.382586002349853516e+00 1.496376037597656250e+00 -8.781332969665527344e+00
2.444483855798309960e+05 -4.384381771087646484e+00 1.481412291526794434e+00 -8.773551940917968750e+00
2.444484055993609945e+05 -4.368819713592529297e+00 1.481412291526794434e+00 -8.747216224670410156e+00
2.444484256188930012e+05 -4.372410774230957031e+00 1.496974587440490723e+00 -8.748413085937500000e+00
2.444484456384250079e+05 -4.367622375488281250e+00 1.492186188697814941e+00 -8.749609947204589844e+00
2.444484656579559960e+05 -4.355651378631591797e+00 1.489193439483642578e+00 -8.734646797180175781e+00
2.444484856774859945e+05 -4.334103584289550781e+00 1.491587638854980469e+00 -8.747216224670410156e+00
2.444485056970180012e+05 -4.346673011779785156e+00 1.506551384925842285e+00 -8.780735015869140625e+00
2.444485257165500079e+05 -4.377199172973632812e+00 1.482010841369628906e+00 -8.776544570922851562e+00
2.444485457360809960e+05 -4.413711071014404297e+00 1.466448545455932617e+00 -8.773551940917968750e+00
2.444485657556109945e+05 -4.413112163543701172e+00 1.450287699699401855e+00 -8.754398345947265625e+00
2.444485857751430012e+05 -4.369418144226074219e+00 1.455674648284912109e+00 -8.758588790893554688e+00
2.444486058557099896e+05 -4.370016574859619141e+00 1.472434043884277344e+00 -8.780735015869140625e+00
2.444486258752410067e+05 -4.407126903533935547e+00 1.464054346084594727e+00 -8.754398345947265625e+00
2.444486458947710053e+05 -4.376002311706542969e+00 1.504157185554504395e+00 -8.726266860961914062e+00
2.444486658532680012e+05 -4.363432407379150391e+00 1.490390539169311523e+00 -8.760982513427734375e+00
2.444486858728000079e+05 -4.371812343597412109e+00 1.507748484611511230e+00 -8.767566680908203125e+00
2.444487060754369886e+05 -4.355052947998046875e+00 1.510741233825683594e+00 -8.741828918457031250e+00
2.444487259118609945e+05 -4.373608112335205078e+00 1.481412291526794434e+00 -8.737040519714355469e+00
2.444487459313930012e+05 -4.378994941711425781e+00 1.475426793098449707e+00 -8.753800392150878906e+00
2.444487659204069932e+05 -4.367622375488281250e+00 1.455674648284912109e+00 -8.774748802185058594e+00
2.444487859704559960e+05 -4.368819713592529297e+00 1.493383288383483887e+00 -8.747814178466796875e+00
2.444488059594680090e+05 -4.372410774230957031e+00 1.485003590583801270e+00 -8.725069999694824219e+00
2.444488260095180012e+05 -4.396352767944335938e+00 1.489791989326477051e+00 -8.721478462219238281e+00
2.444488459985319932e+05 -4.393360137939453125e+00 1.502960085868835449e+00 -8.747216224670410156e+00
2.444488660180630104e+05 -4.409521102905273438e+00 1.493383288383483887e+00 -8.774150848388671875e+00
2.444488860375930090e+05 -4.374206542968750000e+00 1.491587638854980469e+00 -8.779537200927734375e+00
2.444489060571249865e+05 -4.377199172973632812e+00 1.515529632568359375e+00 -8.769960403442382812e+00
2.444489260766569932e+05 -4.383184909820556641e+00 1.500565886497497559e+00 -8.752602577209472656e+00
2.444489460961880104e+05 -4.379593372344970703e+00 1.468244194984436035e+00 -8.741828918457031250e+00
2.444489661157180090e+05 -4.366425514221191406e+00 1.490989089012145996e+00 -8.741828918457031250e+00
2.444489861352499865e+05 -4.378396511077880859e+00 1.498171687126159668e+00 -8.757390975952148438e+00
2.444490061547819932e+05 -4.364629745483398438e+00 1.502361536026000977e+00 -8.747814178466796875e+00
2.444490261743130104e+05 -4.387374401092529297e+00 1.501762986183166504e+00 -8.764574050903320312e+00
2.444490461938430090e+05 -4.375403404235839844e+00 1.486200690269470215e+00 -8.744821548461914062e+00
2.444490662133749865e+05 -4.374206542968750000e+00 1.468244194984436035e+00 -8.769362449645996094e+00
2.444490862329069932e+05 -4.364629745483398438e+00 1.493981838226318359e+00 -8.737040519714355469e+00
2.444491062524380104e+05 -4.383184909820556641e+00 1.509544134140014648e+00 -8.735843658447265625e+00
2.444491262719680090e+05 -4.376600742340087891e+00 1.496974587440490723e+00 -8.756793022155761719e+00
2.444491462914999865e+05 -4.389768600463867188e+00 1.481412291526794434e+00 -8.768763542175292969e+00
2.444491663110319932e+05 -4.374804973602294922e+00 1.495777487754821777e+00 -8.766369819641113281e+00
2.444491863305630104e+05 -4.367622375488281250e+00 1.497573137283325195e+00 -8.753800392150878906e+00
2.444492063500930090e+05 -4.400542736053466797e+00 1.487397789955139160e+00 -8.744821548461914062e+00
2.444492263696249865e+05 -4.405331134796142578e+00 1.483207941055297852e+00 -8.760383605957031250e+00
2.444492463891569932e+05 -4.377199172973632812e+00 1.478419542312622070e+00 -8.769362449645996094e+00
2.444492664086880104e+05 -4.373009204864501953e+00 1.496974587440490723e+00 -8.770559310913085938e+00
2.444492864282180090e+05 -4.371812343597412109e+00 1.485602140426635742e+00 -8.741230010986328125e+00
2.444493064477499865e+05 -4.380191802978515625e+00 1.507748484611511230e+00 -8.752602577209472656e+00
2.444493264672819932e+05 -4.377797603607177734e+00 1.495777487754821777e+00 -8.763975143432617188e+00
2.444493464868130104e+05 -4.381987571716308594e+00 1.487397789955139160e+00 -8.754997253417968750e+00
2.444493665063430090e+05 -4.362833976745605469e+00 1.477820992469787598e+00 -8.735843658447265625e+00
2.444493865258760052e+05 -4.376600742340087891e+00 1.481412291526794434e+00 -8.750806808471679688e+00
2.444494065454069932e+05 -4.388571739196777344e+00 1.479616641998291016e+00 -8.763975143432617188e+00
2.444494265649380104e+05 -4.376600742340087891e+00 1.496974587440490723e+00 -8.781931877136230469e+00
2.444494465539510129e+05 -4.386177539825439453e+00 1.464652895927429199e+00 -8.738237380981445312e+00
2.444494665734810114e+05 -4.381389141082763672e+00 1.486799240112304688e+00 -8.774748802185058594e+00
2.444494865930129890e+05 -4.372410774230957031e+00 1.493383288383483887e+00 -8.766967773437500000e+00
2.444495066125449957e+05 -4.382586002349853516e+00 1.485602140426635742e+00 -8.751405715942382812e+00
2.444495266320770024e+05 -4.401739597320556641e+00 1.498171687126159668e+00 -8.753800392150878906e+00
2.444495466516090091e+05 -4.387973308563232422e+00 1.483207941055297852e+00 -8.743025779724121094e+00
2.444495667016560037e+05 -4.392761707305908203e+00 1.485602140426635742e+00 -8.757989883422851562e+00
2.444495867211869918e+05 -4.390367507934570312e+00 1.497573137283325195e+00 -8.722675323486328125e+00
2.444496067102010129e+05 -4.370615005493164062e+00 1.492186188697814941e+00 -8.758588790893554688e+00
2.444496267297329905e+05 -4.364629745483398438e+00 1.501762986183166504e+00 -8.757989883422851562e+00
2.444496467492649972e+05 -4.369418144226074219e+00 1.499967336654663086e+00 -8.747814178466796875e+00
2.444496667687960144e+05 -4.377199172973632812e+00 1.496974587440490723e+00 -8.744821548461914062e+00
2.444496867883260129e+05 -4.408922195434570312e+00 1.492784738540649414e+00 -8.756793022155761719e+00
2.444497068383739970e+05 -4.391564369201660156e+00 1.492784738540649414e+00 -8.782530784606933594e+00
2.444497268579060037e+05 -4.393360137939453125e+00 1.479616641998291016e+00 -8.826823234558105469e+00
2.444497468774380104e+05 -4.402338504791259766e+00 1.460463047027587891e+00 -8.776544570922851562e+00
2.444497668664520024e+05 -4.387973308563232422e+00 1.473032593727111816e+00 -8.727463722229003906e+00
2.444497868859840091e+05 -4.383783340454101562e+00 1.524507880210876465e+00 -8.757390975952148438e+00
2.444498069055140077e+05 -4.380790710449218750e+00 1.511339783668518066e+00 -8.743624687194824219e+00
2.444498269250440062e+05 -4.369418144226074219e+00 1.533486247062683105e+00 -8.743025779724121094e+00
2.444498469445760129e+05 -4.383783340454101562e+00 1.515529632568359375e+00 -8.731653213500976562e+00
2.444498669641079905e+05 -4.386177539825439453e+00 1.492784738540649414e+00 -8.761581420898437500e+00
2.444498869836399972e+05 -4.354454517364501953e+00 1.473631143569946289e+00 -8.781332969665527344e+00
2.444499070031710144e+05 -4.353855609893798828e+00 1.465849995613098145e+00 -8.756793022155761719e+00
2.444499270227010129e+05 -4.389170169830322266e+00 1.495178937911987305e+00 -8.732851028442382812e+00
2.444499470422310114e+05 -4.388571739196777344e+00 1.495178937911987305e+00 -8.725667953491210938e+00
2.444499670617629890e+05 -4.385579109191894531e+00 1.486799240112304688e+00 -8.750208854675292969e+00
2.444499870812949957e+05 -4.390965938568115234e+00 1.490390539169311523e+00 -8.750208854675292969e+00
2.444500071008270024e+05 -4.405929565429687500e+00 1.489193439483642578e+00 -8.740033149719238281e+00
2.444500271203590091e+05 -4.407126903533935547e+00 1.517923831939697266e+00 -8.764574050903320312e+00
2.444500471398890077e+05 -4.371812343597412109e+00 1.492186188697814941e+00 -8.772953987121582031e+00
2.444500671594190062e+05 -4.406527996063232422e+00 1.486200690269470215e+00 -8.771756172180175781e+00
2.444500871789510129e+05 -4.370016574859619141e+00 1.481412291526794434e+00 -8.747814178466796875e+00
2.444501071984829905e+05 -4.373009204864501953e+00 1.476025342941284180e+00 -8.757989883422851562e+00
2.444501272180149972e+05 -4.368819713592529297e+00 1.488594889640808105e+00 -8.784325599670410156e+00
2.444501472375460144e+05 -4.395155906677246094e+00 1.503558635711669922e+00 -8.768763542175292969e+00
2.444501672570760129e+05 -4.381389141082763672e+00 1.514931082725524902e+00 -8.740033149719238281e+00
2.444501872460889863e+05 -4.390367507934570312e+00 1.495777487754821777e+00 -8.757390975952148438e+00
2.444502072656209930e+05 -4.385579109191894531e+00 1.480813741683959961e+00 -8.757989883422851562e+00
2.444502272851529997e+05 -4.387973308563232422e+00 1.470039844512939453e+00 -8.765770912170410156e+00
2.444502473046839877e+05 -4.407725334167480469e+00 1.485003590583801270e+00 -8.732252120971679688e+00
2.444502673242139863e+05 -4.393958568572998047e+00 1.495777487754821777e+00 -8.761581420898437500e+00
2.444502873437450035e+05 -4.380790710449218750e+00 1.485003590583801270e+00 -8.769960403442382812e+00
2.444503073632770102e+05 -4.361038208007812500e+00 1.487996339797973633e+00 -8.760982513427734375e+00
2.444503273828089877e+05 -4.372410774230957031e+00 1.497573137283325195e+00 -8.765770912170410156e+00
2.444503474023409944e+05 -4.384381771087646484e+00 1.498171687126159668e+00 -8.764574050903320312e+00
2.444503674218709930e+05 -4.379593372344970703e+00 1.490989089012145996e+00 -8.763377189636230469e+00
2.444503874414009915e+05 -4.377199172973632812e+00 1.498770236968994141e+00 -8.754398345947265625e+00
2.444504074609329982e+05 -4.361637115478515625e+00 1.488594889640808105e+00 -8.767566680908203125e+00
2.444504274804650049e+05 -4.375403404235839844e+00 1.491587638854980469e+00 -8.734646797180175781e+00
2.444504475305159867e+05 -4.388571739196777344e+00 1.482609391212463379e+00 -8.730456352233886719e+00
2.444504675500460144e+05 -4.370615005493164062e+00 1.487996339797973633e+00 -8.759186744689941406e+00
2.444504875695760129e+05 -4.374206542968750000e+00 1.483806490898132324e+00 -8.738836288452148438e+00
2.444505076196249865e+05 -4.392761707305908203e+00 1.499967336654663086e+00 -8.761581420898437500e+00
2.444505277612280042e+05 -4.388571739196777344e+00 1.482609391212463379e+00 -8.765770912170410156e+00
2.444505477807600109e+05 -4.397550106048583984e+00 1.493383288383483887e+00 -8.750806808471679688e+00
2.444505676171839877e+05 -4.384381771087646484e+00 1.502960085868835449e+00 -8.747814178466796875e+00
2.444505876672320010e+05 -4.389170169830322266e+00 1.489193439483642578e+00 -8.765172004699707031e+00
2.444506076562459930e+05 -4.374804973602294922e+00 1.490989089012145996e+00 -8.763377189636230469e+00
2.444506276757779997e+05 -4.368220806121826172e+00 1.493383288383483887e+00 -8.743025779724121094e+00
2.444506477258279920e+05 -4.373608112335205078e+00 1.510142683982849121e+00 -8.752004623413085938e+00
2.444506677148409944e+05 -4.376600742340087891e+00 1.483806490898132324e+00 -8.744223594665527344e+00
2.444506877343709930e+05 -4.380790710449218750e+00 1.477222442626953125e+00 -8.738836288452148438e+00
2.444507077539020102e+05 -4.396951198577880859e+00 1.479616641998291016e+00 -8.728660583496093750e+00
2.444507277734339877e+05 -4.399345397949218750e+00 1.479616641998291016e+00 -8.754997253417968750e+00
2.444507477929659944e+05 -4.376600742340087891e+00 1.484405040740966797e+00 -8.716091156005859375e+00
2.444507678430159867e+05 -4.374804973602294922e+00 1.486200690269470215e+00 -8.771158218383789062e+00
2.444507878320279997e+05 -4.380191802978515625e+00 1.495178937911987305e+00 -8.746617317199707031e+00
2.444508078515579982e+05 -4.366425514221191406e+00 1.495178937911987305e+00 -8.734646797180175781e+00
2.444508278710900049e+05 -4.424484729766845703e+00 1.482010841369628906e+00 -8.751405715942382812e+00
2.444508478906220116e+05 -4.389170169830322266e+00 1.482010841369628906e+00 -8.774150848388671875e+00
2.444508679101539892e+05 -4.399944305419921875e+00 1.489193439483642578e+00 -8.783128738403320312e+00
2.444508879296839877e+05 -4.387973308563232422e+00 1.471236944198608398e+00 -8.768763542175292969e+00
2.444509079492139863e+05 -4.393360137939453125e+00 1.480215191841125488e+00 -8.707113265991210938e+00
2.444509279687459930e+05 -4.356848716735839844e+00 1.493981838226318359e+00 -8.752004623413085938e+00
2.444509479577610036e+05 -4.367622375488281250e+00 1.508347034454345703e+00 -8.742427825927734375e+00
2.444509681909159990e+05 -4.372410774230957031e+00 1.535880446434020996e+00 -8.754398345947265625e+00
2.444509879968239984e+05 -4.397550106048583984e+00 1.506551384925842285e+00 -8.708909034729003906e+00
2.444510080468709930e+05 -4.374804973602294922e+00 1.495777487754821777e+00 -8.756793022155761719e+00
2.444510280358850141e+05 -4.366425514221191406e+00 1.488594889640808105e+00 -8.754398345947265625e+00
2.444510480859339877e+05 -4.355651378631591797e+00 1.485602140426635742e+00 -8.752004623413085938e+00
2.444510681054659944e+05 -4.389170169830322266e+00 1.473631143569946289e+00 -8.726864814758300781e+00
2.444510881249980011e+05 -4.392162799835205078e+00 1.470039844512939453e+00 -8.723274230957031250e+00
2.444511081445279997e+05 -4.384980201721191406e+00 1.474229693412780762e+00 -8.754398345947265625e+00
2.444511281640579982e+05 -4.401739597320556641e+00 1.483806490898132324e+00 -8.735843658447265625e+00
2.444511481530730089e+05 -4.402338504791259766e+00 1.510142683982849121e+00 -8.773551940917968750e+00
2.444511682031220116e+05 -4.386177539825439453e+00 1.494580388069152832e+00 -8.746018409729003906e+00
2.444511881921369932e+05 -4.365228176116943359e+00 1.496376037597656250e+00 -8.763377189636230469e+00
2.444512082116669917e+05 -4.388571739196777344e+00 1.483806490898132324e+00 -8.767566680908203125e+00
2.444512282311969902e+05 -4.368220806121826172e+00 1.480813741683959961e+00 -8.759785652160644531e+00
2.444512482507289969e+05 -4.355651378631591797e+00 1.504755735397338867e+00 -8.744821548461914062e+00
2.444512682702610036e+05 -4.364629745483398438e+00 1.502960085868835449e+00 -8.757989883422851562e+00
2.444512882897930103e+05 -4.387374401092529297e+00 1.488594889640808105e+00 -8.746018409729003906e+00
2.444513083093239984e+05 -4.375403404235839844e+00 1.483806490898132324e+00 -8.759186744689941406e+00
2.444513283288539969e+05 -4.372410774230957031e+00 1.484405040740966797e+00 -8.747216224670410156e+00
2.444513483483850141e+05 -4.399345397949218750e+00 1.473631143569946289e+00 -8.747216224670410156e+00
2.444513683679169917e+05 -4.362235546112060547e+00 1.476623892784118652e+00 -8.765770912170410156e+00
2.444513883874489984e+05 -4.386177539825439453e+00 1.496974587440490723e+00 -8.757989883422851562e+00
2.444514084069810051e+05 -4.381987571716308594e+00 1.500565886497497559e+00 -8.766967773437500000e+00
2.444514284265110036e+05 -4.371812343597412109e+00 1.495777487754821777e+00 -8.772355079650878906e+00
2.444514484460410022e+05 -4.376002311706542969e+00 1.496376037597656250e+00 -8.775347709655761719e+00
2.444514684655730089e+05 -4.384980201721191406e+00 1.482010841369628906e+00 -8.757390975952148438e+00
2.444514884851049865e+05 -4.379593372344970703e+00 1.498171687126159668e+00 -8.747814178466796875e+00
2.444515085046369932e+05 -4.368220806121826172e+00 1.489791989326477051e+00 -8.761581420898437500e+00
2.444515285241669917e+05 -4.386177539825439453e+00 1.499967336654663086e+00 -8.753201484680175781e+00
2.444515485436969902e+05 -4.373009204864501953e+00 1.487996339797973633e+00 -8.754398345947265625e+00
2.444515685632289969e+05 -4.373009204864501953e+00 1.501762986183166504e+00 -8.734646797180175781e+00
2.444515885827610036e+05 -4.362833976745605469e+00 1.489193439483642578e+00 -8.760982513427734375e+00
2.444516086022930103e+05 -4.383184909820556641e+00 1.490989089012145996e+00 -8.772355079650878906e+00
2.444516286218239984e+05 -4.368220806121826172e+00 1.493981838226318359e+00 -8.754398345947265625e+00
2.444516486413539969e+05 -4.382586002349853516e+00 1.477222442626953125e+00 -8.747216224670410156e+00
2.444516686608850141e+05 -4.376002311706542969e+00 1.505952835083007812e+00 -8.758588790893554688e+00
2.444516886804169917e+05 -4.377797603607177734e+00 1.489791989326477051e+00 -8.777742385864257812e+00
2.444517086999489984e+05 -4.370016574859619141e+00 1.498171687126159668e+00 -8.774150848388671875e+00
2.444517287194810051e+05 -4.377797603607177734e+00 1.493383288383483887e+00 -8.756793022155761719e+00
2.444517487390110036e+05 -4.380790710449218750e+00 1.480215191841125488e+00 -8.785523414611816406e+00
2.444517687280229875e+05 -4.376600742340087891e+00 1.483207941055297852e+00 -8.769362449645996094e+00
2.444517887780730089e+05 -4.367622375488281250e+00 1.501164436340332031e+00 -8.750208854675292969e+00
2.444518087976049865e+05 -4.366425514221191406e+00 1.497573137283325195e+00 -8.753800392150878906e+00
2.444518288171369932e+05 -4.388571739196777344e+00 1.498770236968994141e+00 -8.757989883422851562e+00
2.444518488366669917e+05 -4.367023944854736328e+00 1.482609391212463379e+00 -8.749609947204589844e+00
2.444518688561969902e+05 -4.362235546112060547e+00 1.473032593727111816e+00 -8.722076416015625000e+00
2.444518888452110114e+05 -4.361038208007812500e+00 1.496376037597656250e+00 -8.759186744689941406e+00
2.444519088952610036e+05 -4.343680381774902344e+00 1.493981838226318359e+00 -8.771756172180175781e+00
2.444519288842749957e+05 -4.364629745483398438e+00 1.467645645141601562e+00 -8.775347709655761719e+00
2.444519489038060128e+05 -4.390965938568115234e+00 1.486200690269470215e+00 -8.774150848388671875e+00
2.444519689233360114e+05 -4.432265758514404297e+00 1.483207941055297852e+00 -8.741828918457031250e+00
2.444519889428669994e+05 -4.397550106048583984e+00 1.464652895927429199e+00 -8.757390975952148438e+00
2.444520089623990061e+05 -4.356249809265136719e+00 1.474229693412780762e+00 -8.777143478393554688e+00
2.444520289819310128e+05 -4.404732704162597656e+00 1.480813741683959961e+00 -8.775347709655761719e+00
2.444520490319810051e+05 -4.381987571716308594e+00 1.505952835083007812e+00 -8.723872184753417969e+00
2.444520690515110036e+05 -4.353855609893798828e+00 1.521515130996704102e+00 -8.744223594665527344e+00
2.444520890710410022e+05 -4.371213912963867188e+00 1.513733983039855957e+00 -8.759186744689941406e+00
2.444521090905730089e+05 -4.363432407379150391e+00 1.510741233825683594e+00 -8.760383605957031250e+00
2.444521290795870009e+05 -4.367023944854736328e+00 1.508347034454345703e+00 -8.754997253417968750e+00
2.444521491296369932e+05 -4.377797603607177734e+00 1.490989089012145996e+00 -8.773551940917968750e+00
2.444521691491669917e+05 -4.383184909820556641e+00 1.474828243255615234e+00 -8.774748802185058594e+00
2.444521891381790047e+05 -4.388571739196777344e+00 1.473631143569946289e+00 -8.719083786010742188e+00
2.444522091577110114e+05 -4.386177539825439453e+00 1.487996339797973633e+00 -8.766369819641113281e+00
2.444522291772429890e+05 -4.386775970458984375e+00 1.491587638854980469e+00 -8.759785652160644531e+00
2.444522491967749957e+05 -4.373009204864501953e+00 1.490390539169311523e+00 -8.744821548461914062e+00
2.444522692163060128e+05 -4.390367507934570312e+00 1.510142683982849121e+00 -8.748413085937500000e+00
2.444522892358360114e+05 -4.381987571716308594e+00 1.510741233825683594e+00 -8.771756172180175781e+00
2.444523092553669994e+05 -4.376600742340087891e+00 1.491587638854980469e+00 -8.774748802185058594e+00
2.444523294580049987e+05 -4.372410774230957031e+00 1.496376037597656250e+00 -8.749609947204589844e+00
2.444523493554659944e+05 -4.389768600463867188e+00 1.487397789955139160e+00 -8.755595207214355469e+00
2.444523697412089969e+05 -4.367622375488281250e+00 1.479018092155456543e+00 -8.759785652160644531e+00
2.444523893945279997e+05 -4.362833976745605469e+00 1.474229693412780762e+00 -8.746018409729003906e+00
2.444524093835410022e+05 -4.364629745483398438e+00 1.502960085868835449e+00 -8.756194114685058594e+00
2.444524293725549942e+05 -4.374206542968750000e+00 1.496376037597656250e+00 -8.754398345947265625e+00
2.444524493920870009e+05 -4.387973308563232422e+00 1.467645645141601562e+00 -8.754398345947265625e+00
2.444524694116190076e+05 -4.379593372344970703e+00 1.494580388069152832e+00 -8.747814178466796875e+00
2.444524894311490061e+05 -4.385579109191894531e+00 1.492186188697814941e+00 -8.766369819641113281e+00
2.444525094506790047e+05 -4.384381771087646484e+00 1.504755735397338867e+00 -8.751405715942382812e+00
2.444525294702110114e+05 -4.384381771087646484e+00 1.514931082725524902e+00 -8.734047889709472656e+00
2.444525494897429890e+05 -4.377199172973632812e+00 1.503558635711669922e+00 -8.762179374694824219e+00
2.444525695092749957e+05 -4.392162799835205078e+00 1.496376037597656250e+00 -8.754997253417968750e+00
2.444525895288060128e+05 -4.373009204864501953e+00 1.496376037597656250e+00 -8.755595207214355469e+00
2.444526095483360114e+05 -4.360439777374267578e+00 1.497573137283325195e+00 -8.768763542175292969e+00
2.444526295678669994e+05 -4.377199172973632812e+00 1.482609391212463379e+00 -8.735244750976562500e+00
2.444526495873990061e+05 -4.405929565429687500e+00 1.489791989326477051e+00 -8.735244750976562500e+00
2.444526696069310128e+05 -4.388571739196777344e+00 1.485602140426635742e+00 -8.743025779724121094e+00
2.444526902673319855e+05 -4.387374401092529297e+00 1.488594889640808105e+00 -8.758588790893554688e+00
2.444527096154759929e+05 -4.395155906677246094e+00 1.500565886497497559e+00 -8.766967773437500000e+00
2.444527296350059914e+05 -4.380191802978515625e+00 1.480813741683959961e+00 -8.753800392150878906e+00
2.444527496850549942e+05 -4.370615005493164062e+00 1.490989089012145996e+00 -8.768165588378906250e+00
2.444527696740700048e+05 -4.380191802978515625e+00 1.482609391212463379e+00 -8.763975143432617188e+00
2.444527896936020115e+05 -4.378396511077880859e+00 1.486200690269470215e+00 -8.756194114685058594e+00
2.444528097131320101e+05 -4.386177539825439453e+00 1.490989089012145996e+00 -8.763975143432617188e+00
2.444528297326620086e+05 -4.381389141082763672e+00 1.497573137283325195e+00 -8.764574050903320312e+00
2.444528497521939862e+05 -4.371213912963867188e+00 1.483806490898132324e+00 -8.737639427185058594e+00
2.444528697717259929e+05 -4.365826606750488281e+00 1.488594889640808105e+00 -8.752004623413085938e+00
2.444528897912579996e+05 -4.383783340454101562e+00 1.494580388069152832e+00 -8.751405715942382812e+00
2.444529098107889877e+05 -4.387973308563232422e+00 1.486799240112304688e+00 -8.774748802185058594e+00
2.444529298303189862e+05 -4.398148536682128906e+00 1.490989089012145996e+00 -8.758588790893554688e+00
