2.392204930020440079e+05 -4.788403399288654327e-03 -3.184288144111633301e-01 1.001793861389160156e+01
2.392205132930680120e+05 -5.027823522686958313e-02 -3.106476664543151855e-01 9.996989250183105469e+00
2.392205337673889881e+05 1.675941236317157745e-02 -3.435679376125335693e-01 9.930550575256347656e+00
2.392205532344160019e+05 9.157821536064147949e-02 -3.639186620712280273e-01 1.004966163635253906e+01
2.392205732444580062e+05 1.484405100345611572e-01 -3.800795078277587891e-01 1.006642150878906250e+01
2.392205934058160055e+05 1.250970363616943359e-01 -3.525462150573730469e-01 9.984419822692871094e+00
2.392206132929390005e+05 7.362170517444610596e-02 -3.357867896556854248e-01 1.001853656768798828e+01
2.392206332718910126e+05 6.584054790437221527e-03 -3.268085420131683350e-01 1.002512073516845703e+01
2.392206540442520054e+05 -1.077390741556882858e-02 -3.130418658256530762e-01 9.976638793945312500e+00
2.392206746033859963e+05 1.197100803256034851e-02 -3.603273630142211914e-01 9.962273597717285156e+00
2.392206932715949952e+05 7.541735470294952393e-02 -3.746925592422485352e-01 1.005145740509033203e+01
2.392207136483259965e+05 1.107318252325057983e-01 -3.669114112854003906e-01 9.958083152770996094e+00
2.392207332932089921e+05 1.053448766469955444e-01 -3.363853394985198975e-01 1.004487323760986328e+01
2.392207533044200100e+05 6.045359373092651367e-02 -3.004723191261291504e-01 1.002751541137695312e+01
2.392207733768899925e+05 2.633621916174888611e-02 -3.363853394985198975e-01 9.955689430236816406e+00
2.392207933275839896e+05 4.908113554120063782e-02 -3.627215623855590820e-01 1.004726696014404297e+01
2.392208133700409962e+05 5.506663769483566284e-02 -3.920505344867706299e-01 9.995792388916015625e+00
2.392208336873050139e+05 9.038111567497253418e-02 -3.944447338581085205e-01 9.986215591430664062e+00
2.392208533641659888e+05 8.439560979604721069e-02 -3.477577865123748779e-01 1.000536918640136719e+01
2.392208733768140082e+05 4.129998013377189636e-02 -3.028665184974670410e-01 1.003050804138183594e+01
2.392208937557470053e+05 1.795651274733245373e-03 -2.735375463962554932e-01 1.000536918640136719e+01
2.392209134027149994e+05 1.675941236317157745e-02 -2.920926213264465332e-01 1.000895977020263672e+01
2.392209336600340030e+05 6.105214357376098633e-02 -3.507505357265472412e-01 9.976039886474609375e+00
2.392209544362160086e+05 1.065419763326644897e-01 -3.974374830722808838e-01 1.001434707641601562e+01
2.392209734736070095e+05 1.262941360473632812e-01 -4.381389021873474121e-01 1.002452278137207031e+01
2.392209934569270117e+05 1.047463268041610718e-01 -3.734954595565795898e-01 9.988011360168457031e+00
2.392210138065209903e+05 6.823474913835525513e-02 -3.387795388698577881e-01 1.003649330139160156e+01
2.392210334850749932e+05 2.693476900458335876e-02 -2.896983921527862549e-01 1.001255130767822266e+01
2.392210534993949987e+05 3.232172131538391113e-02 -2.992752194404602051e-01 1.001015758514404297e+01
2.392210738799980027e+05 4.010287672281265259e-02 -3.387795388698577881e-01 1.000417137145996094e+01
2.392210934980160091e+05 4.369417950510978699e-02 -3.549404144287109375e-01 9.989806175231933594e+00
2.392211135433379968e+05 5.087678506970405579e-02 -3.621230125427246094e-01 9.980828285217285156e+00
2.392211336193380121e+05 5.027823522686958313e-02 -3.393780887126922607e-01 1.003589534759521484e+01
2.392211535734529898e+05 5.506663769483566284e-02 -3.429693877696990967e-01 1.002033233642578125e+01
2.392211735582060064e+05 6.703764945268630981e-02 -3.298012912273406982e-01 1.000955867767333984e+01
2.392211936346320144e+05 9.816227108240127563e-02 -3.585317134857177734e-01 1.002990913391113281e+01
2.392212136196469946e+05 1.137245818972587585e-01 -3.788824081420898438e-01 1.001075553894042969e+01
2.392212336352969869e+05 8.439560979604721069e-02 -3.746925592422485352e-01 9.992200851440429688e+00
2.392212536510690115e+05 4.908113554120063782e-02 -3.447650372982025146e-01 9.972448348999023438e+00
2.392212736669619917e+05 1.915361359715461731e-02 -3.202244639396667480e-01 1.002871227264404297e+01
2.392212936829759856e+05 1.017535757273435593e-02 -2.962824702262878418e-01 1.003230381011962891e+01
2.392213136990980129e+05 4.369417950510978699e-02 -3.082534670829772949e-01 1.001913547515869141e+01
2.392213337153159955e+05 8.140286058187484741e-02 -3.549404144287109375e-01 1.001733970642089844e+01
2.392213537011299923e+05 1.035492271184921265e-01 -3.675099611282348633e-01 9.990405082702636719e+00
2.392213737480659911e+05 1.053448766469955444e-01 -3.806780576705932617e-01 1.000237655639648438e+01
2.392213937645780097e+05 5.925649031996726990e-02 -3.764882087707519531e-01 1.003050804138183594e+01
2.392214137506929983e+05 5.087678506970405579e-02 -3.537433147430419922e-01 1.003409957885742188e+01
2.392214337674039998e+05 5.267243832349777222e-02 -3.381809890270233154e-01 9.989806175231933594e+00
2.392214537841959973e+05 6.464344263076782227e-02 -3.172317147254943848e-01 1.004846477508544922e+01
2.392214738315849972e+05 7.601590454578399658e-02 -3.387795388698577881e-01 1.000477027893066406e+01
2.392214938180279860e+05 5.327098816633224487e-02 -3.321954905986785889e-01 9.988609313964843750e+00
2.392215138045529893e+05 4.908113554120063782e-02 -3.315969407558441162e-01 1.001733970642089844e+01
2.392215338216740056e+05 3.591302549466490746e-03 -3.537433147430419922e-01 1.001434707641601562e+01
2.392215538388770074e+05 3.711012750864028931e-02 -3.621230125427246094e-01 1.002153015136718750e+01
2.392215738561599865e+05 8.259996026754379272e-02 -3.645172119140625000e-01 1.000297451019287109e+01
2.392215938735069940e+05 1.221042871475219727e-01 -3.645172119140625000e-01 1.002452278137207031e+01
2.392216138909230067e+05 1.238999366760253906e-01 -3.471592366695404053e-01 1.004786586761474609e+01
2.392216339084100036e+05 7.841010391712188721e-02 -3.393780887126922607e-01 9.983820915222167969e+00
2.392216539259589917e+05 2.394201606512069702e-02 -3.238157927989959717e-01 1.002033233642578125e+01
2.392216739435700001e+05 5.985504249110817909e-04 -3.381809890270233154e-01 1.001973438262939453e+01
2.392216939612429996e+05 3.770867735147476196e-02 -3.483563363552093506e-01 9.974244117736816406e+00
2.392217139789669891e+05 6.045359373092651367e-02 -3.645172119140625000e-01 1.002512073516845703e+01
2.392217339967500011e+05 6.404489278793334961e-02 -3.711012601852416992e-01 1.004128170013427734e+01
2.392217540145870007e+05 7.900865375995635986e-02 -3.681085109710693359e-01 1.003409957885742188e+01
2.392217740324749902e+05 6.165069341659545898e-02 -3.309983909130096436e-01 9.964069366455078125e+00
2.392217940504210128e+05 3.711012750864028931e-02 -3.351882398128509521e-01 1.005504894256591797e+01
2.392218140684090031e+05 5.686229094862937927e-02 -3.447650372982025146e-01 1.003350067138671875e+01
2.392218340864499914e+05 6.823474913835525513e-02 -3.800795078277587891e-01 1.001255130767822266e+01
2.392218541045410093e+05 9.576806426048278809e-02 -3.746925592422485352e-01 1.001315021514892578e+01
2.392218741226719867e+05 7.841010391712188721e-02 -3.387795388698577881e-01 1.000895977020263672e+01
2.392218941408440005e+05 3.531447425484657288e-02 -3.387795388698577881e-01 1.002631855010986328e+01
2.392219141590569925e+05 3.112462162971496582e-02 -3.136404156684875488e-01 1.006342792510986328e+01
2.392219341773120104e+05 5.027823522686958313e-02 -3.160346150398254395e-01 9.933543205261230469e+00
2.392219541956059984e+05 4.728548228740692139e-02 -3.465606868267059326e-01 1.006462574005126953e+01
2.392219742139430018e+05 9.038111567497253418e-02 -3.716998100280761719e-01 1.006761837005615234e+01
2.392219942018039874e+05 1.173158809542655945e-01 -3.836708366870880127e-01 9.970652580261230469e+00
2.392220142507319979e+05 8.738835901021957397e-02 -3.639186620712280273e-01 1.002631855010986328e+01
2.392220342386630073e+05 2.334346622228622437e-02 -3.226186931133270264e-01 1.004966163635253906e+01
2.392220542876579857e+05 -1.316810958087444305e-02 -3.070563673973083496e-01 9.966463088989257812e+00
2.392220743061719986e+05 1.616086065769195557e-02 -3.172317147254943848e-01 1.004547214508056641e+01
2.392220942942010006e+05 7.242459803819656372e-02 -3.477577865123748779e-01 1.003709220886230469e+01
2.392221143432930112e+05 1.161187812685966492e-01 -3.794809579849243164e-01 9.996989250183105469e+00
2.392221343313829857e+05 1.233013868331909180e-01 -3.914519846439361572e-01 1.001315021514892578e+01
2.392221543500199914e+05 9.157821536064147949e-02 -3.597288131713867188e-01 1.004726696014404297e+01
2.392221743686829868e+05 3.172317147254943848e-02 -3.064578175544738770e-01 1.002272701263427734e+01
2.392221943873710115e+05 1.436521019786596298e-02 -2.944868206977844238e-01 1.001913547515869141e+01
2.392222144060890132e+05 2.633621916174888611e-02 -3.094505667686462402e-01 1.002272701263427734e+01
2.392222344248289883e+05 6.464344263076782227e-02 -3.369838893413543701e-01 1.004966163635253906e+01
2.392222544435969903e+05 1.005564704537391663e-01 -3.555389642715454102e-01 1.002033233642578125e+01
2.392222744623869949e+05 9.097966551780700684e-02 -3.716998100280761719e-01 1.003828907012939453e+01
2.392222944811980124e+05 6.105214357376098633e-02 -3.561375141143798828e-01 9.988011360168457031e+00
2.392223145000300137e+05 6.224924325942993164e-02 -3.393780887126922607e-01 9.996989250183105469e+00
2.392223345188910025e+05 5.207388848066329956e-02 -3.298012912273406982e-01 1.006103420257568359e+01
2.392223545377730043e+05 6.165069341659545898e-02 -3.166331648826599121e-01 1.002631855010986328e+01
2.392223745566759899e+05 7.721300423145294189e-02 -3.256114423274993896e-01 1.001913547515869141e+01
2.392223945755980094e+05 7.481880486011505127e-02 -3.537433147430419922e-01 1.003828907012939453e+01
2.392224145945360069e+05 5.566519126296043396e-02 -3.579331636428833008e-01 1.001075553894042969e+01
2.392224346134939988e+05 6.165069341659545898e-02 -3.507505357265472412e-01 1.002153015136718750e+01
2.392224546324700059e+05 5.746084079146385193e-02 -3.669114112854003906e-01 1.003769016265869141e+01
2.392224746514639992e+05 7.721300423145294189e-02 -3.513490855693817139e-01 1.005684471130371094e+01
2.392224946704730100e+05 7.422025501728057861e-02 -3.244143426418304443e-01 1.002571964263916016e+01
2.392225146895000071e+05 4.788403213024139404e-02 -3.309983909130096436e-01 1.004367637634277344e+01
2.392225347085410031e+05 2.992752194404602051e-02 -3.130418658256530762e-01 1.004786586761474609e+01
2.392225547581150022e+05 1.376665942370891571e-02 -3.166331648826599121e-01 9.977835655212402344e+00
2.392225747466690082e+05 8.978256024420261383e-03 -3.417722880840301514e-01 9.998785018920898438e+00
2.392225947657549987e+05 4.728548228740692139e-02 -3.597288131713867188e-01 1.004547214508056641e+01
2.392226147848539986e+05 8.918401598930358887e-02 -3.818751573562622070e-01 9.994594573974609375e+00
2.392226348039679870e+05 1.286883354187011719e-01 -3.531447649002075195e-01 1.003050804138183594e+01
2.392226548230950139e+05 1.089361757040023804e-01 -3.555389642715454102e-01 1.003350067138671875e+01
2.392226748422330129e+05 8.319851011037826538e-02 -3.238157927989959717e-01 9.996390342712402344e+00
2.392226948613830027e+05 3.830722719430923462e-02 -3.184288144111633301e-01 1.004547214508056641e+01
2.392227148805480101e+05 -5.386953707784414291e-03 -3.441664874553680420e-01 9.992200851440429688e+00
2.392227348997230001e+05 4.788403399288654327e-03 -3.435679376125335693e-01 1.000895977020263672e+01
2.392227549189080019e+05 2.753331884741783142e-02 -3.435679376125335693e-01 1.002153015136718750e+01
2.392227749381040048e+05 5.446808785200119019e-02 -3.238157927989959717e-01 1.001973438262939453e+01
2.392227949267929944e+05 9.337386488914489746e-02 -3.232172429561614990e-01 1.004128170013427734e+01
2.392228149460080022e+05 1.035492271184921265e-01 -3.507505357265472412e-01 1.004008483886718750e+01
2.392228349652350007e+05 9.876082092523574829e-02 -3.687070608139038086e-01 1.004367637634277344e+01
2.392228549844709923e+05 6.524199992418289185e-02 -3.836708366870880127e-01 9.984419822692871094e+00
2.392228750037180143e+05 2.334346622228622437e-02 -3.764882087707519531e-01 1.001374816894531250e+01
2.392228950229730108e+05 5.386953707784414291e-03 -3.369838893413543701e-01 1.006043529510498047e+01
2.392229150422370003e+05 1.256955880671739578e-02 -2.777273952960968018e-01 9.998186111450195312e+00
2.392229350615089934e+05 3.711012750864028931e-02 -2.801215946674346924e-01 1.006821632385253906e+01
2.392229550807889900e+05 7.900865375995635986e-02 -3.070563673973083496e-01 1.004966163635253906e+01
2.392229751000780088e+05 1.286883354187011719e-01 -3.746925592422485352e-01 1.000596714019775391e+01
2.392229951193740126e+05 1.256955862045288086e-01 -4.369418025016784668e-01 1.006163311004638672e+01
2.392230151386770012e+05 1.155202314257621765e-01 -4.255693554878234863e-01 1.001674175262451172e+01
2.392230351579879934e+05 6.763619929552078247e-02 -3.848679363727569580e-01 1.004068374633789062e+01
2.392230551773050101e+05 2.932897023856639862e-02 -3.268085420131683350e-01 1.002212810516357422e+01
2.392230751966290118e+05 -4.189852997660636902e-02 -2.717418968677520752e-01 9.969455718994140625e+00
2.392230952159579901e+05 -2.394201606512069702e-02 -2.507926225662231445e-01 1.001973438262939453e+01
2.392231152352950012e+05 2.274491637945175171e-02 -2.705447971820831299e-01 1.007599830627441406e+01
2.392231352546369890e+05 7.182604819536209106e-02 -3.250128924846649170e-01 1.001195335388183594e+01
2.392231552739840117e+05 9.157821536064147949e-02 -3.860650360584259033e-01 1.001614284515380859e+01
2.392231752933379903e+05 6.703764945268630981e-02 -4.207809567451477051e-01 1.004008483886718750e+01
2.392231953126990120e+05 8.858546614646911621e-02 -4.243722558021545410e-01 1.002212810516357422e+01
2.392232153320630023e+05 8.858546614646911621e-02 -3.740940093994140625e-01 1.001913547515869141e+01
2.392232353514329880e+05 7.601590454578399658e-02 -3.190273642539978027e-01 1.002691650390625000e+01
2.392232553708080086e+05 6.344634294509887695e-02 -2.699462473392486572e-01 1.003290176391601562e+01
2.392232753901889955e+05 4.189852997660636902e-02 -2.705447971820831299e-01 1.001494598388671875e+01
2.392232954095739988e+05 2.394201606512069702e-02 -3.028665184974670410e-01 1.005564689636230469e+01
2.392233154289629892e+05 4.369417950510978699e-02 -3.687070608139038086e-01 1.002990913391113281e+01
2.392233354483569856e+05 6.703764945268630981e-02 -4.034229815006256104e-01 1.000297451019287109e+01
2.392233554677549982e+05 8.798690885305404663e-02 -4.010287821292877197e-01 1.003050804138183594e+01
2.392233754566409916e+05 9.576806426048278809e-02 -3.968389332294464111e-01 1.006522369384765625e+01
2.392233955065640039e+05 8.678980916738510132e-02 -3.441664874553680420e-01 1.001434707641601562e+01
2.392234155259740073e+05 5.865794047713279724e-02 -3.202244639396667480e-01 1.000117874145507812e+01
2.392234355453879980e+05 1.855506375432014465e-02 -3.082534670829772949e-01 1.004188060760498047e+01
2.392234555342890089e+05 2.334346622228622437e-02 -3.202244639396667480e-01 1.001195335388183594e+01
2.392234755842270097e+05 3.471592441201210022e-02 -3.411737382411956787e-01 1.001554393768310547e+01
2.392234955731339869e+05 7.900865375995635986e-02 -3.567360639572143555e-01 1.001374816894531250e+01
2.392235156230790017e+05 9.337386488914489746e-02 -3.794809579849243164e-01 1.005863952636718750e+01
2.392235356425110076e+05 1.197100877761840820e-01 -3.812766075134277344e-01 1.002751541137695312e+01
2.392235556619449926e+05 9.816227108240127563e-02 -3.776853084564208984e-01 1.000117874145507812e+01
2.392235756508650084e+05 6.224924325942993164e-02 -3.519476354122161865e-01 1.004367637634277344e+01
2.392235956703049887e+05 2.214636653661727905e-02 -3.345896899700164795e-01 1.004068374633789062e+01
2.392236156897479959e+05 2.693476900458335876e-02 -3.184288144111633301e-01 9.980828285217285156e+00
2.392236357091940008e+05 3.172317147254943848e-02 -3.106476664543151855e-01 1.003409957885742188e+01
2.392236557286430034e+05 5.087678506970405579e-02 -3.136404156684875488e-01 1.001135444641113281e+01
2.392236757480940141e+05 9.217676520347595215e-02 -3.411737382411956787e-01 1.002871227264404297e+01
2.392236957675479935e+05 7.900865375995635986e-02 -3.788824081420898438e-01 1.001793861389160156e+01
2.392237157870029914e+05 7.721300423145294189e-02 -3.758896589279174805e-01 1.007180786132812500e+01
2.392237358064620057e+05 8.259996026754379272e-02 -3.525462150573730469e-01 1.000417137145996094e+01
2.392237558259229991e+05 7.122749835252761841e-02 -3.369838893413543701e-01 1.000477027893066406e+01
2.392237758453860006e+05 4.788403213024139404e-02 -3.184288144111633301e-01 1.004487323760986328e+01
2.392237958648519998e+05 4.788403213024139404e-02 -3.190273642539978027e-01 1.001554393768310547e+01
2.392238158843189885e+05 2.873042039573192596e-02 -3.345896899700164795e-01 1.002332496643066406e+01
2.392238359037880145e+05 2.753331884741783142e-02 -3.286041915416717529e-01 1.004726696014404297e+01
2.392238559232580010e+05 4.967968538403511047e-02 -3.585317134857177734e-01 1.002033233642578125e+01
2.392238759427310142e+05 7.781155407428741455e-02 -3.453635871410369873e-01 1.004008483886718750e+01
2.392238959622049879e+05 9.157821536064147949e-02 -3.681085109710693359e-01 1.004128170013427734e+01
2.392239159816819883e+05 1.077390760183334351e-01 -3.639186620712280273e-01 1.003529644012451172e+01
2.392239360011600074e+05 6.284779310226440430e-02 -3.501519858837127686e-01 9.982025146484375000e+00
2.392239560206400056e+05 3.531447425484657288e-02 -3.579331636428833008e-01 1.006701946258544922e+01
2.392239760401220119e+05 3.351882472634315491e-02 -3.453635871410369873e-01 1.002751541137695312e+01
2.392239960596050078e+05 5.985504388809204102e-02 -3.250128924846649170e-01 1.003050804138183594e+01
2.392240160790900118e+05 7.422025501728057861e-02 -3.052607178688049316e-01 1.005265426635742188e+01
2.392240360985760053e+05 4.668693244457244873e-02 -3.166331648826599121e-01 1.002452278137207031e+01
2.392240561180629884e+05 7.721300423145294189e-02 -3.483563363552093506e-01 1.002571964263916016e+01
2.392240761375520087e+05 8.499415963888168335e-02 -3.890577852725982666e-01 1.003529644012451172e+01
2.392240961570419895e+05 7.481880486011505127e-02 -3.992331326007843018e-01 1.000357341766357422e+01
2.392241161765329889e+05 6.643909960985183716e-02 -3.728969097137451172e-01 1.003409957885742188e+01
2.392241361960259965e+05 5.087678506970405579e-02 -3.327940404415130615e-01 1.002931118011474609e+01
2.392241562155199936e+05 5.566519126296043396e-02 -3.010708689689636230e-01 1.000955867767333984e+01
2.392241762655320053e+05 2.633621916174888611e-02 -2.717418968677520752e-01 1.003888797760009766e+01
2.392241962545109855e+05 2.753331884741783142e-02 -3.058592677116394043e-01 1.003350067138671875e+01
2.392242162740080093e+05 4.608838260173797607e-02 -3.399766385555267334e-01 1.001733970642089844e+01
2.392242362935059937e+05 7.721300423145294189e-02 -3.992331326007843018e-01 1.002392387390136719e+01
2.392242563130040071e+05 1.155202314257621765e-01 -4.034229815006256104e-01 1.002392387390136719e+01
2.392242763325049891e+05 1.298854351043701172e-01 -3.884592354297637939e-01 1.004128170013427734e+01
2.392242963520060002e+05 1.394622474908828735e-01 -3.435679376125335693e-01 1.004547214508056641e+01
2.392243163715089904e+05 5.267243832349777222e-02 -3.190273642539978027e-01 1.004068374633789062e+01
2.392243363910109911e+05 7.182605098932981491e-03 -3.166331648826599121e-01 1.002631855010986328e+01
2.392243564105149999e+05 -4.429273307323455811e-02 -3.028665184974670410e-01 1.001674175262451172e+01
2.392243764300199982e+05 -4.129998013377189636e-02 -2.896983921527862549e-01 1.000177764892578125e+01
2.392243964495240070e+05 3.591302409768104553e-02 -3.321954905986785889e-01 1.005205631256103516e+01
2.392244164690310135e+05 1.161187812685966492e-01 -3.196259140968322754e-01 1.002512073516845703e+01
2.392244364580200054e+05 1.340752989053726196e-01 -3.531447649002075195e-01 1.002512073516845703e+01
2.392244564775280014e+05 1.394622474908828735e-01 -3.734954595565795898e-01 1.002871227264404297e+01
2.392244765275540121e+05 1.071405261754989624e-01 -4.016273319721221924e-01 1.006342792510986328e+01
2.392244965165450121e+05 4.788403213024139404e-02 -3.776853084564208984e-01 1.000477027893066406e+01
2.392245165665730019e+05 3.172317147254943848e-02 -3.453635871410369873e-01 1.001793861389160156e+01
2.392245365860839956e+05 1.915361359715461731e-02 -2.765302956104278564e-01 1.002512073516845703e+01
2.392245566055960080e+05 2.873042039573192596e-02 -2.771288454532623291e-01 9.999981880187988281e+00
2.392245766251079913e+05 4.788403213024139404e-02 -2.837128937244415283e-01 1.004247856140136719e+01
2.392245966446209932e+05 6.524199992418289185e-02 -3.525462150573730469e-01 1.004786586761474609e+01
2.392246166641330055e+05 8.319851011037826538e-02 -4.112041294574737549e-01 1.001374816894531250e+01
2.392246366531300009e+05 9.696517139673233032e-02 -4.028244316577911377e-01 1.002990913391113281e+01
2.392246566726439924e+05 8.140286058187484741e-02 -3.806780576705932617e-01 1.001255130767822266e+01
2.392246767226759985e+05 7.900865375995635986e-02 -3.393780887126922607e-01 1.003110694885253906e+01
2.392246967116740125e+05 5.327098816633224487e-02 -3.022679686546325684e-01 1.004188060760498047e+01
2.392247167617079976e+05 2.094926498830318451e-02 -3.004723191261291504e-01 1.002931118011474609e+01
2.392247367507070012e+05 1.795651274733245373e-03 -3.148375153541564941e-01 1.001853656768798828e+01
2.392247567702230008e+05 1.077390741556882858e-02 -3.298012912273406982e-01 1.002452278137207031e+01
2.392247767897390004e+05 5.686229094862937927e-02 -3.728969097137451172e-01 1.002571964263916016e+01
2.392247968092579977e+05 1.101332753896713257e-01 -3.782838582992553711e-01 1.002272701263427734e+01
2.392248168287760054e+05 1.334767490625381470e-01 -3.459621369838714600e-01 1.003888797760009766e+01
2.392248368482940132e+05 1.137245818972587585e-01 -3.280056416988372803e-01 1.003888797760009766e+01
2.392248568678130105e+05 9.457096457481384277e-02 -3.573346138000488281e-01 1.003529644012451172e+01
2.392248768873320078e+05 2.873042039573192596e-02 -3.681085109710693359e-01 1.005205631256103516e+01
2.392248969068519946e+05 -3.830722719430923462e-02 -3.411737382411956787e-01 1.001315021514892578e+01
2.392249169263730000e+05 1.017535757273435593e-02 -3.214215636253356934e-01 1.002212810516357422e+01
2.392249369458929868e+05 6.584054976701736450e-02 -2.879027426242828369e-01 1.004966163635253906e+01
2.392249569654130028e+05 9.876082092523574829e-02 -2.717418968677520752e-01 9.999981880187988281e+00
2.392249770154510043e+05 7.661445438861846924e-02 -3.088520169258117676e-01 1.010592555999755859e+01
2.392249970044560032e+05 5.267243832349777222e-02 -3.633201122283935547e-01 1.001793861389160156e+01
2.392250170239779982e+05 4.728548228740692139e-02 -4.082113802433013916e-01 9.972448348999023438e+00
2.392250370434999932e+05 6.224924325942993164e-02 -4.034229815006256104e-01 1.005445003509521484e+01
2.392250570630219881e+05 9.756372123956680298e-02 -3.543418645858764648e-01 1.003050804138183594e+01
2.392250771740970085e+05 1.137245818972587585e-01 -3.100491166114807129e-01 1.000177764892578125e+01
2.392250971936190035e+05 1.005564704537391663e-01 -2.956839203834533691e-01 1.006223106384277344e+01
2.392251177014230052e+05 3.711012750864028931e-02 -3.220201432704925537e-01 9.992200851440429688e+00
2.392251372326659912e+05 4.189853090792894363e-03 -3.369838893413543701e-01 1.001195335388183594e+01
2.392251572521899943e+05 -3.292027488350868225e-02 -3.459621369838714600e-01 1.000596714019775391e+01
2.392251771801610012e+05 2.753331884741783142e-02 -3.663128614425659180e-01 9.983222961425781250e+00
2.392252000073019881e+05 9.337386488914489746e-02 -3.609259128570556641e-01 1.005445003509521484e+01
2.392252202099309943e+05 1.346738487482070923e-01 -3.327940404415130615e-01 1.003170490264892578e+01
2.392252402294549975e+05 1.268926858901977539e-01 -3.363853394985198975e-01 1.003529644012451172e+01
2.392252602489799901e+05 5.865794047713279724e-02 -3.327940404415130615e-01 1.002571964263916016e+01
2.392252802685039933e+05 -3.591302549466490746e-03 -3.381809890270233154e-01 1.002691650390625000e+01
2.392253002575119899e+05 -3.770867735147476196e-02 -3.196259140968322754e-01 9.996989250183105469e+00
2.392253202770389908e+05 2.753331884741783142e-02 -3.327940404415130615e-01 1.002153015136718750e+01
2.392253402965650021e+05 7.362170517444610596e-02 -3.555389642715454102e-01 1.003709220886230469e+01
2.392253603160910134e+05 1.394622474908828735e-01 -3.309983909130096436e-01 1.006881523132324219e+01
2.392253803661350103e+05 1.095347255468368530e-01 -3.280056416988372803e-01 1.002033233642578125e+01
2.392254003551430069e+05 8.259996026754379272e-02 -3.549404144287109375e-01 1.005445003509521484e+01
2.392254203746689891e+05 2.992752194404602051e-02 -3.675099611282348633e-01 1.000357341766357422e+01
2.392254403941950004e+05 1.616086065769195557e-02 -3.543418645858764648e-01 1.002452278137207031e+01
2.392254604137220012e+05 3.292027488350868225e-02 -3.280056416988372803e-01 1.001075553894042969e+01
2.392254804332480126e+05 4.369417950510978699e-02 -3.226186931133270264e-01 1.002931118011474609e+01
2.392255004527739948e+05 6.284779310226440430e-02 -3.160346150398254395e-01 1.002571964263916016e+01
2.392255204723000061e+05 6.823474913835525513e-02 -3.292027413845062256e-01 1.000836181640625000e+01
2.392255404918270069e+05 4.788403213024139404e-02 -3.441664874553680420e-01 1.002212810516357422e+01
2.392255605113549973e+05 4.608838260173797607e-02 -3.657143115997314453e-01 1.002093124389648438e+01
2.392255805308829877e+05 6.524199992418289185e-02 -3.645172119140625000e-01 1.003948593139648438e+01
2.392256005504110071e+05 7.841010391712188721e-02 -3.519476354122161865e-01 1.001195335388183594e+01
2.392256205699399870e+05 5.386953800916671753e-02 -3.315969407558441162e-01 1.001255130767822266e+01
2.392256405894680065e+05 5.686229094862937927e-02 -3.363853394985198975e-01 1.006282997131347656e+01
2.392256606089959969e+05 5.147533491253852844e-02 -3.357867896556854248e-01 1.002212810516357422e+01
2.392256806285239873e+05 5.686229094862937927e-02 -3.411737382411956787e-01 1.001973438262939453e+01
2.392257006175339920e+05 7.781155407428741455e-02 -3.645172119140625000e-01 1.003769016265869141e+01
2.392257206675799971e+05 6.045359373092651367e-02 -3.501519858837127686e-01 1.004786586761474609e+01
2.392257406565909914e+05 6.105214357376098633e-02 -3.309983909130096436e-01 1.002212810516357422e+01
2.392257606761190109e+05 5.087678506970405579e-02 -3.292027413845062256e-01 1.000895977020263672e+01
2.392257806956470013e+05 3.830722719430923462e-02 -3.208230137825012207e-01 1.003170490264892578e+01
2.392258007151749916e+05 3.052607178688049316e-02 -3.112462162971496582e-01 1.004427433013916016e+01
2.392258207347030111e+05 6.165069341659545898e-02 -3.435679376125335693e-01 1.002751541137695312e+01
2.392258407542310015e+05 6.703764945268630981e-02 -3.609259128570556641e-01 1.005205631256103516e+01
2.392258607737589919e+05 7.601590454578399658e-02 -3.782838582992553711e-01 1.001793861389160156e+01
2.392258807932870113e+05 9.157821536064147949e-02 -3.794809579849243164e-01 1.000297451019287109e+01
2.392259008128150017e+05 9.038111567497253418e-02 -3.639186620712280273e-01 1.002931118011474609e+01
2.392259208323440107e+05 6.763619929552078247e-02 -3.423708379268646240e-01 1.006043529510498047e+01
2.392259408518740092e+05 3.052607178688049316e-02 -3.238157927989959717e-01 9.983222961425781250e+00
2.392259609019219934e+05 1.256955880671739578e-02 -2.849099934101104736e-01 1.003769016265869141e+01
2.392259808909340063e+05 1.556231081485748291e-02 -2.956839203834533691e-01 9.999981880187988281e+00
2.392260009104640048e+05 2.513911761343479156e-02 -3.309983909130096436e-01 1.002033233642578125e+01
2.392260209299949929e+05 7.661445438861846924e-02 -3.728969097137451172e-01 1.003709220886230469e+01
2.392260409495249914e+05 1.238999366760253906e-01 -3.860650360584259033e-01 1.000357341766357422e+01
2.392260609690549900e+05 1.250970363616943359e-01 -3.950432837009429932e-01 9.999382972717285156e+00
2.392260809885849885e+05 1.023521199822425842e-01 -3.651157617568969727e-01 1.006103420257568359e+01
2.392261010081149871e+05 4.429273307323455811e-02 -3.303998410701751709e-01 1.002093124389648438e+01
2.392261212412680034e+05 -1.975216343998908997e-02 -2.920926213264465332e-01 9.915586471557617188e+00
2.392261411692459951e+05 7.182605098932981491e-03 -2.956839203834533691e-01 1.013405704498291016e+01
2.392261614939520077e+05 3.651157766580581665e-02 -3.058592677116394043e-01 9.952696800231933594e+00
2.392261810862350103e+05 7.003039866685867310e-02 -3.693056106567382812e-01 1.003050804138183594e+01
2.392262011057650088e+05 9.097966551780700684e-02 -3.974374830722808838e-01 1.007120990753173828e+01
2.392262211252950074e+05 1.023521199822425842e-01 -3.854664862155914307e-01 9.997588157653808594e+00
2.392262411753429915e+05 7.900865375995635986e-02 -3.980360329151153564e-01 1.001195335388183594e+01
2.392262611948729900e+05 6.045359373092651367e-02 -3.525462150573730469e-01 1.004128170013427734e+01
2.392262812144029886e+05 4.070143029093742371e-02 -3.357867896556854248e-01 1.002033233642578125e+01
2.392263012339329871e+05 1.556231081485748291e-02 -3.100491166114807129e-01 1.001374816894531250e+01
2.392263212534629856e+05 1.795651204884052277e-02 -2.950853705406188965e-01 1.006282997131347656e+01
2.392263412729930133e+05 9.576806798577308655e-03 -3.076549172401428223e-01 9.991601943969726562e+00
2.392263612620059866e+05 2.334346622228622437e-02 -3.363853394985198975e-01 1.001494598388671875e+01
2.392263812815360143e+05 6.284779310226440430e-02 -3.567360639572143555e-01 1.005564689636230469e+01
2.392264013010660128e+05 1.119289323687553406e-01 -3.914519846439361572e-01 1.000237655639648438e+01
2.392264213205960114e+05 1.388636976480484009e-01 -3.908534348011016846e-01 1.003529644012451172e+01
2.392264413096079952e+05 1.161187812685966492e-01 -3.687070608139038086e-01 1.002332496643066406e+01
2.392264613291379937e+05 5.746084079146385193e-02 -3.423708379268646240e-01 1.002212810516357422e+01
2.392264813486679923e+05 5.985504249110817909e-04 -2.968810200691223145e-01 1.001674175262451172e+01
2.392265013681979908e+05 -1.795651274733245373e-03 -2.914940714836120605e-01 1.003050804138183594e+01
2.392265213877279893e+05 1.077390741556882858e-02 -3.052607178688049316e-01 9.995792388916015625e+00
2.392265414072579879e+05 3.112462162971496582e-02 -3.399766385555267334e-01 1.004128170013427734e+01
2.392265614267879864e+05 9.157821536064147949e-02 -3.734954595565795898e-01 1.003050804138183594e+01
2.392265814463180141e+05 1.221042871475219727e-01 -3.740940093994140625e-01 1.001195335388183594e+01
2.392266014658480126e+05 1.125274822115898132e-01 -3.663128614425659180e-01 1.004726696014404297e+01
2.392266214853780111e+05 7.661445438861846924e-02 -3.675099611282348633e-01 9.999981880187988281e+00
2.392266415049080097e+05 3.172317147254943848e-02 -3.453635871410369873e-01 1.003529644012451172e+01
2.392266615244380082e+05 5.985504016280174255e-03 -3.303998410701751709e-01 1.003230381011962891e+01
2.392266815439680067e+05 2.693476900458335876e-02 -3.016694188117980957e-01 1.004128170013427734e+01
2.392267015634980053e+05 5.686229094862937927e-02 -3.028665184974670410e-01 9.986215591430664062e+00
2.392267215830280038e+05 6.703764945268630981e-02 -3.208230137825012207e-01 1.001973438262939453e+01
2.392267416025580023e+05 8.319851011037826538e-02 -3.435679376125335693e-01 9.942521095275878906e+00
2.392267616220880009e+05 6.703764945268630981e-02 -3.788824081420898438e-01 1.012867069244384766e+01
2.392267816416179994e+05 1.029506698250770569e-01 -4.016273319721221924e-01 9.979032516479492188e+00
2.392268016611479979e+05 1.059434264898300171e-01 -3.830722570419311523e-01 9.990405082702636719e+00
2.392268216806779965e+05 7.242459803819656372e-02 -3.800795078277587891e-01 1.004068374633789062e+01
2.392268417002079950e+05 2.873042039573192596e-02 -3.208230137825012207e-01 1.002751541137695312e+01
2.392268617197379936e+05 -8.978256024420261383e-03 -2.813186943531036377e-01 1.001793861389160156e+01
2.392268817392679921e+05 8.978256024420261383e-03 -2.783259451389312744e-01 1.006342792510986328e+01
2.392269017282820132e+05 2.274491637945175171e-02 -3.040636181831359863e-01 9.996390342712402344e+00
2.392269217783309869e+05 7.841010391712188721e-02 -3.537433147430419922e-01 1.002751541137695312e+01
2.392269417673459975e+05 1.089361757040023804e-01 -3.818751573562622070e-01 1.007240676879882812e+01
2.392269633432719857e+05 1.125274822115898132e-01 -3.944447338581085205e-01 9.950302124023437500e+00
2.392269818064070132e+05 9.217676520347595215e-02 -3.932476341724395752e-01 1.007180786132812500e+01
2.392270018259389908e+05 5.626374110579490662e-02 -3.411737382411956787e-01 1.003230381011962891e+01
2.392270218454709975e+05 2.873042039573192596e-02 -3.154360651969909668e-01 9.974843025207519531e+00
2.392270418650009960e+05 2.873042039573192596e-02 -3.016694188117980957e-01 1.009874248504638672e+01
2.392270618845320132e+05 3.112462162971496582e-02 -2.926911711692810059e-01 9.992799758911132812e+00
2.392270818735460052e+05 3.531447425484657288e-02 -3.268085420131683350e-01 9.999981880187988281e+00
2.392271019235959975e+05 4.309562966227531433e-02 -3.447650372982025146e-01 1.008736991882324219e+01
2.392271219126080105e+05 7.721300423145294189e-02 -3.609259128570556641e-01 9.950302124023437500e+00
2.392271419321389985e+05 9.516951441764831543e-02 -3.806780576705932617e-01 1.007719516754150391e+01
2.392271619516710052e+05 1.149216815829277039e-01 -3.932476341724395752e-01 1.003709220886230469e+01
2.392271820017209975e+05 1.155202314257621765e-01 -3.740940093994140625e-01 9.949105262756347656e+00
2.392272020212509960e+05 6.943184882402420044e-02 -3.549404144287109375e-01 1.010113716125488281e+01
2.392272220102639985e+05 8.379706181585788727e-03 -3.154360651969909668e-01 1.000536918640136719e+01
2.392272420297960052e+05 8.978256024420261383e-03 -2.938882708549499512e-01 1.003649330139160156e+01
2.392272620493280119e+05 9.576806798577308655e-03 -2.956839203834533691e-01 1.001494598388671875e+01
2.392272820688580105e+05 2.274491637945175171e-02 -3.244143426418304443e-01 1.002571964263916016e+01
2.392273020883889985e+05 6.823474913835525513e-02 -3.495534360408782959e-01 1.003828907012939453e+01
2.392273221079210052e+05 9.516951441764831543e-02 -4.016273319721221924e-01 9.953893661499023438e+00
2.392273421274530119e+05 1.053448766469955444e-01 -3.962403833866119385e-01 1.002751541137695312e+01
2.392273621469830105e+05 9.516951441764831543e-02 -3.866635859012603760e-01 1.007480049133300781e+01
2.392273821665139985e+05 8.200141042470932007e-02 -3.549404144287109375e-01 9.988609313964843750e+00
2.392274021860460052e+05 6.224924325942993164e-02 -2.968810200691223145e-01 1.004427433013916016e+01
2.392274222055780119e+05 3.411737456917762756e-02 -2.885012924671173096e-01 1.004307746887207031e+01
2.392274422251080105e+05 -9.576806798577308655e-03 -2.986766695976257324e-01 9.984419822692871094e+00
2.392274622446389985e+05 8.379706181585788727e-03 -3.274070918560028076e-01 1.002093124389648438e+01
2.392274822641710052e+05 1.556231081485748291e-02 -3.477577865123748779e-01 1.000536918640136719e+01
2.392275022837030119e+05 7.661445438861846924e-02 -3.663128614425659180e-01 1.004008483886718750e+01
2.392275223337509960e+05 1.400607973337173462e-01 -3.914519846439361572e-01 1.004247856140136719e+01
2.392275423532820132e+05 1.460463106632232666e-01 -3.926490843296051025e-01 1.003529644012451172e+01
2.392275623728139908e+05 1.203086376190185547e-01 -3.519476354122161865e-01 1.001733970642089844e+01
2.392275823923459975e+05 3.351882472634315491e-02 -3.393780887126922607e-01 1.002751541137695312e+01
2.392276024118759960e+05 -3.711012750864028931e-02 -3.004723191261291504e-01 9.993397712707519531e+00
2.392276224314070132e+05 -4.309562966227531433e-02 -2.837128937244415283e-01 1.000177764892578125e+01
2.392276424509389908e+05 1.436521019786596298e-02 -3.106476664543151855e-01 1.005624580383300781e+01
2.392276624704709975e+05 8.140286058187484741e-02 -3.184288144111633301e-01 1.000955867767333984e+01
2.392276824900009960e+05 1.227028369903564453e-01 -3.381809890270233154e-01 1.002452278137207031e+01
2.392277025095320132e+05 1.011550202965736389e-01 -3.705027103424072266e-01 1.005026054382324219e+01
2.392277225290639908e+05 7.122749835252761841e-02 -3.806780576705932617e-01 1.002571964263916016e+01
2.392277425485959975e+05 3.351882472634315491e-02 -3.627215623855590820e-01 1.000297451019287109e+01
2.392277625681259960e+05 5.207388848066329956e-02 -3.609259128570556641e-01 1.002392387390136719e+01
2.392277825876570132e+05 4.668693244457244873e-02 -3.501519858837127686e-01 1.004666900634765625e+01
2.392278026071889908e+05 5.925649031996726990e-02 -3.190273642539978027e-01 1.001075553894042969e+01
2.392278226267209975e+05 5.327098816633224487e-02 -2.986766695976257324e-01 1.002332496643066406e+01
2.392278426462509960e+05 2.334346622228622437e-02 -3.226186931133270264e-01 1.003050804138183594e+01
2.392278626657820132e+05 2.214636653661727905e-02 -3.375824391841888428e-01 1.002512073516845703e+01
2.392278826547960052e+05 5.805939063429832458e-02 -3.567360639572143555e-01 1.001255130767822266e+01
2.392279027048459975e+05 8.499415963888168335e-02 -3.824737071990966797e-01 1.001434707641601562e+01
2.392279227243759960e+05 1.041477769613265991e-01 -3.770867586135864258e-01 1.003769016265869141e+01
2.392279427133889985e+05 1.011550202965736389e-01 -3.435679376125335693e-01 1.002272701263427734e+01
2.392279627634389908e+05 5.985504388809204102e-02 -3.160346150398254395e-01 1.003709220886230469e+01
2.392279827524530119e+05 2.035071514546871185e-02 -2.819172441959381104e-01 1.002332496643066406e+01
2.392280028025009960e+05 -3.591302549466490746e-03 -2.992752194404602051e-01 9.996989250183105469e+00
2.392280228220320132e+05 8.379706181585788727e-03 -3.274070918560028076e-01 1.004547214508056641e+01
2.392280428110460052e+05 5.865794047713279724e-02 -3.501519858837127686e-01 1.002452278137207031e+01
2.392280628610959975e+05 9.337386488914489746e-02 -3.711012601852416992e-01 1.004607009887695312e+01
2.392280828501080105e+05 1.077390760183334351e-01 -3.537433147430419922e-01 1.004427433013916016e+01
2.392281029001570132e+05 9.756372123956680298e-02 -3.699041604995727539e-01 9.996989250183105469e+00
2.392281229196889908e+05 5.506663769483566284e-02 -3.651157617568969727e-01 1.001973438262939453e+01
2.392281429087030119e+05 1.675941236317157745e-02 -3.375824391841888428e-01 1.007001209259033203e+01
2.392281629282330105e+05 4.369417950510978699e-02 -3.190273642539978027e-01 9.995792388916015625e+00
2.392281829782820132e+05 4.010287672281265259e-02 -3.148375153541564941e-01 1.001853656768798828e+01
2.392282029672960052e+05 5.985504388809204102e-02 -3.130418658256530762e-01 1.004487323760986328e+01
2.392282229868280119e+05 5.626374110579490662e-02 -3.393780887126922607e-01 9.986813545227050781e+00
2.392282430063580105e+05 5.985504388809204102e-02 -3.615244626998901367e-01 1.004966163635253906e+01
2.392282630258889985e+05 5.686229094862937927e-02 -3.699041604995727539e-01 1.002571964263916016e+01
2.392282830454210052e+05 8.319851011037826538e-02 -3.722983598709106445e-01 9.992799758911132812e+00
2.392283030649530119e+05 5.147533491253852844e-02 -3.501519858837127686e-01 1.004906272888183594e+01
2.392283230844830105e+05 6.763619929552078247e-02 -3.345896899700164795e-01 1.002093124389648438e+01
2.392283431040139985e+05 6.105214357376098633e-02 -3.028665184974670410e-01 9.995193481445312500e+00
2.392283631235460052e+05 5.386953800916671753e-02 -3.274070918560028076e-01 1.005205631256103516e+01
2.392283831430780119e+05 5.925649031996726990e-02 -3.477577865123748779e-01 1.006522369384765625e+01
2.392284031626080105e+05 7.841010391712188721e-02 -3.441664874553680420e-01 9.997588157653808594e+00
2.392284231821389985e+05 6.404489278793334961e-02 -3.752911090850830078e-01 1.001793861389160156e+01
2.392284432016710052e+05 6.823474913835525513e-02 -3.519476354122161865e-01 1.002631855010986328e+01
2.392284632212030119e+05 6.464344263076782227e-02 -3.333925902843475342e-01 1.001614284515380859e+01
2.392284832407330105e+05 7.541735470294952393e-02 -3.286041915416717529e-01 1.001674175262451172e+01
2.392285032602639985e+05 4.608838260173797607e-02 -3.184288144111633301e-01 1.004966163635253906e+01
2.392285232797960052e+05 3.830722719430923462e-02 -3.154360651969909668e-01 1.000058078765869141e+01
2.392285432993280119e+05 4.429273307323455811e-02 -3.423708379268646240e-01 1.002332496643066406e+01
2.392285633188580105e+05 2.573766745626926422e-02 -3.728969097137451172e-01 1.002452278137207031e+01
2.392285833078720025e+05 5.446808785200119019e-02 -3.555389642715454102e-01 1.002392387390136719e+01
2.392286033579210052e+05 8.738835901021957397e-02 -3.465606868267059326e-01 1.001554393768310547e+01
2.392286233469359868e+05 9.816227108240127563e-02 -3.561375141143798828e-01 1.003589534759521484e+01
2.392286433664660144e+05 7.960720360279083252e-02 -3.585317134857177734e-01 1.001075553894042969e+01
2.392286634165139985e+05 7.242459803819656372e-02 -3.166331648826599121e-01 1.002392387390136719e+01
2.392286834055290092e+05 2.454056777060031891e-02 -3.238157927989959717e-01 1.001494598388671875e+01
2.392287034250609868e+05 3.052607178688049316e-02 -3.256114423274993896e-01 1.001973438262939453e+01
2.392287234445910144e+05 2.454056777060031891e-02 -3.226186931133270264e-01 1.002990913391113281e+01
2.392287434641220025e+05 3.890577703714370728e-02 -3.387795388698577881e-01 1.005504894256591797e+01
2.392287634836540092e+05 1.029506698250770569e-01 -3.477577865123748779e-01 1.002631855010986328e+01
2.392287835031859868e+05 1.053448766469955444e-01 -3.770867586135864258e-01 1.002093124389648438e+01
2.392288035227160144e+05 7.422025501728057861e-02 -3.938461840152740479e-01 1.002452278137207031e+01
2.392288235422470025e+05 7.900865375995635986e-02 -3.836708366870880127e-01 1.012867069244384766e+01
2.392288435617790092e+05 3.950432687997817993e-02 -3.052607178688049316e-01 9.993996620178222656e+00
2.392288635813109868e+05 1.735796220600605011e-02 -2.543839216232299805e-01 9.991003990173339844e+00
2.392288836008410144e+05 7.182605098932981491e-03 -2.753331959247589111e-01 1.008377933502197266e+01
2.392289036203720025e+05 2.873042039573192596e-02 -3.256114423274993896e-01 9.995193481445312500e+00
2.392289236399040092e+05 4.249707981944084167e-02 -3.740940093994140625e-01 9.996390342712402344e+00
2.392289433847779874e+05 4.369417950510978699e-02 -4.022258818149566650e-01 1.006941413879394531e+01
2.392289635874129890e+05 7.900865375995635986e-02 -3.657143115997314453e-01 1.002990913391113281e+01
2.392289836069440062e+05 1.083376258611679077e-01 -3.375824391841888428e-01 1.002212810516357422e+01
2.392290036264760129e+05 1.137245818972587585e-01 -3.082534670829772949e-01 1.010472869873046875e+01
2.392290236460079905e+05 1.095347255468368530e-01 -3.196259140968322754e-01 1.002751541137695312e+01
2.392290436655379890e+05 4.309562966227531433e-02 -3.519476354122161865e-01 1.003170490264892578e+01
2.392290636850690062e+05 1.077390741556882858e-02 -3.758896589279174805e-01 1.009215831756591797e+01
2.392290837046010129e+05 -5.985504249110817909e-04 -3.495534360408782959e-01 1.002931118011474609e+01
2.392291037546510051e+05 3.890577703714370728e-02 -3.292027413845062256e-01 1.006941413879394531e+01
2.392291237436629890e+05 7.481880486011505127e-02 -3.160346150398254395e-01 1.009335613250732422e+01
2.392291440988869872e+05 1.203086376190185547e-01 -3.453635871410369873e-01 1.008916568756103516e+01
2.392291637827260129e+05 1.005564704537391663e-01 -3.866635859012603760e-01 1.001135444641113281e+01
2.392291838022579905e+05 7.302315533161163330e-02 -4.046200811862945557e-01 1.006163311004638672e+01
2.392292038217879890e+05 4.129998013377189636e-02 -3.890577852725982666e-01 1.010353088378906250e+01
2.392292238413190062e+05 2.513911761343479156e-02 -3.393780887126922607e-01 1.003709220886230469e+01
2.392292438608510129e+05 3.052607178688049316e-02 -3.040636181831359863e-01 1.008018779754638672e+01
2.392292638803829905e+05 5.087678506970405579e-02 -2.986766695976257324e-01 1.009874248504638672e+01
2.392292838999129890e+05 8.439560979604721069e-02 -3.375824391841888428e-01 1.003649330139160156e+01
2.392293039194440062e+05 6.823474913835525513e-02 -3.854664862155914307e-01 1.004726696014404297e+01
2.392293239389760129e+05 5.566519126296043396e-02 -3.914519846439361572e-01 1.010592555999755859e+01
2.392293439585079905e+05 3.411737456917762756e-02 -3.681085109710693359e-01 1.005445003509521484e+01
2.392293639780379890e+05 5.566519126296043396e-02 -3.543418645858764648e-01 1.003469753265380859e+01
2.392293839975690062e+05 8.319851011037826538e-02 -3.579331636428833008e-01 1.008258152008056641e+01
2.392294040171010129e+05 8.020575344562530518e-02 -3.315969407558441162e-01 1.009455299377441406e+01
2.392294240366329905e+05 1.005564704537391663e-01 -3.645172119140625000e-01 1.004247856140136719e+01
2.392294440256450034e+05 7.900865375995635986e-02 -3.579331636428833008e-01 1.005863952636718750e+01
2.392294640451759915e+05 4.668693244457244873e-02 -3.597288131713867188e-01 1.003110694885253906e+01
2.392294840647079982e+05 2.992752194404602051e-02 -3.483563363552093506e-01 1.011669921875000000e+01
2.392295040842400049e+05 4.010287672281265259e-02 -3.453635871410369873e-01 1.009574985504150391e+01
2.392295241342879890e+05 1.011550202965736389e-01 -3.615244626998901367e-01 9.993996620178222656e+00
2.392295441233009915e+05 8.319851011037826538e-02 -3.615244626998901367e-01 1.008796882629394531e+01
2.392295641428329982e+05 6.524199992418289185e-02 -3.519476354122161865e-01 1.008078670501708984e+01
2.392295841623650049e+05 3.232172131538391113e-02 -3.585317134857177734e-01 1.000536918640136719e+01
2.392296041818950034e+05 2.633621916174888611e-02 -3.537433147430419922e-01 1.006701946258544922e+01
2.392296242014259915e+05 3.531447425484657288e-02 -3.531447649002075195e-01 1.006163311004638672e+01
2.392296442209579982e+05 7.900865375995635986e-02 -3.764882087707519531e-01 1.010412979125976562e+01
2.392296642404900049e+05 1.083376258611679077e-01 -3.794809579849243164e-01 1.004786586761474609e+01
2.392296842600200034e+05 8.259996026754379272e-02 -3.902548849582672119e-01 1.004607009887695312e+01
2.392297042795509915e+05 5.147533491253852844e-02 -3.453635871410369873e-01 1.006881523132324219e+01
2.392297242990829982e+05 -1.616086065769195557e-02 -3.292027413845062256e-01 1.003948593139648438e+01
2.392297443186150049e+05 2.992752008140087128e-03 -3.238157927989959717e-01 1.007300472259521484e+01
2.392297643381450034e+05 3.531447425484657288e-02 -3.280056416988372803e-01 1.004966163635253906e+01
2.392297843576759915e+05 9.756372123956680298e-02 -3.369838893413543701e-01 1.005026054382324219e+01
2.392298043772079982e+05 1.065419763326644897e-01 -3.788824081420898438e-01 1.007061100006103516e+01
2.392298243967400049e+05 8.559270948171615601e-02 -3.776853084564208984e-01 1.006522369384765625e+01
2.392298444162700034e+05 6.344634294509887695e-02 -3.776853084564208984e-01 1.004726696014404297e+01
2.392298644358009915e+05 2.813187055289745331e-02 -3.513490855693817139e-01 1.003170490264892578e+01
2.392298844553329982e+05 4.070143029093742371e-02 -3.471592366695404053e-01 1.005385112762451172e+01
2.392299044748650049e+05 5.985504388809204102e-02 -3.154360651969909668e-01 1.004547214508056641e+01
2.392299244943950034e+05 6.763619929552078247e-02 -3.238157927989959717e-01 1.005923843383789062e+01
2.392299445139259915e+05 6.643909960985183716e-02 -3.441664874553680420e-01 1.007899093627929688e+01
2.392299645334579982e+05 4.908113554120063782e-02 -3.621230125427246094e-01 1.002392387390136719e+01
2.392299845835079905e+05 3.591302409768104553e-02 -3.734954595565795898e-01 1.005026054382324219e+01
2.392300045725200034e+05 7.422025501728057861e-02 -3.740940093994140625e-01 1.007958889007568359e+01
2.392300245920509915e+05 1.005564704537391663e-01 -3.639186620712280273e-01 1.005145740509033203e+01
2.392300446115829982e+05 8.858546614646911621e-02 -3.471592366695404053e-01 1.001374816894531250e+01
2.392300646311150049e+05 6.344634294509887695e-02 -3.573346138000488281e-01 1.008497619628906250e+01
2.392300846506450034e+05 2.873042039573192596e-02 -3.256114423274993896e-01 1.002452278137207031e+01
2.392301046701759915e+05 1.017535757273435593e-02 -3.298012912273406982e-01 1.009215831756591797e+01
2.392301246591910021e+05 3.172317147254943848e-02 -3.351882398128509521e-01 1.003110694885253906e+01
2.392301447092400049e+05 8.080431073904037476e-02 -3.489548861980438232e-01 1.003769016265869141e+01
2.392301646982530074e+05 1.101332753896713257e-01 -3.657143115997314453e-01 1.008377933502197266e+01
2.392301847483009915e+05 1.203086376190185547e-01 -3.884592354297637939e-01 1.005744266510009766e+01
2.392302047678329982e+05 8.559270948171615601e-02 -3.818751573562622070e-01 1.005564689636230469e+01
2.392302247568480088e+05 5.087678506970405579e-02 -3.705027103424072266e-01 1.002212810516357422e+01
2.392302447763780074e+05 1.376665942370891571e-02 -3.280056416988372803e-01 1.005445003509521484e+01
2.392302648264259915e+05 4.788403399288654327e-03 -3.226186931133270264e-01 1.002931118011474609e+01
2.392302848154410021e+05 4.309562966227531433e-02 -3.327940404415130615e-01 1.006402683258056641e+01
2.392303048349730088e+05 8.379705995321273804e-02 -3.447650372982025146e-01 1.008377933502197266e+01
2.392303248545030074e+05 7.003039866685867310e-02 -3.603273630142211914e-01 9.998785018920898438e+00
2.392303448740339954e+05 7.721300423145294189e-02 -3.830722570419311523e-01 1.002751541137695312e+01
2.392303648935660021e+05 6.703764945268630981e-02 -3.854664862155914307e-01 1.011310768127441406e+01
2.392303849436150049e+05 5.805939063429832458e-02 -3.836708366870880127e-01 9.961674690246582031e+00
2.392304049326280074e+05 5.386953800916671753e-02 -3.603273630142211914e-01 1.007360363006591797e+01
2.392304249521589954e+05 5.147533491253852844e-02 -3.232172429561614990e-01 1.009874248504638672e+01
2.392304449716910021e+05 5.087678506970405579e-02 -3.268085420131683350e-01 9.994594573974609375e+00
2.392304649912230088e+05 4.967968538403511047e-02 -3.190273642539978027e-01 1.008018779754638672e+01
2.392304850107530074e+05 4.429273307323455811e-02 -3.447650372982025146e-01 1.010472869873046875e+01
2.392305050302839954e+05 5.207388848066329956e-02 -3.681085109710693359e-01 9.986813545227050781e+00
2.392305250498160021e+05 6.883329898118972778e-02 -3.830722570419311523e-01 9.995792388916015625e+00
2.392305450693480088e+05 8.200141042470932007e-02 -4.070142805576324463e-01 1.012926864624023438e+01
2.392305650583599927e+05 9.038111567497253418e-02 -4.010287821292877197e-01 9.993397712707519531e+00
2.392305851084089954e+05 9.157821536064147949e-02 -3.399766385555267334e-01 1.006402683258056641e+01
2.392306051279410021e+05 6.284779310226440430e-02 -3.184288144111633301e-01 1.008437728881835938e+01
2.392306251169549942e+05 3.112462162971496582e-02 -3.028665184974670410e-01 1.000417137145996094e+01
2.392306451670030074e+05 -4.788403399288654327e-03 -3.262099921703338623e-01 1.007899093627929688e+01
2.392306651865339954e+05 1.376665942370891571e-02 -3.591302633285522461e-01 1.004726696014404297e+01
2.392306851755479875e+05 8.259996026754379272e-02 -3.824737071990966797e-01 1.001614284515380859e+01
2.392307052255980088e+05 9.995792061090469360e-02 -3.878606855869293213e-01 1.002033233642578125e+01
2.392307252146099927e+05 1.262941360473632812e-01 -3.770867586135864258e-01 1.005026054382324219e+01
2.392307452341410099e+05 1.029506698250770569e-01 -3.794809579849243164e-01 1.010293292999267578e+01
2.392307652536729875e+05 6.643909960985183716e-02 -3.345896899700164795e-01 1.004607009887695312e+01
2.392307852732049942e+05 2.214636653661727905e-02 -3.250128924846649170e-01 1.007061100006103516e+01
2.392308052927349927e+05 1.137245818972587585e-02 -3.178302645683288574e-01 1.004247856140136719e+01
2.392308253122660099e+05 1.376665942370891571e-02 -3.064578175544738770e-01 1.002392387390136719e+01
2.392308453623160021e+05 4.189852997660636902e-02 -3.555389642715454102e-01 1.005385112762451172e+01
2.392308653818480088e+05 6.883329898118972778e-02 -3.764882087707519531e-01 1.004427433013916016e+01
2.392308854013780074e+05 1.035492271184921265e-01 -4.040215313434600830e-01 1.004367637634277344e+01
2.392309053903910099e+05 9.277531504631042480e-02 -3.842693865299224854e-01 1.007360363006591797e+01
2.392309254099229875e+05 6.763619929552078247e-02 -3.645172119140625000e-01 1.000237655639648438e+01
2.392309453989379981e+05 4.070143029093742371e-02 -3.339911401271820068e-01 1.004786586761474609e+01
2.392309654184679966e+05 1.316810958087444305e-02 -3.028665184974670410e-01 1.007899093627929688e+01
2.392309854379990138e+05 -2.394201699644327164e-03 -3.130418658256530762e-01 9.973646163940429688e+00
2.392310054575309914e+05 2.154781483113765717e-02 -3.280056416988372803e-01 1.006342792510986328e+01
2.392310254770629981e+05 6.584054976701736450e-02 -3.477577865123748779e-01 1.006941413879394531e+01
2.392310454965929966e+05 8.200141042470932007e-02 -3.722983598709106445e-01 1.001195335388183594e+01
2.392310655161240138e+05 1.161187812685966492e-01 -3.782838582992553711e-01 1.007958889007568359e+01
2.392310855661729875e+05 8.080431073904037476e-02 -3.848679363727569580e-01 1.004547214508056641e+01
2.392311055551879981e+05 6.643909960985183716e-02 -3.447650372982025146e-01 1.003230381011962891e+01
2.392311255747179966e+05 4.010287672281265259e-02 -3.399766385555267334e-01 1.006941413879394531e+01
2.392311455942490138e+05 2.094926498830318451e-02 -3.124433159828186035e-01 1.004666900634765625e+01
2.392311656137809914e+05 3.172317147254943848e-02 -3.088520169258117676e-01 1.001195335388183594e+01
2.392311856638299942e+05 2.454056777060031891e-02 -3.351882398128509521e-01 1.006043529510498047e+01
2.392312056833599927e+05 4.189852997660636902e-02 -3.711012601852416992e-01 1.004068374633789062e+01
2.392312256723740138e+05 9.576806426048278809e-02 -3.716998100280761719e-01 1.002691650390625000e+01
2.392312456919059914e+05 9.397241473197937012e-02 -3.902548849582672119e-01 1.005684471130371094e+01
2.392312657114379981e+05 8.978256583213806152e-02 -4.028244316577911377e-01 1.002811336517333984e+01
2.392312857309679966e+05 7.481880486011505127e-02 -3.663128614425659180e-01 1.002212810516357422e+01
2.392313057504990138e+05 4.369417950510978699e-02 -3.441664874553680420e-01 1.004307746887207031e+01
2.392313257700309914e+05 2.873042039573192596e-02 -3.184288144111633301e-01 1.004008483886718750e+01
2.392313457895629981e+05 1.616086065769195557e-02 -3.303998410701751709e-01 1.006223106384277344e+01
2.392313658090929966e+05 4.608838260173797607e-02 -3.292027413845062256e-01 1.001015758514404297e+01
2.392313858286240138e+05 6.284779310226440430e-02 -3.687070608139038086e-01 1.005026054382324219e+01
2.392314058481559914e+05 7.422025501728057861e-02 -3.681085109710693359e-01 1.005325317382812500e+01
2.392314258676879981e+05 7.960720360279083252e-02 -3.824737071990966797e-01 1.002212810516357422e+01
2.392314458872179966e+05 7.541735470294952393e-02 -3.830722570419311523e-01 1.003948593139648438e+01
2.392314659067490138e+05 4.967968538403511047e-02 -3.693056106567382812e-01 1.002272701263427734e+01
2.392314859262809914e+05 3.292027488350868225e-02 -3.393780887126922607e-01 1.004666900634765625e+01
2.392315059458129981e+05 3.471592441201210022e-02 -3.268085420131683350e-01 1.002631855010986328e+01
2.392315259653429966e+05 2.035071514546871185e-02 -3.292027413845062256e-01 1.006043529510498047e+01
2.392315459848740138e+05 4.908113554120063782e-02 -3.387795388698577881e-01 1.006282997131347656e+01
2.392315660044059914e+05 6.883329898118972778e-02 -3.303998410701751709e-01 1.003469753265380859e+01
2.392315859934200125e+05 7.182604819536209106e-02 -3.555389642715454102e-01 1.001793861389160156e+01
2.392316060434679966e+05 7.062894850969314575e-02 -3.818751573562622070e-01 1.005385112762451172e+01
2.392316260324809991e+05 8.738835901021957397e-02 -3.944447338581085205e-01 1.001614284515380859e+01
2.392316460520130058e+05 6.763619929552078247e-02 -3.639186620712280273e-01 1.004008483886718750e+01
2.392316660715450125e+05 6.823474913835525513e-02 -3.453635871410369873e-01 1.004607009887695312e+01
2.392316860910750111e+05 5.087678506970405579e-02 -3.292027413845062256e-01 1.003290176391601562e+01
2.392317061106059991e+05 2.693476900458335876e-02 -3.076549172401428223e-01 1.005624580383300781e+01
2.392317261301380058e+05 3.591302409768104553e-02 -3.118447661399841309e-01 1.003589534759521484e+01
2.392317461496700125e+05 5.566519126296043396e-02 -3.519476354122161865e-01 1.003828907012939453e+01
2.392317661692000111e+05 7.900865375995635986e-02 -3.633201122283935547e-01 1.003649330139160156e+01
2.392317861887309991e+05 9.576806426048278809e-02 -3.818751573562622070e-01 1.004188060760498047e+01
2.392318062082630058e+05 8.080431073904037476e-02 -3.639186620712280273e-01 1.004367637634277344e+01
2.392318262277950125e+05 7.721300423145294189e-02 -3.495534360408782959e-01 1.006701946258544922e+01
2.392318462473250111e+05 6.165069341659545898e-02 -3.315969407558441162e-01 1.000955867767333984e+01
2.392318662668559991e+05 2.633621916174888611e-02 -3.375824391841888428e-01 1.002093124389648438e+01
2.392318862863880058e+05 2.633621916174888611e-02 -3.387795388698577881e-01 1.005684471130371094e+01
2.392319063059200125e+05 5.865794047713279724e-02 -3.561375141143798828e-01 1.003589534759521484e+01
2.392319263254500111e+05 7.481880486011505127e-02 -3.441664874553680420e-01 1.002931118011474609e+01
2.392319463449809991e+05 8.439560979604721069e-02 -3.447650372982025146e-01 1.005026054382324219e+01
2.392319663645130058e+05 8.619125932455062866e-02 -3.585317134857177734e-01 1.002811336517333984e+01
2.392319863840450125e+05 5.386953800916671753e-02 -3.705027103424072266e-01 1.003110694885253906e+01
2.392320064035750111e+05 4.489128291606903076e-02 -3.752911090850830078e-01 1.005863952636718750e+01
2.392320264231059991e+05 4.309562966227531433e-02 -3.651157617568969727e-01 1.002811336517333984e+01
2.392320464426380058e+05 5.865794047713279724e-02 -3.387795388698577881e-01 1.002691650390625000e+01
2.392320664621700125e+05 7.182604819536209106e-02 -3.250128924846649170e-01 1.008976459503173828e+01
2.392320864817000111e+05 7.362170517444610596e-02 -3.274070918560028076e-01 1.002033233642578125e+01
2.392321065012309991e+05 7.122749835252761841e-02 -3.471592366695404053e-01 1.008617305755615234e+01
2.392321265207630058e+05 6.045359373092651367e-02 -3.782838582992553711e-01 1.004188060760498047e+01
2.392321465402950125e+05 4.189852997660636902e-02 -3.651157617568969727e-01 1.001853656768798828e+01
2.392321665598250111e+05 4.967968538403511047e-02 -3.627215623855590820e-01 1.003649330139160156e+01
2.392321865793559991e+05 4.728548228740692139e-02 -3.525462150573730469e-01 1.005863952636718750e+01
2.392322065988880058e+05 6.344634294509887695e-02 -3.327940404415130615e-01 1.004547214508056641e+01
2.392322265879029874e+05 3.770867735147476196e-02 -3.238157927989959717e-01 1.001973438262939453e+01
2.392322466074329859e+05 6.284779310226440430e-02 -3.333925902843475342e-01 1.005445003509521484e+01
2.392322666269640031e+05 5.626374110579490662e-02 -3.447650372982025146e-01 1.003888797760009766e+01
2.392322866464960098e+05 7.062894850969314575e-02 -3.818751573562622070e-01 1.002452278137207031e+01
2.392323066660279874e+05 6.883329898118972778e-02 -3.687070608139038086e-01 1.002931118011474609e+01
2.392323266855579859e+05 7.661445438861846924e-02 -3.555389642715454102e-01 1.004786586761474609e+01
2.392323467050890031e+05 9.277531504631042480e-02 -3.794809579849243164e-01 1.004487323760986328e+01
2.392323667246210098e+05 5.686229094862937927e-02 -3.435679376125335693e-01 1.003409957885742188e+01
2.392323867441529874e+05 4.249707981944084167e-02 -3.184288144111633301e-01 1.004188060760498047e+01
2.392324067636829859e+05 1.077390741556882858e-02 -3.190273642539978027e-01 1.001554393768310547e+01
2.392324267832140031e+05 5.985504016280174255e-03 -3.405751883983612061e-01 1.005624580383300781e+01
2.392324468027460098e+05 4.129998013377189636e-02 -3.483563363552093506e-01 1.003529644012451172e+01
2.392324668222779874e+05 8.678980916738510132e-02 -3.489548861980438232e-01 1.003769016265869141e+01
2.392324868418079859e+05 1.017535701394081116e-01 -3.669114112854003906e-01 1.004247856140136719e+01
2.392325068613390031e+05 1.131260320544242859e-01 -3.812766075134277344e-01 1.004068374633789062e+01
2.392325268808710098e+05 8.259996026754379272e-02 -3.609259128570556641e-01 1.002811336517333984e+01
2.392325469309200125e+05 3.112462162971496582e-02 -3.615244626998901367e-01 1.003230381011962891e+01
2.392325669504500111e+05 2.573766745626926422e-02 -3.483563363552093506e-01 1.003948593139648438e+01
2.392325869699809991e+05 3.591302409768104553e-02 -3.226186931133270264e-01 1.004307746887207031e+01
2.392326069895130058e+05 4.967968538403511047e-02 -3.118447661399841309e-01 1.004068374633789062e+01
2.392326270090450125e+05 5.865794047713279724e-02 -3.459621369838714600e-01 1.004846477508544922e+01
2.392326470285750111e+05 6.464344263076782227e-02 -3.609259128570556641e-01 1.004966163635253906e+01
2.392326670175890031e+05 7.122749835252761841e-02 -3.830722570419311523e-01 1.004128170013427734e+01
2.392326870371210098e+05 5.865794047713279724e-02 -3.770867586135864258e-01 1.006043529510498047e+01
2.392327070566529874e+05 6.643909960985183716e-02 -3.770867586135864258e-01 1.002990913391113281e+01
2.392327270761829859e+05 6.404489278793334961e-02 -3.573346138000488281e-01 1.005445003509521484e+01
2.392327470957140031e+05 5.147533491253852844e-02 -3.351882398128509521e-01 1.003409957885742188e+01
2.392327671152460098e+05 4.309562966227531433e-02 -3.286041915416717529e-01 1.002931118011474609e+01
2.392327871347779874e+05 4.249707981944084167e-02 -3.369838893413543701e-01 1.005085849761962891e+01
2.392328071543079859e+05 4.908113554120063782e-02 -3.615244626998901367e-01 1.001614284515380859e+01
2.392328271738390031e+05 5.446808785200119019e-02 -3.543418645858764648e-01 1.001913547515869141e+01
2.392328471933710098e+05 7.362170517444610596e-02 -3.764882087707519531e-01 1.005445003509521484e+01
2.392328672129029874e+05 9.816227108240127563e-02 -3.627215623855590820e-01 1.003948593139648438e+01
2.392328872324329859e+05 8.020575344562530518e-02 -3.591302633285522461e-01 1.002990913391113281e+01
2.392329072519640031e+05 6.763619929552078247e-02 -3.465606868267059326e-01 1.005026054382324219e+01
2.392329272714960098e+05 4.249707981944084167e-02 -3.423708379268646240e-01 1.003170490264892578e+01
2.392329472910279874e+05 1.735796220600605011e-02 -3.435679376125335693e-01 1.002512073516845703e+01
2.392329673105579859e+05 1.735796220600605011e-02 -3.525462150573730469e-01 1.003589534759521484e+01
2.392329873300890031e+05 5.805939063429832458e-02 -3.459621369838714600e-01 1.002153015136718750e+01
2.392330073496210098e+05 7.781155407428741455e-02 -3.585317134857177734e-01 1.005624580383300781e+01
2.392330273386350018e+05 7.062894850969314575e-02 -3.639186620712280273e-01 1.002751541137695312e+01
2.392330473581650003e+05 8.619125932455062866e-02 -3.836708366870880127e-01 1.004128170013427734e+01
2.392330673776959884e+05 7.481880486011505127e-02 -3.740940093994140625e-01 1.005684471130371094e+01
2.392330873972279951e+05 5.686229094862937927e-02 -3.591302633285522461e-01 1.002751541137695312e+01
2.392331074167600018e+05 4.489128291606903076e-02 -3.387795388698577881e-01 1.003050804138183594e+01
2.392331274362900003e+05 5.386953800916671753e-02 -3.280056416988372803e-01 1.003888797760009766e+01
2.392331474558209884e+05 5.267243832349777222e-02 -3.471592366695404053e-01 1.006342792510986328e+01
2.392331674753529951e+05 4.070143029093742371e-02 -3.429693877696990967e-01 1.002631855010986328e+01
2.392331874948850018e+05 2.932897023856639862e-02 -3.543418645858764648e-01 1.002452278137207031e+01
2.392332075144150003e+05 6.165069341659545898e-02 -3.579331636428833008e-01 1.002990913391113281e+01
2.392332275339459884e+05 7.900865375995635986e-02 -3.501519858837127686e-01 1.007659626007080078e+01
2.392332475534779951e+05 8.319851011037826538e-02 -3.591302633285522461e-01 1.003170490264892578e+01
2.392332675730090123e+05 8.259996026754379272e-02 -3.621230125427246094e-01 1.003828907012939453e+01
2.392332875925400003e+05 7.062894850969314575e-02 -3.525462150573730469e-01 1.003948593139648438e+01
2.392333076120720070e+05 3.711012750864028931e-02 -3.579331636428833008e-01 1.002751541137695312e+01
2.392333276316029951e+05 3.172317147254943848e-02 -3.351882398128509521e-01 1.001733970642089844e+01
2.392333476511329936e+05 2.454056777060031891e-02 -3.190273642539978027e-01 1.003170490264892578e+01
2.392333676706650003e+05 3.651157766580581665e-02 -3.315969407558441162e-01 1.004367637634277344e+01
2.392333876901970070e+05 9.397241473197937012e-02 -3.561375141143798828e-01 1.003170490264892578e+01
2.392334077097279951e+05 1.065419763326644897e-01 -3.842693865299224854e-01 1.004307746887207031e+01
2.392334277292579936e+05 1.143231317400932312e-01 -3.986345827579498291e-01 1.004188060760498047e+01
2.392334477182719857e+05 7.182604819536209106e-02 -4.010287821292877197e-01 9.998186111450195312e+00
2.392334677683220070e+05 2.873042039573192596e-02 -3.561375141143798828e-01 1.005504894256591797e+01
2.392334877878529951e+05 1.616086065769195557e-02 -3.214215636253356934e-01 1.002811336517333984e+01
2.392335078073829936e+05 1.376665942370891571e-02 -3.034650683403015137e-01 1.001614284515380859e+01
2.392335278269150003e+05 7.362170517444610596e-02 -3.094505667686462402e-01 1.007480049133300781e+01
2.392335478464470070e+05 7.721300423145294189e-02 -3.567360639572143555e-01 1.002033233642578125e+01
2.392335678659779951e+05 1.119289323687553406e-01 -3.818751573562622070e-01 1.005564689636230469e+01
2.392335878549900081e+05 7.362170517444610596e-02 -4.082113802433013916e-01 1.003769016265869141e+01
2.392336078745219857e+05 7.900865375995635986e-02 -3.938461840152740479e-01 1.004906272888183594e+01
2.392336278940539923e+05 7.242459803819656372e-02 -3.669114112854003906e-01 1.004607009887695312e+01
2.392336479135850095e+05 6.224924325942993164e-02 -3.405751883983612061e-01 1.003529644012451172e+01
2.392336679331150081e+05 5.506663769483566284e-02 -3.130418658256530762e-01 1.004307746887207031e+01
2.392336879526469857e+05 4.728548228740692139e-02 -3.130418658256530762e-01 1.005863952636718750e+01
2.392337079721789923e+05 1.616086065769195557e-02 -3.148375153541564941e-01 1.001733970642089844e+01
2.392337279917100095e+05 1.616086065769195557e-02 -3.495534360408782959e-01 1.004128170013427734e+01
2.392337480112400081e+05 4.908113554120063782e-02 -3.675099611282348633e-01 1.000955867767333984e+01
2.392337680307719857e+05 8.200141042470932007e-02 -3.675099611282348633e-01 1.004547214508056641e+01
2.392337880503039923e+05 1.221042871475219727e-01 -3.944447338581085205e-01 1.002272701263427734e+01
2.392338080698350095e+05 1.209071874618530273e-01 -3.609259128570556641e-01 1.003110694885253906e+01
2.392338280893650081e+05 7.362170517444610596e-02 -3.711012601852416992e-01 1.006043529510498047e+01
2.392338481088969857e+05 4.010287672281265259e-02 -3.417722880840301514e-01 1.002811336517333984e+01
2.392338681284289923e+05 1.496376097202301025e-02 -3.357867896556854248e-01 1.002811336517333984e+01
2.392338881479600095e+05 1.616086065769195557e-02 -3.232172429561614990e-01 1.002931118011474609e+01
2.392339081674900081e+05 3.890577703714370728e-02 -3.220201432704925537e-01 1.003888797760009766e+01
2.392339281870219857e+05 7.422025501728057861e-02 -3.369838893413543701e-01 1.002751541137695312e+01
2.392339482065539923e+05 1.065419763326644897e-01 -3.669114112854003906e-01 1.001913547515869141e+01
2.392339682260850095e+05 8.319851011037826538e-02 -3.746925592422485352e-01 1.008796882629394531e+01
2.392339882456150081e+05 4.668693244457244873e-02 -3.591302633285522461e-01 9.986215591430664062e+00
2.392340082651469857e+05 4.309562966227531433e-02 -3.459621369838714600e-01 1.004726696014404297e+01
2.392340282846789923e+05 6.224924325942993164e-02 -3.321954905986785889e-01 1.006223106384277344e+01
2.392340483042100095e+05 5.865794047713279724e-02 -3.327940404415130615e-01 1.001434707641601562e+01
2.392340683237400081e+05 5.746084079146385193e-02 -3.543418645858764648e-01 1.005265426635742188e+01
2.392340883432719857e+05 2.035071514546871185e-02 -3.537433147430419922e-01 1.006043529510498047e+01
2.392341083628039923e+05 4.309562966227531433e-02 -3.633201122283935547e-01 1.004726696014404297e+01
2.392341283823350095e+05 4.189852997660636902e-02 -3.471592366695404053e-01 1.001195335388183594e+01
2.392341484018650081e+05 8.379705995321273804e-02 -3.561375141143798828e-01 1.003230381011962891e+01
2.392341684213969857e+05 9.038111567497253418e-02 -3.675099611282348633e-01 1.004487323760986328e+01
2.392341884409289923e+05 7.062894850969314575e-02 -3.675099611282348633e-01 1.002212810516357422e+01
2.392342087046010129e+05 6.404489278793334961e-02 -3.627215623855590820e-01 1.002571964263916016e+01
2.392342284799900081e+05 1.795651204884052277e-02 -3.417722880840301514e-01 1.003589534759521484e+01
2.392342484995219857e+05 5.386953707784414291e-03 -3.429693877696990967e-01 1.001374816894531250e+01
2.392342685190539923e+05 3.950432687997817993e-02 -3.268085420131683350e-01 1.002751541137695312e+01
2.392342885385850095e+05 6.404489278793334961e-02 -3.597288131713867188e-01 1.006043529510498047e+01
2.392343085581150081e+05 8.200141042470932007e-02 -3.734954595565795898e-01 1.002332496643066406e+01
2.392343285776469857e+05 1.065419763326644897e-01 -3.597288131713867188e-01 1.004188060760498047e+01
2.392343485971789923e+05 8.020575344562530518e-02 -3.776853084564208984e-01 1.004666900634765625e+01
2.392343685861930135e+05 5.686229094862937927e-02 -3.561375141143798828e-01 1.003828907012939453e+01
2.392343886362400081e+05 4.668693244457244873e-02 -3.567360639572143555e-01 1.004068374633789062e+01
2.392344086557719857e+05 5.566519126296043396e-02 -3.399766385555267334e-01 1.002691650390625000e+01
2.392344286753039923e+05 6.643909960985183716e-02 -3.298012912273406982e-01 1.004128170013427734e+01
2.392344486948350095e+05 5.865794047713279724e-02 -3.238157927989959717e-01 1.003589534759521484e+01
2.392344687143650081e+05 5.746084079146385193e-02 -3.543418645858764648e-01 1.003948593139648438e+01
2.392344887338969857e+05 5.267243832349777222e-02 -3.746925592422485352e-01 1.001315021514892578e+01
2.392345087534289923e+05 2.154781483113765717e-02 -3.699041604995727539e-01 1.004307746887207031e+01
2.392345287424430135e+05 4.129998013377189636e-02 -3.788824081420898438e-01 1.004547214508056641e+01
2.392345487619730120e+05 7.900865375995635986e-02 -3.525462150573730469e-01 1.001135444641113281e+01
2.392345687815030105e+05 1.059434264898300171e-01 -3.507505357265472412e-01 1.003110694885253906e+01
2.392345888010349881e+05 8.319851011037826538e-02 -3.429693877696990967e-01 1.003828907012939453e+01
2.392346088205669948e+05 4.189852997660636902e-02 -3.363853394985198975e-01 1.001973438262939453e+01
2.392346288400990015e+05 2.154781483113765717e-02 -3.387795388698577881e-01 1.003050804138183594e+01
2.392346488596310082e+05 1.915361359715461731e-02 -3.525462150573730469e-01 1.004906272888183594e+01
2.392346688791610068e+05 4.189852997660636902e-02 -3.621230125427246094e-01 1.003948593139648438e+01
2.392346888986910053e+05 7.601590454578399658e-02 -3.579331636428833008e-01 1.005145740509033203e+01
2.392347089182219934e+05 9.696517139673233032e-02 -3.555389642715454102e-01 1.005145740509033203e+01
2.392347289377540001e+05 8.439560979604721069e-02 -3.465606868267059326e-01 1.003529644012451172e+01
2.392347489572860068e+05 5.386953800916671753e-02 -3.429693877696990967e-01 1.002751541137695312e+01
2.392347689768180135e+05 2.513911761343479156e-02 -3.728969097137451172e-01 1.002452278137207031e+01
2.392347889963490015e+05 2.454056777060031891e-02 -3.513490855693817139e-01 1.004786586761474609e+01
2.392348090158790001e+05 6.224924325942993164e-02 -3.315969407558441162e-01 1.004487323760986328e+01
2.392348290354099881e+05 9.097966551780700684e-02 -3.333925902843475342e-01 1.004008483886718750e+01
2.392348490244240093e+05 6.404489278793334961e-02 -3.357867896556854248e-01 1.005923843383789062e+01
2.392348690439559869e+05 5.207388848066329956e-02 -3.327940404415130615e-01 1.005145740509033203e+01
2.392348890634879936e+05 3.890577703714370728e-02 -3.549404144287109375e-01 1.004846477508544922e+01
2.392349090830179921e+05 3.531447425484657288e-02 -3.459621369838714600e-01 1.002452278137207031e+01
2.392349291025479906e+05 4.668693244457244873e-02 -3.615244626998901367e-01 1.003110694885253906e+01
2.392349491220790078e+05 6.943184882402420044e-02 -3.381809890270233154e-01 1.003589534759521484e+01
2.392349691416110145e+05 8.738835901021957397e-02 -3.447650372982025146e-01 1.003828907012939453e+01
2.392349891611429921e+05 8.259996026754379272e-02 -3.507505357265472412e-01 1.001913547515869141e+01
2.392350091806749988e+05 5.506663769483566284e-02 -3.633201122283935547e-01 1.005504894256591797e+01
2.392350292002059869e+05 3.890577703714370728e-02 -3.639186620712280273e-01 1.004966163635253906e+01
2.392350492197360145e+05 3.471592441201210022e-02 -3.651157617568969727e-01 1.001913547515869141e+01
2.392350692392670026e+05 3.591302409768104553e-02 -3.711012601852416992e-01 1.005265426635742188e+01
2.392350892587990093e+05 7.362170517444610596e-02 -3.345896899700164795e-01 1.004068374633789062e+01
2.392351092783309869e+05 7.122749835252761841e-02 -3.387795388698577881e-01 1.004008483886718750e+01
2.392351292978629936e+05 6.105214357376098633e-02 -3.417722880840301514e-01 1.004966163635253906e+01
2.392351493173929921e+05 4.967968538403511047e-02 -3.663128614425659180e-01 1.007899093627929688e+01
2.392351693369229906e+05 5.027823522686958313e-02 -3.752911090850830078e-01 1.001793861389160156e+01
2.392351893869730120e+05 4.728548228740692139e-02 -3.627215623855590820e-01 1.005085849761962891e+01
2.392352093759870040e+05 6.524199992418289185e-02 -3.663128614425659180e-01 1.005205631256103516e+01
2.392352293955190107e+05 7.302315533161163330e-02 -3.459621369838714600e-01 1.002990913391113281e+01
2.392352494150490093e+05 5.446808785200119019e-02 -3.375824391841888428e-01 1.003769016265869141e+01
2.392352694345790078e+05 4.010287672281265259e-02 -3.345896899700164795e-01 1.006223106384277344e+01
2.392352894541110145e+05 3.112462162971496582e-02 -3.495534360408782959e-01 1.001733970642089844e+01
2.392353094736429921e+05 4.848258569836616516e-02 -3.591302633285522461e-01 1.005744266510009766e+01
2.392353294931749988e+05 7.601590454578399658e-02 -3.507505357265472412e-01 1.005445003509521484e+01
2.392353495127059869e+05 8.439560979604721069e-02 -3.495534360408782959e-01 1.003888797760009766e+01
2.392353695322360145e+05 6.404489278793334961e-02 -3.471592366695404053e-01 1.005205631256103516e+01
2.392353895517670026e+05 6.165069341659545898e-02 -3.441664874553680420e-01 1.004188060760498047e+01
2.392354095712990093e+05 2.992752194404602051e-02 -3.537433147430419922e-01 1.003888797760009766e+01
2.392354295908309869e+05 3.531447425484657288e-02 -3.525462150573730469e-01 1.001733970642089844e+01
2.392354496103629936e+05 5.566519126296043396e-02 -3.417722880840301514e-01 1.004786586761474609e+01
2.392354696298929921e+05 7.003039866685867310e-02 -3.513490855693817139e-01 1.004726696014404297e+01
2.392354896189059946e+05 7.601590454578399658e-02 -3.315969407558441162e-01 1.003350067138671875e+01
2.392355096689549973e+05 7.541735470294952393e-02 -3.633201122283935547e-01 1.003529644012451172e+01
2.392355296884870040e+05 5.865794047713279724e-02 -3.495534360408782959e-01 1.004367637634277344e+01
2.392355497080190107e+05 3.830722719430923462e-02 -3.561375141143798828e-01 1.003769016265869141e+01
2.392355697275490093e+05 4.429273307323455811e-02 -3.609259128570556641e-01 1.003170490264892578e+01
2.392355897165620117e+05 5.626374110579490662e-02 -3.471592366695404053e-01 1.002691650390625000e+01
2.392356097360939893e+05 7.781155407428741455e-02 -3.375824391841888428e-01 1.003828907012939453e+01
2.392356297556259960e+05 6.763619929552078247e-02 -3.465606868267059326e-01 1.005265426635742188e+01
2.392356497751580027e+05 6.464344263076782227e-02 -3.734954595565795898e-01 1.000058078765869141e+01
2.392356697946889908e+05 3.651157766580581665e-02 -3.585317134857177734e-01 1.004666900634765625e+01
2.392356898142189893e+05 5.626374110579490662e-02 -3.555389642715454102e-01 1.004427433013916016e+01
2.392357098337500065e+05 4.728548228740692139e-02 -3.519476354122161865e-01 1.003828907012939453e+01
2.392357298532820132e+05 6.823474913835525513e-02 -3.303998410701751709e-01 1.004367637634277344e+01
2.392357498728139908e+05 5.925649031996726990e-02 -3.483563363552093506e-01 1.003230381011962891e+01
2.392357698923459975e+05 7.661445438861846924e-02 -3.363853394985198975e-01 1.003709220886230469e+01
2.392357899118759960e+05 4.489128291606903076e-02 -3.507505357265472412e-01 1.004307746887207031e+01
2.392358099314059946e+05 4.668693244457244873e-02 -3.567360639572143555e-01 1.002931118011474609e+01
2.392358299509380013e+05 6.584054976701736450e-02 -3.429693877696990967e-01 1.003709220886230469e+01
2.392358499704700080e+05 7.242459803819656372e-02 -3.561375141143798828e-01 1.004247856140136719e+01
2.392358699900019856e+05 6.823474913835525513e-02 -3.441664874553680420e-01 1.004008483886718750e+01
2.392358900095320132e+05 6.643909960985183716e-02 -3.549404144287109375e-01 1.002571964263916016e+01
2.392359100290620117e+05 4.728548228740692139e-02 -3.663128614425659180e-01 1.005385112762451172e+01
2.392359300485939893e+05 3.890577703714370728e-02 -3.495534360408782959e-01 1.002452278137207031e+01
2.392359500681259960e+05 5.267243832349777222e-02 -3.483563363552093506e-01 1.005385112762451172e+01
2.392359700876580027e+05 6.643909960985183716e-02 -3.345896899700164795e-01 1.005983734130859375e+01
2.392359901071889908e+05 7.541735470294952393e-02 -3.471592366695404053e-01 1.002871227264404297e+01
2.392360101267189893e+05 4.908113554120063782e-02 -3.603273630142211914e-01 1.004786586761474609e+01
2.392360301462500065e+05 4.010287672281265259e-02 -3.549404144287109375e-01 1.005026054382324219e+01
2.392360501657820132e+05 6.165069341659545898e-02 -3.477577865123748779e-01 1.002512073516845703e+01
2.392360701853139908e+05 3.890577703714370728e-02 -3.597288131713867188e-01 1.005145740509033203e+01
2.392360902048459975e+05 6.284779310226440430e-02 -3.411737382411956787e-01 1.001973438262939453e+01
2.392361102243759960e+05 6.883329898118972778e-02 -3.495534360408782959e-01 9.983820915222167969e+00
2.392361303964940016e+05 6.943184882402420044e-02 -3.333925902843475342e-01 1.011430549621582031e+01
2.392361502939549973e+05 6.224924325942993164e-02 -3.591302633285522461e-01 1.002691650390625000e+01
2.392361707102160144e+05 4.967968538403511047e-02 -3.495534360408782959e-01 1.001494598388671875e+01
2.392361903330190107e+05 6.943184882402420044e-02 -3.369838893413543701e-01 1.007839202880859375e+01
2.392362103220320132e+05 4.429273307323455811e-02 -3.549404144287109375e-01 1.003050804138183594e+01
2.392362303415620117e+05 3.052607178688049316e-02 -3.525462150573730469e-01 1.002452278137207031e+01
2.392362503305760038e+05 4.070143029093742371e-02 -3.399766385555267334e-01 1.003469753265380859e+01
2.392362703501080105e+05 4.309562966227531433e-02 -3.519476354122161865e-01 1.004666900634765625e+01
2.392362903696399881e+05 6.224924325942993164e-02 -3.495534360408782959e-01 1.002272701263427734e+01
2.392363103891710052e+05 8.319851011037826538e-02 -3.519476354122161865e-01 1.002093124389648438e+01
2.392363304087010038e+05 9.038111567497253418e-02 -3.561375141143798828e-01 1.004726696014404297e+01
2.392363504282319918e+05 8.319851011037826538e-02 -3.543418645858764648e-01 1.003290176391601562e+01
2.392363704477639985e+05 8.080431073904037476e-02 -3.531447649002075195e-01 1.003888797760009766e+01
2.392363904672960052e+05 4.908113554120063782e-02 -3.711012601852416992e-01 1.003469753265380859e+01
2.392364104868280119e+05 4.249707981944084167e-02 -3.513490855693817139e-01 1.005445003509521484e+01
2.392364305063580105e+05 4.967968538403511047e-02 -3.381809890270233154e-01 1.002871227264404297e+01
2.392364505258880090e+05 4.189852997660636902e-02 -3.339911401271820068e-01 1.004307746887207031e+01
2.392364705454199866e+05 4.668693244457244873e-02 -3.184288144111633301e-01 1.003230381011962891e+01
2.392566284128520056e+05 1.795651274733245373e-03 -2.956839203834533691e-01 1.001733970642089844e+01
