5.085541061175500363e+04 -9.975429177284240723e-01 -1.447750627994537354e-01 -6.991352438926696777e-01
5.085542067530599888e+04 -8.194757103919982910e-01 8.830057382583618164e-01 -4.633412957191467285e-01
5.085544101659800072e+04 -5.192354787141084671e-03 5.849034786224365234e-01 3.390302062034606934e-01
5.085546108425300190e+04 -1.368338167667388916e-01 -4.798346459865570068e-01 2.467895597219467163e-01
5.085548087834499893e+04 -9.987647086381912231e-02 -3.570507466793060303e-01 1.606575548648834229e-01
5.085550085608499649e+04 -4.978551715612411499e-02 -2.739730477333068848e-01 -4.734205827116966248e-02
5.085552120050299709e+04 2.199114859104156494e-02 -1.178969889879226685e-01 -1.844813078641891479e-01
5.085554087453299871e+04 -7.941247895359992981e-03 1.343903504312038422e-02 -1.010981947183609009e-01
5.085556088473500131e+04 -1.557706389576196671e-02 1.221730466932058334e-02 -7.422012835741043091e-02
5.085558126166099828e+04 -2.565634064376354218e-02 -3.665191587060689926e-03 -6.108652427792549133e-02
5.085560090712300007e+04 -2.565634064376354218e-02 -4.337143152952194214e-02 -3.940080851316452026e-02
5.085562091916899954e+04 -3.665191587060689926e-03 -5.528330430388450623e-02 -3.481931984424591064e-02
5.085564099266500125e+04 -2.443460980430245399e-03 -6.841690838336944580e-02 -3.481931984424591064e-02
5.085566094462299952e+04 -9.162978967651724815e-04 -9.224065393209457397e-02 -4.092797264456748962e-02
5.085568095798099966e+04 2.474004216492176056e-02 -1.252273768186569214e-01 -5.100724846124649048e-02
5.085570145984100236e+04 5.345070734620094299e-02 -1.243110746145248413e-01 -5.619960278272628784e-02
5.085572101637900050e+04 8.827003091573715210e-02 -1.353066563606262207e-01 -5.833763256669044495e-02
5.085574100037699827e+04 1.081231459975242615e-01 -1.307251602411270142e-01 -5.497787147760391235e-02
5.085576177798100252e+04 1.078177168965339661e-01 -1.270599663257598877e-01 -5.100724846124649048e-02
5.085578109134599799e+04 1.047633886337280273e-01 -9.651670604944229126e-02 -5.345070734620094299e-02
5.085580104571999982e+04 8.613199740648269653e-02 -8.032877743244171143e-02 -6.291911751031875610e-02
5.085582209876600245e+04 6.322455406188964844e-02 -7.177666574716567993e-02 -7.452555745840072632e-02
5.085584113827699912e+04 6.169738993048667908e-02 -2.474004216492176056e-02 -8.216137439012527466e-02
5.085586109338700044e+04 5.497787147760391235e-02 -3.237585723400115967e-02 -9.254608303308486938e-02
5.085588144535599713e+04 2.474004216492176056e-02 -4.123340547084808350e-02 -8.949175477027893066e-02
5.085590112626000337e+04 2.809980139136314392e-02 -2.748893573880195618e-02 -8.796459436416625977e-02
5.085592114299700188e+04 4.337143152952194214e-02 -1.313360314816236496e-02 -1.032362282276153564e-01
5.085594170494999707e+04 7.452555745840072632e-02 2.107485011219978333e-02 -1.127046346664428711e-01
5.085596119528500276e+04 6.658431142568588257e-02 2.138028386980295181e-03 -1.041525229811668396e-01
5.085598117376000300e+04 5.955936014652252197e-02 -8.552113547921180725e-03 -9.254608303308486938e-02
5.085600164059799863e+04 5.375614017248153687e-02 -9.773843921720981598e-03 -8.185594528913497925e-02
5.085602125368599809e+04 4.703662544488906860e-02 -2.138028293848037720e-02 -6.352998316287994385e-02
5.085604120255899761e+04 2.596177347004413605e-02 -1.954768784344196320e-02 -6.719517707824707031e-02
5.085606121276500198e+04 -1.527163083665072918e-03 -4.886921960860490799e-03 -8.032877743244171143e-02
5.085608122328500031e+04 -4.123340547084808350e-02 1.588249579071998596e-02 -8.185594528913497925e-02
5.085610123406499770e+04 -6.750060617923736572e-02 5.467243865132331848e-02 -6.902777403593063354e-02
5.085612124511800357e+04 -6.780604273080825806e-02 5.650503560900688171e-02 -7.086037099361419678e-02
5.085614125645699824e+04 -3.756821155548095703e-02 8.216137439012527466e-02 -6.444628536701202393e-02
5.085616126804299711e+04 -2.626720629632472992e-02 7.147123664617538452e-02 -4.092797264456748962e-02
5.085618143240499921e+04 -8.552113547921180725e-03 5.039638280868530273e-02 -1.160643994808197021e-02
5.085620132246099820e+04 -1.618792861700057983e-02 4.581489413976669312e-02 1.069014146924018860e-02
5.085622127377399738e+04 -5.314527451992034912e-02 8.277224004268646240e-02 -6.719517521560192108e-03
5.085624174391200359e+04 -1.307251602411270142e-01 1.246165111660957336e-01 -3.054326213896274567e-02
5.085626132957499794e+04 -1.646281778812408447e-01 1.340849250555038452e-01 -5.070181563496589661e-02
5.085628131204900274e+04 -1.450804919004440308e-01 1.374446749687194824e-01 -6.322455406188964844e-02
5.085630132522199710e+04 -9.346238523721694946e-02 1.518000066280364990e-01 -5.283984541893005371e-02
5.085632133857299777e+04 -1.466076634824275970e-02 1.276708394289016724e-01 -4.184427112340927124e-02
5.085634135215399874e+04 2.474004216492176056e-02 1.105666086077690125e-01 -3.878994286060333252e-02
5.085636136590100068e+04 2.443460980430245399e-03 1.084285825490951538e-01 -6.017022579908370972e-02
5.085638137981200271e+04 -5.894849449396133423e-02 1.166752651333808899e-01 -6.658431142568588257e-02
5.085640139388699754e+04 -8.216137439012527466e-02 1.627955883741378784e-01 -7.086037099361419678e-02
5.085642140813999868e+04 -7.024950534105300903e-02 1.551597714424133301e-01 -5.681046843528747559e-02
5.085644142261699744e+04 -1.985312066972255707e-02 1.169806942343711853e-01 -5.681046843528747559e-02
5.085646143722499983e+04 4.764748737215995789e-02 7.177666574716567993e-02 7.330383174121379852e-03
5.085648145199799910e+04 1.010981947183609009e-01 4.001167416572570801e-02 4.245513305068016052e-02
5.085650146693400166e+04 1.505782902240753174e-01 -1.924225501716136932e-02 5.375614017248153687e-02
5.085652148200599913e+04 1.667662113904953003e-01 -4.123340547084808350e-02 6.566801667213439941e-02
5.085654149722099828e+04 1.551597714424133301e-01 -9.804387390613555908e-02 8.216137439012527466e-02
5.085656151256799785e+04 1.640173196792602539e-01 -9.957103431224822998e-02 9.101892262697219849e-02
5.085658152805000282e+04 1.640173196792602539e-01 -4.978551715612411499e-02 3.848451003432273865e-02
5.085660151314499672e+04 1.744020283222198486e-01 -7.330383174121379852e-03 -2.076941914856433868e-02
5.085662152887300181e+04 1.966986060142517090e-01 1.252273749560117722e-02 -5.375614017248153687e-02
5.085664157523700123e+04 2.144137024879455566e-01 7.513642311096191406e-02 -6.719517707824707031e-02
5.085666156069299905e+04 2.385428845882415771e-01 7.299839705228805542e-02 -5.436700582504272461e-02
5.085668157677000272e+04 2.846632003784179688e-01 4.276056773960590363e-03 -2.046398632228374481e-02
5.085670159295100166e+04 3.454442918300628662e-01 -3.848451003432273865e-02 3.054326167330145836e-03
5.085672160924699710e+04 3.353650271892547607e-01 -4.978551715612411499e-02 1.069014146924018860e-02
5.085674162563199934e+04 2.474004179239273071e-01 -4.092797264456748962e-02 -1.404990069568157196e-02
5.085676164213300217e+04 1.600466966629028320e-01 1.221730466932058334e-02 -3.940080851316452026e-02
5.085678165871599776e+04 1.435533314943313599e-01 5.467243865132331848e-02 -5.161811411380767822e-02
5.085680167537999660e+04 1.899790912866592407e-01 8.613199740648269653e-02 -3.878994286060333252e-02
5.085682169213599991e+04 2.202169150114059448e-01 6.047565862536430359e-02 -1.099557429552078247e-02
5.085684170900499885e+04 2.382374405860900879e-01 -1.221730466932058334e-02 2.412917651236057281e-02
5.085686172595799871e+04 2.379320114850997925e-01 -7.941248267889022827e-02 3.970624133944511414e-02
5.085688174299299862e+04 2.306016236543655396e-01 -1.423316001892089844e-01 2.382374368607997894e-02
5.085690176009500283e+04 2.061670273542404175e-01 -1.417207419872283936e-01 -5.161811411380767822e-02
5.085692177727299713e+04 1.905899494886398315e-01 -1.029307916760444641e-01 -1.377501189708709717e-01
5.085694179453200195e+04 1.939497143030166626e-01 -5.619960278272628784e-02 -1.795943826436996460e-01
5.085696181185999740e+04 2.061670273542404175e-01 -4.581489134579896927e-03 -1.673770844936370850e-01
5.085698182925899891e+04 2.037235647439956665e-01 2.443460933864116669e-02 -1.093448773026466370e-01
5.085700184672100295e+04 1.866193264722824097e-01 9.071348607540130615e-02 -6.872233748435974121e-02
5.085702186424699903e+04 1.527163088321685791e-01 6.414084881544113159e-02 -5.497787147760391235e-02
5.085704188184100349e+04 1.750128865242004395e-01 6.536258012056350708e-02 -3.848451003432273865e-02
5.085706189949299733e+04 2.021963894367218018e-01 1.881465017795562744e-01 -4.703662544488906860e-02
5.085708191719999741e+04 1.716531366109848022e-01 1.979203373193740845e-01 -8.674286305904388428e-02
5.085710193496900320e+04 1.282816976308822632e-01 1.771509200334548950e-01 -1.200350224971771240e-01
5.085712195278899890e+04 6.658431142568588257e-02 1.594358235597610474e-01 -1.359175145626068115e-01
5.085714197066600173e+04 6.108652334660291672e-03 1.505782902240753174e-01 -1.423316001892089844e-01
5.085716198858900316e+04 9.773843921720981598e-03 1.194241568446159363e-01 -1.588249653577804565e-01
5.085718200657000125e+04 2.229658141732215881e-02 5.589416995644569397e-02 -1.798998117446899414e-01
5.085720202459100256e+04 -7.513642311096191406e-02 0.000000000000000000e+00 -1.945605874061584473e-01
5.085722204266799963e+04 -1.866193264722824097e-01 -4.367686435580253601e-02 -2.061670273542404175e-01
5.085724206079199939e+04 -2.040289938449859619e-01 -1.127046346664428711e-01 -2.092213481664657593e-01
5.085726207895699918e+04 -1.551597714424133301e-01 -1.545489132404327393e-01 -2.183843255043029785e-01
5.085728209716200217e+04 -4.642575979232788086e-02 -1.346957832574844360e-01 -2.284636050462722778e-01
5.085730211540999881e+04 7.757988572120666504e-02 -3.084869496524333954e-02 -1.762346178293228149e-01
5.085732213369700185e+04 1.780672222375869751e-01 2.015855349600315094e-02 -1.337794959545135498e-01
5.085734215202600171e+04 2.703078687191009521e-01 -4.581489134579896927e-03 -1.368338167667388916e-01
5.085736217039600160e+04 2.840523421764373779e-01 5.345070734620094299e-02 -1.606575548648834229e-01
5.085738215828900138e+04 2.596177160739898682e-01 1.047633886337280273e-01 -1.631010174751281738e-01
5.085740217673000006e+04 1.652390509843826294e-01 5.314527451992034912e-02 -1.621847152709960938e-01
5.085742222572200262e+04 1.010981947183609009e-01 -8.246680721640586853e-03 -1.588249653577804565e-01
5.085744221371699678e+04 7.880161702632904053e-02 -7.055493444204330444e-02 -1.337794959545135498e-01
5.085746223225900030e+04 1.374446786940097809e-02 -1.493565589189529419e-01 -9.682214260101318359e-02
5.085748225083199941e+04 -3.115412779152393341e-02 -1.441642045974731445e-01 -7.422012835741043091e-02
5.085750226943600137e+04 -2.596177347004413605e-02 -1.282816976308822632e-01 -5.925392732024192810e-02
5.085752228806600033e+04 4.428773000836372375e-02 -1.075122803449630737e-01 -3.451388701796531677e-02
5.085754230672599806e+04 1.148426681756973267e-01 -5.711590126156806946e-02 -1.313360314816236496e-02
5.085756232541499776e+04 1.554652005434036255e-01 -7.299839705228805542e-02 3.054326213896274567e-02
5.085758234412699676e+04 1.337794959545135498e-01 -2.046398632228374481e-02 6.566801667213439941e-02
5.085760236286599684e+04 7.635815534740686417e-03 -2.687807008624076843e-02 6.566801667213439941e-02
5.085762241214499954e+04 -1.304197311401367188e-01 -7.024950347840785980e-03 4.856378585100173950e-02
5.085764240042000165e+04 -3.701843321323394775e-01 5.070181563496589661e-02 3.634648025035858154e-02
5.085766241923200141e+04 -5.952881574630737305e-01 1.948660165071487427e-01 5.192354787141084671e-03
5.085768243806299870e+04 -6.469063162803649902e-01 2.767219543457031250e-01 -1.954768784344196320e-02
5.085770245691700256e+04 -5.244278311729431152e-01 2.351831197738647461e-01 -1.374446786940097809e-02
5.085772247579100076e+04 -2.275473028421401978e-01 9.896016865968704224e-02 3.665191587060689926e-03
5.085774249468399648e+04 9.529497474431991577e-02 2.901609987020492554e-02 3.665191307663917542e-02
5.085776251359799789e+04 2.730567753314971924e-01 -4.856378585100173950e-02 6.688974797725677490e-02
5.085778253253400180e+04 3.875939846038818359e-01 -2.159408628940582275e-01 6.444628536701202393e-02
5.085780255148900324e+04 4.309654235839843750e-01 -3.307835161685943604e-01 1.557706389576196671e-02
5.085782257046500308e+04 3.686571717262268066e-01 -3.857614099979400635e-01 -3.054326225537806749e-04
5.085784258945799957e+04 1.948660165071487427e-01 -3.659082949161529541e-01 1.435533352196216583e-02
5.085786260846899677e+04 8.704829961061477661e-02 -2.651155292987823486e-01 1.985312066972255707e-02
5.085788262749499700e+04 6.994406878948211670e-02 -1.566869318485260010e-01 -1.099557429552078247e-02
5.085790264653600025e+04 4.489859566092491150e-02 1.802052557468414307e-02 -3.390302136540412903e-02
5.085792266559300333e+04 -5.436700582504272461e-02 8.185594528913497925e-02 -6.108652334660291672e-03
5.085794265414799884e+04 5.803219974040985107e-03 -2.565634064376354218e-02 6.414084881544113159e-02
5.085796270375300082e+04 1.334740519523620605e-01 -6.383541971445083618e-02 1.090394482016563416e-01
5.085798269233699830e+04 2.171625941991806030e-01 -1.795943826436996460e-01 1.209513172507286072e-01
5.085800271145100123e+04 2.333505302667617798e-01 -2.626720666885375977e-01 1.200350224971771240e-01
5.085802273057999992e+04 2.193006277084350586e-01 -2.040289938449859619e-01 1.139263659715652466e-01
5.085804274972099665e+04 1.695151031017303467e-01 -5.039638280868530273e-02 8.521570265293121338e-02
5.085806276887199783e+04 5.039638280868530273e-02 5.100724846124649048e-02 2.046398632228374481e-02
5.085808278803800204e+04 -7.788532227277755737e-02 1.249219402670860291e-01 -7.605272531509399414e-02
5.085810280721400341e+04 -6.291911751031875610e-02 1.780672222375869751e-01 -1.334740519523620605e-01
5.085812282640000194e+04 -1.029307916760444641e-01 2.580905556678771973e-01 -2.055561542510986328e-01
5.085814284559700172e+04 -2.852740585803985596e-01 2.803871333599090576e-01 -2.333505302667617798e-01
5.085816286480300187e+04 -3.289509415626525879e-01 2.626720666885375977e-01 -2.177734673023223877e-01
5.085818288402000326e+04 -1.572978049516677856e-01 2.351831197738647461e-01 -1.765400618314743042e-01
5.085820290324799862e+04 8.124507963657379150e-02 2.009746730327606201e-01 -1.493565589189529419e-01
5.085822292248500162e+04 1.093448773026466370e-01 1.811215430498123169e-01 -1.692096740007400513e-01
5.085824294173299859e+04 4.428773000836372375e-02 6.078109145164489746e-02 -1.841758787631988525e-01
5.085826296099000319e+04 -3.207042440772056580e-02 5.742133408784866333e-02 -1.823432743549346924e-01
5.085828298025499680e+04 -1.893682219088077545e-02 1.563815027475357056e-01 -1.701259762048721313e-01
5.085830299952899804e+04 7.513642311096191406e-02 2.532036304473876953e-01 -1.148426681756973267e-01
5.085832301881100284e+04 1.062905490398406982e-01 3.032945990562438965e-01 -5.558873713016510010e-02
5.085834303809999983e+04 3.634648025035858154e-02 2.046398520469665527e-01 -1.527163106948137283e-02
5.085836305739700038e+04 -5.772676691412925720e-02 1.035416573286056519e-01 -1.802052557468414307e-02
5.085838307670199720e+04 -7.299839705228805542e-02 6.108652451075613499e-04 -4.245513305068016052e-02
5.085840309601299668e+04 -1.985312066972255707e-02 -4.398229718208312988e-02 -8.552113175392150879e-02
5.085842311533199972e+04 -2.901609987020492554e-02 -1.252273749560117722e-02 -1.249219402670860291e-01
5.085844313465699815e+04 -8.827003091573715210e-02 7.086037099361419678e-02 -1.811215430498123169e-01
5.085846315398900333e+04 -1.518000066280364990e-01 1.939497143030166626e-01 -2.110539376735687256e-01
5.085848317332599981e+04 -2.470949888229370117e-01 2.959642112255096436e-01 -2.186897546052932739e-01
5.085850319266899896e+04 -2.648100852966308594e-01 2.495384514331817627e-01 -1.991420686244964600e-01
5.085852321202000167e+04 -1.988366395235061646e-01 1.631010174751281738e-01 -1.487456858158111572e-01
5.085852821201999905e+04 -9.987647086381912231e-02 1.004873365163803101e-01 -7.147123664617538452e-02
5.085853321201999643e+04 -9.987647086381912231e-02 1.004873365163803101e-01 -7.147123664617538452e-02
5.085853821202000108e+04 -9.987647086381912231e-02 1.004873365163803101e-01 -7.147123664617538452e-02
5.085854353654899751e+04 -9.987647086381912231e-02 1.004873365163803101e-01 -7.147123664617538452e-02
5.085855217294899921e+04 -6.780604273080825806e-02 4.459316283464431763e-02 -3.970624133944511414e-02
5.085855717294899659e+04 -3.207042440772056580e-02 2.932153269648551941e-02 -1.130100712180137634e-02
5.085856373901399638e+04 -3.207042440772056580e-02 2.932153269648551941e-02 -1.130100712180137634e-02
5.085857219231199997e+04 7.330383174121379852e-03 1.374446786940097809e-02 9.773843921720981598e-03
5.085857719231199735e+04 5.131268128752708435e-02 -1.099557429552078247e-02 2.932153269648551941e-02
5.085858375837899803e+04 5.131268128752708435e-02 -1.099557429552078247e-02 2.932153269648551941e-02
5.085859221168100339e+04 9.071348607540130615e-02 -5.925392732024192810e-02 4.123340547084808350e-02
5.085859721168100077e+04 1.172861307859420776e-01 -1.194241568446159363e-01 4.062253981828689575e-02
5.085860377775099914e+04 1.172861307859420776e-01 -1.194241568446159363e-01 4.062253981828689575e-02
5.085861223105400131e+04 1.264491081237792969e-01 -1.588249653577804565e-01 2.840523421764373779e-02
5.085861723105399869e+04 1.185078546404838562e-01 -1.820378452539443970e-01 -6.108652451075613499e-04
5.085862379712700204e+04 1.185078546404838562e-01 -1.820378452539443970e-01 -6.108652451075613499e-04
5.085863225043300190e+04 1.035416573286056519e-01 -1.918116807937622070e-01 -4.276056587696075439e-02
5.085863725043299928e+04 8.002334833145141602e-02 -1.811215430498123169e-01 -9.560041129589080811e-02
5.085864381650900032e+04 8.002334833145141602e-02 -1.811215430498123169e-01 -9.560041129589080811e-02
5.085865226981599699e+04 6.627888232469558716e-02 -1.725694388151168823e-01 -1.536326110363006592e-01
5.085865726981600164e+04 3.817907720804214478e-02 -1.707368344068527222e-01 -2.037235647439956665e-01
5.085866383589400357e+04 3.817907720804214478e-02 -1.707368344068527222e-01 -2.037235647439956665e-01
5.085867228920399793e+04 2.871066704392433167e-02 -1.713477075099945068e-01 -2.257147133350372314e-01
5.085867728920400259e+04 1.069014146924018860e-02 -1.704314053058624268e-01 -2.574796974658966064e-01
5.085868385528599902e+04 1.069014146924018860e-02 -1.704314053058624268e-01 -2.574796974658966064e-01
5.085869230859800155e+04 1.069014146924018860e-02 -1.579086631536483765e-01 -2.681698501110076904e-01
5.085869730859799893e+04 3.695734590291976929e-02 -1.444696336984634399e-01 -2.565633952617645264e-01
5.085870387468200352e+04 3.695734590291976929e-02 -1.444696336984634399e-01 -2.565633952617645264e-01
5.085871232799599966e+04 7.055493444204330444e-02 -1.594358235597610474e-01 -2.278527319431304932e-01
5.085871732799599704e+04 1.041525229811668396e-01 -1.936442852020263672e-01 -1.945605874061584473e-01
5.085872389408200252e+04 1.041525229811668396e-01 -1.936442852020263672e-01 -1.945605874061584473e-01
5.085873234739700274e+04 1.417207419872283936e-01 -2.211332172155380249e-01 -1.569923609495162964e-01
5.085873734739700012e+04 1.667662113904953003e-01 -2.406809031963348389e-01 -1.114829108119010925e-01
5.085874391348700010e+04 1.667662113904953003e-01 -2.406809031963348389e-01 -1.114829108119010925e-01
5.085875236680299713e+04 1.869247704744338989e-01 -2.660318017005920410e-01 -6.963863968849182129e-02
5.085875736680300179e+04 2.205223590135574341e-01 -3.054326176643371582e-01 -2.779436856508255005e-02
5.085876393289500265e+04 2.205223590135574341e-01 -3.054326176643371582e-01 -2.779436856508255005e-02
5.085877238621300057e+04 2.761110961437225342e-01 -3.396410644054412842e-01 1.435533352196216583e-02
5.085877738621299795e+04 3.310889601707458496e-01 -3.488040566444396973e-01 6.261368840932846069e-02
5.085878395230699971e+04 3.310889601707458496e-01 -3.488040566444396973e-01 6.261368840932846069e-02
5.085879240562699852e+04 3.518583774566650391e-01 -3.646865487098693848e-01 1.108720451593399048e-01
5.085879740562700317e+04 3.988949954509735107e-01 -4.135557711124420166e-01 1.530217379331588745e-01
5.085880394120499841e+04 3.988949954509735107e-01 -4.135557711124420166e-01 1.530217379331588745e-01
5.085881242504400143e+04 4.141666293144226074e-01 -4.822781085968017578e-01 1.725694388151168823e-01
5.085881742504399881e+04 4.434881806373596191e-01 -5.192354321479797363e-01 2.003637999296188354e-01
5.085882396062400221e+04 4.434881806373596191e-01 -5.192354321479797363e-01 2.003637999296188354e-01
5.085883241394699871e+04 4.648684561252593994e-01 -5.946773290634155273e-01 2.116648107767105103e-01
5.085883741394700337e+04 4.737260043621063232e-01 -6.621779203414916992e-01 2.147191315889358521e-01
5.085884398004700051e+04 4.737260043621063232e-01 -6.621779203414916992e-01 2.147191315889358521e-01
5.085885243337100110e+04 4.593706727027893066e-01 -7.107416987419128418e-01 2.031126916408538818e-01
5.085885743337099848e+04 4.141666293144226074e-01 -7.281513810157775879e-01 1.716531366109848022e-01
5.085886402998999984e+04 4.141666293144226074e-01 -7.281513810157775879e-01 1.716531366109848022e-01
5.085887245279899798e+04 3.469714522361755371e-01 -7.089090943336486816e-01 1.337794959545135498e-01
5.085887745279900264e+04 2.861903607845306396e-01 -6.597344875335693359e-01 9.834930300712585449e-02
5.085888401890300156e+04 2.861903607845306396e-01 -6.597344875335693359e-01 9.834930300712585449e-02
5.085889247222999984e+04 2.550362348556518555e-01 -6.215553879737854004e-01 6.841690838336944580e-02
5.085889747222999722e+04 2.446515262126922607e-01 -6.276640295982360840e-01 4.520402848720550537e-02
5.085890403833500022e+04 2.446515262126922607e-01 -6.276640295982360840e-01 4.520402848720550537e-02
5.085891249166399939e+04 2.318233549594879150e-01 -6.459900140762329102e-01 2.962696366012096405e-02
5.085891749166399677e+04 2.092213481664657593e-01 -6.423248052597045898e-01 2.443460980430245399e-03
5.085892408828900079e+04 2.092213481664657593e-01 -6.423248052597045898e-01 2.443460980430245399e-03
5.085893251110099663e+04 1.942551434040069580e-01 -6.062837839126586914e-01 -3.115412779152393341e-02
5.085893751110100129e+04 1.536326110363006592e-01 -5.626068711280822754e-01 -6.047565862536430359e-02
5.085894407720999880e+04 1.536326110363006592e-01 -5.626068711280822754e-01 -6.047565862536430359e-02
5.085895253054099885e+04 1.524108797311782837e-01 -5.293147563934326172e-01 -7.177666574716567993e-02
5.085895753054100351e+04 1.658499091863632202e-01 -5.146539807319641113e-01 -8.979719132184982300e-02
5.085896409665099782e+04 1.658499091863632202e-01 -5.146539807319641113e-01 -8.979719132184982300e-02
5.085897254998300195e+04 1.740965992212295532e-01 -4.923573732376098633e-01 -1.029307916760444641e-01
5.085897754998299934e+04 1.707368344068527222e-01 -4.795292317867279053e-01 -1.084285825490951538e-01
5.085898411609599862e+04 1.707368344068527222e-01 -4.795292317867279053e-01 -1.084285825490951538e-01
5.085899256942899956e+04 1.603521257638931274e-01 -4.731151461601257324e-01 -1.056796908378601074e-01
5.085899756942899694e+04 1.453859210014343262e-01 -4.447098970413208008e-01 -8.949175477027893066e-02
5.085900413554200350e+04 1.453859210014343262e-01 -4.447098970413208008e-01 -8.949175477027893066e-02
5.085901258887699805e+04 1.160643994808197021e-01 -3.854559659957885742e-01 -7.849618047475814819e-02
5.085901758887700271e+04 7.177666574716567993e-02 -3.152064681053161621e-01 -7.452555745840072632e-02
5.085902415499099880e+04 7.177666574716567993e-02 -3.152064681053161621e-01 -7.452555745840072632e-02
5.085903260832699743e+04 3.115412779152393341e-02 -2.458732575178146362e-01 -7.391469180583953857e-02
5.085903760832700209e+04 -6.108652334660291672e-03 -1.872301995754241943e-01 -7.666359096765518188e-02
5.085904417444400315e+04 -6.108652334660291672e-03 -1.872301995754241943e-01 -7.666359096765518188e-02
5.085905262778000179e+04 -4.520402848720550537e-02 -1.243110746145248413e-01 -7.666359096765518188e-02
5.085905762777999917e+04 -8.002334833145141602e-02 -6.200282275676727295e-02 -5.864306539297103882e-02
5.085906422441599716e+04 -8.002334833145141602e-02 -6.200282275676727295e-02 -5.864306539297103882e-02
5.085907264723499975e+04 -1.157589629292488098e-01 6.108652451075613499e-04 -2.932153269648551941e-02
5.085907764723499713e+04 -1.579086631536483765e-01 6.933320313692092896e-02 2.748893573880195618e-03
5.085908421335500316e+04 -1.579086631536483765e-01 6.933320313692092896e-02 2.748893573880195618e-03
5.085909266669300268e+04 -1.808161139488220215e-01 1.298088580369949341e-01 1.710422709584236145e-02
5.085909766669300006e+04 -2.144137024879455566e-01 1.533271819353103638e-01 3.237585723400115967e-02
5.085910423281400290e+04 -2.144137024879455566e-01 1.533271819353103638e-01 3.237585723400115967e-02
5.085911268615400331e+04 -2.254092693328857422e-01 1.777617931365966797e-01 3.573561832308769226e-02
5.085911768615400069e+04 -2.034181207418441772e-01 1.521054506301879883e-01 3.604105114936828613e-02
5.085912425227600033e+04 -2.034181207418441772e-01 1.521054506301879883e-01 3.604105114936828613e-02
5.085913270561699755e+04 -1.056796908378601074e-01 7.574728876352310181e-02 3.237585723400115967e-02
5.085913770561700221e+04 2.260201424360275269e-02 -1.099557429552078247e-02 3.084869496524333954e-02
5.085914427173999866e+04 2.260201424360275269e-02 -1.099557429552078247e-02 3.084869496524333954e-02
5.085915272508199996e+04 9.834930300712585449e-02 -4.917465150356292725e-02 2.260201424360275269e-02
5.085915772508199734e+04 1.038470938801765442e-01 -4.917465150356292725e-02 1.649336144328117371e-02
5.085916429120599787e+04 1.038470938801765442e-01 -4.917465150356292725e-02 1.649336144328117371e-02
5.085917274454900326e+04 9.468411654233932495e-02 8.643743395805358887e-02 1.710422709584236145e-02
5.085917774454900064e+04 1.246165111660957336e-01 1.353066563606262207e-01 1.985312066972255707e-02
5.085918431067399797e+04 1.246165111660957336e-01 1.353066563606262207e-01 1.985312066972255707e-02
5.085919276401700336e+04 1.777617931365966797e-01 1.069014146924018860e-01 2.321287989616394043e-02
5.085919776401700074e+04 2.263255715370178223e-01 4.734205827116966248e-02 2.474004216492176056e-02
5.085920433014399896e+04 2.263255715370178223e-01 4.734205827116966248e-02 2.474004216492176056e-02
5.085921278348800115e+04 2.709187269210815430e-01 4.734205827116966248e-02 1.985312066972255707e-02
5.085921778348799853e+04 2.861903607845306396e-01 -3.390302136540412903e-02 7.024950347840785980e-03
5.085922434961699764e+04 2.861903607845306396e-01 -3.390302136540412903e-02 7.024950347840785980e-03
5.085923280296099983e+04 2.791654169559478760e-01 -4.917465150356292725e-02 6.108652451075613499e-04
5.085923780296099721e+04 2.501493096351623535e-01 -5.467243865132331848e-02 -1.221730466932058334e-02
5.085924436909100041e+04 2.501493096351623535e-01 -5.467243865132331848e-02 -1.221730466932058334e-02
5.085925282243599941e+04 2.125810980796813965e-01 -6.108652427792549133e-02 -2.779436856508255005e-02
5.085925782243599679e+04 1.652390509843826294e-01 -7.849618047475814819e-02 -3.054326213896274567e-02
5.085926438856699679e+04 1.652390509843826294e-01 -7.849618047475814819e-02 -3.054326213896274567e-02
5.085927284191299987e+04 1.215621829032897949e-01 -1.047633886337280273e-01 -1.588249579071998596e-02
5.085927784191299725e+04 8.979719132184982300e-02 -1.295034289360046387e-01 3.970623947679996490e-03
5.085928443856100057e+04 8.979719132184982300e-02 -1.295034289360046387e-01 3.970623947679996490e-03
5.085929286139099713e+04 6.719517707824707031e-02 -1.579086631536483765e-01 2.657263725996017456e-02
5.085929786139100179e+04 5.833763256669044495e-02 -1.753183305263519287e-01 5.009094998240470886e-02
5.085930445804000192e+04 5.833763256669044495e-02 -1.753183305263519287e-01 5.009094998240470886e-02
5.085931291138799861e+04 5.345070734620094299e-02 -1.789835095405578613e-01 6.414084881544113159e-02
5.085931791138800327e+04 6.017022579908370972e-02 -1.716531366109848022e-01 6.566801667213439941e-02
5.085932444700299675e+04 6.017022579908370972e-02 -1.716531366109848022e-01 6.566801667213439941e-02
5.085933290035199752e+04 8.277224004268646240e-02 -1.591303944587707520e-01 6.047565862536430359e-02
5.085933790035200218e+04 1.139263659715652466e-01 -1.536326110363006592e-01 4.581489413976669312e-02
5.085934446648599987e+04 1.139263659715652466e-01 -1.536326110363006592e-01 4.581489413976669312e-02
5.085935291983500065e+04 1.334740519523620605e-01 -1.502728462219238281e-01 2.596177347004413605e-02
5.085935791983499803e+04 1.322523206472396851e-01 -1.368338167667388916e-01 2.748893573880195618e-03
5.085936448596999981e+04 1.322523206472396851e-01 -1.368338167667388916e-01 2.748893573880195618e-03
5.085937296983700071e+04 1.246165111660957336e-01 -1.075122803449630737e-01 -1.007927674800157547e-02
5.085937796983699809e+04 9.957103431224822998e-02 -9.010262042284011841e-02 -3.604105114936828613e-02
5.085938450545600062e+04 9.957103431224822998e-02 -9.010262042284011841e-02 -3.604105114936828613e-02
5.085939295880599821e+04 6.475171446800231934e-02 -5.589416995644569397e-02 -5.742133408784866333e-02
5.085939795880600286e+04 3.756821155548095703e-02 -2.596177347004413605e-02 -7.483099400997161865e-02
5.085940452494299825e+04 3.756821155548095703e-02 -2.596177347004413605e-02 -7.483099400997161865e-02
5.085941297829399991e+04 1.588249579071998596e-02 6.108652451075613499e-04 -8.674286305904388428e-02
5.085941797829399729e+04 -2.443460980430245399e-03 3.329215571284294128e-02 -9.315694868564605713e-02
5.085942457494900009e+04 -2.443460980430245399e-03 3.329215571284294128e-02 -9.315694868564605713e-02
5.085943299778200162e+04 -1.069014146924018860e-02 5.894849449396133423e-02 -9.346238523721694946e-02
5.085943799778199900e+04 -1.374446786940097809e-02 7.116580009460449219e-02 -9.560041129589080811e-02
5.085944459443799860e+04 -1.374446786940097809e-02 7.116580009460449219e-02 -9.560041129589080811e-02
5.085945301727300102e+04 -9.162978269159793854e-03 7.910704612731933594e-02 -1.026253625750541687e-01
5.085945801727299840e+04 1.527163083665072918e-03 7.452555745840072632e-02 -1.108720451593399048e-01
5.085946458341200196e+04 1.527163083665072918e-03 7.452555745840072632e-02 -1.108720451593399048e-01
5.085947303676499723e+04 1.832595653831958771e-02 6.536258012056350708e-02 -1.194241568446159363e-01
5.085947803676500189e+04 2.290744706988334656e-02 6.994406878948211670e-02 -1.270599663257598877e-01
5.085948460290399817e+04 2.290744706988334656e-02 6.994406878948211670e-02 -1.270599663257598877e-01
5.085949305625700072e+04 1.496619824320077896e-02 8.704829961061477661e-02 -1.316414624452590942e-01
5.085949805625699810e+04 -8.246680721640586853e-03 1.117883399128913879e-01 -1.288925707340240479e-01
5.085950462239699846e+04 -8.246680721640586853e-03 1.117883399128913879e-01 -1.288925707340240479e-01
5.085951307575099781e+04 -2.351831272244453430e-02 1.432479023933410645e-01 -1.270599663257598877e-01
5.085951807575100247e+04 -5.833763256669044495e-02 1.579086631536483765e-01 -1.279762685298919678e-01
5.085952464189199964e+04 -5.833763256669044495e-02 1.579086631536483765e-01 -1.279762685298919678e-01
5.085953309524500219e+04 -8.765916526317596436e-02 1.716531366109848022e-01 -1.279762685298919678e-01
5.085953809524499957e+04 -1.065959855914115906e-01 1.786780804395675659e-01 -1.276708394289016724e-01
5.085954466138700082e+04 -1.065959855914115906e-01 1.786780804395675659e-01 -1.276708394289016724e-01
5.085955311474199698e+04 -1.191187202930450439e-01 1.924225538969039917e-01 -1.285871267318725586e-01
5.085955811474200164e+04 -1.182024255394935608e-01 2.049452960491180420e-01 -1.340849250555038452e-01
5.085956468088400288e+04 -1.182024255394935608e-01 2.049452960491180420e-01 -1.340849250555038452e-01
5.085957313423899905e+04 -1.160643994808197021e-01 2.159408628940582275e-01 -1.389718502759933472e-01
5.085957813423899643e+04 -1.188132911920547485e-01 2.125810980796813965e-01 -1.374446749687194824e-01
5.085958473090000189e+04 -1.188132911920547485e-01 2.125810980796813965e-01 -1.374446749687194824e-01
5.085959315373800200e+04 -1.185078546404838562e-01 1.942551434040069580e-01 -1.307251602411270142e-01
5.085959815373799938e+04 -1.050688251852989197e-01 1.728748679161071777e-01 -1.221730485558509827e-01
5.085960471988099744e+04 -1.050688251852989197e-01 1.728748679161071777e-01 -1.221730485558509827e-01
5.085961317323699768e+04 -8.338310569524765015e-02 1.466076523065567017e-01 -1.120937690138816833e-01
5.085961817323700234e+04 -5.436700582504272461e-02 1.240056455135345459e-01 -1.047633886337280273e-01
5.085962473938200128e+04 -5.436700582504272461e-02 1.240056455135345459e-01 -1.047633886337280273e-01
5.085963319273800153e+04 -2.840523421764373779e-02 1.017090603709220886e-01 -9.865473955869674683e-02
5.085963819273799891e+04 6.108652451075613499e-04 8.277224004268646240e-02 -8.918632566928863525e-02
5.085964475888200104e+04 6.108652451075613499e-04 8.277224004268646240e-02 -8.918632566928863525e-02
5.085965321223899809e+04 1.557706389576196671e-02 7.483099400997161865e-02 -8.368854224681854248e-02
5.085965821223900275e+04 4.062253981828689575e-02 7.116580009460449219e-02 -7.544185966253280640e-02
5.085966477838499850e+04 4.062253981828689575e-02 7.116580009460449219e-02 -7.544185966253280640e-02
5.085967323174200283e+04 5.222897976636886597e-02 5.772676691412925720e-02 -6.963863968849182129e-02
5.085967823174200021e+04 6.169738993048667908e-02 3.726277872920036316e-02 -6.566801667213439941e-02
5.085968476736899902e+04 6.169738993048667908e-02 3.726277872920036316e-02 -6.566801667213439941e-02
5.085969325124400348e+04 6.291911751031875610e-02 2.718350291252136230e-02 -6.383541971445083618e-02
5.085969825124400086e+04 5.619960278272628784e-02 2.260201424360275269e-02 -6.688974797725677490e-02
5.085970478687300056e+04 5.619960278272628784e-02 2.260201424360275269e-02 -6.688974797725677490e-02
5.085971327074900182e+04 4.550946131348609924e-02 1.710422709584236145e-02 -7.544185966253280640e-02
5.085971827074899920e+04 1.893682219088077545e-02 1.649336144328117371e-02 -8.063421398401260376e-02
5.085972483689500223e+04 1.893682219088077545e-02 1.649336144328117371e-02 -8.063421398401260376e-02
5.085973329025300336e+04 -1.832595653831958771e-02 1.313360314816236496e-02 -8.338310569524765015e-02
5.085973829025300074e+04 -4.703662544488906860e-02 1.435533352196216583e-02 -8.613199740648269653e-02
5.085974485640000057e+04 -4.703662544488906860e-02 1.435533352196216583e-02 -8.613199740648269653e-02
5.085975330975899851e+04 -6.933320313692092896e-02 1.527163106948137283e-02 -9.040805697441101074e-02
5.085975830975900317e+04 -9.498954564332962036e-02 2.351831272244453430e-02 -9.498954564332962036e-02
5.085976484538899967e+04 -9.498954564332962036e-02 2.351831272244453430e-02 -9.498954564332962036e-02
5.085977332926599775e+04 -1.114829108119010925e-01 4.123340547084808350e-02 -1.007927656173706055e-01
5.085977832926600240e+04 -1.200350224971771240e-01 5.803219974040985107e-02 -1.065959855914115906e-01
5.085978486489599891e+04 -1.200350224971771240e-01 5.803219974040985107e-02 -1.065959855914115906e-01
5.085979334877299698e+04 -1.157589629292488098e-01 7.360926270484924316e-02 -1.081231459975242615e-01
5.085979834877300163e+04 -9.865473955869674683e-02 8.002334833145141602e-02 -1.072068512439727783e-01
5.085980488440400222e+04 -9.865473955869674683e-02 8.002334833145141602e-02 -1.072068512439727783e-01
5.085981333776399697e+04 -7.544185966253280640e-02 8.765916526317596436e-02 -1.032362282276153564e-01
5.085981833776400163e+04 -5.039638280868530273e-02 8.765916526317596436e-02 -1.032362282276153564e-01
5.085982490391300234e+04 -5.039638280868530273e-02 8.765916526317596436e-02 -1.032362282276153564e-01
5.085983335727200028e+04 -2.871066704392433167e-02 8.704829961061477661e-02 -1.035416573286056519e-01
5.085983835727199767e+04 -2.382374368607997894e-02 8.552113175392150879e-02 -1.029307916760444641e-01
5.085984492342200247e+04 -2.382374368607997894e-02 8.552113175392150879e-02 -1.029307916760444641e-01
5.085985337678199721e+04 -2.962696366012096405e-02 8.827003091573715210e-02 -1.047633886337280273e-01
5.085985837678200187e+04 -3.970624133944511414e-02 9.712757170200347900e-02 -1.078177168965339661e-01
5.085986494293199939e+04 -3.970624133944511414e-02 9.712757170200347900e-02 -1.078177168965339661e-01
5.085987339629299822e+04 -5.528330430388450623e-02 9.926560521125793457e-02 -1.090394482016563416e-01
5.085987839629300288e+04 -6.444628536701202393e-02 9.987647086381912231e-02 -1.151480972766876221e-01
5.085988496244300040e+04 -6.444628536701202393e-02 9.987647086381912231e-02 -1.151480972766876221e-01
5.085989344631999847e+04 -6.719517707824707031e-02 1.078177168965339661e-01 -1.227839142084121704e-01
5.085989844632000313e+04 -7.483099400997161865e-02 1.114829108119010925e-01 -1.298088580369949341e-01
5.085990501247200154e+04 -7.483099400997161865e-02 1.114829108119010925e-01 -1.298088580369949341e-01
5.085991349634999642e+04 -8.307767659425735474e-02 1.172861307859420776e-01 -1.374446749687194824e-01
5.085991849635000108e+04 -8.796459436416625977e-02 1.264491081237792969e-01 -1.398881375789642334e-01
5.085992548974700185e+04 -8.796459436416625977e-02 1.264491081237792969e-01 -1.398881375789642334e-01
5.085993443138900329e+04 -8.918632566928863525e-02 1.383609771728515625e-01 -1.404990106821060181e-01
5.085993943138900067e+04 -9.346238523721694946e-02 1.429424732923507690e-01 -1.386664062738418579e-01
5.085994517356599681e+04 -9.346238523721694946e-02 1.429424732923507690e-01 -1.386664062738418579e-01
5.085995350485700328e+04 -1.014036312699317932e-01 1.487456858158111572e-01 -1.343903541564941406e-01
5.085995850485700066e+04 -9.560041129589080811e-02 1.481348276138305664e-01 -1.298088580369949341e-01
5.085996507100899908e+04 -9.560041129589080811e-02 1.481348276138305664e-01 -1.298088580369949341e-01
5.085997349385300186e+04 -8.246681094169616699e-02 1.426370292901992798e-01 -1.255328059196472168e-01
5.085997849385299924e+04 -6.963863968849182129e-02 1.380555480718612671e-01 -1.218676194548606873e-01
5.085998509052299778e+04 -6.963863968849182129e-02 1.380555480718612671e-01 -1.218676194548606873e-01
5.085999351336700056e+04 -5.619960278272628784e-02 1.334740519523620605e-01 -1.157589629292488098e-01
5.085999851336699794e+04 -3.756821155548095703e-02 1.316414624452590942e-01 -1.127046346664428711e-01
5.086000507952000044e+04 -3.756821155548095703e-02 1.316414624452590942e-01 -1.127046346664428711e-01
5.086001353288200335e+04 -2.718350291252136230e-02 1.432479023933410645e-01 -1.136209368705749512e-01
5.086001853288200073e+04 -2.474004216492176056e-02 1.463022232055664062e-01 -1.120937690138816833e-01
5.086002509903399914e+04 -2.474004216492176056e-02 1.463022232055664062e-01 -1.120937690138816833e-01
5.086003355239600205e+04 -2.229658141732215881e-02 1.432479023933410645e-01 -1.072068512439727783e-01
5.086003855239599943e+04 -1.740965992212295532e-02 1.423316001892089844e-01 -1.010981947183609009e-01
5.086004511854900193e+04 -1.740965992212295532e-02 1.423316001892089844e-01 -1.010981947183609009e-01
5.086005357191200164e+04 -9.468411095440387726e-03 1.408044397830963135e-01 -9.896016865968704224e-02
5.086005857191199902e+04 -1.221730490215122700e-03 1.453859210014343262e-01 -9.560041129589080811e-02
5.086006513806500152e+04 -1.221730490215122700e-03 1.453859210014343262e-01 -9.560041129589080811e-02
5.086007359142800124e+04 -9.162978967651724815e-04 1.542434692382812500e-01 -9.346238523721694946e-02
5.086007859142799862e+04 -1.038470957428216934e-02 1.615738570690155029e-01 -8.796459436416625977e-02
5.086008518809900124e+04 -1.038470957428216934e-02 1.615738570690155029e-01 -8.796459436416625977e-02
5.086009361094499764e+04 -2.076941914856433868e-02 1.820378452539443970e-01 -8.368854224681854248e-02
5.086009861094500229e+04 -3.207042440772056580e-02 1.982257664203643799e-01 -8.002334833145141602e-02
5.086010517709799751e+04 -3.207042440772056580e-02 1.982257664203643799e-01 -8.002334833145141602e-02
5.086011363046099723e+04 -4.276056587696075439e-02 2.098322063684463501e-01 -7.941248267889022827e-02
5.086011863046100189e+04 -4.825835302472114563e-02 2.196060568094253540e-01 -8.307767659425735474e-02
5.086012519661500119e+04 -4.825835302472114563e-02 2.196060568094253540e-01 -8.307767659425735474e-02
5.086013364997899771e+04 -5.100724846124649048e-02 2.241875380277633667e-01 -8.399397134780883789e-02
5.086013864997900237e+04 -5.436700582504272461e-02 2.293798923492431641e-01 -8.674286305904388428e-02
5.086014521613300167e+04 -5.436700582504272461e-02 2.293798923492431641e-01 -8.674286305904388428e-02
5.086015366949699819e+04 -5.131268128752708435e-02 2.367102801799774170e-01 -9.468411654233932495e-02
5.086015866949700285e+04 -4.917465150356292725e-02 2.382374405860900879e-01 -9.926560521125793457e-02
5.086016523565199896e+04 -4.917465150356292725e-02 2.382374405860900879e-01 -9.926560521125793457e-02
5.086017368901499867e+04 -4.642575979232788086e-02 2.318233549594879150e-01 -1.044579595327377319e-01
5.086017868901500333e+04 -4.306599870324134827e-02 2.269364446401596069e-01 -1.078177168965339661e-01
5.086018525516999944e+04 -4.306599870324134827e-02 2.269364446401596069e-01 -1.078177168965339661e-01
5.086019370853299915e+04 -4.092797264456748962e-02 2.205223590135574341e-01 -1.114829108119010925e-01
5.086019870853299653e+04 -3.145955875515937805e-02 2.064724564552307129e-01 -1.194241568446159363e-01
5.086020527468799992e+04 -3.145955875515937805e-02 2.064724564552307129e-01 -1.194241568446159363e-01
5.086021372805199644e+04 -2.535090781748294830e-02 1.908953934907913208e-01 -1.224784851074218750e-01
5.086021872805200110e+04 -2.138028293848037720e-02 1.835650056600570679e-01 -1.240056455135345459e-01
5.086022529420699721e+04 -2.138028293848037720e-02 1.835650056600570679e-01 -1.240056455135345459e-01
5.086023374757199781e+04 -1.710422709584236145e-02 1.704314053058624268e-01 -1.197295859456062317e-01
5.086023874757200247e+04 1.221730490215122700e-03 1.618792861700057983e-01 -1.203404515981674194e-01
5.086024531372699857e+04 1.221730490215122700e-03 1.618792861700057983e-01 -1.203404515981674194e-01
5.086025376709199918e+04 1.740965992212295532e-02 1.542434692382812500e-01 -1.191187202930450439e-01
5.086025876709199656e+04 3.054326213896274567e-02 1.481348276138305664e-01 -1.111774742603302002e-01
5.086026533324799675e+04 3.054326213896274567e-02 1.481348276138305664e-01 -1.111774742603302002e-01
5.086027378661200055e+04 4.184427112340927124e-02 1.377501189708709717e-01 -1.056796908378601074e-01
5.086027878661199793e+04 5.436700582504272461e-02 1.218676194548606873e-01 -1.050688251852989197e-01
5.086028538328500144e+04 5.436700582504272461e-02 1.218676194548606873e-01 -1.050688251852989197e-01
5.086029380613200192e+04 6.627888232469558716e-02 1.065959855914115906e-01 -1.020144969224929810e-01
5.086029880613199930e+04 7.819075137376785278e-02 9.101892262697219849e-02 -9.896016865968704224e-02
5.086030537228799949e+04 7.819075137376785278e-02 9.101892262697219849e-02 -9.896016865968704224e-02
5.086031382565300009e+04 8.429940044879913330e-02 7.269296050071716309e-02 -8.979719132184982300e-02
5.086031882565299748e+04 8.796459436416625977e-02 5.650503560900688171e-02 -7.666359096765518188e-02
5.086032539180899767e+04 8.796459436416625977e-02 5.650503560900688171e-02 -7.666359096765518188e-02
5.086033384517500235e+04 7.910704612731933594e-02 4.642575979232788086e-02 -6.719517707824707031e-02
5.086033884517499973e+04 7.147123664617538452e-02 3.512475267052650452e-02 -6.811147183179855347e-02
5.086034541133099992e+04 7.147123664617538452e-02 3.512475267052650452e-02 -6.811147183179855347e-02
5.086035386469699733e+04 6.902777403593063354e-02 2.779436856508255005e-02 -7.055493444204330444e-02
5.086035886469700199e+04 6.047565862536430359e-02 2.412917651236057281e-02 -7.422012835741043091e-02
5.086036543085399899e+04 6.047565862536430359e-02 2.412917651236057281e-02 -7.422012835741043091e-02
5.086037388421899959e+04 5.131268128752708435e-02 1.191187184303998947e-02 -7.757988572120666504e-02
5.086037888421899697e+04 5.283984541893005371e-02 5.192354787141084671e-03 -8.093964308500289917e-02
5.086038545037600124e+04 5.283984541893005371e-02 5.192354787141084671e-03 -8.093964308500289917e-02
5.086039390374100185e+04 5.925392732024192810e-02 4.581489134579896927e-03 -8.338310569524765015e-02
5.086039890374099923e+04 5.161811411380767822e-02 -1.527163083665072918e-03 -7.788532227277755737e-02
5.086040546989800350e+04 5.161811411380767822e-02 -1.527163083665072918e-03 -7.788532227277755737e-02
5.086041392326299683e+04 4.795292019844055176e-02 -1.282817032188177109e-02 -7.360926270484924316e-02
5.086041892326300149e+04 5.681046843528747559e-02 -2.260201424360275269e-02 -7.422012835741043091e-02
5.086042548941999848e+04 5.681046843528747559e-02 -2.260201424360275269e-02 -7.422012835741043091e-02
5.086043394278499909e+04 6.108652427792549133e-02 -2.687807008624076843e-02 -7.574728876352310181e-02
5.086043894278499647e+04 5.925392732024192810e-02 -2.901609987020492554e-02 -7.757988572120666504e-02
5.086044550894200074e+04 5.925392732024192810e-02 -2.901609987020492554e-02 -7.757988572120666504e-02
5.086045396230700135e+04 5.467243865132331848e-02 -3.420845419168472290e-02 -7.513642311096191406e-02
5.086045896230699873e+04 4.856378585100173950e-02 -3.940080851316452026e-02 -7.574728876352310181e-02
5.086046552846499981e+04 4.856378585100173950e-02 -3.940080851316452026e-02 -7.574728876352310181e-02
5.086047398183200130e+04 3.390302136540412903e-02 -3.268129006028175354e-02 -8.155050873756408691e-02
5.086047898183199868e+04 1.374446786940097809e-02 -1.954768784344196320e-02 -8.857546001672744751e-02
5.086048551747199963e+04 1.374446786940097809e-02 -1.954768784344196320e-02 -8.857546001672744751e-02
5.086049400135599717e+04 4.276056773960590363e-03 -1.435533352196216583e-02 -9.162978827953338623e-02
5.086049900135600183e+04 -1.710422709584236145e-02 -1.435533352196216583e-02 -1.007927656173706055e-01
5.086050556751400291e+04 -1.710422709584236145e-02 -1.435533352196216583e-02 -1.007927656173706055e-01
5.086051402088000032e+04 -3.329215571284294128e-02 -1.771509274840354919e-02 -1.038470938801765442e-01
5.086051902087999770e+04 -4.276056587696075439e-02 -2.504547499120235443e-02 -1.133155003190040588e-01
5.086052558703799878e+04 -4.276056587696075439e-02 -2.504547499120235443e-02 -1.133155003190040588e-01
5.086053404040400346e+04 -4.917465150356292725e-02 -2.443460933864116669e-02 -1.182024255394935608e-01
5.086053904040400084e+04 -5.711590126156806946e-02 -2.290744706988334656e-02 -1.148426681756973267e-01
5.086054560656200192e+04 -5.711590126156806946e-02 -2.290744706988334656e-02 -1.148426681756973267e-01
5.086055405992799933e+04 -5.619960278272628784e-02 -1.954768784344196320e-02 -1.041525229811668396e-01
5.086055905992799671e+04 -5.161811411380767822e-02 -2.748893573880195618e-03 -8.552113175392150879e-02
5.086056562608599779e+04 -5.161811411380767822e-02 -2.748893573880195618e-03 -8.552113175392150879e-02
5.086057404893499915e+04 -5.345070734620094299e-02 1.252273749560117722e-02 -6.627888232469558716e-02
5.086057904893499654e+04 -6.169738993048667908e-02 3.176499158143997192e-02 -5.589416995644569397e-02
5.086058561509200081e+04 -6.169738993048667908e-02 3.176499158143997192e-02 -5.589416995644569397e-02
5.086059406845900230e+04 -6.933320313692092896e-02 4.184427112340927124e-02 -4.795292019844055176e-02
5.086059906845899968e+04 -6.872233748435974121e-02 4.886921867728233337e-02 -5.345070734620094299e-02
5.086060563461700076e+04 -6.872233748435974121e-02 4.886921867728233337e-02 -5.345070734620094299e-02
5.086061408798299817e+04 -6.597344577312469482e-02 5.681046843528747559e-02 -6.566801667213439941e-02
5.086061908798300283e+04 -6.963863968849182129e-02 6.536258012056350708e-02 -7.757988572120666504e-02
5.086062565414099663e+04 -6.963863968849182129e-02 6.536258012056350708e-02 -7.757988572120666504e-02
5.086063410750700132e+04 -7.330382615327835083e-02 7.544185966253280640e-02 -8.338310569524765015e-02
5.086063910750699870e+04 -8.613199740648269653e-02 7.941248267889022827e-02 -9.560041129589080811e-02
5.086064567366599658e+04 -8.613199740648269653e-02 7.941248267889022827e-02 -9.560041129589080811e-02
5.086065412703299808e+04 -9.865473955869674683e-02 9.590584039688110352e-02 -9.865473955869674683e-02
5.086065912703300273e+04 -1.041525229811668396e-01 1.056796908378601074e-01 -1.044579595327377319e-01
5.086066569319200062e+04 -1.041525229811668396e-01 1.056796908378601074e-01 -1.044579595327377319e-01
5.086067414655900211e+04 -1.185078546404838562e-01 1.197295859456062317e-01 -1.096503138542175293e-01
5.086067914655899949e+04 -1.322523206472396851e-01 1.230893433094024658e-01 -1.081231459975242615e-01
5.086068574323599751e+04 -1.322523206472396851e-01 1.230893433094024658e-01 -1.081231459975242615e-01
5.086069416608499887e+04 -1.426370292901992798e-01 1.334740519523620605e-01 -1.029307916760444641e-01
5.086069916608500353e+04 -1.438587605953216553e-01 1.475239545106887817e-01 -1.026253625750541687e-01
5.086070573224400141e+04 -1.438587605953216553e-01 1.475239545106887817e-01 -1.026253625750541687e-01
5.086071418561100290e+04 -1.377501189708709717e-01 1.579086631536483765e-01 -1.001818999648094177e-01
5.086071918561100028e+04 -1.249219402670860291e-01 1.569923609495162964e-01 -9.896016865968704224e-02
5.086072575176999817e+04 -1.249219402670860291e-01 1.569923609495162964e-01 -9.896016865968704224e-02
5.086073420513699966e+04 -1.114829108119010925e-01 1.585195362567901611e-01 -9.712757170200347900e-02
5.086073920513699704e+04 -9.437867999076843262e-02 1.594358235597610474e-01 -1.001818999648094177e-01
5.086074577129600220e+04 -9.437867999076843262e-02 1.594358235597610474e-01 -1.001818999648094177e-01
5.086075422466299642e+04 -7.666359096765518188e-02 1.536326110363006592e-01 -1.078177168965339661e-01
5.086075922466300108e+04 -6.536258012056350708e-02 1.444696336984634399e-01 -1.099557429552078247e-01
5.086076579082199896e+04 -6.536258012056350708e-02 1.444696336984634399e-01 -1.099557429552078247e-01
5.086077424418900046e+04 -6.536258012056350708e-02 1.389718502759933472e-01 -1.096503138542175293e-01
5.086077924418899784e+04 -7.299839705228805542e-02 1.380555480718612671e-01 -1.059851199388504028e-01
5.086078581034800300e+04 -7.299839705228805542e-02 1.380555480718612671e-01 -1.059851199388504028e-01
5.086079426371499721e+04 -7.635815441608428955e-02 1.374446749687194824e-01 -1.041525229811668396e-01
5.086079926371500187e+04 -8.674286305904388428e-02 1.374446749687194824e-01 -9.957103431224822998e-02
5.086080582987499656e+04 -8.674286305904388428e-02 1.374446749687194824e-01 -9.957103431224822998e-02
5.086081428324199806e+04 -1.014036312699317932e-01 1.343903541564941406e-01 -9.560041129589080811e-02
5.086081928324200271e+04 -1.072068512439727783e-01 1.285871267318725586e-01 -9.193521738052368164e-02
5.086082584940100060e+04 -1.072068512439727783e-01 1.285871267318725586e-01 -9.193521738052368164e-02
5.086083430276800209e+04 -1.004873365163803101e-01 1.328631937503814697e-01 -9.101892262697219849e-02
5.086083930276799947e+04 -9.621127694845199585e-02 1.350012123584747314e-01 -9.773843735456466675e-02
5.086084586892699735e+04 -9.621127694845199585e-02 1.350012123584747314e-01 -9.773843735456466675e-02
5.086085432229399885e+04 -9.254608303308486938e-02 1.249219402670860291e-01 -1.096503138542175293e-01
5.086085932229400350e+04 -7.819075137376785278e-02 1.154535338282585144e-01 -1.182024255394935608e-01
5.086086588845300139e+04 -7.819075137376785278e-02 1.154535338282585144e-01 -1.182024255394935608e-01
5.086087434182099969e+04 -6.414084881544113159e-02 1.084285825490951538e-01 -1.240056455135345459e-01
5.086087934182099707e+04 -5.283984541893005371e-02 1.023199260234832764e-01 -1.264491081237792969e-01
5.086088590798099904e+04 -5.283984541893005371e-02 1.023199260234832764e-01 -1.264491081237792969e-01
5.086089436134899734e+04 -4.734205827116966248e-02 9.804387390613555908e-02 -1.291979998350143433e-01
5.086089936134900199e+04 -4.123340547084808350e-02 9.315694868564605713e-02 -1.282816976308822632e-01
5.086090592750899668e+04 -4.123340547084808350e-02 9.315694868564605713e-02 -1.282816976308822632e-01
5.086091438087700226e+04 -3.848451003432273865e-02 8.674286305904388428e-02 -1.261436790227890015e-01
5.086091938087699964e+04 -3.878994286060333252e-02 8.827003091573715210e-02 -1.279762685298919678e-01
5.086092594703700161e+04 -3.878994286060333252e-02 8.827003091573715210e-02 -1.279762685298919678e-01
5.086093440040499991e+04 -3.512475267052650452e-02 1.032362282276153564e-01 -1.319468915462493896e-01
5.086093940040499729e+04 -2.779436856508255005e-02 1.014036312699317932e-01 -1.392772793769836426e-01
5.086094596656499925e+04 -2.779436856508255005e-02 1.014036312699317932e-01 -1.392772793769836426e-01
5.086095441993299755e+04 -2.504547499120235443e-02 8.368854224681854248e-02 -1.466076523065567017e-01
5.086095941993300221e+04 -2.779436856508255005e-02 7.513642311096191406e-02 -1.545489132404327393e-01
5.086096598609299690e+04 -2.779436856508255005e-02 7.513642311096191406e-02 -1.545489132404327393e-01
5.086097443946100248e+04 -4.001167416572570801e-02 8.918632566928863525e-02 -1.667662113904953003e-01
5.086097943946099986e+04 -6.627888232469558716e-02 1.075122803449630737e-01 -1.786780804395675659e-01
5.086098600562100182e+04 -6.627888232469558716e-02 1.075122803449630737e-01 -1.786780804395675659e-01
5.086099445898900012e+04 -8.185594528913497925e-02 1.227839142084121704e-01 -1.881465017795562744e-01
5.086099945898899750e+04 -8.155050873756408691e-02 1.371392458677291870e-01 -1.942551434040069580e-01
5.086100602514899947e+04 -8.155050873756408691e-02 1.371392458677291870e-01 -1.942551434040069580e-01
5.086101444799899764e+04 -7.696902006864547729e-02 1.481348276138305664e-01 -1.951714456081390381e-01
5.086101944799900230e+04 -8.002334833145141602e-02 1.582140922546386719e-01 -1.918116807937622070e-01
5.086102604467699712e+04 -8.002334833145141602e-02 1.582140922546386719e-01 -1.918116807937622070e-01
5.086103446752799937e+04 -8.063421398401260376e-02 1.649336218833923340e-01 -1.841758787631988525e-01
5.086103946752799675e+04 -8.368854224681854248e-02 1.667662113904953003e-01 -1.780672222375869751e-01
5.086104603368799872e+04 -8.368854224681854248e-02 1.667662113904953003e-01 -1.780672222375869751e-01
5.086105448705599701e+04 -8.796459436416625977e-02 1.698205322027206421e-01 -1.713477075099945068e-01
5.086105948705600167e+04 -1.020144969224929810e-01 1.698205322027206421e-01 -1.692096740007400513e-01
5.086106605321599636e+04 -1.020144969224929810e-01 1.698205322027206421e-01 -1.692096740007400513e-01
5.086107450658400194e+04 -1.050688251852989197e-01 1.646281778812408447e-01 -1.673770844936370850e-01
5.086107950658399932e+04 -1.108720451593399048e-01 1.646281778812408447e-01 -1.621847152709960938e-01
5.086108607274400129e+04 -1.108720451593399048e-01 1.646281778812408447e-01 -1.621847152709960938e-01
5.086109452611199958e+04 -1.218676194548606873e-01 1.649336218833923340e-01 -1.606575548648834229e-01
5.086109952611199697e+04 -1.371392458677291870e-01 1.646281778812408447e-01 -1.634064465761184692e-01
5.086110609227199893e+04 -1.371392458677291870e-01 1.646281778812408447e-01 -1.634064465761184692e-01
5.086111454563999723e+04 -1.499674171209335327e-01 1.606575548648834229e-01 -1.615738570690155029e-01
5.086111954564000189e+04 -1.624901592731475830e-01 1.563815027475357056e-01 -1.551597714424133301e-01
5.086112611179999658e+04 -1.624901592731475830e-01 1.563815027475357056e-01 -1.551597714424133301e-01
5.086113456516800215e+04 -1.670716404914855957e-01 1.597412675619125366e-01 -1.524108797311782837e-01
5.086113956516799954e+04 -1.514945775270462036e-01 1.588249653577804565e-01 -1.490511149168014526e-01
5.086114613132800150e+04 -1.514945775270462036e-01 1.588249653577804565e-01 -1.490511149168014526e-01
5.086115458469599980e+04 -1.453859210014343262e-01 1.554652005434036255e-01 -1.444696336984634399e-01
5.086115958469599718e+04 -1.499674171209335327e-01 1.508837193250656128e-01 -1.377501189708709717e-01
5.086116615085599915e+04 -1.499674171209335327e-01 1.508837193250656128e-01 -1.377501189708709717e-01
5.086117460422399745e+04 -1.521054506301879883e-01 1.426370292901992798e-01 -1.313360333442687988e-01
5.086117960422400211e+04 -1.484402567148208618e-01 1.426370292901992798e-01 -1.267545372247695923e-01
5.086118617038399680e+04 -1.484402567148208618e-01 1.426370292901992798e-01 -1.267545372247695923e-01
5.086119465426899842e+04 -1.450804919004440308e-01 1.463022232055664062e-01 -1.224784851074218750e-01
5.086119965426900308e+04 -1.334740519523620605e-01 1.496619880199432373e-01 -1.182024255394935608e-01
5.086120618991200172e+04 -1.334740519523620605e-01 1.496619880199432373e-01 -1.182024255394935608e-01
5.086121464328000002e+04 -1.298088580369949341e-01 1.487456858158111572e-01 -1.175915598869323730e-01
5.086121964327999740e+04 -1.240056455135345459e-01 1.475239545106887817e-01 -1.151480972766876221e-01
5.086122620943999937e+04 -1.240056455135345459e-01 1.475239545106887817e-01 -1.151480972766876221e-01
5.086123466280799767e+04 -1.151480972766876221e-01 1.521054506301879883e-01 -1.166752651333808899e-01
5.086123966280800232e+04 -1.056796908378601074e-01 1.557706445455551147e-01 -1.233947798609733582e-01
5.086124622896799701e+04 -1.056796908378601074e-01 1.557706445455551147e-01 -1.233947798609733582e-01
5.086125468233600259e+04 -1.026253625750541687e-01 1.579086631536483765e-01 -1.279762685298919678e-01
5.086125968233599997e+04 -1.038470938801765442e-01 1.667662113904953003e-01 -1.291979998350143433e-01
5.086126624849699874e+04 -1.038470938801765442e-01 1.667662113904953003e-01 -1.291979998350143433e-01
5.086127470186600112e+04 -1.072068512439727783e-01 1.817324161529541016e-01 -1.246165111660957336e-01
5.086127970186599850e+04 -1.096503138542175293e-01 1.933388561010360718e-01 -1.218676194548606873e-01
5.086128626802699728e+04 -1.096503138542175293e-01 1.933388561010360718e-01 -1.218676194548606873e-01
5.086129472139599966e+04 -1.102611795067787170e-01 1.960877478122711182e-01 -1.243110746145248413e-01
5.086129972139599704e+04 -1.172861307859420776e-01 1.963931769132614136e-01 -1.301143020391464233e-01
5.086130628755700309e+04 -1.172861307859420776e-01 1.963931769132614136e-01 -1.301143020391464233e-01
5.086131474092599819e+04 -1.258382350206375122e-01 2.018909603357315063e-01 -1.331686228513717651e-01
5.086131974092600285e+04 -1.301143020391464233e-01 2.079996168613433838e-01 -1.359175145626068115e-01
5.086132633760500175e+04 -1.301143020391464233e-01 2.079996168613433838e-01 -1.359175145626068115e-01
5.086133479097399686e+04 -1.325577646493911743e-01 2.214386463165283203e-01 -1.429424732923507690e-01
5.086133979097400152e+04 -1.459967941045761108e-01 2.360994219779968262e-01 -1.463022232055664062e-01
5.086134635713500029e+04 -1.459967941045761108e-01 2.360994219779968262e-01 -1.463022232055664062e-01
5.086135481050400267e+04 -1.490511149168014526e-01 2.501493096351623535e-01 -1.469130963087081909e-01
5.086135981050400005e+04 -1.536326110363006592e-01 2.562579810619354248e-01 -1.478293836116790771e-01
5.086136637666499882e+04 -1.536326110363006592e-01 2.562579810619354248e-01 -1.478293836116790771e-01
5.086137483003400121e+04 -1.481348276138305664e-01 2.587014436721801758e-01 -1.487456858158111572e-01
5.086137983003399859e+04 -1.401935666799545288e-01 2.525927722454071045e-01 -1.496619880199432373e-01
5.086138639619499736e+04 -1.401935666799545288e-01 2.525927722454071045e-01 -1.496619880199432373e-01
5.086139481904599961e+04 -1.350012123584747314e-01 2.422080636024475098e-01 -1.490511149168014526e-01
5.086139981904599699e+04 -1.343903541564941406e-01 2.336559593677520752e-01 -1.459967941045761108e-01
5.086140638520700304e+04 -1.343903541564941406e-01 2.336559593677520752e-01 -1.459967941045761108e-01
5.086141483857599815e+04 -1.288925707340240479e-01 2.232712507247924805e-01 -1.398881375789642334e-01
5.086141983857600280e+04 -1.255328059196472168e-01 2.107485085725784302e-01 -1.350012123584747314e-01
5.086142640473700158e+04 -1.255328059196472168e-01 2.107485085725784302e-01 -1.350012123584747314e-01
5.086143485810599668e+04 -1.145372316241264343e-01 2.046398520469665527e-01 -1.322523206472396851e-01
5.086143985810600134e+04 -9.407325088977813721e-02 1.951714456081390381e-01 -1.261436790227890015e-01
5.086144642426799692e+04 -9.407325088977813721e-02 1.951714456081390381e-01 -1.261436790227890015e-01
5.086145487763600249e+04 -7.635815441608428955e-02 1.811215430498123169e-01 -1.206458881497383118e-01
5.086145987763599987e+04 -5.650503560900688171e-02 1.707368344068527222e-01 -1.148426681756973267e-01
5.086146644379800273e+04 -5.650503560900688171e-02 1.707368344068527222e-01 -1.148426681756973267e-01
5.086147489716600103e+04 -4.123340547084808350e-02 1.603521257638931274e-01 -1.123992055654525757e-01
5.086147989716599841e+04 -2.932153269648551941e-02 1.466076523065567017e-01 -1.111774742603302002e-01
5.086148646332800126e+04 -2.932153269648551941e-02 1.466076523065567017e-01 -1.111774742603302002e-01
5.086149491669599956e+04 -2.199114859104156494e-02 1.258382350206375122e-01 -1.093448773026466370e-01
5.086149991669599694e+04 -5.497787147760391235e-03 1.188132911920547485e-01 -1.062905490398406982e-01
5.086150648285799980e+04 -5.497787147760391235e-03 1.188132911920547485e-01 -1.062905490398406982e-01
5.086151493622599810e+04 5.497787147760391235e-03 1.120937690138816833e-01 -1.014036312699317932e-01
5.086151993622600276e+04 1.343903504312038422e-02 1.032362282276153564e-01 -9.224065393209457397e-02
5.086152650238799833e+04 1.343903504312038422e-02 1.032362282276153564e-01 -9.224065393209457397e-02
5.086153498627399676e+04 2.290744706988334656e-02 9.254608303308486938e-02 -8.460483700037002563e-02
5.086153998627400142e+04 3.298672288656234741e-02 7.849618047475814819e-02 -7.422012835741043091e-02
5.086154652191799687e+04 3.298672288656234741e-02 7.849618047475814819e-02 -7.422012835741043091e-02
5.086155497528600245e+04 3.787364438176155090e-02 7.055493444204330444e-02 -6.322455406188964844e-02
5.086155997528599983e+04 4.337143152952194214e-02 5.955936014652252197e-02 -5.864306539297103882e-02
5.086156654144800268e+04 4.337143152952194214e-02 5.955936014652252197e-02 -5.864306539297103882e-02
5.086157499481600098e+04 4.886921867728233337e-02 4.581489413976669312e-02 -5.345070734620094299e-02
5.086157999481599836e+04 5.650503560900688171e-02 3.481931984424591064e-02 -4.184427112340927124e-02
5.086158656097800122e+04 5.650503560900688171e-02 3.481931984424591064e-02 -4.184427112340927124e-02
5.086159501434599952e+04 6.872233748435974121e-02 2.687807008624076843e-02 -3.268129006028175354e-02
5.086160001434599690e+04 8.032877743244171143e-02 1.313360314816236496e-02 -2.809980139136314392e-02
5.086160658050799975e+04 8.032877743244171143e-02 1.313360314816236496e-02 -2.809980139136314392e-02
5.086161503387599805e+04 9.010262042284011841e-02 -2.443460980430245399e-03 -1.679879426956176758e-02
5.086162003387600271e+04 9.529497474431991577e-02 -1.710422709584236145e-02 -7.941247895359992981e-03
5.086162660003799829e+04 9.529497474431991577e-02 -1.710422709584236145e-02 -7.941247895359992981e-03
5.086163505340599659e+04 9.560041129589080811e-02 -3.268129006028175354e-02 -5.803219974040985107e-03
5.086164005340600124e+04 9.590584039688110352e-02 -4.398229718208312988e-02 -7.941247895359992981e-03
5.086164661956799682e+04 9.590584039688110352e-02 -4.398229718208312988e-02 -7.941247895359992981e-03
5.086165507293600240e+04 9.712757170200347900e-02 -6.872233748435974121e-02 -9.773843921720981598e-03
5.086166007293599978e+04 9.957103431224822998e-02 -9.010262042284011841e-02 -3.359758760780096054e-03
5.086166663909800263e+04 9.957103431224822998e-02 -9.010262042284011841e-02 -3.359758760780096054e-03
5.086167509246600093e+04 1.026253625750541687e-01 -1.108720451593399048e-01 4.581489134579896927e-03
5.086168009246599831e+04 1.111774742603302002e-01 -1.209513172507286072e-01 6.108652334660291672e-03
5.086168665862800117e+04 1.111774742603302002e-01 -1.209513172507286072e-01 6.108652334660291672e-03
5.086169511199599947e+04 1.151480972766876221e-01 -1.233947798609733582e-01 5.192354787141084671e-03
5.086170011199599685e+04 1.197295859456062317e-01 -1.224784851074218750e-01 4.581489134579896927e-03
5.086170667815799970e+04 1.197295859456062317e-01 -1.224784851074218750e-01 4.581489134579896927e-03
5.086171513152599800e+04 1.298088580369949341e-01 -1.218676194548606873e-01 2.443460980430245399e-03
5.086172013152600266e+04 1.334740519523620605e-01 -1.316414624452590942e-01 6.719517521560192108e-03
5.086172669768799824e+04 1.334740519523620605e-01 -1.316414624452590942e-01 6.719517521560192108e-03
5.086173515105599654e+04 1.356120854616165161e-01 -1.377501189708709717e-01 1.374446786940097809e-02
5.086174015105600120e+04 1.356120854616165161e-01 -1.466076523065567017e-01 1.954768784344196320e-02
5.086174671721799677e+04 1.356120854616165161e-01 -1.466076523065567017e-01 1.954768784344196320e-02
5.086175514006899903e+04 1.258382350206375122e-01 -1.545489132404327393e-01 1.954768784344196320e-02
5.086176014006899641e+04 1.191187202930450439e-01 -1.545489132404327393e-01 1.557706389576196671e-02
5.086176670623000246e+04 1.191187202930450439e-01 -1.545489132404327393e-01 1.557706389576196671e-02
5.086177515959899756e+04 1.197295859456062317e-01 -1.597412675619125366e-01 1.252273749560117722e-02
5.086178015959900222e+04 1.310305893421173096e-01 -1.621847152709960938e-01 5.497787147760391235e-03
5.086178672576000099e+04 1.310305893421173096e-01 -1.621847152709960938e-01 5.497787147760391235e-03
5.086179517912900337e+04 1.511891484260559082e-01 -1.621847152709960938e-01 -3.970623947679996490e-03
5.086180017912900075e+04 1.551597714424133301e-01 -1.597412675619125366e-01 -1.130100712180137634e-02
5.086180674528999953e+04 1.551597714424133301e-01 -1.597412675619125366e-01 -1.130100712180137634e-02
5.086181519865900191e+04 1.426370292901992798e-01 -1.511891484260559082e-01 -1.374446786940097809e-02
5.086182019865899929e+04 1.166752651333808899e-01 -1.383609771728515625e-01 -1.374446786940097809e-02
5.086182676481999806e+04 1.166752651333808899e-01 -1.383609771728515625e-01 -1.374446786940097809e-02
5.086183521818900044e+04 8.704829961061477661e-02 -1.240056455135345459e-01 -1.557706389576196671e-02
5.086184021818899782e+04 6.780604273080825806e-02 -1.169806942343711853e-01 -1.893682219088077545e-02
5.086184678434999660e+04 6.780604273080825806e-02 -1.169806942343711853e-01 -1.893682219088077545e-02
5.086185523771899898e+04 5.345070734620094299e-02 -1.142318025231361389e-01 -2.015855349600315094e-02
5.086186023771900363e+04 4.214970022439956665e-02 -1.102611795067787170e-01 -2.474004216492176056e-02
5.086186680388000241e+04 4.214970022439956665e-02 -1.102611795067787170e-01 -2.474004216492176056e-02
5.086187525724899751e+04 3.787364438176155090e-02 -1.023199260234832764e-01 -2.901609987020492554e-02
5.086188025724900217e+04 3.237585723400115967e-02 -8.918632566928863525e-02 -3.054326213896274567e-02
5.086188682341000094e+04 3.237585723400115967e-02 -8.918632566928863525e-02 -3.054326213896274567e-02
5.086189527677900332e+04 2.474004216492176056e-02 -8.338310569524765015e-02 -2.840523421764373779e-02
5.086190027677900071e+04 2.321287989616394043e-02 -8.185594528913497925e-02 -2.748893573880195618e-02
5.086190684293999948e+04 2.321287989616394043e-02 -8.185594528913497925e-02 -2.748893573880195618e-02
5.086191529630900186e+04 2.596177347004413605e-02 -6.963863968849182129e-02 -2.748893573880195618e-02
5.086192029630899924e+04 2.932153269648551941e-02 -6.444628536701202393e-02 -2.748893573880195618e-02
5.086192686246999801e+04 2.932153269648551941e-02 -6.444628536701202393e-02 -2.748893573880195618e-02
5.086193531583900040e+04 2.351831272244453430e-02 -6.383541971445083618e-02 -2.657263725996017456e-02
5.086194031583899778e+04 1.099557429552078247e-02 -6.505715101957321167e-02 -2.504547499120235443e-02
5.086194688199999655e+04 1.099557429552078247e-02 -6.505715101957321167e-02 -2.504547499120235443e-02
5.086195533536899893e+04 -1.527163083665072918e-03 -5.742133408784866333e-02 -2.504547499120235443e-02
5.086196033536900359e+04 -6.108652334660291672e-03 -4.856378585100173950e-02 -2.718350291252136230e-02
5.086196690153000236e+04 -6.108652334660291672e-03 -4.856378585100173950e-02 -2.718350291252136230e-02
5.086197535489899747e+04 -7.941247895359992981e-03 -4.245513305068016052e-02 -2.932153269648551941e-02
5.086198035489900212e+04 -2.107485011219978333e-02 -3.298672288656234741e-02 -3.420845419168472290e-02
5.086198692106000090e+04 -2.107485011219978333e-02 -3.298672288656234741e-02 -3.420845419168472290e-02
5.086199537442900328e+04 -3.817907720804214478e-02 -1.740965992212295532e-02 -4.612032696604728699e-02
5.086200037442900066e+04 -3.817907720804214478e-02 3.054326225537806749e-04 -5.894849449396133423e-02
5.086200694059100351e+04 -3.817907720804214478e-02 3.054326225537806749e-04 -5.894849449396133423e-02
5.086201539395900181e+04 -3.726277872920036316e-02 1.863138936460018158e-02 -7.024950534105300903e-02
5.086202039395899919e+04 -4.703662544488906860e-02 3.298672288656234741e-02 -7.880161702632904053e-02
5.086202696012100205e+04 -4.703662544488906860e-02 3.298672288656234741e-02 -7.880161702632904053e-02
5.086203541348900035e+04 -5.772676691412925720e-02 4.337143152952194214e-02 -8.613199740648269653e-02
5.086204041348899773e+04 -6.688974797725677490e-02 5.619960278272628784e-02 -9.162978827953338623e-02
5.086204697965100058e+04 -6.688974797725677490e-02 5.619960278272628784e-02 -9.162978827953338623e-02
5.086205543301899888e+04 -7.238753139972686768e-02 6.414084881544113159e-02 -9.193521738052368164e-02
5.086206043301900354e+04 -8.216137439012527466e-02 6.383541971445083618e-02 -8.949175477027893066e-02
5.086206699918099912e+04 -8.216137439012527466e-02 6.383541971445083618e-02 -8.949175477027893066e-02
5.086207545254899742e+04 -8.704829961061477661e-02 5.711590126156806946e-02 -8.765916526317596436e-02
5.086208045254900208e+04 -9.040805697441101074e-02 4.764748737215995789e-02 -8.796459436416625977e-02
5.086208701871099765e+04 -9.040805697441101074e-02 4.764748737215995789e-02 -8.796459436416625977e-02
5.086209547207900323e+04 -9.071348607540130615e-02 4.459316283464431763e-02 -8.888089656829833984e-02
5.086210047207900061e+04 -8.888089656829833984e-02 4.153883829712867737e-02 -9.040805697441101074e-02
5.086210703824100347e+04 -8.888089656829833984e-02 4.153883829712867737e-02 -9.040805697441101074e-02
5.086211549160900177e+04 -8.429940044879913330e-02 3.176499158143997192e-02 -9.162978827953338623e-02
5.086212049160899915e+04 -8.521570265293121338e-02 2.229658141732215881e-02 -8.949175477027893066e-02
5.086212705777100200e+04 -8.521570265293121338e-02 2.229658141732215881e-02 -8.949175477027893066e-02
5.086213551113900030e+04 -8.307767659425735474e-02 1.924225501716136932e-02 -9.254608303308486938e-02
5.086214051113899768e+04 -6.872233748435974121e-02 1.527163106948137283e-02 -9.712757170200347900e-02
5.086214707730100054e+04 -6.872233748435974121e-02 1.527163106948137283e-02 -9.712757170200347900e-02
5.086215553066899884e+04 -5.894849449396133423e-02 8.552113547921180725e-03 -9.621127694845199585e-02
5.086216053066900349e+04 -5.222897976636886597e-02 4.276056773960590363e-03 -9.254608303308486938e-02
5.086216709683099907e+04 -5.222897976636886597e-02 4.276056773960590363e-03 -9.254608303308486938e-02
5.086217555019899737e+04 -4.337143152952194214e-02 4.276056773960590363e-03 -9.010262042284011841e-02
5.086218055019900203e+04 -3.604105114936828613e-02 3.970623947679996490e-03 -8.643743395805358887e-02
5.086218711636099761e+04 -3.604105114936828613e-02 3.970623947679996490e-03 -8.643743395805358887e-02
5.086219556972900318e+04 -3.268129006028175354e-02 5.192354787141084671e-03 -8.704829961061477661e-02
5.086220056972900056e+04 -2.657263725996017456e-02 6.108652334660291672e-03 -9.132435172796249390e-02
5.086220713589100342e+04 -2.657263725996017456e-02 6.108652334660291672e-03 -9.132435172796249390e-02
5.086221558925900172e+04 -2.657263725996017456e-02 3.970623947679996490e-03 -9.407325088977813721e-02
5.086222058925899910e+04 -2.626720629632472992e-02 0.000000000000000000e+00 -9.010262042284011841e-02
5.086222715542100195e+04 -2.626720629632472992e-02 0.000000000000000000e+00 -9.010262042284011841e-02
5.086223560878900025e+04 -1.496619824320077896e-02 0.000000000000000000e+00 -8.155050873756408691e-02
5.086224060878899763e+04 9.162978967651724815e-04 -1.252273749560117722e-02 -7.330382615327835083e-02
5.086224717495100049e+04 9.162978967651724815e-04 -1.252273749560117722e-02 -7.330382615327835083e-02
5.086225562831899879e+04 7.330383174121379852e-03 -1.863138936460018158e-02 -6.597344577312469482e-02
5.086226062831900344e+04 1.343903504312038422e-02 -2.504547499120235443e-02 -6.169738993048667908e-02
5.086226719448200311e+04 1.343903504312038422e-02 -2.504547499120235443e-02 -6.169738993048667908e-02
5.086227561733400216e+04 3.023782931268215179e-02 -4.153883829712867737e-02 -6.444628536701202393e-02
5.086228061733399954e+04 4.153883829712867737e-02 -5.925392732024192810e-02 -7.147123664617538452e-02
5.086228718349600240e+04 4.153883829712867737e-02 -5.925392732024192810e-02 -7.147123664617538452e-02
5.086229563686600159e+04 4.673119261860847473e-02 -6.963863968849182129e-02 -7.360926270484924316e-02
5.086230063686599897e+04 4.398229718208312988e-02 -7.452555745840072632e-02 -7.360926270484924316e-02
5.086230720302800182e+04 4.398229718208312988e-02 -7.452555745840072632e-02 -7.360926270484924316e-02
5.086231568691499706e+04 3.970624133944511414e-02 -7.635815441608428955e-02 -7.330382615327835083e-02
5.086232068691500172e+04 4.153883829712867737e-02 -6.352998316287994385e-02 -7.299839705228805542e-02
5.086232725307699729e+04 4.153883829712867737e-02 -6.352998316287994385e-02 -7.299839705228805542e-02
5.086233570644500287e+04 4.520402848720550537e-02 -4.917465150356292725e-02 -7.391469180583953857e-02
5.086234070644500025e+04 4.581489413976669312e-02 -4.550946131348609924e-02 -7.544185966253280640e-02
5.086234727260700311e+04 4.581489413976669312e-02 -4.550946131348609924e-02 -7.544185966253280640e-02
5.086235572597599821e+04 4.092797264456748962e-02 -3.909537568688392639e-02 -7.208210229873657227e-02
5.086236072597600287e+04 4.520402848720550537e-02 -3.176499158143997192e-02 -7.147123664617538452e-02
5.086236729213900253e+04 4.520402848720550537e-02 -3.176499158143997192e-02 -7.147123664617538452e-02
5.086237574550799764e+04 5.864306539297103882e-02 -2.993239648640155792e-02 -7.605272531509399414e-02
5.086238074550800229e+04 5.375614017248153687e-02 -3.817907720804214478e-02 -7.513642311096191406e-02
5.086238731167100195e+04 5.375614017248153687e-02 -3.817907720804214478e-02 -7.513642311096191406e-02
5.086239576503999706e+04 5.161811411380767822e-02 -5.497787147760391235e-02 -7.360926270484924316e-02
5.086240076504000172e+04 6.108652427792549133e-02 -7.483099400997161865e-02 -7.024950534105300903e-02
5.086240730068399716e+04 6.108652427792549133e-02 -7.483099400997161865e-02 -7.024950534105300903e-02
5.086241575405299955e+04 5.864306539297103882e-02 -8.704829961061477661e-02 -6.291911751031875610e-02
5.086242075405299693e+04 4.856378585100173950e-02 -8.643743395805358887e-02 -5.803219974040985107e-02
5.086242732021400298e+04 4.856378585100173950e-02 -8.643743395805358887e-02 -5.803219974040985107e-02
5.086243580410099821e+04 3.726277872920036316e-02 -8.429940044879913330e-02 -5.436700582504272461e-02
5.086244080410100287e+04 3.268129006028175354e-02 -7.727445662021636963e-02 -5.131268128752708435e-02
5.086244733974600240e+04 3.268129006028175354e-02 -7.727445662021636963e-02 -5.131268128752708435e-02
5.086245579311600159e+04 3.084869496524333954e-02 -6.505715101957321167e-02 -4.367686435580253601e-02
5.086246079311599897e+04 2.260201424360275269e-02 -5.161811411380767822e-02 -3.695734590291976929e-02
5.086246735927800182e+04 2.260201424360275269e-02 -5.161811411380767822e-02 -3.695734590291976929e-02
5.086247581264699693e+04 1.802052557468414307e-02 -3.604105114936828613e-02 -3.512475267052650452e-02
5.086248081264700158e+04 8.857546374201774597e-03 -2.871066704392433167e-02 -3.420845419168472290e-02
5.086248737880800036e+04 8.857546374201774597e-03 -2.871066704392433167e-02 -3.420845419168472290e-02
5.086249583217700274e+04 -4.581489134579896927e-03 -1.740965992212295532e-02 -3.695734590291976929e-02
5.086250083217700012e+04 -1.435533352196216583e-02 -3.970623947679996490e-03 -4.001167416572570801e-02
5.086250739833900298e+04 -1.435533352196216583e-02 -3.970623947679996490e-03 -4.001167416572570801e-02
5.086251585170900216e+04 -2.199114859104156494e-02 1.282817032188177109e-02 -4.123340547084808350e-02
5.086252085170899954e+04 -3.145955875515937805e-02 2.779436856508255005e-02 -4.337143152952194214e-02
5.086252744838900253e+04 -3.145955875515937805e-02 2.779436856508255005e-02 -4.337143152952194214e-02
5.086253587124100159e+04 -2.932153269648551941e-02 3.695734590291976929e-02 -4.489859566092491150e-02
5.086254087124099897e+04 -1.282817032188177109e-02 4.428773000836372375e-02 -4.917465150356292725e-02
5.086254743740300182e+04 -1.282817032188177109e-02 4.428773000836372375e-02 -4.917465150356292725e-02
5.086255589077199693e+04 -1.832595793530344963e-03 5.131268128752708435e-02 -5.100724846124649048e-02
5.086256089077200158e+04 8.552113547921180725e-03 5.283984541893005371e-02 -4.612032696604728699e-02
5.086256745693300036e+04 8.552113547921180725e-03 5.283984541893005371e-02 -4.612032696604728699e-02
5.086257591030200274e+04 1.466076634824275970e-02 5.711590126156806946e-02 -4.031710699200630188e-02
5.086258091030200012e+04 1.343903504312038422e-02 6.291911751031875610e-02 -3.359758853912353516e-02
5.086258747646400298e+04 1.343903504312038422e-02 6.291911751031875610e-02 -3.359758853912353516e-02
5.086259592983400216e+04 1.374446786940097809e-02 6.963863968849182129e-02 -3.023782931268215179e-02
5.086260092983399954e+04 1.069014146924018860e-02 7.849618047475814819e-02 -3.023782931268215179e-02
5.086260749599600240e+04 1.069014146924018860e-02 7.849618047475814819e-02 -3.023782931268215179e-02
5.086261594936600159e+04 5.192354787141084671e-03 8.827003091573715210e-02 -3.084869496524333954e-02
5.086262094936599897e+04 -3.970623947679996490e-03 9.376781433820724487e-02 -3.298672288656234741e-02
5.086262751552800182e+04 -3.970623947679996490e-03 9.376781433820724487e-02 -3.298672288656234741e-02
5.086263596889699693e+04 -7.024950347840785980e-03 1.099557429552078247e-01 -3.390302136540412903e-02
5.086264096889700158e+04 -3.054326167330145836e-03 1.255328059196472168e-01 -3.451388701796531677e-02
5.086264753505800036e+04 -3.054326167330145836e-03 1.255328059196472168e-01 -3.451388701796531677e-02
5.086265598842700274e+04 3.054326167330145836e-03 1.319468915462493896e-01 -3.695734590291976929e-02
5.086266098842700012e+04 1.832595653831958771e-02 1.331686228513717651e-01 -4.245513305068016052e-02
5.086266755458900298e+04 1.832595653831958771e-02 1.331686228513717651e-01 -4.245513305068016052e-02
5.086267600795900216e+04 3.298672288656234741e-02 1.334740519523620605e-01 -4.703662544488906860e-02
5.086268100795899954e+04 4.276056587696075439e-02 1.267545372247695923e-01 -5.009094998240470886e-02
5.086268757412100240e+04 4.276056587696075439e-02 1.267545372247695923e-01 -5.009094998240470886e-02
5.086269602749100159e+04 5.283984541893005371e-02 1.120937690138816833e-01 -5.467243865132331848e-02
5.086270102749099897e+04 5.681046843528747559e-02 9.560041129589080811e-02 -5.039638280868530273e-02
5.086270759365300182e+04 5.681046843528747559e-02 9.560041129589080811e-02 -5.039638280868530273e-02
5.086271604702199693e+04 6.139195710420608521e-02 7.910704612731933594e-02 -4.153883829712867737e-02
5.086272104702200158e+04 8.155050873756408691e-02 5.864306539297103882e-02 -3.573561832308769226e-02
5.086272761318300036e+04 8.155050873756408691e-02 5.864306539297103882e-02 -3.573561832308769226e-02
5.086273606655200274e+04 9.590584039688110352e-02 3.115412779152393341e-02 -2.718350291252136230e-02
5.086274106655200012e+04 1.001818999648094177e-01 -1.832595793530344963e-03 -1.557706389576196671e-02
5.086274763271400298e+04 1.001818999648094177e-01 -1.832595793530344963e-03 -1.557706389576196671e-02
5.086275608608400216e+04 1.035416573286056519e-01 -2.748893573880195618e-02 -1.343903504312038422e-02
5.086276108608399954e+04 1.145372316241264343e-01 -4.031710699200630188e-02 -1.343903504312038422e-02
5.086276765224600240e+04 1.145372316241264343e-01 -4.031710699200630188e-02 -1.343903504312038422e-02
5.086277610561600159e+04 1.264491081237792969e-01 -6.536258012056350708e-02 -1.252273749560117722e-02
5.086278110561599897e+04 1.304197311401367188e-01 -7.971791177988052368e-02 -1.069014146924018860e-02
5.086278767177800182e+04 1.304197311401367188e-01 -7.971791177988052368e-02 -1.069014146924018860e-02
5.086279612514699693e+04 1.243110746145248413e-01 -8.674286305904388428e-02 -4.581489134579896927e-03
5.086280112514700158e+04 1.203404515981674194e-01 -9.376781433820724487e-02 1.527163083665072918e-03
5.086280769130800036e+04 1.203404515981674194e-01 -9.376781433820724487e-02 1.527163083665072918e-03
