3.377252783875999739e+04 -4.382958114147186279e-01 4.184426963329315186e-01 1.046412110328674316e+00
3.377253668885800289e+04 1.377501189708709717e-01 4.184426963329315186e-01 -4.578435122966766357e-01
3.377254168885800027e+04 1.383609771728515625e-01 -3.726277947425842285e-01 -4.630358517169952393e-01
3.377254668885799765e+04 1.383609771728515625e-01 -3.726277947425842285e-01 -4.630358517169952393e-01
3.377254953675899742e+04 1.383609771728515625e-01 -3.726277947425842285e-01 -4.630358517169952393e-01
3.377255453675900208e+04 -1.340849250555038452e-01 -6.099489331245422363e-01 2.455678284168243408e-01
3.377255953675899946e+04 -1.340849250555038452e-01 -6.099489331245422363e-01 2.455678284168243408e-01
3.377256479554800171e+04 -1.340849250555038452e-01 -6.099489331245422363e-01 2.455678284168243408e-01
3.377257080751100148e+04 -1.377501189708709717e-01 -3.567453026771545410e-01 2.458732575178146362e-01
3.377257642274600221e+04 -1.420261710882186890e-01 -3.558290004730224609e-01 2.455678284168243408e-01
3.377258142274599959e+04 -1.350012123584747314e-01 -3.585779070854187012e-01 2.394591718912124634e-01
3.377258808046099875e+04 -1.350012123584747314e-01 -3.585779070854187012e-01 2.394591718912124634e-01
3.377259308046100341e+04 -1.194241568446159363e-01 -3.463605940341949463e-01 2.083050459623336792e-01
3.377259808046100079e+04 -1.194241568446159363e-01 -3.463605940341949463e-01 2.083050459623336792e-01
3.377260068422000040e+04 -1.194241568446159363e-01 -3.463605940341949463e-01 2.083050459623336792e-01
3.377260819154400087e+04 -1.056796908378601074e-01 -3.197879493236541748e-01 1.695151031017303467e-01
3.377261652284199954e+04 -9.896016865968704224e-02 -3.002402782440185547e-01 1.502728462219238281e-01
3.377262152284199692e+04 -8.277224004268646240e-02 -2.868012189865112305e-01 1.014036312699317932e-01
3.377262811952100310e+04 -8.277224004268646240e-02 -2.868012189865112305e-01 1.014036312699317932e-01
3.377263654237300216e+04 -5.711590126156806946e-02 -2.467895597219467163e-01 2.321287989616394043e-02
3.377264154237299954e+04 -1.649336144328117371e-02 -1.847867369651794434e-01 -7.574728876352310181e-02
3.377264810853599920e+04 -1.649336144328117371e-02 -1.847867369651794434e-01 -7.574728876352310181e-02
3.377265656190500158e+04 2.260201424360275269e-02 -1.123992055654525757e-01 -1.475239545106887817e-01
3.377266156190499896e+04 4.825835302472114563e-02 -4.948008432984352112e-02 -1.847867369651794434e-01
3.377266812806799862e+04 4.825835302472114563e-02 -4.948008432984352112e-02 -1.847867369651794434e-01
3.377267658143700100e+04 3.298672288656234741e-02 -9.162978967651724815e-04 -1.469130963087081909e-01
3.377268158143699839e+04 -6.108652334660291672e-03 1.404990069568157196e-02 -7.696902006864547729e-02
3.377268866639900079e+04 -6.108652334660291672e-03 1.404990069568157196e-02 -7.696902006864547729e-02
3.377269663148700056e+04 -1.069014146924018860e-02 4.276056773960590363e-03 -7.024950534105300903e-02
3.377270163148699794e+04 -5.803219974040985107e-03 3.054326167330145836e-03 -7.452555745840072632e-02
3.377270816713199747e+04 -5.803219974040985107e-03 3.054326167330145836e-03 -7.452555745840072632e-02
3.377271662050000305e+04 -3.970623947679996490e-03 6.414085160940885544e-03 -7.574728876352310181e-02
3.377272162050000043e+04 -1.130100712180137634e-02 6.719517521560192108e-03 -7.605272531509399414e-02
3.377272818666200328e+04 -1.130100712180137634e-02 6.719517521560192108e-03 -7.605272531509399414e-02
3.377273664003000158e+04 -1.221730466932058334e-02 7.024950347840785980e-03 -7.757988572120666504e-02
3.377274164002999896e+04 -7.635815534740686417e-03 4.276056773960590363e-03 -7.544185966253280640e-02
3.377274896913099656e+04 -7.635815534740686417e-03 4.276056773960590363e-03 -7.544185966253280640e-02
3.377275669007800025e+04 -9.773843921720981598e-03 1.527163083665072918e-03 -7.330382615327835083e-02
3.377276169007799763e+04 -1.313360314816236496e-02 2.443460980430245399e-03 -7.116580009460449219e-02
3.377276822572299716e+04 -1.313360314816236496e-02 2.443460980430245399e-03 -7.116580009460449219e-02
3.377277667909199954e+04 -7.024950347840785980e-03 3.054326167330145836e-03 -7.086037099361419678e-02
3.377278167909199692e+04 -7.941247895359992981e-03 2.748893573880195618e-03 -7.147123664617538452e-02
3.377278824525499658e+04 -7.941247895359992981e-03 2.748893573880195618e-03 -7.147123664617538452e-02
3.377279669862399896e+04 -7.330383174121379852e-03 3.359758760780096054e-03 -7.299839705228805542e-02
3.377280169862400362e+04 -1.099557429552078247e-02 3.054326225537806749e-04 -7.208210229873657227e-02
3.377280832582199946e+04 -1.099557429552078247e-02 3.054326225537806749e-04 -7.208210229873657227e-02
3.377281671815599839e+04 -1.038470957428216934e-02 6.108652451075613499e-04 -7.391469180583953857e-02
3.377282171815600304e+04 -9.773843921720981598e-03 6.108652334660291672e-03 -7.605272531509399414e-02
3.377282828431900271e+04 -9.773843921720981598e-03 6.108652334660291672e-03 -7.605272531509399414e-02
3.377283673768700100e+04 -1.527163106948137283e-02 8.552113547921180725e-03 -7.422012835741043091e-02
3.377284173768699839e+04 -1.313360314816236496e-02 9.468411095440387726e-03 -7.269296050071716309e-02
3.377284830384900124e+04 -1.313360314816236496e-02 9.468411095440387726e-03 -7.269296050071716309e-02
3.377285675721699954e+04 -1.099557429552078247e-02 7.024950347840785980e-03 -7.299839705228805542e-02
3.377286175721699692e+04 -1.710422709584236145e-02 6.108652334660291672e-03 -7.177666574716567993e-02
3.377286865907200263e+04 -1.710422709584236145e-02 6.108652334660291672e-03 -7.177666574716567993e-02
3.377287677674800216e+04 -1.863138936460018158e-02 8.246680721640586853e-03 -7.360926270484924316e-02
3.377288177674799954e+04 -1.374446786940097809e-02 7.330383174121379852e-03 -7.452555745840072632e-02
3.377288846498099883e+04 -1.374446786940097809e-02 7.330383174121379852e-03 -7.452555745840072632e-02
3.377289679628000158e+04 -1.404990069568157196e-02 7.024950347840785980e-03 -7.208210229873657227e-02
3.377290179627999896e+04 -1.710422709584236145e-02 8.246680721640586853e-03 -7.055493444204330444e-02
3.377290839296000195e+04 -1.710422709584236145e-02 8.246680721640586853e-03 -7.055493444204330444e-02
3.377291681581200100e+04 -1.160643994808197021e-02 7.024950347840785980e-03 -7.483099400997161865e-02
3.377292181581199839e+04 -9.773843921720981598e-03 7.024950347840785980e-03 -7.574728876352310181e-02
3.377292893129099684e+04 -9.773843921720981598e-03 7.024950347840785980e-03 -7.574728876352310181e-02
3.377293689638000069e+04 -9.773843921720981598e-03 7.024950347840785980e-03 -7.452555745840072632e-02
3.377294189637999807e+04 -1.191187184303998947e-02 7.635815534740686417e-03 -7.483099400997161865e-02
3.377294843202400079e+04 -1.191187184303998947e-02 7.635815534740686417e-03 -7.483099400997161865e-02
3.377295685487500305e+04 -1.527163106948137283e-02 5.192354787141084671e-03 -7.483099400997161865e-02
3.377296185487500043e+04 -1.313360314816236496e-02 3.054326225537806749e-04 -7.391469180583953857e-02
3.377296842103700328e+04 -1.313360314816236496e-02 3.054326225537806749e-04 -7.391469180583953857e-02
3.377297687440500158e+04 -1.313360314816236496e-02 2.138028386980295181e-03 -7.360926270484924316e-02
3.377298187440499896e+04 -8.552113547921180725e-03 2.138028386980295181e-03 -7.452555745840072632e-02
3.377298687440500362e+04 -8.552113547921180725e-03 2.138028386980295181e-03 -7.452555745840072632e-02
3.377298987489299907e+04 -8.552113547921180725e-03 2.138028386980295181e-03 -7.452555745840072632e-02
3.377299692445300025e+04 -7.330383174121379852e-03 2.748893573880195618e-03 -7.360926270484924316e-02
3.377300192445299763e+04 -1.007927674800157547e-02 7.024950347840785980e-03 -7.360926270484924316e-02
3.377300846009799716e+04 -1.007927674800157547e-02 7.024950347840785980e-03 -7.360926270484924316e-02
3.377301691346699954e+04 -8.857546374201774597e-03 5.192354787141084671e-03 -7.116580009460449219e-02
3.377302191346699692e+04 -4.886921960860490799e-03 -2.138028386980295181e-03 -7.116580009460449219e-02
3.377302847962999658e+04 -4.886921960860490799e-03 -2.138028386980295181e-03 -7.116580009460449219e-02
3.377303693299899896e+04 -2.748893573880195618e-03 -9.162978967651724815e-04 -7.269296050071716309e-02
3.377304193299900362e+04 -6.414085160940885544e-03 9.162978967651724815e-04 -7.299839705228805542e-02
3.377304883485499886e+04 -6.414085160940885544e-03 9.162978967651724815e-04 -7.299839705228805542e-02
3.377305695253099839e+04 -9.162978269159793854e-03 3.359758760780096054e-03 -7.360926270484924316e-02
3.377306195253100304e+04 -1.038470957428216934e-02 5.803219974040985107e-03 -7.422012835741043091e-02
3.377306873231699865e+04 -1.038470957428216934e-02 5.803219974040985107e-03 -7.422012835741043091e-02
3.377307678895699792e+04 -1.557706389576196671e-02 4.276056773960590363e-03 -7.024950534105300903e-02
3.377308178895700257e+04 -1.191187184303998947e-02 -2.443460980430245399e-03 -6.963863968849182129e-02
3.377308856874099729e+04 -1.191187184303998947e-02 -2.443460980430245399e-03 -6.963863968849182129e-02
3.377309699159199954e+04 -1.221730466932058334e-02 3.970623947679996490e-03 -7.330382615327835083e-02
3.377310199159199692e+04 -1.069014146924018860e-02 8.246680721640586853e-03 -7.483099400997161865e-02
3.377310892396500276e+04 -1.069014146924018860e-02 8.246680721640586853e-03 -7.483099400997161865e-02
3.377311701112300216e+04 -5.803219974040985107e-03 5.803219974040985107e-03 -7.452555745840072632e-02
3.377312201112299954e+04 -7.635815534740686417e-03 3.665191587060689926e-03 -7.360926270484924316e-02
3.377312857728599920e+04 -7.635815534740686417e-03 3.665191587060689926e-03 -7.360926270484924316e-02
3.377313703065500158e+04 -7.024950347840785980e-03 3.665191587060689926e-03 -7.422012835741043091e-02
3.377314203065499896e+04 -1.130100712180137634e-02 3.665191587060689926e-03 -7.269296050071716309e-02
3.377314859681799862e+04 -1.130100712180137634e-02 3.665191587060689926e-03 -7.269296050071716309e-02
3.377315705018700100e+04 -1.282817032188177109e-02 5.803219974040985107e-03 -7.208210229873657227e-02
3.377316205018699839e+04 -1.038470957428216934e-02 9.773843921720981598e-03 -7.299839705228805542e-02
3.377316870790300163e+04 -1.038470957428216934e-02 9.773843921720981598e-03 -7.299839705228805542e-02
3.377317706971900043e+04 -1.038470957428216934e-02 8.246680721640586853e-03 -7.269296050071716309e-02
3.377318206971899781e+04 -1.221730466932058334e-02 7.635815534740686417e-03 -7.147123664617538452e-02
3.377318863588199747e+04 -1.221730466932058334e-02 7.635815534740686417e-03 -7.147123664617538452e-02
3.377319708925000305e+04 -1.191187184303998947e-02 8.857546374201774597e-03 -7.055493444204330444e-02
3.377320208925000043e+04 -1.313360314816236496e-02 8.857546374201774597e-03 -7.147123664617538452e-02
3.377320865541200328e+04 -1.313360314816236496e-02 8.857546374201774597e-03 -7.147123664617538452e-02
3.377321710878000158e+04 -1.924225501716136932e-02 5.803219974040985107e-03 -7.269296050071716309e-02
3.377322210877999896e+04 -1.649336144328117371e-02 7.941247895359992981e-03 -7.330382615327835083e-02
3.377322867494200182e+04 -1.649336144328117371e-02 7.941247895359992981e-03 -7.330382615327835083e-02
3.377323712831000012e+04 -9.773843921720981598e-03 8.857546374201774597e-03 -7.116580009460449219e-02
3.377324212830999750e+04 -8.552113547921180725e-03 1.130100712180137634e-02 -7.208210229873657227e-02
3.377324869447299716e+04 -8.552113547921180725e-03 1.130100712180137634e-02 -7.208210229873657227e-02
3.377325714784199954e+04 -1.130100712180137634e-02 9.162978269159793854e-03 -7.483099400997161865e-02
3.377326214784199692e+04 -1.069014146924018860e-02 3.665191587060689926e-03 -7.269296050071716309e-02
3.377326871400499658e+04 -1.069014146924018860e-02 3.665191587060689926e-03 -7.269296050071716309e-02
3.377327716737399896e+04 -1.099557429552078247e-02 5.497787147760391235e-03 -7.147123664617538452e-02
3.377328216737400362e+04 -1.679879426956176758e-02 4.276056773960590363e-03 -7.055493444204330444e-02
3.377328873353700328e+04 -1.679879426956176758e-02 4.276056773960590363e-03 -7.055493444204330444e-02
3.377329718690599839e+04 -1.618792861700057983e-02 3.970623947679996490e-03 -7.055493444204330444e-02
3.377330218690600304e+04 -1.160643994808197021e-02 4.276056773960590363e-03 -7.330382615327835083e-02
3.377330875306900271e+04 -1.160643994808197021e-02 4.276056773960590363e-03 -7.330382615327835083e-02
3.377331720643700100e+04 -1.221730466932058334e-02 7.024950347840785980e-03 -7.360926270484924316e-02
3.377332220643699839e+04 -1.557706389576196671e-02 8.552113547921180725e-03 -7.147123664617538452e-02
3.377332877259900124e+04 -1.557706389576196671e-02 8.552113547921180725e-03 -7.147123664617538452e-02
3.377333722596699954e+04 -1.374446786940097809e-02 6.414085160940885544e-03 -7.208210229873657227e-02
3.377334222596699692e+04 -9.162978269159793854e-03 4.276056773960590363e-03 -7.391469180583953857e-02
3.377334879212899978e+04 -9.162978269159793854e-03 4.276056773960590363e-03 -7.391469180583953857e-02
3.377335724549800216e+04 -1.038470957428216934e-02 2.443460980430245399e-03 -7.360926270484924316e-02
3.377336224549799954e+04 -1.099557429552078247e-02 2.443460980430245399e-03 -7.147123664617538452e-02
3.377336881166099920e+04 -1.099557429552078247e-02 2.443460980430245399e-03 -7.147123664617538452e-02
3.377337726503000158e+04 -6.108652334660291672e-03 5.497787147760391235e-03 -7.177666574716567993e-02
3.377338226502999896e+04 -5.497787147760391235e-03 7.024950347840785980e-03 -7.299839705228805542e-02
3.377338883119299862e+04 -5.497787147760391235e-03 7.024950347840785980e-03 -7.299839705228805542e-02
3.377339728456200100e+04 -7.941247895359992981e-03 7.024950347840785980e-03 -7.574728876352310181e-02
3.377340228456199839e+04 -1.007927674800157547e-02 4.276056773960590363e-03 -7.788532227277755737e-02
3.377340882020699792e+04 -1.007927674800157547e-02 4.276056773960590363e-03 -7.788532227277755737e-02
3.377341727357699710e+04 -1.130100712180137634e-02 7.635815534740686417e-03 -7.605272531509399414e-02
3.377342227357700176e+04 -1.466076634824275970e-02 9.773843921720981598e-03 -7.544185966253280640e-02
3.377342883973899734e+04 -1.466076634824275970e-02 9.773843921720981598e-03 -7.544185966253280640e-02
3.377343729310799972e+04 -1.679879426956176758e-02 7.330383174121379852e-03 -7.269296050071716309e-02
3.377344229310799710e+04 -1.130100712180137634e-02 5.497787147760391235e-03 -7.330382615327835083e-02
3.377344885926900315e+04 -1.130100712180137634e-02 5.497787147760391235e-03 -7.330382615327835083e-02
3.377345731263799826e+04 -9.773843921720981598e-03 5.192354787141084671e-03 -7.422012835741043091e-02
3.377346231263800291e+04 -1.282817032188177109e-02 5.497787147760391235e-03 -7.116580009460449219e-02
3.377346887879900169e+04 -1.282817032188177109e-02 5.497787147760391235e-03 -7.116580009460449219e-02
3.377347733216799679e+04 -1.954768784344196320e-02 4.886921960860490799e-03 -6.841690838336944580e-02
3.377348233216800145e+04 -1.588249579071998596e-02 5.192354787141084671e-03 -7.177666574716567993e-02
3.377348889832999703e+04 -1.588249579071998596e-02 5.192354787141084671e-03 -7.177666574716567993e-02
3.377349735170000349e+04 -8.857546374201774597e-03 7.635815534740686417e-03 -7.360926270484924316e-02
3.377350235170000087e+04 -1.007927674800157547e-02 1.160643994808197021e-02 -7.422012835741043091e-02
3.377350891786199645e+04 -1.007927674800157547e-02 1.160643994808197021e-02 -7.422012835741043091e-02
3.377351737123200292e+04 -1.221730466932058334e-02 9.468411095440387726e-03 -7.299839705228805542e-02
3.377352237123200030e+04 -9.468411095440387726e-03 6.719517521560192108e-03 -7.086037099361419678e-02
3.377352893739400315e+04 -9.468411095440387726e-03 6.719517521560192108e-03 -7.086037099361419678e-02
3.377353739076400234e+04 -1.038470957428216934e-02 3.054326167330145836e-03 -7.147123664617538452e-02
3.377354239076399972e+04 -1.343903504312038422e-02 9.162978967651724815e-04 -7.299839705228805542e-02
3.377354895692600257e+04 -1.343903504312038422e-02 9.162978967651724815e-04 -7.299839705228805542e-02
3.377355741029499768e+04 -1.374446786940097809e-02 1.832595793530344963e-03 -7.391469180583953857e-02
3.377356241029500234e+04 -9.773843921720981598e-03 4.581489134579896927e-03 -7.696902006864547729e-02
3.377356897645600111e+04 -9.773843921720981598e-03 4.581489134579896927e-03 -7.696902006864547729e-02
3.377357742982500349e+04 -8.857546374201774597e-03 6.719517521560192108e-03 -7.391469180583953857e-02
3.377358242982500087e+04 -7.330383174121379852e-03 5.497787147760391235e-03 -7.208210229873657227e-02
3.377358899598599965e+04 -7.330383174121379852e-03 5.497787147760391235e-03 -7.208210229873657227e-02
3.377359744935599883e+04 -7.024950347840785980e-03 4.581489134579896927e-03 -7.330382615327835083e-02
3.377360244935600349e+04 -8.246680721640586853e-03 4.581489134579896927e-03 -7.513642311096191406e-02
3.377360901551799907e+04 -8.246680721640586853e-03 4.581489134579896927e-03 -7.513642311096191406e-02
3.377361746888799826e+04 -1.374446786940097809e-02 5.192354787141084671e-03 -7.574728876352310181e-02
3.377362246888800291e+04 -1.221730466932058334e-02 6.108652334660291672e-03 -7.483099400997161865e-02
3.377362903504999849e+04 -1.221730466932058334e-02 6.108652334660291672e-03 -7.483099400997161865e-02
3.377363748841999768e+04 -6.719517521560192108e-03 8.857546374201774597e-03 -7.299839705228805542e-02
3.377364248842000234e+04 -9.773843921720981598e-03 9.773843921720981598e-03 -7.330382615327835083e-02
3.377364905458199792e+04 -9.773843921720981598e-03 9.773843921720981598e-03 -7.330382615327835083e-02
3.377365750795199710e+04 -8.857546374201774597e-03 8.552113547921180725e-03 -7.757988572120666504e-02
3.377366250795200176e+04 -7.635815534740686417e-03 7.330383174121379852e-03 -7.666359096765518188e-02
3.377366907411300053e+04 -7.635815534740686417e-03 7.330383174121379852e-03 -7.666359096765518188e-02
3.377367752748200292e+04 -8.246680721640586853e-03 3.665191587060689926e-03 -7.299839705228805542e-02
3.377368252748200030e+04 -1.099557429552078247e-02 2.443460980430245399e-03 -7.177666574716567993e-02
3.377368909364299907e+04 -1.099557429552078247e-02 2.443460980430245399e-03 -7.177666574716567993e-02
3.377369754701200145e+04 -1.007927674800157547e-02 4.581489134579896927e-03 -7.208210229873657227e-02
3.377370254701199883e+04 -5.803219974040985107e-03 6.719517521560192108e-03 -7.422012835741043091e-02
3.377370911317400169e+04 -5.803219974040985107e-03 6.719517521560192108e-03 -7.422012835741043091e-02
3.377371756654400087e+04 -5.803219974040985107e-03 8.857546374201774597e-03 -7.330382615327835083e-02
3.377372256654399825e+04 -8.857546374201774597e-03 9.162978269159793854e-03 -7.208210229873657227e-02
3.377372913270600111e+04 -8.857546374201774597e-03 9.162978269159793854e-03 -7.208210229873657227e-02
3.377373758607600030e+04 -8.552113547921180725e-03 8.552113547921180725e-03 -7.238753139972686768e-02
3.377374258607599768e+04 -1.221730466932058334e-02 8.552113547921180725e-03 -7.483099400997161865e-02
3.377374915223800053e+04 -1.221730466932058334e-02 8.552113547921180725e-03 -7.483099400997161865e-02
3.377375757508999959e+04 -2.168571576476097107e-02 4.886921960860490799e-03 -7.238753139972686768e-02
3.377376257508999697e+04 -1.649336144328117371e-02 4.886921960860490799e-03 -7.147123664617538452e-02
3.377376917176900315e+04 -1.649336144328117371e-02 4.886921960860490799e-03 -7.147123664617538452e-02
3.377377759461999813e+04 -1.099557429552078247e-02 7.941247895359992981e-03 -7.391469180583953857e-02
3.377378259462000278e+04 -1.374446786940097809e-02 7.024950347840785980e-03 -7.391469180583953857e-02
3.377378919129900169e+04 -1.374446786940097809e-02 7.024950347840785980e-03 -7.391469180583953857e-02
3.377379761414999666e+04 -1.710422709584236145e-02 5.192354787141084671e-03 -7.330382615327835083e-02
3.377380261415000132e+04 -1.191187184303998947e-02 8.246680721640586853e-03 -7.360926270484924316e-02
3.377380921082999703e+04 -1.191187184303998947e-02 8.246680721640586853e-03 -7.360926270484924316e-02
3.377381763368200336e+04 -9.773843921720981598e-03 7.330383174121379852e-03 -7.269296050071716309e-02
3.377382263368200074e+04 -1.038470957428216934e-02 3.359758760780096054e-03 -7.360926270484924316e-02
3.377382923036199645e+04 -1.038470957428216934e-02 3.359758760780096054e-03 -7.360926270484924316e-02
3.377383765321400278e+04 -7.330383174121379852e-03 7.941247895359992981e-03 -7.330382615327835083e-02
3.377384265321400017e+04 -1.069014146924018860e-02 1.191187184303998947e-02 -7.360926270484924316e-02
3.377384924989400315e+04 -1.069014146924018860e-02 1.191187184303998947e-02 -7.360926270484924316e-02
3.377385767274600221e+04 -1.069014146924018860e-02 9.773843921720981598e-03 -7.360926270484924316e-02
3.377386267274599959e+04 -9.468411095440387726e-03 7.024950347840785980e-03 -7.269296050071716309e-02
3.377386926942600257e+04 -9.468411095440387726e-03 7.024950347840785980e-03 -7.269296050071716309e-02
3.377387772279499768e+04 -1.160643994808197021e-02 8.857546374201774597e-03 -7.299839705228805542e-02
3.377388272279500234e+04 -1.130100712180137634e-02 9.468411095440387726e-03 -7.330382615327835083e-02
3.377388925843899779e+04 -1.130100712180137634e-02 9.468411095440387726e-03 -7.330382615327835083e-02
3.377389771180700336e+04 -5.803219974040985107e-03 8.857546374201774597e-03 -7.177666574716567993e-02
3.377390271180700074e+04 -8.857546374201774597e-03 9.468411095440387726e-03 -7.055493444204330444e-02
3.377390930848599965e+04 -8.857546374201774597e-03 9.468411095440387726e-03 -7.055493444204330444e-02
3.377391773133799870e+04 -5.192354787141084671e-03 1.007927674800157547e-02 -7.177666574716567993e-02
3.377392273133800336e+04 -6.414085160940885544e-03 9.773843921720981598e-03 -7.544185966253280640e-02
3.377392929750100302e+04 -6.414085160940885544e-03 9.773843921720981598e-03 -7.544185966253280640e-02
3.377393778138799826e+04 -1.832595653831958771e-02 9.468411095440387726e-03 -7.269296050071716309e-02
3.377394278138800291e+04 -1.038470957428216934e-02 1.099557429552078247e-02 -7.024950534105300903e-02
3.377394931703300244e+04 -1.038470957428216934e-02 1.099557429552078247e-02 -7.024950534105300903e-02
3.377395777040199755e+04 -1.313360314816236496e-02 7.330383174121379852e-03 -7.360926270484924316e-02
3.377396277040200221e+04 -1.924225501716136932e-02 5.803219974040985107e-03 -7.757988572120666504e-02
3.377396933656500187e+04 -1.924225501716136932e-02 5.803219974040985107e-03 -7.757988572120666504e-02
3.377397778993399697e+04 -7.941247895359992981e-03 8.857546374201774597e-03 -7.605272531509399414e-02
3.377398278993400163e+04 -1.649336144328117371e-02 7.635815534740686417e-03 -7.360926270484924316e-02
3.377398935609599721e+04 -1.649336144328117371e-02 7.635815534740686417e-03 -7.360926270484924316e-02
3.377399780946400278e+04 -1.802052557468414307e-02 5.803219974040985107e-03 -7.269296050071716309e-02
3.377400280946400017e+04 -7.024950347840785980e-03 8.246680721640586853e-03 -7.177666574716567993e-02
3.377400937562600302e+04 -7.024950347840785980e-03 8.246680721640586853e-03 -7.177666574716567993e-02
3.377401782899400132e+04 -7.941247895359992981e-03 5.803219974040985107e-03 -7.116580009460449219e-02
3.377402282899399870e+04 -1.038470957428216934e-02 4.886921960860490799e-03 -7.055493444204330444e-02
3.377402939515699836e+04 -1.038470957428216934e-02 4.886921960860490799e-03 -7.055493444204330444e-02
3.377403784852600074e+04 -1.282817032188177109e-02 8.857546374201774597e-03 -7.086037099361419678e-02
3.377404284852599812e+04 -1.313360314816236496e-02 1.252273749560117722e-02 -7.330382615327835083e-02
3.377404941468899779e+04 -1.313360314816236496e-02 1.252273749560117722e-02 -7.330382615327835083e-02
3.377405786805800017e+04 -9.773843921720981598e-03 1.252273749560117722e-02 -7.422012835741043091e-02
3.377406286805799755e+04 -1.007927674800157547e-02 6.719517521560192108e-03 -7.208210229873657227e-02
3.377406943422099721e+04 -1.007927674800157547e-02 6.719517521560192108e-03 -7.208210229873657227e-02
3.377407788758999959e+04 -1.069014146924018860e-02 7.941247895359992981e-03 -7.330382615327835083e-02
3.377408288758999697e+04 -7.941247895359992981e-03 1.160643994808197021e-02 -7.574728876352310181e-02
3.377408945375199983e+04 -7.941247895359992981e-03 1.160643994808197021e-02 -7.574728876352310181e-02
3.377409790711999813e+04 -1.069014146924018860e-02 6.414085160940885544e-03 -7.666359096765518188e-02
3.377410290712000278e+04 -1.527163106948137283e-02 9.162978269159793854e-03 -7.544185966253280640e-02
3.377410947328199836e+04 -1.527163106948137283e-02 9.162978269159793854e-03 -7.544185966253280640e-02
3.377411792664999666e+04 -1.069014146924018860e-02 1.221730466932058334e-02 -7.666359096765518188e-02
3.377412292665000132e+04 -1.130100712180137634e-02 4.886921960860490799e-03 -7.605272531509399414e-02
3.377412949281300098e+04 -1.130100712180137634e-02 4.886921960860490799e-03 -7.605272531509399414e-02
3.377413794618200336e+04 -1.343903504312038422e-02 6.719517521560192108e-03 -7.330382615327835083e-02
3.377414294618200074e+04 -1.221730466932058334e-02 1.038470957428216934e-02 -7.391469180583953857e-02
3.377414951234500040e+04 -1.221730466932058334e-02 1.038470957428216934e-02 -7.391469180583953857e-02
3.377415796571400278e+04 -1.404990069568157196e-02 6.719517521560192108e-03 -7.330382615327835083e-02
3.377416296571400017e+04 -1.649336144328117371e-02 4.886921960860490799e-03 -7.208210229873657227e-02
3.377416953187699983e+04 -1.649336144328117371e-02 4.886921960860490799e-03 -7.208210229873657227e-02
3.377417798524600221e+04 -1.191187184303998947e-02 9.468411095440387726e-03 -7.299839705228805542e-02
3.377418298524599959e+04 -8.552113547921180725e-03 1.007927674800157547e-02 -7.391469180583953857e-02
3.377418955140899925e+04 -8.552113547921180725e-03 1.007927674800157547e-02 -7.391469180583953857e-02
3.377419800477699755e+04 -1.069014146924018860e-02 6.414085160940885544e-03 -7.483099400997161865e-02
3.377420300477700221e+04 -1.221730466932058334e-02 6.414085160940885544e-03 -7.574728876352310181e-02
3.377420957093899779e+04 -1.221730466932058334e-02 6.414085160940885544e-03 -7.574728876352310181e-02
3.377421802430700336e+04 -1.130100712180137634e-02 7.941247895359992981e-03 -7.635815441608428955e-02
3.377422302430700074e+04 -7.635815534740686417e-03 7.330383174121379852e-03 -7.513642311096191406e-02
3.377422959046900360e+04 -7.635815534740686417e-03 7.330383174121379852e-03 -7.513642311096191406e-02
3.377423804383799870e+04 -9.468411095440387726e-03 6.108652334660291672e-03 -7.422012835741043091e-02
3.377424304383800336e+04 -1.007927674800157547e-02 5.192354787141084671e-03 -7.452555745840072632e-02
3.377424961000100302e+04 -1.007927674800157547e-02 5.192354787141084671e-03 -7.452555745840072632e-02
3.377425806336999813e+04 -1.069014146924018860e-02 7.024950347840785980e-03 -7.360926270484924316e-02
3.377426306337000278e+04 -1.221730466932058334e-02 7.330383174121379852e-03 -7.360926270484924316e-02
3.377426962953300244e+04 -1.221730466932058334e-02 7.330383174121379852e-03 -7.360926270484924316e-02
3.377427808290199755e+04 -1.343903504312038422e-02 6.719517521560192108e-03 -7.208210229873657227e-02
3.377428308290200221e+04 -7.635815534740686417e-03 7.024950347840785980e-03 -7.483099400997161865e-02
3.377428964906500187e+04 -7.635815534740686417e-03 7.024950347840785980e-03 -7.483099400997161865e-02
3.377429810243399697e+04 -4.276056773960590363e-03 8.552113547921180725e-03 -7.605272531509399414e-02
3.377430310243400163e+04 -1.130100712180137634e-02 9.468411095440387726e-03 -7.605272531509399414e-02
3.377430966859599721e+04 -1.130100712180137634e-02 9.468411095440387726e-03 -7.605272531509399414e-02
3.377431812196400278e+04 -1.374446786940097809e-02 8.552113547921180725e-03 -7.605272531509399414e-02
3.377432312196400017e+04 -1.007927674800157547e-02 8.246680721640586853e-03 -7.727445662021636963e-02
3.377432968812600302e+04 -1.007927674800157547e-02 8.246680721640586853e-03 -7.727445662021636963e-02
3.377433814149400132e+04 -9.773843921720981598e-03 7.941247895359992981e-03 -7.819075137376785278e-02
3.377434314149399870e+04 -1.130100712180137634e-02 6.108652334660291672e-03 -7.422012835741043091e-02
3.377434970765699836e+04 -1.130100712180137634e-02 6.108652334660291672e-03 -7.422012835741043091e-02
3.377435816102600074e+04 -9.162978269159793854e-03 6.414085160940885544e-03 -7.360926270484924316e-02
3.377436316102599812e+04 -1.038470957428216934e-02 1.038470957428216934e-02 -7.391469180583953857e-02
3.377436972718899779e+04 -1.038470957428216934e-02 1.038470957428216934e-02 -7.391469180583953857e-02
3.377437818055800017e+04 -1.496619824320077896e-02 9.773843921720981598e-03 -7.147123664617538452e-02
3.377438318055799755e+04 -1.069014146924018860e-02 8.857546374201774597e-03 -7.422012835741043091e-02
3.377438974672099721e+04 -1.069014146924018860e-02 8.857546374201774597e-03 -7.422012835741043091e-02
3.377439820008999959e+04 -1.038470957428216934e-02 8.552113547921180725e-03 -7.483099400997161865e-02
3.377440320008999697e+04 -1.527163106948137283e-02 6.719517521560192108e-03 -7.208210229873657227e-02
3.377440976625199983e+04 -1.527163106948137283e-02 6.719517521560192108e-03 -7.208210229873657227e-02
3.377441821961999813e+04 -1.191187184303998947e-02 6.108652334660291672e-03 -7.299839705228805542e-02
3.377442321962000278e+04 -9.468411095440387726e-03 7.635815534740686417e-03 -7.269296050071716309e-02
3.377442978578199836e+04 -9.468411095440387726e-03 7.635815534740686417e-03 -7.269296050071716309e-02
3.377443823914999666e+04 -9.773843921720981598e-03 6.719517521560192108e-03 -7.299839705228805542e-02
3.377444323915000132e+04 -1.252273749560117722e-02 6.108652334660291672e-03 -7.147123664617538452e-02
3.377444980531300098e+04 -1.252273749560117722e-02 6.108652334660291672e-03 -7.147123664617538452e-02
3.377445825868200336e+04 -1.191187184303998947e-02 1.038470957428216934e-02 -7.147123664617538452e-02
3.377446325868200074e+04 -1.313360314816236496e-02 1.007927674800157547e-02 -7.269296050071716309e-02
3.377446982484500040e+04 -1.313360314816236496e-02 1.007927674800157547e-02 -7.269296050071716309e-02
3.377447827821400278e+04 -1.374446786940097809e-02 6.108652334660291672e-03 -7.391469180583953857e-02
3.377448327821400017e+04 -9.468411095440387726e-03 5.803219974040985107e-03 -7.299839705228805542e-02
3.377448984437699983e+04 -9.468411095440387726e-03 5.803219974040985107e-03 -7.299839705228805542e-02
3.377449829774600221e+04 -9.773843921720981598e-03 8.552113547921180725e-03 -7.391469180583953857e-02
3.377450329774599959e+04 -9.773843921720981598e-03 5.803219974040985107e-03 -7.696902006864547729e-02
3.377450986390899925e+04 -9.773843921720981598e-03 5.803219974040985107e-03 -7.696902006864547729e-02
3.377451831727699755e+04 -1.069014146924018860e-02 3.054326167330145836e-03 -7.635815441608428955e-02
3.377452331727700221e+04 -7.635815534740686417e-03 5.192354787141084671e-03 -7.177666574716567993e-02
3.377452988343899779e+04 -7.635815534740686417e-03 5.192354787141084671e-03 -7.177666574716567993e-02
3.377453833680700336e+04 -7.941247895359992981e-03 1.038470957428216934e-02 -7.208210229873657227e-02
3.377454333680700074e+04 -1.099557429552078247e-02 1.221730466932058334e-02 -7.391469180583953857e-02
3.377454990296900360e+04 -1.099557429552078247e-02 1.221730466932058334e-02 -7.391469180583953857e-02
3.377455832582100265e+04 -1.038470957428216934e-02 8.552113547921180725e-03 -7.635815441608428955e-02
3.377456332582100003e+04 -6.108652334660291672e-03 5.497787147760391235e-03 -7.757988572120666504e-02
3.377456989198300289e+04 -6.108652334660291672e-03 5.497787147760391235e-03 -7.757988572120666504e-02
3.377457834535300208e+04 -5.192354787141084671e-03 3.970623947679996490e-03 -7.635815441608428955e-02
3.377458334535299946e+04 -1.069014146924018860e-02 4.581489134579896927e-03 -7.513642311096191406e-02
3.377458994203300244e+04 -1.069014146924018860e-02 4.581489134579896927e-03 -7.513642311096191406e-02
3.377459836488500150e+04 -1.343903504312038422e-02 7.635815534740686417e-03 -7.360926270484924316e-02
3.377460336488499888e+04 -1.710422709584236145e-02 1.099557429552078247e-02 -7.269296050071716309e-02
3.377460996156500187e+04 -1.710422709584236145e-02 1.099557429552078247e-02 -7.269296050071716309e-02
3.377461838441700093e+04 -1.710422709584236145e-02 1.343903504312038422e-02 -7.605272531509399414e-02
3.377462338441699831e+04 -1.130100712180137634e-02 9.162978269159793854e-03 -7.483099400997161865e-02
3.377462998109599721e+04 -1.130100712180137634e-02 9.162978269159793854e-03 -7.483099400997161865e-02
3.377463840394699946e+04 -7.635815534740686417e-03 1.069014146924018860e-02 -7.422012835741043091e-02
3.377464340394699684e+04 -1.099557429552078247e-02 1.191187184303998947e-02 -7.330382615327835083e-02
3.377464997010800289e+04 -1.099557429552078247e-02 1.191187184303998947e-02 -7.330382615327835083e-02
3.377465842347699800e+04 -1.374446786940097809e-02 1.038470957428216934e-02 -7.024950534105300903e-02
3.377466342347700265e+04 -1.038470957428216934e-02 8.857546374201774597e-03 -7.086037099361419678e-02
3.377466998963899823e+04 -1.038470957428216934e-02 8.857546374201774597e-03 -7.086037099361419678e-02
3.377467847352600074e+04 -6.719517521560192108e-03 5.803219974040985107e-03 -7.452555745840072632e-02
3.377468347352599812e+04 -7.941247895359992981e-03 7.941247895359992981e-03 -7.544185966253280640e-02
3.377469000917099766e+04 -7.941247895359992981e-03 7.941247895359992981e-03 -7.544185966253280640e-02
3.377469846254099684e+04 -1.221730466932058334e-02 1.160643994808197021e-02 -7.513642311096191406e-02
3.377470346254100150e+04 -1.496619824320077896e-02 8.552113547921180725e-03 -7.391469180583953857e-02
3.377471002870299708e+04 -1.496619824320077896e-02 8.552113547921180725e-03 -7.391469180583953857e-02
3.377471848207300354e+04 -1.588249579071998596e-02 7.941247895359992981e-03 -7.330382615327835083e-02
3.377472348207300092e+04 -8.552113547921180725e-03 7.635815534740686417e-03 -7.238753139972686768e-02
3.377473004823399970e+04 -8.552113547921180725e-03 7.635815534740686417e-03 -7.238753139972686768e-02
3.377473850160300208e+04 -6.414085160940885544e-03 1.007927674800157547e-02 -7.086037099361419678e-02
3.377474350160299946e+04 -1.007927674800157547e-02 1.130100712180137634e-02 -6.902777403593063354e-02
3.377475006776399823e+04 -1.007927674800157547e-02 1.130100712180137634e-02 -6.902777403593063354e-02
3.377475852113300061e+04 -1.191187184303998947e-02 1.160643994808197021e-02 -7.208210229873657227e-02
3.377476352113299799e+04 -7.941247895359992981e-03 8.246680721640586853e-03 -7.330382615327835083e-02
3.377477008729500085e+04 -7.941247895359992981e-03 8.246680721640586853e-03 -7.330382615327835083e-02
3.377477854066500004e+04 -9.773843921720981598e-03 6.414085160940885544e-03 -7.360926270484924316e-02
3.377478354066499742e+04 -9.773843921720981598e-03 1.038470957428216934e-02 -7.299839705228805542e-02
3.377479010682700027e+04 -9.773843921720981598e-03 1.038470957428216934e-02 -7.299839705228805542e-02
3.377479856019699946e+04 -9.468411095440387726e-03 9.162978269159793854e-03 -7.360926270484924316e-02
3.377480356019699684e+04 -1.374446786940097809e-02 9.162978269159793854e-03 -7.574728876352310181e-02
3.377481012635899970e+04 -1.374446786940097809e-02 9.162978269159793854e-03 -7.574728876352310181e-02
3.377481857972899888e+04 -1.007927674800157547e-02 8.552113547921180725e-03 -7.544185966253280640e-02
3.377482357972900354e+04 -1.374446786940097809e-02 1.099557429552078247e-02 -7.299839705228805542e-02
3.377483014589099912e+04 -1.374446786940097809e-02 1.099557429552078247e-02 -7.299839705228805542e-02
3.377483859926000150e+04 -8.552113547921180725e-03 1.191187184303998947e-02 -7.024950534105300903e-02
3.377484359925999888e+04 -1.313360314816236496e-02 8.552113547921180725e-03 -6.994406878948211670e-02
3.377485016542099766e+04 -1.313360314816236496e-02 8.552113547921180725e-03 -6.994406878948211670e-02
3.377485861879000004e+04 -2.535090781748294830e-02 9.773843921720981598e-03 -7.391469180583953857e-02
3.377486361878999742e+04 -5.497787147760391235e-03 1.099557429552078247e-02 -7.605272531509399414e-02
3.377487036805800017e+04 -5.497787147760391235e-03 1.099557429552078247e-02 -7.605272531509399414e-02
3.377487866883900278e+04 -3.359758760780096054e-03 5.192354787141084671e-03 -7.483099400997161865e-02
3.377488366883900017e+04 -1.985312066972255707e-02 2.748893573880195618e-03 -7.238753139972686768e-02
3.377489020448399970e+04 -1.985312066972255707e-02 2.748893573880195618e-03 -7.238753139972686768e-02
3.377489865785399888e+04 -1.130100712180137634e-02 7.024950347840785980e-03 -7.238753139972686768e-02
3.377490365785400354e+04 -2.443460980430245399e-03 7.635815534740686417e-03 -7.208210229873657227e-02
3.377491065126199828e+04 -2.443460980430245399e-03 7.635815534740686417e-03 -7.208210229873657227e-02
3.377491870790199755e+04 -1.649336144328117371e-02 4.886921960860490799e-03 -7.147123664617538452e-02
3.377492370790200221e+04 -1.007927674800157547e-02 9.162978269159793854e-03 -7.422012835741043091e-02
3.377493024354599766e+04 -1.007927674800157547e-02 9.162978269159793854e-03 -7.422012835741043091e-02
3.377493869691500004e+04 3.054326225537806749e-04 8.857546374201774597e-03 -7.635815441608428955e-02
3.377494369691499742e+04 -1.313360314816236496e-02 4.276056773960590363e-03 -7.544185966253280640e-02
3.377495026307700027e+04 -1.313360314816236496e-02 4.276056773960590363e-03 -7.544185966253280640e-02
3.377495880799899896e+04 -1.771509274840354919e-02 9.162978269159793854e-03 -7.177666574716567993e-02
3.377496380799900362e+04 -1.130100712180137634e-02 1.191187184303998947e-02 -7.208210229873657227e-02
3.377497028260899970e+04 -1.130100712180137634e-02 1.191187184303998947e-02 -7.208210229873657227e-02
3.377497873597899888e+04 -1.069014146924018860e-02 6.108652334660291672e-03 -7.238753139972686768e-02
3.377498373597900354e+04 -9.162978269159793854e-03 7.024950347840785980e-03 -7.452555745840072632e-02
3.377499030214099912e+04 -9.162978269159793854e-03 7.024950347840785980e-03 -7.452555745840072632e-02
3.377499881654499768e+04 -6.414085160940885544e-03 9.468411095440387726e-03 -7.452555745840072632e-02
3.377500381654500234e+04 -1.404990069568157196e-02 5.497787147760391235e-03 -7.116580009460449219e-02
3.377501032167099766e+04 -1.404990069568157196e-02 5.497787147760391235e-03 -7.116580009460449219e-02
3.377501877504000004e+04 -1.771509274840354919e-02 2.138028386980295181e-03 -7.024950534105300903e-02
3.377502377503999742e+04 -1.618792861700057983e-02 3.665191587060689926e-03 -7.147123664617538452e-02
3.377503034120200027e+04 -1.618792861700057983e-02 3.665191587060689926e-03 -7.147123664617538452e-02
3.377503885560700292e+04 -1.374446786940097809e-02 6.414085160940885544e-03 -7.391469180583953857e-02
3.377504385560700030e+04 -1.282817032188177109e-02 7.024950347840785980e-03 -7.422012835741043091e-02
3.377505036073399970e+04 -1.282817032188177109e-02 7.024950347840785980e-03 -7.422012835741043091e-02
3.377505881410399888e+04 -1.313360314816236496e-02 1.007927674800157547e-02 -7.452555745840072632e-02
3.377506381410400354e+04 -1.343903504312038422e-02 6.719517521560192108e-03 -7.696902006864547729e-02
3.377507038026599912e+04 -1.343903504312038422e-02 6.719517521560192108e-03 -7.696902006864547729e-02
3.377507883363500150e+04 -1.863138936460018158e-02 4.276056773960590363e-03 -7.574728876352310181e-02
3.377508383363499888e+04 -1.374446786940097809e-02 8.857546374201774597e-03 -7.330382615327835083e-02
3.377509039979599766e+04 -1.374446786940097809e-02 8.857546374201774597e-03 -7.330382615327835083e-02
3.377509885316500004e+04 -8.552113547921180725e-03 1.343903504312038422e-02 -7.024950534105300903e-02
3.377510385316499742e+04 -9.468411095440387726e-03 1.007927674800157547e-02 -7.208210229873657227e-02
3.377511044984500040e+04 -9.468411095440387726e-03 1.007927674800157547e-02 -7.208210229873657227e-02
3.377511887269699946e+04 -5.497787147760391235e-03 9.468411095440387726e-03 -7.330382615327835083e-02
3.377512387269699684e+04 -7.330383174121379852e-03 1.007927674800157547e-02 -7.422012835741043091e-02
3.377513043885899970e+04 -7.330383174121379852e-03 1.007927674800157547e-02 -7.422012835741043091e-02
3.377513889222899888e+04 -1.099557429552078247e-02 1.221730466932058334e-02 -7.513642311096191406e-02
3.377514389222900354e+04 -1.618792861700057983e-02 8.552113547921180725e-03 -7.513642311096191406e-02
3.377515045839099912e+04 -1.618792861700057983e-02 8.552113547921180725e-03 -7.513642311096191406e-02
3.377515891176000150e+04 -1.618792861700057983e-02 6.719517521560192108e-03 -7.452555745840072632e-02
3.377516391175999888e+04 -1.069014146924018860e-02 6.719517521560192108e-03 -7.269296050071716309e-02
3.377517047792099766e+04 -1.069014146924018860e-02 6.719517521560192108e-03 -7.269296050071716309e-02
3.377517893129000004e+04 -7.941247895359992981e-03 7.330383174121379852e-03 -7.422012835741043091e-02
3.377518393128999742e+04 -9.773843921720981598e-03 1.191187184303998947e-02 -7.696902006864547729e-02
3.377519049745200027e+04 -9.773843921720981598e-03 1.191187184303998947e-02 -7.696902006864547729e-02
3.377519892030399933e+04 -1.130100712180137634e-02 1.221730466932058334e-02 -7.574728876352310181e-02
3.377520392030399671e+04 -1.313360314816236496e-02 8.552113547921180725e-03 -7.574728876352310181e-02
3.377521051698399970e+04 -1.313360314816236496e-02 8.552113547921180725e-03 -7.574728876352310181e-02
3.377521893983599875e+04 -1.099557429552078247e-02 7.024950347840785980e-03 -7.483099400997161865e-02
3.377522393983600341e+04 -1.160643994808197021e-02 7.941247895359992981e-03 -7.330382615327835083e-02
3.377523053651599912e+04 -1.160643994808197021e-02 7.941247895359992981e-03 -7.330382615327835083e-02
3.377523895936700137e+04 -1.527163106948137283e-02 1.160643994808197021e-02 -7.330382615327835083e-02
3.377524395936699875e+04 -1.618792861700057983e-02 1.252273749560117722e-02 -7.452555745840072632e-02
3.377525055604599766e+04 -1.618792861700057983e-02 1.252273749560117722e-02 -7.452555745840072632e-02
3.377525897889699991e+04 -1.007927674800157547e-02 1.069014146924018860e-02 -7.452555745840072632e-02
3.377526397889699729e+04 -1.160643994808197021e-02 7.941247895359992981e-03 -7.727445662021636963e-02
3.377527054505999695e+04 -1.160643994808197021e-02 7.941247895359992981e-03 -7.727445662021636963e-02
3.377527899842899933e+04 -9.162978269159793854e-03 1.130100712180137634e-02 -7.574728876352310181e-02
3.377528399842899671e+04 1.527163083665072918e-03 7.330383174121379852e-03 -7.452555745840072632e-02
3.377529056459199637e+04 1.527163083665072918e-03 7.330383174121379852e-03 -7.452555745840072632e-02
3.377529904847899888e+04 -5.192354787141084671e-03 5.803219974040985107e-03 -7.513642311096191406e-02
3.377530404847900354e+04 -1.252273749560117722e-02 8.246680721640586853e-03 -7.360926270484924316e-02
3.377531061464099912e+04 -1.252273749560117722e-02 8.246680721640586853e-03 -7.360926270484924316e-02
3.377531903749200137e+04 9.162978967651724815e-04 1.038470957428216934e-02 -7.147123664617538452e-02
3.377532403749199875e+04 -9.773843921720981598e-03 7.635815534740686417e-03 -7.422012835741043091e-02
3.377533060365400161e+04 -9.773843921720981598e-03 7.635815534740686417e-03 -7.422012835741043091e-02
3.377533905702199991e+04 -1.435533352196216583e-02 1.130100712180137634e-02 -7.544185966253280640e-02
3.377534405702199729e+04 -8.552113547921180725e-03 1.527163106948137283e-02 -7.299839705228805542e-02
3.377535065370200027e+04 -8.552113547921180725e-03 1.527163106948137283e-02 -7.299839705228805542e-02
3.377535907655399933e+04 -8.552113547921180725e-03 8.857546374201774597e-03 -7.055493444204330444e-02
3.377536407655399671e+04 -1.313360314816236496e-02 1.191187184303998947e-02 -7.238753139972686768e-02
3.377537064271699637e+04 -1.313360314816236496e-02 1.191187184303998947e-02 -7.238753139972686768e-02
3.377537912660399888e+04 -1.404990069568157196e-02 9.162978269159793854e-03 -7.330382615327835083e-02
3.377538412660400354e+04 -1.313360314816236496e-02 2.443460980430245399e-03 -7.422012835741043091e-02
3.377539069276599912e+04 -1.313360314816236496e-02 2.443460980430245399e-03 -7.422012835741043091e-02
3.377539911561700137e+04 -1.802052557468414307e-02 6.719517521560192108e-03 -7.360926270484924316e-02
3.377540411561699875e+04 -1.282817032188177109e-02 8.552113547921180725e-03 -7.055493444204330444e-02
3.377541068177900161e+04 -1.282817032188177109e-02 8.552113547921180725e-03 -7.055493444204330444e-02
3.377541913514699991e+04 -1.099557429552078247e-02 9.162978269159793854e-03 -6.902777403593063354e-02
3.377542413514699729e+04 -1.069014146924018860e-02 1.130100712180137634e-02 -7.330382615327835083e-02
3.377543073182700027e+04 -1.069014146924018860e-02 1.130100712180137634e-02 -7.330382615327835083e-02
3.377543915467899933e+04 -9.162978269159793854e-03 1.069014146924018860e-02 -7.483099400997161865e-02
3.377544415467899671e+04 -8.857546374201774597e-03 1.038470957428216934e-02 -7.330382615327835083e-02
3.377545072084199637e+04 -8.857546374201774597e-03 1.038470957428216934e-02 -7.330382615327835083e-02
3.377545917421099875e+04 -1.527163106948137283e-02 1.007927674800157547e-02 -7.269296050071716309e-02
3.377546417421100341e+04 -1.374446786940097809e-02 7.024950347840785980e-03 -7.452555745840072632e-02
3.377547074037400307e+04 -1.374446786940097809e-02 7.024950347840785980e-03 -7.452555745840072632e-02
3.377547919374200137e+04 -1.160643994808197021e-02 7.635815534740686417e-03 -7.605272531509399414e-02
3.377548419374199875e+04 -1.038470957428216934e-02 5.497787147760391235e-03 -7.391469180583953857e-02
3.377549075990400161e+04 -1.038470957428216934e-02 5.497787147760391235e-03 -7.391469180583953857e-02
3.377549921327199991e+04 -8.246680721640586853e-03 7.635815534740686417e-03 -7.269296050071716309e-02
3.377550421327199729e+04 -9.162978269159793854e-03 8.552113547921180725e-03 -7.330382615327835083e-02
3.377551077943499695e+04 -9.162978269159793854e-03 8.552113547921180725e-03 -7.330382615327835083e-02
3.377551923280399933e+04 -1.099557429552078247e-02 6.414085160940885544e-03 -7.452555745840072632e-02
3.377552423280399671e+04 -1.160643994808197021e-02 7.635815534740686417e-03 -7.391469180583953857e-02
3.377553079896699637e+04 -1.160643994808197021e-02 7.635815534740686417e-03 -7.391469180583953857e-02
3.377553925233599875e+04 -1.099557429552078247e-02 8.857546374201774597e-03 -7.238753139972686768e-02
3.377554425233600341e+04 -1.374446786940097809e-02 9.162978269159793854e-03 -7.147123664617538452e-02
3.377555081849900307e+04 -1.374446786940097809e-02 9.162978269159793854e-03 -7.147123664617538452e-02
3.377555927186700137e+04 -1.313360314816236496e-02 8.857546374201774597e-03 -7.360926270484924316e-02
3.377556427186699875e+04 -1.343903504312038422e-02 7.024950347840785980e-03 -7.360926270484924316e-02
3.377557083802900161e+04 -1.343903504312038422e-02 7.024950347840785980e-03 -7.360926270484924316e-02
3.377557929139699991e+04 -1.618792861700057983e-02 4.581489134579896927e-03 -7.330382615327835083e-02
3.377558429139699729e+04 -1.618792861700057983e-02 4.581489134579896927e-03 -7.330382615327835083e-02
3.377559085755999695e+04 -1.618792861700057983e-02 4.581489134579896927e-03 -7.330382615327835083e-02
3.377559931092899933e+04 -1.374446786940097809e-02 6.108652334660291672e-03 -7.024950534105300903e-02
3.377560431092899671e+04 -1.435533352196216583e-02 8.552113547921180725e-03 -7.024950534105300903e-02
3.377561087709199637e+04 -1.435533352196216583e-02 8.552113547921180725e-03 -7.024950534105300903e-02
3.377561933046099875e+04 -1.038470957428216934e-02 7.024950347840785980e-03 -7.513642311096191406e-02
3.377562433046100341e+04 -8.552113547921180725e-03 6.108652334660291672e-03 -7.452555745840072632e-02
3.377563089662400307e+04 -8.552113547921180725e-03 6.108652334660291672e-03 -7.452555745840072632e-02
3.377563934999200137e+04 -1.007927674800157547e-02 7.024950347840785980e-03 -7.177666574716567993e-02
3.377564434999199875e+04 -1.191187184303998947e-02 5.192354787141084671e-03 -6.902777403593063354e-02
3.377565091615400161e+04 -1.191187184303998947e-02 5.192354787141084671e-03 -6.902777403593063354e-02
3.377565936952199991e+04 -1.069014146924018860e-02 7.941247895359992981e-03 -6.994406878948211670e-02
3.377566436952199729e+04 -1.038470957428216934e-02 1.069014146924018860e-02 -7.238753139972686768e-02
3.377567093568499695e+04 -1.038470957428216934e-02 1.069014146924018860e-02 -7.238753139972686768e-02
3.377567938905399933e+04 -7.330383174121379852e-03 8.857546374201774597e-03 -7.452555745840072632e-02
3.377568438905399671e+04 -7.024950347840785980e-03 8.246680721640586853e-03 -7.574728876352310181e-02
3.377569095521699637e+04 -7.024950347840785980e-03 8.246680721640586853e-03 -7.574728876352310181e-02
3.377569940858599875e+04 -9.773843921720981598e-03 9.468411095440387726e-03 -7.513642311096191406e-02
3.377570440858600341e+04 -1.282817032188177109e-02 1.038470957428216934e-02 -7.299839705228805542e-02
3.377571097474900307e+04 -1.282817032188177109e-02 1.038470957428216934e-02 -7.299839705228805542e-02
3.377571942811700137e+04 -1.160643994808197021e-02 1.191187184303998947e-02 -7.147123664617538452e-02
3.377572442811699875e+04 -7.941247895359992981e-03 1.160643994808197021e-02 -7.147123664617538452e-02
3.377573099427900161e+04 -7.941247895359992981e-03 1.160643994808197021e-02 -7.147123664617538452e-02
3.377573944764699991e+04 -6.108652334660291672e-03 7.635815534740686417e-03 -7.452555745840072632e-02
3.377574444764699729e+04 -8.246680721640586853e-03 7.941247895359992981e-03 -7.360926270484924316e-02
3.377575101380999695e+04 -8.246680721640586853e-03 7.941247895359992981e-03 -7.360926270484924316e-02
3.377575943666200328e+04 -8.246680721640586853e-03 8.857546374201774597e-03 -7.177666574716567993e-02
3.377576443666200066e+04 -9.773843921720981598e-03 6.414085160940885544e-03 -7.360926270484924316e-02
3.377577103334199637e+04 -9.773843921720981598e-03 6.414085160940885544e-03 -7.360926270484924316e-02
3.377577945619400271e+04 -8.552113547921180725e-03 3.665191587060689926e-03 -7.452555745840072632e-02
3.377578445619400009e+04 -8.552113547921180725e-03 8.246680721640586853e-03 -7.238753139972686768e-02
3.377579105287400307e+04 -8.552113547921180725e-03 8.246680721640586853e-03 -7.238753139972686768e-02
3.377579947572499805e+04 -1.221730466932058334e-02 1.191187184303998947e-02 -7.238753139972686768e-02
3.377580447572500270e+04 -1.038470957428216934e-02 9.773843921720981598e-03 -7.513642311096191406e-02
3.377581107240400161e+04 -1.038470957428216934e-02 9.773843921720981598e-03 -7.513642311096191406e-02
3.377581949525499658e+04 -8.552113547921180725e-03 7.330383174121379852e-03 -7.483099400997161865e-02
3.377582449525500124e+04 -1.221730466932058334e-02 9.773843921720981598e-03 -7.360926270484924316e-02
3.377583109193499695e+04 -1.221730466932058334e-02 9.773843921720981598e-03 -7.360926270484924316e-02
3.377583951478700328e+04 -1.313360314816236496e-02 1.130100712180137634e-02 -7.422012835741043091e-02
3.377584451478700066e+04 -7.024950347840785980e-03 7.024950347840785980e-03 -7.544185966253280640e-02
3.377585111146699637e+04 -7.024950347840785980e-03 7.024950347840785980e-03 -7.544185966253280640e-02
3.377585953431900271e+04 -4.581489134579896927e-03 7.330383174121379852e-03 -7.483099400997161865e-02
3.377586453431900009e+04 -7.330383174121379852e-03 7.635815534740686417e-03 -7.422012835741043091e-02
3.377587113099900307e+04 -7.330383174121379852e-03 7.635815534740686417e-03 -7.422012835741043091e-02
3.377587955384999805e+04 -1.160643994808197021e-02 6.719517521560192108e-03 -7.360926270484924316e-02
3.377588455385000270e+04 -1.038470957428216934e-02 7.024950347840785980e-03 -7.391469180583953857e-02
3.377589115052900161e+04 -1.038470957428216934e-02 7.024950347840785980e-03 -7.391469180583953857e-02
3.377589957337999658e+04 -7.941247895359992981e-03 9.468411095440387726e-03 -7.147123664617538452e-02
3.377590457338000124e+04 -1.099557429552078247e-02 9.468411095440387726e-03 -7.360926270484924316e-02
3.377591113954199682e+04 -1.099557429552078247e-02 9.468411095440387726e-03 -7.360926270484924316e-02
3.377591956239400315e+04 -1.404990069568157196e-02 6.414085160940885544e-03 -7.727445662021636963e-02
3.377592456239400053e+04 -1.099557429552078247e-02 6.719517521560192108e-03 -7.422012835741043091e-02
3.377593115907400352e+04 -1.099557429552078247e-02 6.719517521560192108e-03 -7.422012835741043091e-02
3.377593961244400271e+04 -7.941247895359992981e-03 8.857546374201774597e-03 -7.574728876352310181e-02
3.377594461244400009e+04 -1.313360314816236496e-02 1.313360314816236496e-02 -7.483099400997161865e-02
3.377595117860600294e+04 -1.313360314816236496e-02 1.313360314816236496e-02 -7.483099400997161865e-02
3.377595960145699792e+04 -1.832595653831958771e-02 1.313360314816236496e-02 -7.391469180583953857e-02
3.377596460145700257e+04 -1.313360314816236496e-02 9.468411095440387726e-03 -7.330382615327835083e-02
3.377597116761800135e+04 -1.313360314816236496e-02 9.468411095440387726e-03 -7.330382615327835083e-02
3.377597962098699645e+04 -1.160643994808197021e-02 6.719517521560192108e-03 -7.299839705228805542e-02
3.377598462098700111e+04 -1.160643994808197021e-02 1.007927674800157547e-02 -7.513642311096191406e-02
3.377599118714899669e+04 -1.160643994808197021e-02 1.007927674800157547e-02 -7.513642311096191406e-02
3.377599964051900315e+04 -1.191187184303998947e-02 1.038470957428216934e-02 -7.513642311096191406e-02
3.377600464051900053e+04 -1.282817032188177109e-02 8.857546374201774597e-03 -7.360926270484924316e-02
3.377601120668100339e+04 -1.282817032188177109e-02 8.857546374201774597e-03 -7.360926270484924316e-02
3.377601966005100257e+04 -1.404990069568157196e-02 6.108652334660291672e-03 -7.330382615327835083e-02
3.377602466005099996e+04 -1.221730466932058334e-02 2.748893573880195618e-03 -7.360926270484924316e-02
3.377603122621300281e+04 -1.221730466932058334e-02 2.748893573880195618e-03 -7.360926270484924316e-02
3.377603967958199792e+04 -1.038470957428216934e-02 4.886921960860490799e-03 -7.391469180583953857e-02
3.377604467958200257e+04 -1.007927674800157547e-02 1.007927674800157547e-02 -7.269296050071716309e-02
3.377605124574300135e+04 -1.007927674800157547e-02 1.007927674800157547e-02 -7.269296050071716309e-02
3.377605969911199645e+04 -9.468411095440387726e-03 1.221730466932058334e-02 -7.422012835741043091e-02
3.377606469911200111e+04 -1.374446786940097809e-02 8.857546374201774597e-03 -7.422012835741043091e-02
3.377607126527399669e+04 -1.374446786940097809e-02 8.857546374201774597e-03 -7.422012835741043091e-02
3.377607971864400315e+04 -1.252273749560117722e-02 5.497787147760391235e-03 -7.299839705228805542e-02
3.377608471864400053e+04 -1.007927674800157547e-02 6.414085160940885544e-03 -7.269296050071716309e-02
3.377609128480600339e+04 -1.007927674800157547e-02 6.414085160940885544e-03 -7.269296050071716309e-02
3.377609973817600257e+04 -1.038470957428216934e-02 9.773843921720981598e-03 -7.299839705228805542e-02
3.377610473817599996e+04 -1.313360314816236496e-02 8.246680721640586853e-03 -7.177666574716567993e-02
3.377611130433800281e+04 -1.313360314816236496e-02 8.246680721640586853e-03 -7.177666574716567993e-02
3.377611975770699792e+04 -1.160643994808197021e-02 7.330383174121379852e-03 -7.360926270484924316e-02
3.377612475770700257e+04 -9.162978269159793854e-03 9.162978269159793854e-03 -7.727445662021636963e-02
3.377613132386800135e+04 -9.162978269159793854e-03 9.162978269159793854e-03 -7.727445662021636963e-02
3.377613977723699645e+04 -9.773843921720981598e-03 1.099557429552078247e-02 -7.757988572120666504e-02
3.377614477723700111e+04 -1.160643994808197021e-02 1.069014146924018860e-02 -7.299839705228805542e-02
3.377615134339899669e+04 -1.160643994808197021e-02 1.069014146924018860e-02 -7.299839705228805542e-02
3.377615979676900315e+04 -1.191187184303998947e-02 9.162978269159793854e-03 -7.238753139972686768e-02
3.377616479676900053e+04 -1.160643994808197021e-02 9.162978269159793854e-03 -7.299839705228805542e-02
3.377617136293100339e+04 -1.160643994808197021e-02 9.162978269159793854e-03 -7.299839705228805542e-02
3.377617981630100257e+04 -1.130100712180137634e-02 7.024950347840785980e-03 -7.177666574716567993e-02
3.377618481630099996e+04 -9.773843921720981598e-03 9.773843921720981598e-03 -7.330382615327835083e-02
3.377619138246300281e+04 -9.773843921720981598e-03 9.773843921720981598e-03 -7.330382615327835083e-02
3.377619983583199792e+04 -7.941247895359992981e-03 1.038470957428216934e-02 -7.483099400997161865e-02
3.377620483583200257e+04 -1.435533352196216583e-02 9.162978269159793854e-03 -7.330382615327835083e-02
3.377621140199300135e+04 -1.435533352196216583e-02 9.162978269159793854e-03 -7.330382615327835083e-02
3.377621985536199645e+04 -1.435533352196216583e-02 8.552113547921180725e-03 -7.055493444204330444e-02
3.377622485536200111e+04 -8.552113547921180725e-03 2.748893573880195618e-03 -7.269296050071716309e-02
3.377623142152399669e+04 -8.552113547921180725e-03 2.748893573880195618e-03 -7.269296050071716309e-02
3.377623987489400315e+04 -1.282817032188177109e-02 3.970623947679996490e-03 -7.422012835741043091e-02
3.377624487489400053e+04 -1.221730466932058334e-02 6.719517521560192108e-03 -7.605272531509399414e-02
3.377625144105600339e+04 -1.221730466932058334e-02 6.719517521560192108e-03 -7.605272531509399414e-02
3.377625989442600257e+04 -8.552113547921180725e-03 7.941247895359992981e-03 -7.727445662021636963e-02
3.377626489442599996e+04 -1.160643994808197021e-02 9.162978269159793854e-03 -7.666359096765518188e-02
3.377627146058800281e+04 -1.160643994808197021e-02 9.162978269159793854e-03 -7.666359096765518188e-02
3.377627991395699792e+04 -1.282817032188177109e-02 9.162978269159793854e-03 -7.513642311096191406e-02
3.377628491395700257e+04 -1.069014146924018860e-02 1.099557429552078247e-02 -7.574728876352310181e-02
3.377629148011800135e+04 -1.069014146924018860e-02 1.099557429552078247e-02 -7.574728876352310181e-02
3.377629993348699645e+04 -9.162978269159793854e-03 1.282817032188177109e-02 -7.544185966253280640e-02
3.377630493348700111e+04 -7.330383174121379852e-03 1.191187184303998947e-02 -7.452555745840072632e-02
3.377631149964899669e+04 -7.330383174121379852e-03 1.191187184303998947e-02 -7.452555745840072632e-02
3.377631995301900315e+04 -8.552113547921180725e-03 9.468411095440387726e-03 -7.360926270484924316e-02
3.377632495301900053e+04 -1.221730466932058334e-02 1.038470957428216934e-02 -7.238753139972686768e-02
3.377633151918100339e+04 -1.221730466932058334e-02 1.038470957428216934e-02 -7.238753139972686768e-02
3.377633997255100257e+04 -1.313360314816236496e-02 4.886921960860490799e-03 -7.208210229873657227e-02
3.377634497255099996e+04 -1.130100712180137634e-02 5.497787147760391235e-03 -7.269296050071716309e-02
3.377635153871300281e+04 -1.130100712180137634e-02 5.497787147760391235e-03 -7.269296050071716309e-02
3.377635999208199792e+04 -6.108652334660291672e-03 7.024950347840785980e-03 -7.513642311096191406e-02
3.377636499208200257e+04 -7.941247895359992981e-03 4.581489134579896927e-03 -7.422012835741043091e-02
3.377636999208199995e+04 -7.941247895359992981e-03 4.581489134579896927e-03 -7.422012835741043091e-02
3.377637268739400315e+04 -7.941247895359992981e-03 4.581489134579896927e-03 -7.422012835741043091e-02
3.377638001161199645e+04 -1.160643994808197021e-02 8.552113547921180725e-03 -7.483099400997161865e-02
3.377638501161200111e+04 -1.191187184303998947e-02 9.162978269159793854e-03 -7.605272531509399414e-02
3.377639160829199682e+04 -1.191187184303998947e-02 9.162978269159793854e-03 -7.605272531509399414e-02
3.377640003114400315e+04 -1.099557429552078247e-02 7.635815534740686417e-03 -7.360926270484924316e-02
3.377640503114400053e+04 -1.007927674800157547e-02 9.468411095440387726e-03 -7.269296050071716309e-02
3.377641159730600339e+04 -1.007927674800157547e-02 9.468411095440387726e-03 -7.269296050071716309e-02
3.377642005067600257e+04 -1.007927674800157547e-02 1.282817032188177109e-02 -7.269296050071716309e-02
3.377642505067599996e+04 -9.162978269159793854e-03 1.252273749560117722e-02 -7.299839705228805542e-02
3.377643161683800281e+04 -9.162978269159793854e-03 1.252273749560117722e-02 -7.299839705228805542e-02
3.377644007020699792e+04 -6.719517521560192108e-03 8.552113547921180725e-03 -7.452555745840072632e-02
3.377644507020700257e+04 -9.773843921720981598e-03 8.246680721640586853e-03 -7.452555745840072632e-02
3.377645163636800135e+04 -9.773843921720981598e-03 8.246680721640586853e-03 -7.452555745840072632e-02
3.377646008973699645e+04 -1.435533352196216583e-02 1.130100712180137634e-02 -7.147123664617538452e-02
3.377646508973700111e+04 -1.130100712180137634e-02 1.221730466932058334e-02 -7.238753139972686768e-02
3.377647165589899669e+04 -1.130100712180137634e-02 1.221730466932058334e-02 -7.238753139972686768e-02
3.377648010926900315e+04 -1.007927674800157547e-02 1.160643994808197021e-02 -7.544185966253280640e-02
3.377648510926900053e+04 -1.038470957428216934e-02 1.038470957428216934e-02 -7.422012835741043091e-02
3.377649167543100339e+04 -1.038470957428216934e-02 1.038470957428216934e-02 -7.422012835741043091e-02
3.377650012880100257e+04 -1.130100712180137634e-02 8.246680721640586853e-03 -7.269296050071716309e-02
3.377650512880099996e+04 -1.435533352196216583e-02 1.069014146924018860e-02 -7.391469180583953857e-02
3.377651169496300281e+04 -1.435533352196216583e-02 1.069014146924018860e-02 -7.391469180583953857e-02
3.377652014833199792e+04 -1.679879426956176758e-02 1.160643994808197021e-02 -7.238753139972686768e-02
3.377652514833200257e+04 -1.527163106948137283e-02 1.130100712180137634e-02 -7.055493444204330444e-02
3.377653171449300135e+04 -1.527163106948137283e-02 1.130100712180137634e-02 -7.055493444204330444e-02
3.377654016786199645e+04 -1.099557429552078247e-02 9.773843921720981598e-03 -7.238753139972686768e-02
3.377654516786200111e+04 -6.108652334660291672e-03 7.330383174121379852e-03 -7.544185966253280640e-02
3.377655173402399669e+04 -6.108652334660291672e-03 7.330383174121379852e-03 -7.544185966253280640e-02
3.377656015687600302e+04 -5.192354787141084671e-03 7.330383174121379852e-03 -7.391469180583953857e-02
3.377656515687600040e+04 -1.588249579071998596e-02 5.803219974040985107e-03 -7.299839705228805542e-02
3.377657175355600339e+04 -1.588249579071998596e-02 5.803219974040985107e-03 -7.299839705228805542e-02
3.377658020692600257e+04 -1.740965992212295532e-02 3.665191587060689926e-03 -7.330382615327835083e-02
3.377658520692599996e+04 -1.435533352196216583e-02 3.665191587060689926e-03 -7.513642311096191406e-02
3.377659177308800281e+04 -1.435533352196216583e-02 3.665191587060689926e-03 -7.513642311096191406e-02
3.377660019593899779e+04 -1.527163106948137283e-02 7.024950347840785980e-03 -7.696902006864547729e-02
3.377660519593900244e+04 -1.099557429552078247e-02 8.552113547921180725e-03 -7.391469180583953857e-02
3.377661179261800135e+04 -1.099557429552078247e-02 8.552113547921180725e-03 -7.391469180583953857e-02
3.377662021546900360e+04 -6.414085160940885544e-03 9.468411095440387726e-03 -7.330382615327835083e-02
3.377662521546900098e+04 -1.374446786940097809e-02 1.038470957428216934e-02 -7.483099400997161865e-02
3.377663181214899669e+04 -1.374446786940097809e-02 1.038470957428216934e-02 -7.483099400997161865e-02
3.377664026551900315e+04 -1.404990069568157196e-02 8.552113547921180725e-03 -7.299839705228805542e-02
3.377664526551900053e+04 -7.941247895359992981e-03 7.330383174121379852e-03 -7.086037099361419678e-02
3.377665180116400006e+04 -7.941247895359992981e-03 7.330383174121379852e-03 -7.086037099361419678e-02
3.377666025453300244e+04 -1.099557429552078247e-02 4.886921960860490799e-03 -7.269296050071716309e-02
3.377666525453299982e+04 -1.435533352196216583e-02 5.497787147760391235e-03 -7.208210229873657227e-02
3.377667185121300281e+04 -1.435533352196216583e-02 5.497787147760391235e-03 -7.208210229873657227e-02
3.377668027406399779e+04 -9.162978269159793854e-03 1.038470957428216934e-02 -7.177666574716567993e-02
3.377668527406400244e+04 -1.130100712180137634e-02 1.069014146924018860e-02 -7.024950534105300903e-02
3.377669184022599802e+04 -1.130100712180137634e-02 1.069014146924018860e-02 -7.024950534105300903e-02
3.377670029359400360e+04 -1.557706389576196671e-02 5.803219974040985107e-03 -6.994406878948211670e-02
3.377670529359400098e+04 -1.588249579071998596e-02 9.773843921720981598e-03 -7.483099400997161865e-02
3.377671185975700064e+04 -1.588249579071998596e-02 9.773843921720981598e-03 -7.483099400997161865e-02
3.377672031312600302e+04 -1.496619824320077896e-02 1.221730466932058334e-02 -7.605272531509399414e-02
3.377672531312600040e+04 -1.618792861700057983e-02 1.130100712180137634e-02 -7.360926270484924316e-02
3.377673187928900006e+04 -1.618792861700057983e-02 1.130100712180137634e-02 -7.360926270484924316e-02
3.377674033265800244e+04 -1.404990069568157196e-02 8.552113547921180725e-03 -7.208210229873657227e-02
3.377674533265799982e+04 -7.024950347840785980e-03 9.468411095440387726e-03 -7.391469180583953857e-02
3.377675189882099949e+04 -7.024950347840785980e-03 9.468411095440387726e-03 -7.391469180583953857e-02
3.377676035218899779e+04 -9.773843921720981598e-03 8.552113547921180725e-03 -7.116580009460449219e-02
3.377676535218900244e+04 -1.649336144328117371e-02 3.359758760780096054e-03 -6.963863968849182129e-02
3.377677191835099802e+04 -1.649336144328117371e-02 3.359758760780096054e-03 -6.963863968849182129e-02
3.377678037171900360e+04 -1.679879426956176758e-02 7.024950347840785980e-03 -7.147123664617538452e-02
3.377678537171900098e+04 -1.160643994808197021e-02 6.108652334660291672e-03 -7.666359096765518188e-02
3.377679193788200064e+04 -1.160643994808197021e-02 6.108652334660291672e-03 -7.666359096765518188e-02
3.377680039125100302e+04 -1.130100712180137634e-02 9.162978269159793854e-03 -7.757988572120666504e-02
3.377680539125100040e+04 -1.252273749560117722e-02 1.007927674800157547e-02 -7.330382615327835083e-02
3.377681195741400006e+04 -1.252273749560117722e-02 1.007927674800157547e-02 -7.330382615327835083e-02
3.377682041078300244e+04 -1.588249579071998596e-02 1.099557429552078247e-02 -7.238753139972686768e-02
3.377682541078299982e+04 -1.802052557468414307e-02 7.941247895359992981e-03 -7.452555745840072632e-02
3.377683197694599949e+04 -1.802052557468414307e-02 7.941247895359992981e-03 -7.452555745840072632e-02
3.377684043031399779e+04 -1.282817032188177109e-02 5.192354787141084671e-03 -7.269296050071716309e-02
3.377684543031400244e+04 -4.886921960860490799e-03 8.246680721640586853e-03 -7.086037099361419678e-02
3.377685199647599802e+04 -4.886921960860490799e-03 8.246680721640586853e-03 -7.086037099361419678e-02
3.377686044984400360e+04 -3.359758760780096054e-03 1.038470957428216934e-02 -7.177666574716567993e-02
3.377686544984400098e+04 -6.719517521560192108e-03 1.007927674800157547e-02 -7.422012835741043091e-02
3.377687201600700064e+04 -6.719517521560192108e-03 1.007927674800157547e-02 -7.422012835741043091e-02
3.377688046937600302e+04 -8.246680721640586853e-03 1.038470957428216934e-02 -7.544185966253280640e-02
3.377688546937600040e+04 -1.038470957428216934e-02 1.466076634824275970e-02 -7.605272531509399414e-02
3.377689203553900006e+04 -1.038470957428216934e-02 1.466076634824275970e-02 -7.605272531509399414e-02
3.377690048890800244e+04 -1.191187184303998947e-02 1.099557429552078247e-02 -7.666359096765518188e-02
3.377690548890799982e+04 -7.024950347840785980e-03 7.330383174121379852e-03 -7.513642311096191406e-02
3.377691208558800281e+04 -7.024950347840785980e-03 7.330383174121379852e-03 -7.513642311096191406e-02
3.377692050843899779e+04 -7.330383174121379852e-03 7.941247895359992981e-03 -7.238753139972686768e-02
3.377692550843900244e+04 -1.252273749560117722e-02 1.038470957428216934e-02 -7.147123664617538452e-02
3.377693207460099802e+04 -1.252273749560117722e-02 1.038470957428216934e-02 -7.147123664617538452e-02
3.377694055848699645e+04 -1.466076634824275970e-02 6.414085160940885544e-03 -7.452555745840072632e-02
3.377694555848700111e+04 -7.635815534740686417e-03 5.192354787141084671e-03 -7.574728876352310181e-02
3.377695209413200064e+04 -7.635815534740686417e-03 5.192354787141084671e-03 -7.574728876352310181e-02
3.377696054750100302e+04 -7.635815534740686417e-03 8.857546374201774597e-03 -7.513642311096191406e-02
3.377696554750100040e+04 -1.160643994808197021e-02 9.162978269159793854e-03 -7.544185966253280640e-02
3.377697211366400006e+04 -1.160643994808197021e-02 9.162978269159793854e-03 -7.544185966253280640e-02
3.377698056703300244e+04 -1.435533352196216583e-02 8.857546374201774597e-03 -7.422012835741043091e-02
3.377698556703299982e+04 -1.160643994808197021e-02 9.468411095440387726e-03 -7.452555745840072632e-02
3.377699213319599949e+04 -1.160643994808197021e-02 9.468411095440387726e-03 -7.452555745840072632e-02
3.377700058656399779e+04 -9.162978269159793854e-03 7.941247895359992981e-03 -7.452555745840072632e-02
3.377700558656400244e+04 -1.099557429552078247e-02 7.330383174121379852e-03 -7.360926270484924316e-02
3.377701215272599802e+04 -1.099557429552078247e-02 7.330383174121379852e-03 -7.360926270484924316e-02
3.377702060609400360e+04 -1.160643994808197021e-02 7.024950347840785980e-03 -7.452555745840072632e-02
3.377702560609400098e+04 -1.007927674800157547e-02 7.941247895359992981e-03 -7.574728876352310181e-02
3.377703217225700064e+04 -1.007927674800157547e-02 7.941247895359992981e-03 -7.574728876352310181e-02
3.377704062562600302e+04 -1.313360314816236496e-02 8.246680721640586853e-03 -7.574728876352310181e-02
3.377704562562600040e+04 -1.313360314816236496e-02 7.330383174121379852e-03 -7.330382615327835083e-02
3.377705219178900006e+04 -1.313360314816236496e-02 7.330383174121379852e-03 -7.330382615327835083e-02
3.377706064515800244e+04 -7.024950347840785980e-03 6.719517521560192108e-03 -7.299839705228805542e-02
3.377706564515799982e+04 -8.552113547921180725e-03 9.162978269159793854e-03 -7.269296050071716309e-02
3.377707221132099949e+04 -8.552113547921180725e-03 9.162978269159793854e-03 -7.269296050071716309e-02
3.377708066468899779e+04 -1.496619824320077896e-02 1.099557429552078247e-02 -7.483099400997161865e-02
3.377708566468900244e+04 -1.618792861700057983e-02 1.160643994808197021e-02 -7.635815441608428955e-02
3.377709223085099802e+04 -1.618792861700057983e-02 1.160643994808197021e-02 -7.635815441608428955e-02
3.377710068421900360e+04 -9.468411095440387726e-03 1.130100712180137634e-02 -7.483099400997161865e-02
3.377710568421900098e+04 -3.665191587060689926e-03 1.099557429552078247e-02 -7.513642311096191406e-02
3.377711225038200064e+04 -3.665191587060689926e-03 1.099557429552078247e-02 -7.513642311096191406e-02
3.377712070375100302e+04 -7.024950347840785980e-03 1.007927674800157547e-02 -7.391469180583953857e-02
3.377712570375100040e+04 -1.221730466932058334e-02 1.007927674800157547e-02 -7.238753139972686768e-02
3.377713226991400006e+04 -1.221730466932058334e-02 1.007927674800157547e-02 -7.238753139972686768e-02
3.377714072328300244e+04 -1.313360314816236496e-02 9.773843921720981598e-03 -7.147123664617538452e-02
3.377714572328299982e+04 -1.435533352196216583e-02 8.857546374201774597e-03 -7.238753139972686768e-02
3.377715228944599949e+04 -1.435533352196216583e-02 8.857546374201774597e-03 -7.238753139972686768e-02
3.377716074281399779e+04 -1.557706389576196671e-02 7.024950347840785980e-03 -7.391469180583953857e-02
3.377716574281400244e+04 -1.466076634824275970e-02 7.024950347840785980e-03 -7.330382615327835083e-02
3.377717230897599802e+04 -1.466076634824275970e-02 7.024950347840785980e-03 -7.330382615327835083e-02
3.377718076234400360e+04 -1.404990069568157196e-02 8.857546374201774597e-03 -7.513642311096191406e-02
3.377718576234400098e+04 -1.221730466932058334e-02 1.160643994808197021e-02 -7.513642311096191406e-02
3.377719232850700064e+04 -1.221730466932058334e-02 1.160643994808197021e-02 -7.513642311096191406e-02
3.377720078187600302e+04 -1.069014146924018860e-02 1.069014146924018860e-02 -7.513642311096191406e-02
3.377720578187600040e+04 -1.374446786940097809e-02 7.941247895359992981e-03 -7.391469180583953857e-02
3.377721234803900006e+04 -1.374446786940097809e-02 7.941247895359992981e-03 -7.391469180583953857e-02
3.377722080140800244e+04 -1.863138936460018158e-02 6.719517521560192108e-03 -7.238753139972686768e-02
3.377722580140799982e+04 -1.527163106948137283e-02 7.330383174121379852e-03 -7.269296050071716309e-02
3.377723236757099949e+04 -1.527163106948137283e-02 7.330383174121379852e-03 -7.269296050071716309e-02
3.377724082093899779e+04 -1.099557429552078247e-02 9.162978269159793854e-03 -7.360926270484924316e-02
3.377724582093900244e+04 -1.435533352196216583e-02 9.468411095440387726e-03 -7.513642311096191406e-02
3.377725238710099802e+04 -1.435533352196216583e-02 9.468411095440387726e-03 -7.513642311096191406e-02
3.377726084046900360e+04 -1.832595653831958771e-02 4.581489134579896927e-03 -7.422012835741043091e-02
3.377726584046900098e+04 -1.679879426956176758e-02 6.108652334660291672e-03 -7.024950534105300903e-02
3.377727240663200064e+04 -1.679879426956176758e-02 6.108652334660291672e-03 -7.024950534105300903e-02
3.377728086000100302e+04 -1.527163106948137283e-02 8.552113547921180725e-03 -6.963863968849182129e-02
3.377728586000100040e+04 -1.099557429552078247e-02 8.857546374201774597e-03 -7.116580009460449219e-02
3.377729242616400006e+04 -1.099557429552078247e-02 8.857546374201774597e-03 -7.116580009460449219e-02
3.377730087953300244e+04 -1.221730466932058334e-02 7.941247895359992981e-03 -7.147123664617538452e-02
3.377730587953299982e+04 -1.282817032188177109e-02 7.330383174121379852e-03 -7.024950534105300903e-02
3.377731244569599949e+04 -1.282817032188177109e-02 7.330383174121379852e-03 -7.024950534105300903e-02
3.377732089906399779e+04 -1.557706389576196671e-02 7.635815534740686417e-03 -7.116580009460449219e-02
3.377732589906400244e+04 -1.404990069568157196e-02 5.192354787141084671e-03 -7.330382615327835083e-02
3.377733246522599802e+04 -1.404990069568157196e-02 5.192354787141084671e-03 -7.330382615327835083e-02
3.377734091859400360e+04 -1.160643994808197021e-02 8.857546374201774597e-03 -7.452555745840072632e-02
3.377734591859400098e+04 -1.160643994808197021e-02 8.246680721640586853e-03 -7.360926270484924316e-02
3.377735248475700064e+04 -1.160643994808197021e-02 8.246680721640586853e-03 -7.360926270484924316e-02
3.377736093812600302e+04 -7.941247895359992981e-03 9.468411095440387726e-03 -7.086037099361419678e-02
3.377736593812600040e+04 -9.162978269159793854e-03 7.635815534740686417e-03 -7.483099400997161865e-02
3.377737250428900006e+04 -9.162978269159793854e-03 7.635815534740686417e-03 -7.483099400997161865e-02
3.377738095765800244e+04 -9.773843921720981598e-03 9.468411095440387726e-03 -7.574728876352310181e-02
3.377738595765799982e+04 -1.160643994808197021e-02 1.007927674800157547e-02 -7.208210229873657227e-02
3.377739252382099949e+04 -1.160643994808197021e-02 1.007927674800157547e-02 -7.208210229873657227e-02
3.377740097718899779e+04 -1.191187184303998947e-02 5.497787147760391235e-03 -7.177666574716567993e-02
3.377740597718900244e+04 -1.038470957428216934e-02 2.748893573880195618e-03 -7.238753139972686768e-02
3.377741251283299789e+04 -1.038470957428216934e-02 2.748893573880195618e-03 -7.238753139972686768e-02
3.377742096620200027e+04 -9.162978269159793854e-03 8.552113547921180725e-03 -7.269296050071716309e-02
3.377742596620199765e+04 -8.857546374201774597e-03 1.099557429552078247e-02 -7.269296050071716309e-02
3.377743253236400051e+04 -8.857546374201774597e-03 1.099557429552078247e-02 -7.269296050071716309e-02
3.377744098573399970e+04 -8.552113547921180725e-03 1.069014146924018860e-02 -7.147123664617538452e-02
3.377744598573399708e+04 -9.162978269159793854e-03 7.941247895359992981e-03 -7.330382615327835083e-02
3.377745255189599993e+04 -9.162978269159793854e-03 7.941247895359992981e-03 -7.330382615327835083e-02
3.377746100526599912e+04 -1.282817032188177109e-02 6.414085160940885544e-03 -7.727445662021636963e-02
3.377746600526599650e+04 -1.252273749560117722e-02 9.468411095440387726e-03 -7.666359096765518188e-02
3.377747257142799936e+04 -1.252273749560117722e-02 9.468411095440387726e-03 -7.666359096765518188e-02
3.377748102479700174e+04 -1.130100712180137634e-02 1.252273749560117722e-02 -7.422012835741043091e-02
3.377748602479699912e+04 -1.099557429552078247e-02 1.038470957428216934e-02 -7.513642311096191406e-02
3.377749262147599802e+04 -1.099557429552078247e-02 1.038470957428216934e-02 -7.513642311096191406e-02
3.377750104432700027e+04 -1.069014146924018860e-02 1.069014146924018860e-02 -7.513642311096191406e-02
3.377750604432699765e+04 -1.099557429552078247e-02 1.160643994808197021e-02 -7.513642311096191406e-02
3.377751261048900051e+04 -1.099557429552078247e-02 1.160643994808197021e-02 -7.513642311096191406e-02
3.377752106385899970e+04 -1.130100712180137634e-02 8.552113547921180725e-03 -7.666359096765518188e-02
3.377752606385899708e+04 -5.192354787141084671e-03 7.635815534740686417e-03 -7.635815441608428955e-02
3.377753263002099993e+04 -5.192354787141084671e-03 7.635815534740686417e-03 -7.635815441608428955e-02
3.377754108339099912e+04 -3.970623947679996490e-03 1.130100712180137634e-02 -7.574728876352310181e-02
3.377754608339099650e+04 -9.468411095440387726e-03 1.221730466932058334e-02 -7.483099400997161865e-02
3.377755264955299936e+04 -9.468411095440387726e-03 1.221730466932058334e-02 -7.483099400997161865e-02
3.377756110292200174e+04 -1.007927674800157547e-02 1.313360314816236496e-02 -7.483099400997161865e-02
3.377756610292199912e+04 -1.252273749560117722e-02 1.282817032188177109e-02 -7.544185966253280640e-02
3.377757266908299789e+04 -1.252273749560117722e-02 1.282817032188177109e-02 -7.544185966253280640e-02
3.377758112245200027e+04 -1.343903504312038422e-02 1.191187184303998947e-02 -7.483099400997161865e-02
3.377758612245199765e+04 -1.191187184303998947e-02 1.130100712180137634e-02 -7.269296050071716309e-02
3.377759268861400051e+04 -1.191187184303998947e-02 1.130100712180137634e-02 -7.269296050071716309e-02
3.377760114198399970e+04 -8.857546374201774597e-03 1.160643994808197021e-02 -7.238753139972686768e-02
3.377760614198399708e+04 -7.635815534740686417e-03 1.496619824320077896e-02 -7.422012835741043091e-02
3.377761270814599993e+04 -7.635815534740686417e-03 1.496619824320077896e-02 -7.422012835741043091e-02
3.377762116151599912e+04 -1.007927674800157547e-02 1.099557429552078247e-02 -7.483099400997161865e-02
3.377762616151599650e+04 -1.069014146924018860e-02 9.162978269159793854e-03 -7.238753139972686768e-02
3.377763272767799936e+04 -1.069014146924018860e-02 9.162978269159793854e-03 -7.238753139972686768e-02
3.377764118104700174e+04 -8.552113547921180725e-03 1.160643994808197021e-02 -7.116580009460449219e-02
3.377764618104699912e+04 -1.435533352196216583e-02 1.038470957428216934e-02 -7.696902006864547729e-02
3.377765274720799789e+04 -1.435533352196216583e-02 1.038470957428216934e-02 -7.696902006864547729e-02
3.377766120057700027e+04 -1.527163106948137283e-02 7.635815534740686417e-03 -7.635815441608428955e-02
3.377766620057699765e+04 -8.857546374201774597e-03 1.038470957428216934e-02 -7.574728876352310181e-02
3.377767276673900051e+04 -8.857546374201774597e-03 1.038470957428216934e-02 -7.574728876352310181e-02
3.377768122010899970e+04 -9.468411095440387726e-03 9.773843921720981598e-03 -7.605272531509399414e-02
3.377768622010899708e+04 -1.527163106948137283e-02 9.162978269159793854e-03 -7.574728876352310181e-02
3.377769278627099993e+04 -1.527163106948137283e-02 9.162978269159793854e-03 -7.574728876352310181e-02
3.377770123964099912e+04 -1.588249579071998596e-02 1.557706389576196671e-02 -7.544185966253280640e-02
3.377770623964099650e+04 -5.192354787141084671e-03 1.710422709584236145e-02 -7.422012835741043091e-02
3.377771280580299936e+04 -5.192354787141084671e-03 1.710422709584236145e-02 -7.422012835741043091e-02
3.377772125917200174e+04 -1.221730490215122700e-03 1.007927674800157547e-02 -7.452555745840072632e-02
3.377772625917199912e+04 -1.771509274840354919e-02 1.038470957428216934e-02 -7.605272531509399414e-02
3.377773282533299789e+04 -1.771509274840354919e-02 1.038470957428216934e-02 -7.605272531509399414e-02
3.377774127870200027e+04 -1.527163083665072918e-03 1.924225501716136932e-02 -7.757988572120666504e-02
3.377774627870199765e+04 0.000000000000000000e+00 7.024950347840785980e-03 -7.299839705228805542e-02
3.377775284486400051e+04 0.000000000000000000e+00 7.024950347840785980e-03 -7.299839705228805542e-02
3.377776129823399970e+04 -2.168571576476097107e-02 3.665191587060689926e-03 -7.177666574716567993e-02
3.377776629823399708e+04 -8.552113547921180725e-03 1.588249579071998596e-02 -7.238753139972686768e-02
3.377777286439599993e+04 -8.552113547921180725e-03 1.588249579071998596e-02 -7.238753139972686768e-02
3.377778128724799899e+04 -8.246680721640586853e-03 1.130100712180137634e-02 -7.269296050071716309e-02
3.377778628724799637e+04 -2.107485011219978333e-02 7.635815534740686417e-03 -7.208210229873657227e-02
3.377779288392799936e+04 -2.107485011219978333e-02 7.635815534740686417e-03 -7.208210229873657227e-02
3.377780133729700174e+04 -1.130100712180137634e-02 1.893682219088077545e-02 -7.391469180583953857e-02
3.377780633729699912e+04 -9.773843921720981598e-03 1.435533352196216583e-02 -7.483099400997161865e-02
3.377781290345799789e+04 -9.773843921720981598e-03 1.435533352196216583e-02 -7.483099400997161865e-02
3.377782135682700027e+04 -1.985312066972255707e-02 5.803219974040985107e-03 -7.330382615327835083e-02
3.377782635682699765e+04 -1.221730466932058334e-02 9.468411095440387726e-03 -7.513642311096191406e-02
