2.267410780353519949e+05 -5.064072608947753906e-01 8.396342992782592773e-01 -1.310611367225646973e+00
2.267410982990250050e+05 -1.374446749687194824e-01 -1.561066150665283203e+00 2.474004179239273071e-01
2.267411185016600066e+05 -1.276708394289016724e-01 -3.543018400669097900e-01 2.458732575178146362e-01
2.267411382465329953e+05 -9.376781433820724487e-02 -3.494149148464202881e-01 1.963931769132614136e-01
2.267411583576179983e+05 -3.970624133944511414e-02 -3.210096955299377441e-01 1.258382350206375122e-01
2.267411788043960114e+05 5.467243865132331848e-02 -2.776382565498352051e-01 -2.229658141732215881e-02
2.267411983661619888e+05 2.012801021337509155e-01 -1.850921660661697388e-01 -1.838704347610473633e-01
2.267412183246579953e+05 3.384193480014801025e-01 -5.925392732024192810e-02 -2.519819140434265137e-01
2.267412391376470041e+05 1.777617931365966797e-01 1.105666086077690125e-01 -1.157589629292488098e-01
2.267412584247569903e+05 6.230825558304786682e-02 1.020144969224929810e-01 -1.041525229811668396e-01
2.267412868366210023e+05 9.834930300712585449e-02 9.743300825357437134e-02 -1.053742542862892151e-01
2.267412986774409947e+05 1.120937690138816833e-01 1.484402567148208618e-01 -1.105666086077690125e-01
2.267413184223150020e+05 6.872233748435974121e-02 2.513710558414459229e-01 -1.038470938801765442e-01
2.267413442707039940e+05 -3.054326225537806749e-04 2.382374405860900879e-01 -8.979719132184982300e-02
2.267413586139650142e+05 -2.809980139136314392e-02 1.530217379331588745e-01 -8.949175477027893066e-02
2.267413782978029922e+05 1.374446786940097809e-02 9.712757170200347900e-02 -8.735372871160507202e-02
2.267413983173349989e+05 8.460483700037002563e-02 2.290744706988334656e-02 -1.023199260234832764e-01
2.267414033173350035e+05 8.857546001672744751e-02 3.940080851316452026e-02 -9.193521738052368164e-02
2.267414083173350082e+05 8.857546001672744751e-02 3.940080851316452026e-02 -9.193521738052368164e-02
2.267414133173350128e+05 8.857546001672744751e-02 3.940080851316452026e-02 -9.193521738052368164e-02
2.267414191608410038e+05 8.857546001672744751e-02 3.940080851316452026e-02 -9.193521738052368164e-02
2.267414273090340139e+05 8.002334833145141602e-02 1.786780804395675659e-01 -8.032877743244171143e-02
2.267414323090339894e+05 4.459316283464431763e-02 2.141082733869552612e-01 -6.627888232469558716e-02
2.267414388446779922e+05 4.459316283464431763e-02 2.141082733869552612e-01 -6.627888232469558716e-02
2.267414472980459977e+05 5.803219974040985107e-03 1.890627890825271606e-01 -5.955936014652252197e-02
2.267414522980460024e+05 -1.130100712180137634e-02 1.243110746145248413e-01 -6.505715101957321167e-02
2.267414588947260054e+05 -1.130100712180137634e-02 1.243110746145248413e-01 -6.505715101957321167e-02
2.267414673175780044e+05 8.246680721640586853e-03 4.917465150356292725e-02 -7.727445662021636963e-02
2.267414723175780091e+05 5.833763256669044495e-02 -1.588249579071998596e-02 -9.529497474431991577e-02
2.267414773175780138e+05 5.833763256669044495e-02 -1.588249579071998596e-02 -9.529497474431991577e-02
2.267414804706549912e+05 5.833763256669044495e-02 -1.588249579071998596e-02 -9.529497474431991577e-02
2.267414887409190123e+05 1.182024255394935608e-01 -4.367686435580253601e-02 -1.151480972766876221e-01
2.267414937409189879e+05 1.441642045974731445e-01 -1.679879426956176758e-02 -1.194241568446159363e-01
2.267414989032729936e+05 1.441642045974731445e-01 -1.679879426956176758e-02 -1.194241568446159363e-01
2.267415039032729983e+05 1.704314053058624268e-01 1.496619824320077896e-02 -1.093448773026466370e-01
2.267415079364750127e+05 1.704314053058624268e-01 1.496619824320077896e-02 -1.093448773026466370e-01
2.267415129364749882e+05 1.392772793769836426e-01 9.590584039688110352e-02 -8.613199740648269653e-02
2.267415189228029922e+05 1.392772793769836426e-01 9.590584039688110352e-02 -8.613199740648269653e-02
2.267415239228029968e+05 5.283984541893005371e-02 1.545489132404327393e-01 -6.475171446800231934e-02
2.267415279560050112e+05 5.283984541893005371e-02 1.545489132404327393e-01 -6.475171446800231934e-02
2.267415329560049868e+05 -5.589416995644569397e-02 1.756237596273422241e-01 -4.886921867728233337e-02
2.267415392780269904e+05 -5.589416995644569397e-02 1.756237596273422241e-01 -4.886921867728233337e-02
2.267415479755369888e+05 -1.404990106821060181e-01 1.646281778812408447e-01 -3.695734590291976929e-02
2.267415529755369935e+05 -1.597412675619125366e-01 1.319468915462493896e-01 -2.657263725996017456e-02
2.267415589618659869e+05 -1.597412675619125366e-01 1.319468915462493896e-01 -2.657263725996017456e-02
2.267415639618659916e+05 -1.215621829032897949e-01 1.075122803449630737e-01 -1.771509274840354919e-02
2.267415679950689955e+05 -1.215621829032897949e-01 1.075122803449630737e-01 -1.771509274840354919e-02
2.267415729950690002e+05 -4.795292019844055176e-02 9.285151958465576172e-02 -2.290744706988334656e-02
2.267415789813979936e+05 -4.795292019844055176e-02 9.285151958465576172e-02 -2.290744706988334656e-02
2.267415839813979983e+05 7.483099400997161865e-02 6.139195710420608521e-02 -4.642575979232788086e-02
2.267415880146000127e+05 7.483099400997161865e-02 6.139195710420608521e-02 -4.642575979232788086e-02
2.267415930145999882e+05 2.012801021337509155e-01 -1.863138936460018158e-02 -7.819075137376785278e-02
2.267415994586909947e+05 2.012801021337509155e-01 -1.863138936460018158e-02 -7.819075137376785278e-02
2.267416080646479968e+05 2.165517359972000122e-01 -1.230893433094024658e-01 -8.674286305904388428e-02
2.267416130646480015e+05 1.661553531885147095e-01 -1.689042448997497559e-01 -8.491026610136032104e-02
2.267416190509760054e+05 1.661553531885147095e-01 -1.689042448997497559e-01 -8.491026610136032104e-02
2.267416240509760100e+05 1.316414624452590942e-01 -1.356120854616165161e-01 -8.063421398401260376e-02
2.267416280841800035e+05 1.316414624452590942e-01 -1.356120854616165161e-01 -8.063421398401260376e-02
2.267416330841800082e+05 4.245513305068016052e-02 -9.743300825357437134e-02 -6.627888232469558716e-02
2.267416390705080121e+05 4.245513305068016052e-02 -9.743300825357437134e-02 -6.627888232469558716e-02
2.267416440705079876e+05 -6.475171446800231934e-02 1.221730490215122700e-03 -5.467243865132331848e-02
2.267416481037120102e+05 -6.475171446800231934e-02 1.221730490215122700e-03 -5.467243865132331848e-02
2.267416531037119858e+05 -1.527163088321685791e-01 5.222897976636886597e-02 -4.642575979232788086e-02
2.267416595172859961e+05 -1.527163088321685791e-01 5.222897976636886597e-02 -4.642575979232788086e-02
2.267416680927250127e+05 -1.762346178293228149e-01 2.809980139136314392e-02 -4.001167416572570801e-02
2.267416730927249882e+05 -1.337794959545135498e-01 -3.359758760780096054e-03 -4.184427112340927124e-02
2.267416790485350066e+05 -1.337794959545135498e-01 -3.359758760780096054e-03 -4.184427112340927124e-02
2.267416840485350112e+05 -6.475171446800231934e-02 -7.635815534740686417e-03 -4.886921867728233337e-02
2.267416880817379861e+05 -6.475171446800231934e-02 -7.635815534740686417e-03 -4.886921867728233337e-02
2.267416930817379907e+05 3.970623947679996490e-03 1.038470957428216934e-02 -5.436700582504272461e-02
2.267416990680659947e+05 3.970623947679996490e-03 1.038470957428216934e-02 -5.436700582504272461e-02
2.267417040680659993e+05 5.222897976636886597e-02 3.451388701796531677e-02 -7.086037099361419678e-02
2.267417081012699928e+05 5.222897976636886597e-02 3.451388701796531677e-02 -7.086037099361419678e-02
2.267417131012699974e+05 7.788532227277755737e-02 3.145955875515937805e-02 -8.582656830549240112e-02
2.267417194843270117e+05 7.788532227277755737e-02 3.145955875515937805e-02 -8.582656830549240112e-02
2.267417281818370102e+05 7.910704612731933594e-02 -2.199114859104156494e-02 -9.346238523721694946e-02
2.267417331818369858e+05 6.872233748435974121e-02 -1.053742542862892151e-01 -9.529497474431991577e-02
2.267417391071300081e+05 6.872233748435974121e-02 -1.053742542862892151e-01 -9.529497474431991577e-02
2.267417441071300127e+05 6.597344577312469482e-02 -2.009746730327606201e-01 -9.682214260101318359e-02
2.267417481403329875e+05 6.597344577312469482e-02 -2.009746730327606201e-01 -9.682214260101318359e-02
2.267417531403329922e+05 5.742133408784866333e-02 -2.556470930576324463e-01 -9.712757170200347900e-02
2.267417591266600066e+05 5.742133408784866333e-02 -2.556470930576324463e-01 -9.712757170200347900e-02
2.267417641266600112e+05 4.550946131348609924e-02 -2.422080636024475098e-01 -9.773843735456466675e-02
2.267417681598629861e+05 4.550946131348609924e-02 -2.422080636024475098e-01 -9.773843735456466675e-02
2.267417731598629907e+05 1.221730466932058334e-02 -2.214386463165283203e-01 -9.743300825357437134e-02
2.267417791461909947e+05 1.221730466932058334e-02 -2.214386463165283203e-01 -9.743300825357437134e-02
2.267417841461909993e+05 -2.321287989616394043e-02 -1.921171247959136963e-01 -8.796459436416625977e-02
2.267417881793949928e+05 -2.321287989616394043e-02 -1.921171247959136963e-01 -8.796459436416625977e-02
2.267417931793949974e+05 -5.558873713016510010e-02 -1.853975951671600342e-01 -7.483099400997161865e-02
2.267417991657230014e+05 -5.558873713016510010e-02 -1.853975951671600342e-01 -7.483099400997161865e-02
2.267418041657230060e+05 -7.208210229873657227e-02 -1.853975951671600342e-01 -6.536258012056350708e-02
2.267418081989269995e+05 -7.208210229873657227e-02 -1.853975951671600342e-01 -6.536258012056350708e-02
2.267418131989270041e+05 -6.414084881544113159e-02 -2.028072625398635864e-01 -5.833763256669044495e-02
2.267418191852539894e+05 -6.414084881544113159e-02 -2.028072625398635864e-01 -5.833763256669044495e-02
2.267418241852539941e+05 -5.192354694008827209e-02 -2.104430794715881348e-01 -5.406157299876213074e-02
2.267418282184569980e+05 -5.192354694008827209e-02 -2.104430794715881348e-01 -5.406157299876213074e-02
2.267418332184570027e+05 -4.856378585100173950e-02 -1.860084682703018188e-01 -5.497787147760391235e-02
2.267418396930650051e+05 -4.856378585100173950e-02 -1.860084682703018188e-01 -5.497787147760391235e-02
2.267418482685050112e+05 -7.360926270484924316e-02 -1.582140922546386719e-01 -5.283984541893005371e-02
2.267418532685049868e+05 -1.056796908378601074e-01 -1.350012123584747314e-01 -5.528330430388450623e-02
2.267418592243159947e+05 -1.056796908378601074e-01 -1.350012123584747314e-01 -5.528330430388450623e-02
2.267418642243159993e+05 -1.258382350206375122e-01 -9.498954564332962036e-02 -5.711590126156806946e-02
2.267418682575199928e+05 -1.258382350206375122e-01 -9.498954564332962036e-02 -5.711590126156806946e-02
2.267418732575199974e+05 -1.395827084779739380e-01 -5.711590126156806946e-02 -5.803219974040985107e-02
2.267418792438480014e+05 -1.395827084779739380e-01 -5.711590126156806946e-02 -5.803219974040985107e-02
2.267418842438480060e+05 -1.408044397830963135e-01 -4.978551715612411499e-02 -6.047565862536430359e-02
2.267418882770519995e+05 -1.408044397830963135e-01 -4.978551715612411499e-02 -6.047565862536430359e-02
2.267418932770520041e+05 -1.288925707340240479e-01 -5.986479297280311584e-02 -6.352998316287994385e-02
2.267418994464850111e+05 -1.288925707340240479e-01 -5.986479297280311584e-02 -6.352998316287994385e-02
2.267419083270989941e+05 -1.172861307859420776e-01 -6.261368840932846069e-02 -6.719517707824707031e-02
2.267419133270989987e+05 -8.704829961061477661e-02 -5.009094998240470886e-02 -6.688974797725677490e-02
2.267419193134270026e+05 -8.704829961061477661e-02 -5.009094998240470886e-02 -6.688974797725677490e-02
2.267419243134270073e+05 -6.108652427792549133e-02 -4.489859566092491150e-02 -6.597344577312469482e-02
2.267419283161129861e+05 -6.108652427792549133e-02 -4.489859566092491150e-02 -6.597344577312469482e-02
2.267419333161129907e+05 -4.948008432984352112e-02 -4.612032696604728699e-02 -7.116580009460449219e-02
2.267419393024409947e+05 -4.948008432984352112e-02 -4.612032696604728699e-02 -7.116580009460449219e-02
2.267419443024409993e+05 -4.031710699200630188e-02 -4.184427112340927124e-02 -7.971791177988052368e-02
2.267419483356449928e+05 -4.031710699200630188e-02 -4.184427112340927124e-02 -7.971791177988052368e-02
2.267419533356449974e+05 -3.756821155548095703e-02 -2.015855349600315094e-02 -8.307767659425735474e-02
2.267419599018069857e+05 -3.756821155548095703e-02 -2.015855349600315094e-02 -8.307767659425735474e-02
2.267419684162120102e+05 -5.345070734620094299e-02 4.886921960860490799e-03 -8.093964308500289917e-02
2.267419734162119858e+05 -7.941248267889022827e-02 1.435533352196216583e-02 -7.971791177988052368e-02
2.267419793415039894e+05 -7.941248267889022827e-02 1.435533352196216583e-02 -7.971791177988052368e-02
2.267419843415039941e+05 -9.804387390613555908e-02 1.221730466932058334e-02 -7.880161702632904053e-02
2.267419884052239941e+05 -9.804387390613555908e-02 1.221730466932058334e-02 -7.880161702632904053e-02
2.267419934052239987e+05 -8.949175477027893066e-02 -3.054326225537806749e-04 -7.635815441608428955e-02
2.267420734528320027e+05 -8.949175477027893066e-02 -2.779436856508255005e-02 -4.550946131348609924e-02
2.267420794391589880e+05 -4.489859566092491150e-02 -2.779436856508255005e-02 -4.550946131348609924e-02
2.267420844391589926e+05 -3.207042440772056580e-02 -1.893682219088077545e-02 -4.550946131348609924e-02
2.267420884723629861e+05 -3.207042440772056580e-02 -1.893682219088077545e-02 -4.550946131348609924e-02
2.267420934723629907e+05 -4.123340547084808350e-02 -2.748893573880195618e-03 -5.161811411380767822e-02
2.267420994586909947e+05 -4.123340547084808350e-02 -2.748893573880195618e-03 -5.161811411380767822e-02
2.267421044586909993e+05 -7.055493444204330444e-02 1.710422709584236145e-02 -6.047565862536430359e-02
2.267421084918949928e+05 -7.055493444204330444e-02 1.710422709584236145e-02 -6.047565862536430359e-02
2.267421134918949974e+05 -1.023199260234832764e-01 3.084869496524333954e-02 -6.414084881544113159e-02
2.267421194782230014e+05 -1.023199260234832764e-01 3.084869496524333954e-02 -6.414084881544113159e-02
2.267421244782230060e+05 -1.130100712180137634e-01 4.184427112340927124e-02 -6.475171446800231934e-02
2.267421285114269995e+05 -1.130100712180137634e-01 4.184427112340927124e-02 -6.475171446800231934e-02
2.267421335114270041e+05 -8.704829961061477661e-02 4.581489413976669312e-02 -6.811147183179855347e-02
2.267421396503419965e+05 -8.704829961061477661e-02 4.581489413976669312e-02 -6.811147183179855347e-02
2.267421485614739941e+05 -5.406157299876213074e-02 5.986479297280311584e-02 -6.933320313692092896e-02
2.267421535614739987e+05 -4.092797264456748962e-02 7.086037099361419678e-02 -6.627888232469558716e-02
2.267421595172839880e+05 -4.092797264456748962e-02 7.086037099361419678e-02 -6.627888232469558716e-02
2.267421645172839926e+05 -4.795292019844055176e-02 5.742133408784866333e-02 -5.986479297280311584e-02
2.267421685504879861e+05 -4.795292019844055176e-02 5.742133408784866333e-02 -5.986479297280311584e-02
2.267421735504879907e+05 -7.055493444204330444e-02 3.359758853912353516e-02 -6.047565862536430359e-02
2.267421795368159947e+05 -7.055493444204330444e-02 3.359758853912353516e-02 -6.047565862536430359e-02
2.267421845368159993e+05 -8.460483700037002563e-02 1.649336144328117371e-02 -6.291911751031875610e-02
2.267421885700199928e+05 -8.460483700037002563e-02 1.649336144328117371e-02 -6.291911751031875610e-02
2.267421935700199974e+05 -1.087340116500854492e-01 9.468411095440387726e-03 -6.169738993048667908e-02
2.267422001667000004e+05 -1.087340116500854492e-01 9.468411095440387726e-03 -6.169738993048667908e-02
2.267422085895519995e+05 -1.111774742603302002e-01 7.941247895359992981e-03 -5.894849449396133423e-02
2.267422135895520041e+05 -9.254608303308486938e-02 3.359758760780096054e-03 -5.497787147760391235e-02
2.267422195758789894e+05 -9.254608303308486938e-02 3.359758760780096054e-03 -5.497787147760391235e-02
2.267422245758789941e+05 -5.406157299876213074e-02 -7.330383174121379852e-03 -5.192354694008827209e-02
2.267422286395989941e+05 -5.406157299876213074e-02 -7.330383174121379852e-03 -5.192354694008827209e-02
2.267422336395989987e+05 4.276056773960590363e-03 -1.160643994808197021e-02 -5.681046843528747559e-02
2.267422395954089880e+05 4.276056773960590363e-03 -1.160643994808197021e-02 -5.681046843528747559e-02
2.267422445954089926e+05 4.734205827116966248e-02 -1.496619824320077896e-02 -6.230825558304786682e-02
2.267422486286129861e+05 4.734205827116966248e-02 -1.496619824320077896e-02 -6.230825558304786682e-02
2.267422536286129907e+05 5.283984541893005371e-02 -3.665191307663917542e-02 -6.811147183179855347e-02
2.267422596149409947e+05 5.283984541893005371e-02 -3.665191307663917542e-02 -6.811147183179855347e-02
2.267422646149409993e+05 3.940080851316452026e-02 -4.825835302472114563e-02 -7.422012835741043091e-02
2.267422686481449928e+05 3.940080851316452026e-02 -4.825835302472114563e-02 -7.422012835741043091e-02
2.267422736481449974e+05 2.840523421764373779e-02 -6.352998316287994385e-02 -8.246681094169616699e-02
2.267422796344730014e+05 2.840523421764373779e-02 -6.352998316287994385e-02 -8.246681094169616699e-02
2.267422846344730060e+05 3.817907720804214478e-02 -7.941248267889022827e-02 -8.827003091573715210e-02
2.267422886676769995e+05 3.817907720804214478e-02 -7.941248267889022827e-02 -8.827003091573715210e-02
2.267422936676770041e+05 5.528330430388450623e-02 -8.888089656829833984e-02 -8.338310569524765015e-02
2.267422996540039894e+05 5.528330430388450623e-02 -8.888089656829833984e-02 -8.338310569524765015e-02
2.267423046540039941e+05 6.352998316287994385e-02 -9.498954564332962036e-02 -7.391469180583953857e-02
2.267423086566890124e+05 6.352998316287994385e-02 -9.498954564332962036e-02 -7.391469180583953857e-02
2.267423136566889880e+05 6.566801667213439941e-02 -8.888089656829833984e-02 -7.330382615327835083e-02
2.267423196735339880e+05 6.566801667213439941e-02 -8.888089656829833984e-02 -7.330382615327835083e-02
2.267423246735339926e+05 6.261368840932846069e-02 -8.155050873756408691e-02 -7.422012835741043091e-02
2.267423287067379861e+05 6.261368840932846069e-02 -8.155050873756408691e-02 -7.422012835741043091e-02
2.267423337067379907e+05 5.009094998240470886e-02 -6.933320313692092896e-02 -7.422012835741043091e-02
2.267423396930659947e+05 5.009094998240470886e-02 -6.933320313692092896e-02 -7.422012835741043091e-02
2.267423446930659993e+05 3.756821155548095703e-02 -5.925392732024192810e-02 -7.452555745840072632e-02
2.267423486957520072e+05 3.756821155548095703e-02 -5.925392732024192810e-02 -7.452555745840072632e-02
2.267423536957520118e+05 2.168571576476097107e-02 -4.245513305068016052e-02 -7.269296050071716309e-02
2.267423596820810053e+05 2.168571576476097107e-02 -4.245513305068016052e-02 -7.269296050071716309e-02
2.267423646820810100e+05 1.130100712180137634e-02 -4.001167416572570801e-02 -7.941248267889022827e-02
2.267423687458019995e+05 1.130100712180137634e-02 -4.001167416572570801e-02 -7.941248267889022827e-02
2.267423737458020041e+05 1.221730490215122700e-03 -5.345070734620094299e-02 -8.277224004268646240e-02
2.267423801288579998e+05 1.221730490215122700e-03 -5.345070734620094299e-02 -8.277224004268646240e-02
2.267423887653319980e+05 -1.832595793530344963e-03 -6.108652427792549133e-02 -7.849618047475814819e-02
2.267423937653320027e+05 -4.886921960860490799e-03 -5.314527451992034912e-02 -7.544185966253280640e-02
2.267423997516589880e+05 -4.886921960860490799e-03 -5.314527451992034912e-02 -7.544185966253280640e-02
2.267424047516589926e+05 2.748893573880195618e-03 -3.390302136540412903e-02 -7.635815441608428955e-02
2.267424087543450005e+05 2.748893573880195618e-03 -3.390302136540412903e-02 -7.635815441608428955e-02
2.267424137543450051e+05 2.229658141732215881e-02 -1.374446786940097809e-02 -8.124507963657379150e-02
2.267424197406739986e+05 2.229658141732215881e-02 -1.374446786940097809e-02 -8.124507963657379150e-02
2.267424247406740033e+05 2.962696366012096405e-02 -8.552113547921180725e-03 -8.246681094169616699e-02
2.267424288043949928e+05 2.962696366012096405e-02 -8.552113547921180725e-03 -8.246681094169616699e-02
2.267424338043949974e+05 3.878994286060333252e-02 -1.588249579071998596e-02 -8.491026610136032104e-02
2.267424401569339971e+05 3.878994286060333252e-02 -1.588249579071998596e-02 -8.491026610136032104e-02
2.267424488544439955e+05 5.528330430388450623e-02 -2.229658141732215881e-02 -9.193521738052368164e-02
2.267424538544440002e+05 6.536258012056350708e-02 -3.634648025035858154e-02 -1.044579595327377319e-01
2.267424597797369934e+05 6.536258012056350708e-02 -3.634648025035858154e-02 -1.044579595327377319e-01
2.267424647797369980e+05 6.536258012056350708e-02 -5.070181563496589661e-02 -1.078177168965339661e-01
2.267424688129390124e+05 6.536258012056350708e-02 -5.070181563496589661e-02 -1.078177168965339661e-01
2.267424738129389880e+05 6.352998316287994385e-02 -4.673119261860847473e-02 -1.056796908378601074e-01
2.267424797992669919e+05 6.352998316287994385e-02 -4.673119261860847473e-02 -1.056796908378601074e-01
2.267424847992669966e+05 8.155050873756408691e-02 -4.276056587696075439e-02 -1.044579595327377319e-01
2.267424888324700005e+05 8.155050873756408691e-02 -4.276056587696075439e-02 -1.044579595327377319e-01
2.267424938324700051e+05 1.117883399128913879e-01 -4.367686435580253601e-02 -1.017090603709220886e-01
2.267424998187989986e+05 1.117883399128913879e-01 -4.367686435580253601e-02 -1.017090603709220886e-01
2.267425048187990033e+05 1.343903541564941406e-01 -5.467243865132331848e-02 -9.621127694845199585e-02
2.267425088520020072e+05 1.343903541564941406e-01 -5.467243865132331848e-02 -9.621127694845199585e-02
2.267425138520020118e+05 1.295034289360046387e-01 -6.475171446800231934e-02 -1.017090603709220886e-01
2.267425198383310053e+05 1.295034289360046387e-01 -6.475171446800231934e-02 -1.017090603709220886e-01
2.267425248383310100e+05 1.230893433094024658e-01 -8.307767659425735474e-02 -1.093448773026466370e-01
2.267425288715340139e+05 1.230893433094024658e-01 -8.307767659425735474e-02 -1.093448773026466370e-01
2.267425338715339894e+05 1.252273768186569214e-01 -1.041525229811668396e-01 -1.108720451593399048e-01
2.267425398578619934e+05 1.252273768186569214e-01 -1.041525229811668396e-01 -1.108720451593399048e-01
2.267425448578619980e+05 1.337794959545135498e-01 -1.148426681756973267e-01 -1.188132911920547485e-01
2.267425488910640124e+05 1.337794959545135498e-01 -1.148426681756973267e-01 -1.188132911920547485e-01
2.267425538910639880e+05 1.508837193250656128e-01 -1.120937690138816833e-01 -1.310305893421173096e-01
2.267425600910150097e+05 1.508837193250656128e-01 -1.120937690138816833e-01 -1.310305893421173096e-01
2.267425689105950005e+05 1.624901592731475830e-01 -8.918632566928863525e-02 -1.334740519523620605e-01
2.267425739105950051e+05 1.627955883741378784e-01 -5.681046843528747559e-02 -1.282816976308822632e-01
2.267425798969239986e+05 1.627955883741378784e-01 -5.681046843528747559e-02 -1.282816976308822632e-01
2.267425848969240033e+05 1.392772793769836426e-01 -3.848451003432273865e-02 -1.273654103279113770e-01
2.267425889301270072e+05 1.392772793769836426e-01 -3.848451003432273865e-02 -1.273654103279113770e-01
2.267425939301270118e+05 1.188132911920547485e-01 -2.565634064376354218e-02 -1.273654103279113770e-01
2.267425999164560053e+05 1.188132911920547485e-01 -2.565634064376354218e-02 -1.273654103279113770e-01
2.267426049164560100e+05 1.114829108119010925e-01 -3.970623947679996490e-03 -1.270599663257598877e-01
2.267426089496590139e+05 1.114829108119010925e-01 -3.970623947679996490e-03 -1.270599663257598877e-01
2.267426139496589894e+05 9.285151958465576172e-02 1.130100712180137634e-02 -1.267545372247695923e-01
2.267426201190919965e+05 9.285151958465576172e-02 1.130100712180137634e-02 -1.267545372247695923e-01
2.267426289997069980e+05 8.429940044879913330e-02 1.069014146924018860e-02 -1.169806942343711853e-01
2.267426339997070027e+05 1.026253625750541687e-01 3.054326225537806749e-04 -1.007927656173706055e-01
2.267426399555169919e+05 1.026253625750541687e-01 3.054326225537806749e-04 -1.007927656173706055e-01
2.267426449555169966e+05 1.353066563606262207e-01 -1.007927674800157547e-02 -9.682214260101318359e-02
2.267426489887200005e+05 1.353066563606262207e-01 -1.007927674800157547e-02 -9.682214260101318359e-02
2.267426539887200051e+05 1.795943826436996460e-01 -1.832595653831958771e-02 -9.682214260101318359e-02
2.267426599750489986e+05 1.795943826436996460e-01 -1.832595653831958771e-02 -9.682214260101318359e-02
2.267426649750490033e+05 2.342668175697326660e-01 -3.604105114936828613e-02 -9.987647086381912231e-02
2.267426690082520072e+05 2.342668175697326660e-01 -3.604105114936828613e-02 -9.987647086381912231e-02
2.267426740082520118e+05 2.895501255989074707e-01 -7.177666574716567993e-02 -9.896016865968704224e-02
2.267426803913089971e+05 2.895501255989074707e-01 -7.177666574716567993e-02 -9.896016865968704224e-02
2.267426890583019995e+05 3.417791128158569336e-01 -1.056796908378601074e-01 -1.010981947183609009e-01
2.267426940583020041e+05 4.181372523307800293e-01 -1.206458881497383118e-01 -1.206458881497383118e-01
2.267427000141119934e+05 4.181372523307800293e-01 -1.206458881497383118e-01 -1.206458881497383118e-01
2.267427050141119980e+05 4.581489264965057373e-01 -9.376781433820724487e-02 -1.521054506301879883e-01
2.267427090473140124e+05 4.581489264965057373e-01 -9.376781433820724487e-02 -1.521054506301879883e-01
2.267427140473139880e+05 4.074471294879913330e-01 -8.643743395805358887e-02 -1.658499091863632202e-01
2.267427200641589880e+05 4.074471294879913330e-01 -8.643743395805358887e-02 -1.658499091863632202e-01
2.267427250641589926e+05 3.176499307155609131e-01 -1.136209368705749512e-01 -1.637118905782699585e-01
2.267427290668450005e+05 3.176499307155609131e-01 -1.136209368705749512e-01 -1.637118905782699585e-01
2.267427340668450051e+05 2.196060568094253540e-01 -1.365283876657485962e-01 -1.579086631536483765e-01
2.267427402362790017e+05 2.196060568094253540e-01 -1.365283876657485962e-01 -1.579086631536483765e-01
2.267427490863770072e+05 1.408044397830963135e-01 -1.774563491344451904e-01 -1.499674171209335327e-01
2.267427540863770118e+05 1.136209368705749512e-01 -1.963931769132614136e-01 -1.459967941045761108e-01
2.267427600727060053e+05 1.136209368705749512e-01 -1.963931769132614136e-01 -1.459967941045761108e-01
2.267427650727060100e+05 8.246681094169616699e-02 -1.954768747091293335e-01 -1.350012123584747314e-01
2.267427691059090139e+05 8.246681094169616699e-02 -1.954768747091293335e-01 -1.350012123584747314e-01
2.267427741059089894e+05 5.345070734620094299e-02 -1.948660165071487427e-01 -1.243110746145248413e-01
2.267427800922369934e+05 5.345070734620094299e-02 -1.948660165071487427e-01 -1.243110746145248413e-01
2.267427850922369980e+05 2.535090781748294830e-02 -2.116648107767105103e-01 -1.145372316241264343e-01
2.267427891254390124e+05 2.535090781748294830e-02 -2.116648107767105103e-01 -1.145372316241264343e-01
2.267427941254389880e+05 1.618792861700057983e-02 -2.367102801799774170e-01 -1.056796908378601074e-01
2.267428001117669919e+05 1.618792861700057983e-02 -2.367102801799774170e-01 -1.056796908378601074e-01
2.267428051117669966e+05 2.076941914856433868e-02 -2.605340182781219482e-01 -1.087340116500854492e-01
2.267428091144530044e+05 2.076941914856433868e-02 -2.605340182781219482e-01 -1.087340116500854492e-01
2.267428141144530091e+05 1.343903504312038422e-02 -2.544253766536712646e-01 -1.065959855914115906e-01
2.267428201312989986e+05 1.343903504312038422e-02 -2.544253766536712646e-01 -1.065959855914115906e-01
2.267428251312990033e+05 -3.145955875515937805e-02 -2.031126916408538818e-01 -8.857546001672744751e-02
2.267428291645020072e+05 -3.145955875515937805e-02 -2.031126916408538818e-01 -8.857546001672744751e-02
2.267428341645020118e+05 -1.017090603709220886e-01 -1.365283876657485962e-01 -7.574728876352310181e-02
2.267428401508310053e+05 -1.017090603709220886e-01 -1.365283876657485962e-01 -7.574728876352310181e-02
2.267428451508310100e+05 -1.725694388151168823e-01 -9.529497474431991577e-02 -7.116580009460449219e-02
2.267428491840340139e+05 -1.725694388151168823e-01 -9.529497474431991577e-02 -7.116580009460449219e-02
2.267428541840339894e+05 -2.247984111309051514e-01 -8.338310569524765015e-02 -6.780604273080825806e-02
2.267428603229500004e+05 -2.247984111309051514e-01 -8.338310569524765015e-02 -6.780604273080825806e-02
2.267428692035640124e+05 -2.302961945533752441e-01 -7.635815441608428955e-02 -6.200282275676727295e-02
2.267428742035639880e+05 -1.872301995754241943e-01 -5.436700582504272461e-02 -4.214970022439956665e-02
2.267428801593740063e+05 -1.872301995754241943e-01 -5.436700582504272461e-02 -4.214970022439956665e-02
2.267428851593740110e+05 -1.249219402670860291e-01 -9.437867999076843262e-02 -4.214970022439956665e-02
2.267428891925780044e+05 -1.249219402670860291e-01 -9.437867999076843262e-02 -4.214970022439956665e-02
2.267428941925780091e+05 -1.010981947183609009e-01 -1.798998117446899414e-01 -3.726277872920036316e-02
2.267429002094239986e+05 -1.010981947183609009e-01 -1.798998117446899414e-01 -3.726277872920036316e-02
2.267429052094240033e+05 -7.666359096765518188e-02 -1.887573599815368652e-01 -2.321287989616394043e-02
2.267429092426270072e+05 -7.666359096765518188e-02 -1.887573599815368652e-01 -2.321287989616394043e-02
2.267429142426270118e+05 -7.208210229873657227e-02 -1.438587605953216553e-01 -7.024950347840785980e-03
2.267429209003419965e+05 -7.208210229873657227e-02 -1.438587605953216553e-01 -7.024950347840785980e-03
2.267429292621590139e+05 -9.224065393209457397e-02 -8.002334833145141602e-02 -3.359758760780096054e-03
2.267429342621589894e+05 -1.371392458677291870e-01 -2.748893573880195618e-03 -6.414085160940885544e-03
2.267429402484869934e+05 -1.371392458677291870e-01 -2.748893573880195618e-03 -6.414085160940885544e-03
2.267429452484869980e+05 -1.716531366109848022e-01 5.406157299876213074e-02 -6.108652334660291672e-03
2.267429492816890124e+05 -1.716531366109848022e-01 5.406157299876213074e-02 -6.108652334660291672e-03
2.267429542816889880e+05 -1.716531366109848022e-01 8.552113175392150879e-02 -1.130100712180137634e-02
2.267429602680169919e+05 -1.716531366109848022e-01 8.552113175392150879e-02 -1.130100712180137634e-02
2.267429652680169966e+05 -1.438587605953216553e-01 1.182024255394935608e-01 -2.046398632228374481e-02
2.267429693012200005e+05 -1.438587605953216553e-01 1.182024255394935608e-01 -2.046398632228374481e-02
2.267429743012200051e+05 -9.926560521125793457e-02 1.264491081237792969e-01 -2.809980139136314392e-02
2.267429802570310130e+05 -9.926560521125793457e-02 1.264491081237792969e-01 -2.809980139136314392e-02
2.267429852570309886e+05 -6.352998316287994385e-02 9.896016865968704224e-02 -3.023782931268215179e-02
2.267429892902350111e+05 -6.352998316287994385e-02 9.896016865968704224e-02 -3.023782931268215179e-02
2.267429942902349867e+05 -5.283984541893005371e-02 7.880161702632904053e-02 -2.962696366012096405e-02
2.267430003070810053e+05 -5.283984541893005371e-02 7.880161702632904053e-02 -2.962696366012096405e-02
2.267430053070810100e+05 -6.719517707824707031e-02 9.285151958465576172e-02 -3.268129006028175354e-02
2.267430093097669887e+05 -6.719517707824707031e-02 9.285151958465576172e-02 -3.268129006028175354e-02
2.267430143097669934e+05 -9.468411654233932495e-02 1.365283876657485962e-01 -4.367686435580253601e-02
2.267430203266119934e+05 -9.468411654233932495e-02 1.365283876657485962e-01 -4.367686435580253601e-02
2.267430253266119980e+05 -1.197295859456062317e-01 1.829541474580764771e-01 -6.169738993048667908e-02
2.267430293292980059e+05 -1.197295859456062317e-01 1.829541474580764771e-01 -6.169738993048667908e-02
2.267430343292980106e+05 -1.325577646493911743e-01 2.223549485206604004e-01 -6.811147183179855347e-02
2.267430403461430105e+05 -1.325577646493911743e-01 2.223549485206604004e-01 -6.811147183179855347e-02
2.267430453461429861e+05 -1.585195362567901611e-01 2.412917762994766235e-01 -6.811147183179855347e-02
2.267430493488280044e+05 -1.585195362567901611e-01 2.412917762994766235e-01 -6.811147183179855347e-02
2.267430543488280091e+05 -1.716531366109848022e-01 2.666426897048950195e-01 -5.528330430388450623e-02
2.267430603351549944e+05 -1.716531366109848022e-01 2.666426897048950195e-01 -5.528330430388450623e-02
2.267430653351549990e+05 -1.560760736465454102e-01 2.755002379417419434e-01 -4.184427112340927124e-02
2.267430693988749990e+05 -1.560760736465454102e-01 2.755002379417419434e-01 -4.184427112340927124e-02
2.267430743988750037e+05 -1.212567538022994995e-01 2.641992270946502686e-01 -4.428773000836372375e-02
2.267430803852039971e+05 -1.212567538022994995e-01 2.641992270946502686e-01 -4.428773000836372375e-02
2.267430853852040018e+05 -9.101892262697219849e-02 2.287690341472625732e-01 -5.864306539297103882e-02
2.267430894184070057e+05 -9.101892262697219849e-02 2.287690341472625732e-01 -5.864306539297103882e-02
2.267430944184070104e+05 -7.391469180583953857e-02 1.658499091863632202e-01 -6.261368840932846069e-02
2.267431007709469995e+05 -7.391469180583953857e-02 1.658499091863632202e-01 -6.261368840932846069e-02
2.267431094074219873e+05 -6.688974797725677490e-02 9.682214260101318359e-02 -7.391469180583953857e-02
2.267431144074219919e+05 -4.795292019844055176e-02 6.261368840932846069e-02 -8.979719132184982300e-02
2.267431204242680105e+05 -4.795292019844055176e-02 6.261368840932846069e-02 -8.979719132184982300e-02
2.267431254242679861e+05 -2.840523421764373779e-02 7.055493444204330444e-02 -1.004873365163803101e-01
2.267431294269539940e+05 -2.840523421764373779e-02 7.055493444204330444e-02 -1.004873365163803101e-01
2.267431344269539986e+05 -1.557706389576196671e-02 1.001818999648094177e-01 -1.148426681756973267e-01
2.267431404437999881e+05 -1.557706389576196671e-02 1.001818999648094177e-01 -1.148426681756973267e-01
2.267431454437999928e+05 -2.412917651236057281e-02 1.133155003190040588e-01 -1.160643994808197021e-01
2.267431494770020072e+05 -2.412917651236057281e-02 1.133155003190040588e-01 -1.160643994808197021e-01
2.267431544770020118e+05 -3.878994286060333252e-02 1.056796908378601074e-01 -1.059851199388504028e-01
2.267431608295410115e+05 -3.878994286060333252e-02 1.056796908378601074e-01 -1.059851199388504028e-01
2.267431695270499913e+05 -4.489859566092491150e-02 7.941248267889022827e-02 -8.979719132184982300e-02
2.267431745270499960e+05 -4.734205827116966248e-02 3.237585723400115967e-02 -7.849618047475814819e-02
2.267431804523419996e+05 -4.734205827116966248e-02 3.237585723400115967e-02 -7.849618047475814819e-02
2.267431854523420043e+05 -4.886921867728233337e-02 7.330383174121379852e-03 -5.833763256669044495e-02
2.267431895160629938e+05 -4.886921867728233337e-02 7.330383174121379852e-03 -5.833763256669044495e-02
2.267431945160629984e+05 -7.055493444204330444e-02 -3.420845419168472290e-02 -4.398229718208312988e-02
2.267432005023919919e+05 -7.055493444204330444e-02 -3.420845419168472290e-02 -4.398229718208312988e-02
2.267432055023919966e+05 -1.240056455135345459e-01 -5.589416995644569397e-02 -3.023782931268215179e-02
2.267432095050780044e+05 -1.240056455135345459e-01 -5.589416995644569397e-02 -3.023782931268215179e-02
2.267432145050780091e+05 -1.808161139488220215e-01 -6.200282275676727295e-02 -2.657263725996017456e-02
2.267432205219239986e+05 -1.808161139488220215e-01 -6.200282275676727295e-02 -2.657263725996017456e-02
2.267432255219240033e+05 -2.144137024879455566e-01 -5.772676691412925720e-02 -3.145955875515937805e-02
2.267432295246100111e+05 -2.144137024879455566e-01 -5.772676691412925720e-02 -3.145955875515937805e-02
2.267432345246099867e+05 -2.241875380277633667e-01 -5.619960278272628784e-02 -3.512475267052650452e-02
2.267432405109379906e+05 -2.241875380277633667e-01 -5.619960278272628784e-02 -3.512475267052650452e-02
2.267432455109379953e+05 -2.315179258584976196e-01 -5.955936014652252197e-02 -3.237585723400115967e-02
2.267432495441419887e+05 -2.315179258584976196e-01 -5.955936014652252197e-02 -3.237585723400115967e-02
2.267432545441419934e+05 -2.428189367055892944e-01 -5.375614017248153687e-02 -3.054326213896274567e-02
2.267432605304699973e+05 -2.428189367055892944e-01 -5.375614017248153687e-02 -3.054326213896274567e-02
2.267432655304700020e+05 -2.541199326515197754e-01 -4.276056587696075439e-02 -2.474004216492176056e-02
2.267432695636730059e+05 -2.541199326515197754e-01 -4.276056587696075439e-02 -2.474004216492176056e-02
2.267432745636730106e+05 -2.568688392639160156e-01 -3.634648025035858154e-02 -1.435533352196216583e-02
2.267432807636230136e+05 -2.568688392639160156e-01 -3.634648025035858154e-02 -1.435533352196216583e-02
2.267432895832030044e+05 -2.645046412944793701e-01 -2.962696366012096405e-02 -7.635815534740686417e-03
2.267432945832030091e+05 -2.828305959701538086e-01 -2.779436856508255005e-02 -1.313360314816236496e-02
2.267433005695299944e+05 -2.828305959701538086e-01 -2.779436856508255005e-02 -1.313360314816236496e-02
2.267433055695299990e+05 -2.968805134296417236e-01 -2.779436856508255005e-02 -3.268129006028175354e-02
2.267433096027330030e+05 -2.968805134296417236e-01 -2.779436856508255005e-02 -3.268129006028175354e-02
2.267433146027330076e+05 -3.054326176643371582e-01 -1.649336144328117371e-02 -4.092797264456748962e-02
2.267433205890610116e+05 -3.054326176643371582e-01 -1.649336144328117371e-02 -4.092797264456748962e-02
2.267433255890609871e+05 -3.307835161685943604e-01 -1.282817032188177109e-02 -4.398229718208312988e-02
2.267433296222650097e+05 -3.307835161685943604e-01 -1.282817032188177109e-02 -4.398229718208312988e-02
2.267433346222650143e+05 -3.457497358322143555e-01 -1.985312066972255707e-02 -4.642575979232788086e-02
2.267433407611809962e+05 -3.457497358322143555e-01 -1.985312066972255707e-02 -4.642575979232788086e-02
2.267433496723140124e+05 -3.191770911216735840e-01 -2.840523421764373779e-02 -5.314527451992034912e-02
2.267433546723139880e+05 -2.550362348556518555e-01 -2.748893573880195618e-02 -5.955936014652252197e-02
2.267433606281249959e+05 -2.550362348556518555e-01 -2.748893573880195618e-02 -5.955936014652252197e-02
2.267433656281250005e+05 -1.594358235597610474e-01 -1.496619824320077896e-02 -6.261368840932846069e-02
2.267433696613289940e+05 -1.594358235597610474e-01 -1.496619824320077896e-02 -6.261368840932846069e-02
2.267433746613289986e+05 -7.330382615327835083e-02 3.054326167330145836e-03 -6.169738993048667908e-02
2.267433806476570026e+05 -7.330382615327835083e-02 3.054326167330145836e-03 -6.169738993048667908e-02
2.267433856476570072e+05 -3.359758760780096054e-03 1.221730466932058334e-02 -7.299839705228805542e-02
2.267433896808600111e+05 -3.359758760780096054e-03 1.221730466932058334e-02 -7.299839705228805542e-02
2.267433946808599867e+05 3.634648025035858154e-02 9.162978269159793854e-03 -8.552113175392150879e-02
2.267434010639160115e+05 3.634648025035858154e-02 9.162978269159793854e-03 -8.552113175392150879e-02
2.267434097309070057e+05 4.398229718208312988e-02 -3.543018549680709839e-02 -9.651670604944229126e-02
2.267434147309070104e+05 3.726277872920036316e-02 -9.834930300712585449e-02 -1.166752651333808899e-01
2.267434206867169996e+05 3.726277872920036316e-02 -9.834930300712585449e-02 -1.166752651333808899e-01
2.267434256867170043e+05 -5.497787147760391235e-03 -1.136209368705749512e-01 -1.386664062738418579e-01
2.267434297199209977e+05 -5.497787147760391235e-03 -1.136209368705749512e-01 -1.386664062738418579e-01
2.267434347199210024e+05 -9.712757170200347900e-02 -9.651670604944229126e-02 -1.395827084779739380e-01
2.267434407367669919e+05 -9.712757170200347900e-02 -9.651670604944229126e-02 -1.395827084779739380e-01
2.267434457367669966e+05 -1.899790912866592407e-01 -1.059851199388504028e-01 -1.258382350206375122e-01
2.267434497394530044e+05 -1.899790912866592407e-01 -1.059851199388504028e-01 -1.258382350206375122e-01
2.267434547394530091e+05 -2.205223590135574341e-01 -1.572978049516677856e-01 -1.197295859456062317e-01
2.267434609088870056e+05 -2.205223590135574341e-01 -1.572978049516677856e-01 -1.197295859456062317e-01
2.267434697895020072e+05 -2.339613884687423706e-01 -1.829541474580764771e-01 -1.142318025231361389e-01
2.267434747895020118e+05 -1.844813078641891479e-01 -1.890627890825271606e-01 -1.175915598869323730e-01
2.267434807453129906e+05 -1.844813078641891479e-01 -1.890627890825271606e-01 -1.175915598869323730e-01
2.267434857453129953e+05 -9.651670604944229126e-02 -1.325577646493911743e-01 -1.175915598869323730e-01
2.267434897785169887e+05 -9.651670604944229126e-02 -1.325577646493911743e-01 -1.175915598869323730e-01
2.267434947785169934e+05 -7.941247895359992981e-03 -5.222897976636886597e-02 -1.136209368705749512e-01
2.267435007648449973e+05 -7.941247895359992981e-03 -5.222897976636886597e-02 -1.136209368705749512e-01
2.267435057648450020e+05 3.084869496524333954e-02 -5.222897976636886597e-02 -9.560041129589080811e-02
2.267435098285650020e+05 3.084869496524333954e-02 -5.222897976636886597e-02 -9.560041129589080811e-02
2.267435148285650066e+05 -4.276056773960590363e-03 -1.313360314816236496e-02 -7.208210229873657227e-02
2.267435207843749959e+05 -4.276056773960590363e-03 -1.313360314816236496e-02 -7.208210229873657227e-02
2.267435257843750005e+05 -6.658431142568588257e-02 -2.718350291252136230e-02 -5.711590126156806946e-02
2.267435298175780044e+05 -6.658431142568588257e-02 -2.718350291252136230e-02 -5.711590126156806946e-02
2.267435348175780091e+05 -1.145372316241264343e-01 -3.084869496524333954e-02 -5.222897976636886597e-02
2.267435408039049944e+05 -1.145372316241264343e-01 -3.084869496524333954e-02 -5.222897976636886597e-02
2.267435458039049990e+05 -1.343903541564941406e-01 -2.260201424360275269e-02 -5.345070734620094299e-02
2.267435498371080030e+05 -1.343903541564941406e-01 -2.260201424360275269e-02 -5.345070734620094299e-02
2.267435548371080076e+05 -1.350012123584747314e-01 -2.260201424360275269e-02 -5.711590126156806946e-02
2.267435608234360116e+05 -1.350012123584747314e-01 -2.260201424360275269e-02 -5.711590126156806946e-02
2.267435658234359871e+05 -1.123992055654525757e-01 -6.108652451075613499e-04 -6.108652427792549133e-02
2.267435698566400097e+05 -1.123992055654525757e-01 -6.108652451075613499e-04 -6.108652427792549133e-02
2.267435748566400143e+05 -7.971791177988052368e-02 4.276056773960590363e-03 -6.291911751031875610e-02
2.267435810260740109e+05 -7.971791177988052368e-02 4.276056773960590363e-03 -6.291911751031875610e-02
2.267435899066890124e+05 -4.245513305068016052e-02 1.313360314816236496e-02 -6.322455406188964844e-02
2.267435949066889880e+05 -2.107485011219978333e-02 1.863138936460018158e-02 -6.627888232469558716e-02
2.267436008624999959e+05 -2.107485011219978333e-02 1.863138936460018158e-02 -6.627888232469558716e-02
2.267436058625000005e+05 3.115412779152393341e-02 2.260201424360275269e-02 -7.605272531509399414e-02
2.267436098957039940e+05 3.115412779152393341e-02 2.260201424360275269e-02 -7.605272531509399414e-02
2.267436148957039986e+05 8.002334833145141602e-02 3.451388701796531677e-02 -7.696902006864547729e-02
2.267436208820320026e+05 8.002334833145141602e-02 3.451388701796531677e-02 -7.696902006864547729e-02
2.267436258820320072e+05 9.834930300712585449e-02 6.536258012056350708e-02 -7.024950534105300903e-02
2.267436299152350111e+05 9.834930300712585449e-02 6.536258012056350708e-02 -7.024950534105300903e-02
2.267436349152349867e+05 9.529497474431991577e-02 1.166752651333808899e-01 -6.414084881544113159e-02
2.267436415119140001e+05 9.529497474431991577e-02 1.166752651333808899e-01 -6.414084881544113159e-02
2.267436499347650097e+05 9.101892262697219849e-02 1.710422635078430176e-01 -6.230825558304786682e-02
2.267436549347650143e+05 9.804387390613555908e-02 2.333505302667617798e-01 -5.986479297280311584e-02
2.267436609210919996e+05 9.804387390613555908e-02 2.333505302667617798e-01 -5.986479297280311584e-02
2.267436659210920043e+05 1.237002089619636536e-01 2.956587672233581543e-01 -5.833763256669044495e-02
2.267436699237780122e+05 1.237002089619636536e-01 2.956587672233581543e-01 -5.833763256669044495e-02
2.267436749237779877e+05 1.930334120988845825e-01 3.500257730484008789e-01 -5.925392732024192810e-02
2.267436809406240063e+05 1.930334120988845825e-01 3.500257730484008789e-01 -5.925392732024192810e-02
2.267436859406240110e+05 3.029891550540924072e-01 3.863722681999206543e-01 -6.291911751031875610e-02
2.267436899433099898e+05 3.029891550540924072e-01 3.863722681999206543e-01 -6.291911751031875610e-02
2.267436949433099944e+05 4.389066696166992188e-01 3.860668241977691650e-01 -8.552113175392150879e-02
2.267437009601560130e+05 4.389066696166992188e-01 3.860668241977691650e-01 -8.552113175392150879e-02
2.267437059601559886e+05 5.580254197120666504e-01 3.524692356586456299e-01 -1.313360333442687988e-01
2.267437099628419965e+05 5.580254197120666504e-01 3.524692356586456299e-01 -1.313360333442687988e-01
2.267437149628420011e+05 5.894849896430969238e-01 2.813034355640411377e-01 -1.713477075099945068e-01
2.267437209796879906e+05 5.894849896430969238e-01 2.813034355640411377e-01 -1.713477075099945068e-01
2.267437259796879953e+05 5.100724697113037109e-01 1.560760736465454102e-01 -1.908953934907913208e-01
2.267437299823740032e+05 5.100724697113037109e-01 1.560760736465454102e-01 -1.908953934907913208e-01
2.267437349823740078e+05 4.404338300228118896e-01 3.970623947679996490e-03 -1.954768747091293335e-01
2.267437409687020117e+05 4.404338300228118896e-01 3.970623947679996490e-03 -1.954768747091293335e-01
2.267437459687019873e+05 2.840523421764373779e-01 -5.558873713016510010e-02 -1.985312104225158691e-01
2.267437500324230059e+05 2.840523421764373779e-01 -5.558873713016510010e-02 -1.985312104225158691e-01
2.267437550324230106e+05 1.441642045974731445e-01 -9.040805697441101074e-02 -1.832595765590667725e-01
2.267437609882320103e+05 1.441642045974731445e-01 -9.040805697441101074e-02 -1.832595765590667725e-01
2.267437659882319858e+05 1.618792861700057983e-02 -1.007927674800157547e-02 -1.502728462219238281e-01
2.267437700214349898e+05 1.618792861700057983e-02 -1.007927674800157547e-02 -1.502728462219238281e-01
2.267437750214349944e+05 -1.166752651333808899e-01 1.346957832574844360e-01 -1.127046346664428711e-01
2.267437810077620088e+05 -1.166752651333808899e-01 1.346957832574844360e-01 -1.127046346664428711e-01
2.267437860077620135e+05 -2.333505302667617798e-01 2.794708609580993652e-01 -7.513642311096191406e-02
2.267437900409649883e+05 -2.333505302667617798e-01 2.794708609580993652e-01 -7.513642311096191406e-02
2.267437950409649929e+05 -3.262020349502563477e-01 4.050036668777465820e-01 -3.726277872920036316e-02
2.267438010883289971e+05 -3.262020349502563477e-01 4.050036668777465820e-01 -3.726277872920036316e-02
2.267438100604969950e+05 -4.211915731430053711e-01 4.633412957191467285e-01 3.665191587060689926e-03
2.267438150604969996e+05 -4.941899776458740234e-01 4.001167416572570801e-01 3.145955875515937805e-02
2.267438214435540140e+05 -4.941899776458740234e-01 4.001167416572570801e-01 3.145955875515937805e-02
2.267438300800290017e+05 -5.241223573684692383e-01 2.693915665149688721e-01 3.481931984424591064e-02
2.267438350800290063e+05 -4.923573732376098633e-01 1.353066563606262207e-01 1.771509274840354919e-02
2.267438410663570103e+05 -4.923573732376098633e-01 1.353066563606262207e-01 1.771509274840354919e-02
2.267438460663569858e+05 -4.019493460655212402e-01 1.771509274840354919e-02 -1.588249579071998596e-02
2.267438500995610084e+05 -4.019493460655212402e-01 1.771509274840354919e-02 -1.588249579071998596e-02
2.267438550995610130e+05 -2.764165103435516357e-01 -6.352998316287994385e-02 -4.642575979232788086e-02
2.267438610858889879e+05 -2.764165103435516357e-01 -6.352998316287994385e-02 -4.642575979232788086e-02
2.267438660858889925e+05 -1.646281778812408447e-01 -1.090394482016563416e-01 -5.375614017248153687e-02
2.267438701190919965e+05 -1.646281778812408447e-01 -1.090394482016563416e-01 -5.375614017248153687e-02
2.267438751190920011e+05 -1.261436790227890015e-01 -1.291979998350143433e-01 -4.978551715612411499e-02
2.267438815326660115e+05 -1.261436790227890015e-01 -1.291979998350143433e-01 -4.978551715612411499e-02
2.267438901691400097e+05 -9.529497474431991577e-02 -1.191187202930450439e-01 -3.420845419168472290e-02
2.267438951691400143e+05 -1.206458881497383118e-01 -6.108652427792549133e-02 -2.168571576476097107e-02
2.267439011249500036e+05 -1.206458881497383118e-01 -6.108652427792549133e-02 -2.168571576476097107e-02
2.267439061249500082e+05 -1.835650056600570679e-01 -3.207042440772056580e-02 -1.191187184303998947e-02
2.267439101581530122e+05 -1.835650056600570679e-01 -3.207042440772056580e-02 -1.191187184303998947e-02
2.267439151581529877e+05 -2.620611786842346191e-01 -4.123340547084808350e-02 -1.252273749560117722e-02
2.267439211444820103e+05 -2.620611786842346191e-01 -4.123340547084808350e-02 -1.252273749560117722e-02
2.267439261444819858e+05 -3.246748745441436768e-01 -3.848451003432273865e-02 -2.107485011219978333e-02
2.267439301776849898e+05 -3.246748745441436768e-01 -3.848451003432273865e-02 -2.107485011219978333e-02
2.267439351776849944e+05 -3.622430860996246338e-01 -3.604105114936828613e-02 -3.420845419168472290e-02
2.267439411640139879e+05 -3.622430860996246338e-01 -3.604105114936828613e-02 -3.420845419168472290e-02
2.267439461640139925e+05 -3.680463135242462158e-01 -6.566801667213439941e-02 -5.222897976636886597e-02
2.267439501972169965e+05 -3.680463135242462158e-01 -6.566801667213439941e-02 -5.222897976636886597e-02
2.267439551972170011e+05 -3.280346393585205078e-01 -8.765916526317596436e-02 -7.391469180583953857e-02
2.267439611835450050e+05 -3.280346393585205078e-01 -8.765916526317596436e-02 -7.391469180583953857e-02
2.267439661835450097e+05 -2.293798923492431641e-01 -8.460483700037002563e-02 -1.075122803449630737e-01
2.267439702167490032e+05 -2.293798923492431641e-01 -8.460483700037002563e-02 -1.075122803449630737e-01
2.267439752167490078e+05 -1.172861307859420776e-01 -7.788532227277755737e-02 -1.389718502759933472e-01
2.267439812030770117e+05 -1.172861307859420776e-01 -7.788532227277755737e-02 -1.389718502759933472e-01
2.267439862030769873e+05 -1.771509274840354919e-02 -8.277224004268646240e-02 -1.652390509843826294e-01
2.267439902362799912e+05 -1.771509274840354919e-02 -8.277224004268646240e-02 -1.652390509843826294e-01
2.267439952362799959e+05 5.253441259264945984e-02 -9.162978827953338623e-02 -1.762346178293228149e-01
2.267440014057130029e+05 5.253441259264945984e-02 -9.162978827953338623e-02 -1.762346178293228149e-01
2.267440102558099898e+05 7.605272531509399414e-02 -1.270599663257598877e-01 -1.798998117446899414e-01
2.267440152558099944e+05 6.933320313692092896e-02 -1.557706445455551147e-01 -1.866193264722824097e-01
2.267440212421370088e+05 6.933320313692092896e-02 -1.557706445455551147e-01 -1.866193264722824097e-01
2.267440262421370135e+05 1.740965992212295532e-02 -1.496619880199432373e-01 -1.963931769132614136e-01
2.267440302753399883e+05 1.740965992212295532e-02 -1.496619880199432373e-01 -1.963931769132614136e-01
2.267440352753399929e+05 -6.994406878948211670e-02 -1.285871267318725586e-01 -1.835650056600570679e-01
2.267440412616689864e+05 -6.994406878948211670e-02 -1.285871267318725586e-01 -1.835650056600570679e-01
2.267440462616689911e+05 -1.380555480718612671e-01 -1.496619880199432373e-01 -1.631010174751281738e-01
2.267440503253900097e+05 -1.380555480718612671e-01 -1.496619880199432373e-01 -1.631010174751281738e-01
2.267440553253900143e+05 -1.398881375789642334e-01 -1.731802970170974731e-01 -1.505782902240753174e-01
2.267440614643059962e+05 -1.398881375789642334e-01 -1.731802970170974731e-01 -1.505782902240753174e-01
2.267440703754390124e+05 -8.063421398401260376e-02 -1.475239545106887817e-01 -1.414152979850769043e-01
2.267440753754389880e+05 1.191187184303998947e-02 -1.099557429552078247e-01 -1.252273768186569214e-01
2.267440813007320103e+05 1.191187184303998947e-02 -1.099557429552078247e-01 -1.252273768186569214e-01
2.267440863007319858e+05 9.040805697441101074e-02 -8.613199740648269653e-02 -1.075122803449630737e-01
2.267440903339360084e+05 9.040805697441101074e-02 -8.613199740648269653e-02 -1.075122803449630737e-01
2.267440953339360130e+05 1.524108797311782837e-01 -4.092797264456748962e-02 -1.117883399128913879e-01
2.267441013507820026e+05 1.524108797311782837e-01 -4.092797264456748962e-02 -1.117883399128913879e-01
2.267441063507820072e+05 2.113593816757202148e-01 1.047633886337280273e-01 -1.414152979850769043e-01
2.267441103534669965e+05 2.113593816757202148e-01 1.047633886337280273e-01 -1.414152979850769043e-01
2.267441153534670011e+05 1.490511149168014526e-01 3.564398586750030518e-01 -1.343903541564941406e-01
2.267441217365229968e+05 1.490511149168014526e-01 3.564398586750030518e-01 -1.343903541564941406e-01
2.267441304035150097e+05 2.229658141732215881e-02 3.912591934204101562e-01 -9.987647086381912231e-02
2.267441354035150143e+05 -5.039638280868530273e-02 3.048217594623565674e-01 -7.910704612731933594e-02
2.267441418781229877e+05 -5.039638280868530273e-02 3.048217594623565674e-01 -7.910704612731933594e-02
2.267441507282209932e+05 -6.475171446800231934e-02 2.816088795661926270e-01 -6.230825558304786682e-02
2.267441557282209978e+05 -5.100724846124649048e-02 2.290744632482528687e-01 -4.703662544488906860e-02
2.267441617145499913e+05 -5.100724846124649048e-02 2.290744632482528687e-01 -4.703662544488906860e-02
2.267441667145499960e+05 -3.970624133944511414e-02 1.432479023933410645e-01 -4.062253981828689575e-02
2.267441707477529999e+05 -3.970624133944511414e-02 1.432479023933410645e-01 -4.062253981828689575e-02
2.267441757477530045e+05 -2.351831272244453430e-02 9.957103431224822998e-02 -3.543018549680709839e-02
2.267441819171870011e+05 -2.351831272244453430e-02 9.957103431224822998e-02 -3.543018549680709839e-02
2.267441907672850066e+05 -3.145955875515937805e-02 2.382374368607997894e-02 -4.062253981828689575e-02
2.267441957672850112e+05 -7.269296050071716309e-02 -3.329215571284294128e-02 -4.550946131348609924e-02
2.267442017536140047e+05 -7.269296050071716309e-02 -3.329215571284294128e-02 -4.550946131348609924e-02
2.267442067536140094e+05 -1.224784851074218750e-01 -7.208210229873657227e-02 -4.489859566092491150e-02
2.267442107868170133e+05 -1.224784851074218750e-01 -7.208210229873657227e-02 -4.489859566092491150e-02
2.267442157868169888e+05 -1.649336218833923340e-01 -8.002334833145141602e-02 -4.367686435580253601e-02
2.267442217731460114e+05 -1.649336218833923340e-01 -8.002334833145141602e-02 -4.367686435580253601e-02
2.267442306232429983e+05 -1.985312104225158691e-01 -6.872233748435974121e-02 -3.878994286060333252e-02
2.267442356232430029e+05 -2.128865420818328857e-01 -4.795292019844055176e-02 -4.337143152952194214e-02
2.267442416095699882e+05 -2.128865420818328857e-01 -4.795292019844055176e-02 -4.337143152952194214e-02
2.267442466095699929e+05 -2.034181207418441772e-01 1.588249579071998596e-02 -6.414084881544113159e-02
2.267442506427729968e+05 -2.034181207418441772e-01 1.588249579071998596e-02 -6.414084881544113159e-02
2.267442556427730015e+05 -1.942551434040069580e-01 9.315694868564605713e-02 -8.735372871160507202e-02
2.267442616596180014e+05 -1.942551434040069580e-01 9.315694868564605713e-02 -8.735372871160507202e-02
2.267442666596180061e+05 -2.083050459623336792e-01 1.151480972766876221e-01 -1.069014146924018860e-01
2.267442706928210100e+05 -2.083050459623336792e-01 1.151480972766876221e-01 -1.069014146924018860e-01
2.267442756928209856e+05 -2.281581759452819824e-01 9.560041129589080811e-02 -1.252273768186569214e-01
2.267442816791489895e+05 -2.281581759452819824e-01 9.560041129589080811e-02 -1.252273768186569214e-01
2.267442866791489942e+05 -2.171625941991806030e-01 4.123340547084808350e-02 -1.346957832574844360e-01
2.267442907123529876e+05 -2.171625941991806030e-01 4.123340547084808350e-02 -1.346957832574844360e-01
2.267442957123529923e+05 -1.884519308805465698e-01 -4.703662544488906860e-02 -1.380555480718612671e-01
2.267443018817859993e+05 -1.884519308805465698e-01 -4.703662544488906860e-02 -1.380555480718612671e-01
2.267443106098140124e+05 -7.849618047475814819e-02 -1.227839142084121704e-01 -1.404990106821060181e-01
2.267443156098139880e+05 8.796459436416625977e-02 -1.417207419872283936e-01 -1.508837193250656128e-01
2.267443215656249959e+05 8.796459436416625977e-02 -1.417207419872283936e-01 -1.508837193250656128e-01
2.267443265656250005e+05 2.467895597219467163e-01 -1.368338167667388916e-01 -1.640173196792602539e-01
2.267443305683110084e+05 2.467895597219467163e-01 -1.368338167667388916e-01 -1.640173196792602539e-01
2.267443355683110130e+05 3.243694305419921875e-01 -7.330382615327835083e-02 -1.682933717966079712e-01
2.267443415546389879e+05 3.243694305419921875e-01 -7.330382615327835083e-02 -1.682933717966079712e-01
2.267443465546389925e+05 3.182607889175415039e-01 1.282817032188177109e-02 -1.591303944587707520e-01
2.267443505573240109e+05 3.182607889175415039e-01 1.282817032188177109e-02 -1.591303944587707520e-01
2.267443555573239864e+05 2.513710558414459229e-01 6.047565862536430359e-02 -1.456913650035858154e-01
2.267443621540029999e+05 2.513710558414459229e-01 6.047565862536430359e-02 -1.456913650035858154e-01
2.267443705768540094e+05 1.542434692382812500e-01 8.552113175392150879e-02 -1.435533314943313599e-01
2.267443755768540141e+05 5.833763256669044495e-02 1.469130963087081909e-01 -1.404990106821060181e-01
2.267443815631819889e+05 5.833763256669044495e-02 1.469130963087081909e-01 -1.404990106821060181e-01
2.267443865631819936e+05 -2.504547499120235443e-02 2.565633952617645264e-01 -1.267545372247695923e-01
2.267443905963859870e+05 -2.504547499120235443e-02 2.565633952617645264e-01 -1.267545372247695923e-01
2.267443955963859917e+05 -1.087340116500854492e-01 3.668245673179626465e-01 -1.078177168965339661e-01
2.267444016132320103e+05 -1.087340116500854492e-01 3.668245673179626465e-01 -1.078177168965339661e-01
2.267444066132319858e+05 -1.805106848478317261e-01 4.227187633514404297e-01 -8.765916526317596436e-02
2.267444106464349898e+05 -1.805106848478317261e-01 4.227187633514404297e-01 -8.765916526317596436e-02
2.267444156464349944e+05 -2.009746730327606201e-01 3.921754956245422363e-01 -6.994406878948211670e-02
2.267444216327639879e+05 -2.009746730327606201e-01 3.921754956245422363e-01 -6.994406878948211670e-02
2.267444266327639925e+05 -1.505782902240753174e-01 2.880229651927947998e-01 -5.894849449396133423e-02
2.267444306659669965e+05 -1.505782902240753174e-01 2.880229651927947998e-01 -5.894849449396133423e-02
2.267444356659670011e+05 -1.059851199388504028e-01 1.710422635078430176e-01 -5.650503560900688171e-02
2.267444416217780090e+05 -1.059851199388504028e-01 1.710422635078430176e-01 -5.650503560900688171e-02
2.267444466217780137e+05 3.848451003432273865e-02 1.218676194548606873e-01 -6.872233748435974121e-02
2.267444506549809885e+05 3.848451003432273865e-02 1.218676194548606873e-01 -6.872233748435974121e-02
2.267444556549809931e+05 1.863138973712921143e-01 1.062905490398406982e-01 -9.834930300712585449e-02
2.267444616413099866e+05 1.863138973712921143e-01 1.062905490398406982e-01 -9.834930300712585449e-02
2.267444666413099912e+05 1.765400618314743042e-01 1.456913650035858154e-01 -1.029307916760444641e-01
2.267444706745120056e+05 1.765400618314743042e-01 1.456913650035858154e-01 -1.029307916760444641e-01
2.267444756745120103e+05 5.222897976636886597e-02 6.536258012056350708e-02 -8.521570265293121338e-02
2.267444816608400142e+05 5.222897976636886597e-02 6.536258012056350708e-02 -8.521570265293121338e-02
2.267444866608399898e+05 -8.796459436416625977e-02 -3.909537568688392639e-02 -7.147123664617538452e-02
2.267444906940420042e+05 -8.796459436416625977e-02 -3.909537568688392639e-02 -7.147123664617538452e-02
2.267444956940420088e+05 -1.829541474580764771e-01 -1.075122803449630737e-01 -6.505715101957321167e-02
2.267445016803700128e+05 -1.829541474580764771e-01 -1.075122803449630737e-01 -6.505715101957321167e-02
2.267445066803699883e+05 -2.208277881145477295e-01 -1.438587605953216553e-01 -5.986479297280311584e-02
2.267445107135720027e+05 -2.208277881145477295e-01 -1.438587605953216553e-01 -5.986479297280311584e-02
2.267445157135720074e+05 -2.153300046920776367e-01 -1.594358235597610474e-01 -5.253441259264945984e-02
2.267445216999010008e+05 -2.153300046920776367e-01 -1.594358235597610474e-01 -5.253441259264945984e-02
2.267445266999010055e+05 -1.805106848478317261e-01 -1.893682330846786499e-01 -4.459316283464431763e-02
2.267445307331049989e+05 -1.805106848478317261e-01 -1.893682330846786499e-01 -4.459316283464431763e-02
2.267445357331050036e+05 -1.331686228513717651e-01 -2.168571650981903076e-01 -3.481931984424591064e-02
2.267445421161609993e+05 -1.331686228513717651e-01 -2.168571650981903076e-01 -3.481931984424591064e-02
2.267445507526359870e+05 -1.114829108119010925e-01 -2.012801021337509155e-01 -3.359758853912353516e-02
2.267445557526359917e+05 -1.569923609495162964e-01 -1.319468915462493896e-01 -3.909537568688392639e-02
2.267445617389650142e+05 -1.569923609495162964e-01 -1.319468915462493896e-01 -3.909537568688392639e-02
2.267445667389649898e+05 -2.379320114850997925e-01 -7.819075137376785278e-02 -4.795292019844055176e-02
2.267445707721679937e+05 -2.379320114850997925e-01 -7.819075137376785278e-02 -4.795292019844055176e-02
2.267445757721679984e+05 -2.715296149253845215e-01 -6.200282275676727295e-02 -5.681046843528747559e-02
2.267445817584969918e+05 -2.715296149253845215e-01 -6.200282275676727295e-02 -5.681046843528747559e-02
2.267445867584969965e+05 -2.953533530235290527e-01 -4.031710699200630188e-02 -8.338310569524765015e-02
2.267445907916990109e+05 -2.953533530235290527e-01 -4.031710699200630188e-02 -8.338310569524765015e-02
2.267445957916989864e+05 -2.892446815967559814e-01 5.039638280868530273e-02 -1.029307916760444641e-01
2.267446021747550112e+05 -2.892446815967559814e-01 5.039638280868530273e-02 -1.029307916760444641e-01
2.267446108417469950e+05 -2.681698501110076904e-01 1.392772793769836426e-01 -1.032362282276153564e-01
2.267446158417469996e+05 -2.315179258584976196e-01 1.566869318485260010e-01 -9.071348607540130615e-02
2.267446217975569889e+05 -2.315179258584976196e-01 1.566869318485260010e-01 -9.071348607540130615e-02
2.267446267975569936e+05 -1.878410577774047852e-01 1.209513172507286072e-01 -7.116580009460449219e-02
2.267446308307609870e+05 -1.878410577774047852e-01 1.209513172507286072e-01 -7.116580009460449219e-02
2.267446358307609917e+05 -1.377501189708709717e-01 7.910704612731933594e-02 -4.642575979232788086e-02
2.267446418170889956e+05 -1.377501189708709717e-01 7.910704612731933594e-02 -4.642575979232788086e-02
2.267446468170890003e+05 -1.145372316241264343e-01 5.772676691412925720e-02 -1.740965992212295532e-02
2.267446508502920042e+05 -1.145372316241264343e-01 5.772676691412925720e-02 -1.740965992212295532e-02
2.267446558502920088e+05 -1.579086631536483765e-01 5.192354694008827209e-02 1.618792861700057983e-02
2.267446618671389879e+05 -1.579086631536483765e-01 5.192354694008827209e-02 1.618792861700057983e-02
2.267446668671389925e+05 -2.532036304473876953e-01 6.597344577312469482e-02 3.970624133944511414e-02
2.267446708698240109e+05 -2.532036304473876953e-01 6.597344577312469482e-02 3.970624133944511414e-02
2.267446758698239864e+05 -3.631593883037567139e-01 8.765916526317596436e-02 5.314527451992034912e-02
2.267446818866700050e+05 -3.631593883037567139e-01 8.765916526317596436e-02 5.314527451992034912e-02
2.267446868866700097e+05 -4.746423065662384033e-01 1.218676194548606873e-01 7.391469180583953857e-02
2.267446908893559885e+05 -4.746423065662384033e-01 1.218676194548606873e-01 7.391469180583953857e-02
2.267446958893559931e+05 -5.766568183898925781e-01 1.692096740007400513e-01 1.004873365163803101e-01
2.267447018756849866e+05 -5.766568183898925781e-01 1.692096740007400513e-01 1.004873365163803101e-01
2.267447068756849912e+05 -6.575964093208312988e-01 2.046398520469665527e-01 1.194241568446159363e-01
2.267447109088870056e+05 -6.575964093208312988e-01 2.046398520469665527e-01 1.194241568446159363e-01
2.267447159088870103e+05 -6.783658266067504883e-01 2.037235647439956665e-01 1.169806942343711853e-01
2.267447221088380029e+05 -6.783658266067504883e-01 2.037235647439956665e-01 1.169806942343711853e-01
2.267447309284170042e+05 -6.649268269538879395e-01 1.921171247959136963e-01 8.368854224681854248e-02
2.267447359284170088e+05 -6.093381047248840332e-01 1.618792861700057983e-01 4.184427112340927124e-02
2.267447419147450128e+05 -6.093381047248840332e-01 1.618792861700057983e-01 4.184427112340927124e-02
2.267447469147449883e+05 -5.531384944915771484e-01 1.154535338282585144e-01 1.679879426956176758e-02
2.267447509479470027e+05 -5.531384944915771484e-01 1.154535338282585144e-01 1.679879426956176758e-02
2.267447559479470074e+05 -5.015203952789306641e-01 4.031710699200630188e-02 -1.007927674800157547e-02
2.267447619342760008e+05 -5.015203952789306641e-01 4.031710699200630188e-02 -1.007927674800157547e-02
2.267447669342760055e+05 -4.636467099189758301e-01 -9.773843921720981598e-03 -1.802052557468414307e-02
2.267447709979969950e+05 -4.636467099189758301e-01 -9.773843921720981598e-03 -1.802052557468414307e-02
2.267447759979969996e+05 -4.532620012760162354e-01 1.832595793530344963e-03 -4.581489134579896927e-03
2.267447821369130106e+05 -4.532620012760162354e-01 1.832595793530344963e-03 -4.581489134579896927e-03
2.267447910175290017e+05 -4.685336351394653320e-01 -1.343903504312038422e-02 -1.404990069568157196e-02
2.267447960175290063e+05 -4.874704778194427490e-01 -3.878994286060333252e-02 -3.023782931268215179e-02
2.267448019733400142e+05 -4.874704778194427490e-01 -3.878994286060333252e-02 -3.023782931268215179e-02
2.267448069733399898e+05 -4.691445231437683105e-01 -4.337143152952194214e-02 -5.314527451992034912e-02
2.267448110065429937e+05 -4.691445231437683105e-01 -4.337143152952194214e-02 -5.314527451992034912e-02
2.267448160065429984e+05 -3.662137091159820557e-01 -6.872233748435974121e-02 -8.613199740648269653e-02
2.267448219928719918e+05 -3.662137091159820557e-01 -6.872233748435974121e-02 -8.613199740648269653e-02
2.267448304462409869e+05 -1.722639948129653931e-01 -1.380555480718612671e-01 -1.145372316241264343e-01
2.267448354462409916e+05 3.115412779152393341e-02 -2.446515262126922607e-01 -1.420261710882186890e-01
2.267448424396479968e+05 3.115412779152393341e-02 -2.446515262126922607e-01 -1.420261710882186890e-01
2.267448504962880106e+05 1.136209368705749512e-01 -2.831360399723052979e-01 -1.579086631536483765e-01
2.267448554962879862e+05 2.330450862646102905e-01 -2.733621895313262939e-01 -1.850921660661697388e-01
2.267448620014140033e+05 2.330450862646102905e-01 -2.733621895313262939e-01 -1.850921660661697388e-01
2.267448704547839880e+05 2.904664278030395508e-01 -2.458732575178146362e-01 -1.924225538969039917e-01
2.267448754547839926e+05 2.718350291252136230e-01 -2.131919711828231812e-01 -1.795943826436996460e-01
2.267448820209460100e+05 2.718350291252136230e-01 -2.131919711828231812e-01 -1.795943826436996460e-01
2.267448904743159947e+05 1.588249653577804565e-01 -1.731802970170974731e-01 -1.453859210014343262e-01
2.267448954743159993e+05 -1.954768784344196320e-02 -1.350012123584747314e-01 -1.053742542862892151e-01
2.267449022541010054e+05 -1.954768784344196320e-02 -1.350012123584747314e-01 -1.053742542862892151e-01
2.267449104938480014e+05 -1.698205322027206421e-01 -7.208210229873657227e-02 -8.032877743244171143e-02
2.267449154938480060e+05 -2.229658216238021851e-01 1.435533352196216583e-02 -6.627888232469558716e-02
2.267449220905280090e+05 -2.229658216238021851e-01 1.435533352196216583e-02 -6.627888232469558716e-02
2.267449305133800081e+05 -2.150245606899261475e-01 9.040805697441101074e-02 -4.978551715612411499e-02
2.267449355133800127e+05 -1.838704347610473633e-01 1.322523206472396851e-01 -5.009094998240470886e-02
2.267449421405770117e+05 -1.838704347610473633e-01 1.322523206472396851e-01 -5.009094998240470886e-02
2.267449505939460068e+05 -1.429424732923507690e-01 1.536326110363006592e-01 -6.505715101957321167e-02
2.267449555939460115e+05 -1.029307916760444641e-01 1.737911552190780640e-01 -7.757988572120666504e-02
2.267449621601070103e+05 -1.029307916760444641e-01 1.737911552190780640e-01 -7.757988572120666504e-02
2.267449706134760054e+05 -1.032362282276153564e-01 1.902845203876495361e-01 -6.261368840932846069e-02
2.267449756134760100e+05 -2.058615833520889282e-01 1.139263659715652466e-01 -2.107485011219978333e-02
2.267449821796370088e+05 -2.058615833520889282e-01 1.139263659715652466e-01 -2.107485011219978333e-02
2.267449906330060039e+05 -2.675589919090270996e-01 -1.481348276138305664e-01 -2.199114859104156494e-02
2.267449956330060086e+05 -2.938261926174163818e-01 -2.962696552276611328e-01 -1.056796908378601074e-01
2.267450021381329861e+05 -2.938261926174163818e-01 -2.962696552276611328e-01 -1.056796908378601074e-01
2.267450106220209855e+05 -1.823432743549346924e-01 -4.444044530391693115e-01 -1.206458881497383118e-01
2.267450156220209901e+05 -9.773843921720981598e-03 -3.662137091159820557e-01 -1.279762685298919678e-01
2.267450223407709855e+05 -9.773843921720981598e-03 -3.662137091159820557e-01 -1.279762685298919678e-01
2.267450306720699882e+05 1.612684279680252075e-01 -2.480112910270690918e-01 -1.270599663257598877e-01
2.267450356720699929e+05 2.913827300071716309e-01 -2.043344229459762573e-01 -1.212567538022994995e-01
2.267450422077150142e+05 2.913827300071716309e-01 -2.043344229459762573e-01 -1.212567538022994995e-01
2.267450506610849989e+05 3.515529632568359375e-01 -2.025018334388732910e-01 -1.139263659715652466e-01
2.267450556610850035e+05 3.359758853912353516e-01 -2.235766798257827759e-01 -1.017090603709220886e-01
2.267450621967290062e+05 3.359758853912353516e-01 -2.235766798257827759e-01 -1.017090603709220886e-01
2.267450706806159869e+05 2.776382565498352051e-01 -2.629774808883666992e-01 -8.368854224681854248e-02
2.267450756806159916e+05 2.315179258584976196e-01 -2.965750694274902344e-01 -8.491026610136032104e-02
2.267450828571279999e+05 2.315179258584976196e-01 -2.965750694274902344e-01 -8.491026610136032104e-02
2.267450906696279999e+05 2.153300046920776367e-01 -2.770273983478546143e-01 -1.023199260234832764e-01
2.267450956696280045e+05 2.205223590135574341e-01 -1.802052408456802368e-01 -1.108720451593399048e-01
2.267451022357890033e+05 2.205223590135574341e-01 -1.802052408456802368e-01 -1.108720451593399048e-01
2.267451108112290094e+05 2.260201424360275269e-01 -7.422012835741043091e-02 -1.069014146924018860e-01
2.267451158112290141e+05 2.086104750633239746e-01 -2.962696366012096405e-02 -9.468411654233932495e-02
2.267451222553210100e+05 2.086104750633239746e-01 -2.962696366012096405e-02 -9.468411654233932495e-02
2.267451307392090093e+05 1.930334120988845825e-01 -5.375614017248153687e-02 -9.162978827953338623e-02
2.267451357392090140e+05 1.499674171209335327e-01 -7.635815441608428955e-02 -9.773843735456466675e-02
2.267451422748529876e+05 1.499674171209335327e-01 -7.635815441608428955e-02 -9.773843735456466675e-02
2.267451507282230014e+05 9.957103431224822998e-02 -1.032362282276153564e-01 -9.987647086381912231e-02
2.267451557282230060e+05 7.757988572120666504e-02 -8.704829961061477661e-02 -9.682214260101318359e-02
2.267451622943849943e+05 7.757988572120666504e-02 -8.704829961061477661e-02 -9.682214260101318359e-02
2.267451707782729936e+05 6.047565862536430359e-02 -5.558873713016510010e-02 -8.918632566928863525e-02
2.267451757782729983e+05 2.809980139136314392e-02 -4.520402848720550537e-02 -9.040805697441101074e-02
2.267451823444349866e+05 2.809980139136314392e-02 -4.520402848720550537e-02 -9.040805697441101074e-02
2.267451907672859961e+05 1.221730490215122700e-03 -5.253441259264945984e-02 -9.651670604944229126e-02
2.267451957672860008e+05 -1.771509274840354919e-02 -5.009094998240470886e-02 -9.254608303308486938e-02
2.267452023334469995e+05 -1.771509274840354919e-02 -5.009094998240470886e-02 -9.254608303308486938e-02
2.267452108173340093e+05 -2.535090781748294830e-02 -3.084869496524333954e-02 -8.002334833145141602e-02
2.267452158173340140e+05 -1.893682219088077545e-02 -1.374446786940097809e-02 -7.360926270484924316e-02
2.267452223529769981e+05 -1.893682219088077545e-02 -1.374446786940097809e-02 -7.360926270484924316e-02
2.267452308063459932e+05 3.359758760780096054e-03 -1.832595793530344963e-03 -7.483099400997161865e-02
2.267452358063459978e+05 2.321287989616394043e-02 1.466076634824275970e-02 -8.216137439012527466e-02
2.267452423725079861e+05 2.321287989616394043e-02 1.466076634824275970e-02 -8.216137439012527466e-02
2.267452508258779999e+05 4.673119261860847473e-02 3.176499158143997192e-02 -9.804387390613555908e-02
2.267452558258780045e+05 7.360926270484924316e-02 3.848451003432273865e-02 -1.084285825490951538e-01
2.267452627887690032e+05 7.360926270484924316e-02 3.848451003432273865e-02 -1.084285825490951538e-01
2.267452708454100066e+05 8.552113175392150879e-02 3.726277872920036316e-02 -1.090394482016563416e-01
2.267452758454100112e+05 1.029307916760444641e-01 3.451388701796531677e-02 -1.078177168965339661e-01
2.267452824115719995e+05 1.029307916760444641e-01 3.451388701796531677e-02 -1.078177168965339661e-01
2.267452908649420133e+05 1.133155003190040588e-01 3.787364438176155090e-02 -1.069014146924018860e-01
2.267452958649419888e+05 9.987647086381912231e-02 5.986479297280311584e-02 -1.017090603709220886e-01
2.267453024311040062e+05 9.987647086381912231e-02 5.986479297280311584e-02 -1.017090603709220886e-01
2.267453108844730014e+05 5.833763256669044495e-02 7.941248267889022827e-02 -9.315694868564605713e-02
2.267453158844730060e+05 -2.138028386980295181e-03 9.926560521125793457e-02 -8.399397134780883789e-02
2.267453228168450005e+05 -2.138028386980295181e-03 9.926560521125793457e-02 -8.399397134780883789e-02
2.267453309345209855e+05 -4.520402848720550537e-02 1.172861307859420776e-01 -7.666359096765518188e-02
2.267453359345209901e+05 -5.711590126156806946e-02 1.185078546404838562e-01 -7.452555745840072632e-02
2.267453424701640033e+05 -5.711590126156806946e-02 1.185078546404838562e-01 -7.452555745840072632e-02
2.267453509235339880e+05 -5.742133408784866333e-02 9.834930300712585449e-02 -6.963863968849182129e-02
2.267453559235339926e+05 -4.489859566092491150e-02 4.886921867728233337e-02 -6.322455406188964844e-02
2.267453624896960100e+05 -4.489859566092491150e-02 4.886921867728233337e-02 -6.322455406188964844e-02
2.267453709430659947e+05 -2.565634064376354218e-02 1.069014146924018860e-02 -6.505715101957321167e-02
2.267453759430659993e+05 -6.414085160940885544e-03 3.054326167330145836e-03 -7.086037099361419678e-02
2.267453825092279876e+05 -6.414085160940885544e-03 3.054326167330145836e-03 -7.086037099361419678e-02
2.267453909625980014e+05 1.221730490215122700e-03 7.635815534740686417e-03 -6.902777403593063354e-02
2.267453959625980060e+05 -4.581489134579896927e-03 9.468411095440387726e-03 -6.200282275676727295e-02
2.267454025287599943e+05 -4.581489134579896927e-03 9.468411095440387726e-03 -6.200282275676727295e-02
2.267454109821300081e+05 -6.108652334660291672e-03 1.252273749560117722e-02 -6.230825558304786682e-02
2.267454159821300127e+05 -1.221730490215122700e-03 1.374446786940097809e-02 -7.177666574716567993e-02
2.267454225177750050e+05 -1.221730490215122700e-03 1.374446786940097809e-02 -7.177666574716567993e-02
2.267454310016609961e+05 -3.054326167330145836e-03 7.024950347840785980e-03 -6.994406878948211670e-02
2.267454360016610008e+05 -9.773843921720981598e-03 2.443460980430245399e-03 -6.414084881544113159e-02
2.267454427509279922e+05 -9.773843921720981598e-03 2.443460980430245399e-03 -6.414084881544113159e-02
2.267454509906730091e+05 -1.191187184303998947e-02 -2.443460980430245399e-03 -6.536258012056350708e-02
2.267454559906730137e+05 9.162978967651724815e-04 -2.443460980430245399e-03 -7.605272531509399414e-02
2.267454625873519981e+05 9.162978967651724815e-04 -2.443460980430245399e-03 -7.605272531509399414e-02
2.267454710102030076e+05 2.260201424360275269e-02 -1.435533352196216583e-02 -8.185594528913497925e-02
2.267454760102030123e+05 3.512475267052650452e-02 -2.687807008624076843e-02 -7.910704612731933594e-02
2.267454826068829861e+05 3.512475267052650452e-02 -2.687807008624076843e-02 -7.910704612731933594e-02
2.267454910602529999e+05 2.840523421764373779e-02 -3.512475267052650452e-02 -7.605272531509399414e-02
2.267454960602530045e+05 6.108652334660291672e-03 -2.046398632228374481e-02 -7.757988572120666504e-02
2.267455027790029999e+05 6.108652334660291672e-03 -2.046398632228374481e-02 -7.757988572120666504e-02
2.267455110797850066e+05 -1.832595653831958771e-02 1.038470957428216934e-02 -7.696902006864547729e-02
2.267455160797850112e+05 -4.092797264456748962e-02 2.748893573880195618e-02 -7.757988572120666504e-02
2.267455226459469995e+05 -4.092797264456748962e-02 2.748893573880195618e-02 -7.757988572120666504e-02
2.267455310687989986e+05 -4.673119261860847473e-02 2.871066704392433167e-02 -7.880161702632904053e-02
2.267455360687990033e+05 -2.993239648640155792e-02 2.871066704392433167e-02 -7.849618047475814819e-02
2.267455426654790062e+05 -2.993239648640155792e-02 2.871066704392433167e-02 -7.849618047475814819e-02
2.267455511188480014e+05 -1.863138936460018158e-02 2.504547499120235443e-02 -8.063421398401260376e-02
2.267455561188480060e+05 -3.665191587060689926e-03 2.290744706988334656e-02 -9.468411654233932495e-02
2.267455630817379861e+05 -3.665191587060689926e-03 2.290744706988334656e-02 -9.468411654233932495e-02
2.267455711688959855e+05 9.162978967651724815e-04 2.596177347004413605e-02 -9.926560521125793457e-02
2.267455761688959901e+05 2.138028386980295181e-03 2.809980139136314392e-02 -1.017090603709220886e-01
2.267455827045390033e+05 2.138028386980295181e-03 2.809980139136314392e-02 -1.017090603709220886e-01
2.267455911579089880e+05 8.857546374201774597e-03 2.138028293848037720e-02 -1.004873365163803101e-01
2.267455961579089926e+05 9.468411095440387726e-03 6.719517521560192108e-03 -9.468411654233932495e-02
2.267456027240710100e+05 9.468411095440387726e-03 6.719517521560192108e-03 -9.468411654233932495e-02
2.267456111774409947e+05 8.857546374201774597e-03 3.665191587060689926e-03 -8.552113175392150879e-02
2.267456161774409993e+05 1.007927674800157547e-02 2.229658141732215881e-02 -8.643743395805358887e-02
2.267456229267090093e+05 1.007927674800157547e-02 2.229658141732215881e-02 -8.643743395805358887e-02
2.267456311664549867e+05 4.276056773960590363e-03 5.070181563496589661e-02 -8.429940044879913330e-02
2.267456361664549913e+05 -5.803219974040985107e-03 7.055493444204330444e-02 -7.055493444204330444e-02
2.267456427326179983e+05 -5.803219974040985107e-03 7.055493444204330444e-02 -7.055493444204330444e-02
2.267456511859869934e+05 -1.618792861700057983e-02 7.971791177988052368e-02 -5.986479297280311584e-02
2.267456561859869980e+05 -2.626720629632472992e-02 8.277224004268646240e-02 -5.986479297280311584e-02
2.267456627521500050e+05 -2.626720629632472992e-02 8.277224004268646240e-02 -5.986479297280311584e-02
2.267456712055180105e+05 -2.290744706988334656e-02 7.819075137376785278e-02 -6.230825558304786682e-02
2.267456762055179861e+05 9.468411095440387726e-03 6.078109145164489746e-02 -6.444628536701202393e-02
2.267456827716800035e+05 9.468411095440387726e-03 6.078109145164489746e-02 -6.444628536701202393e-02
2.267456912250480091e+05 3.665191307663917542e-02 3.726277872920036316e-02 -6.688974797725677490e-02
2.267456962250480137e+05 1.059851199388504028e-01 2.046398632228374481e-02 -7.574728876352310181e-02
2.267457027912100020e+05 1.059851199388504028e-01 2.046398632228374481e-02 -7.574728876352310181e-02
2.267457112445780076e+05 1.652390509843826294e-01 -3.207042440772056580e-02 -8.002334833145141602e-02
2.267457162445780123e+05 1.838704347610473633e-01 -4.550946131348609924e-02 -9.193521738052368164e-02
2.267457228107409901e+05 1.838704347610473633e-01 -4.550946131348609924e-02 -9.193521738052368164e-02
2.267457312641100143e+05 1.591303944587707520e-01 -7.330382615327835083e-02 -1.078177168965339661e-01
2.267457362641099899e+05 1.102611795067787170e-01 -9.529497474431991577e-02 -1.276708394289016724e-01
2.267457430133779999e+05 1.102611795067787170e-01 -9.529497474431991577e-02 -1.276708394289016724e-01
2.267457513446779922e+05 4.917465150356292725e-02 -1.127046346664428711e-01 -1.499674171209335327e-01
2.267457563446779968e+05 2.748893573880195618e-03 -1.120937690138816833e-01 -1.618792861700057983e-01
2.267457628498050035e+05 2.748893573880195618e-03 -1.120937690138816833e-01 -1.618792861700057983e-01
2.267457713031739986e+05 -1.374446786940097809e-02 -9.743300825357437134e-02 -1.524108797311782837e-01
2.267457763031740033e+05 -1.160643994808197021e-02 -9.285151958465576172e-02 -1.380555480718612671e-01
2.267457828693370102e+05 -1.160643994808197021e-02 -9.285151958465576172e-02 -1.380555480718612671e-01
2.267457913227049867e+05 1.588249579071998596e-02 -1.032362282276153564e-01 -1.316414624452590942e-01
2.267457963227049913e+05 5.436700582504272461e-02 -1.053742542862892151e-01 -1.209513172507286072e-01
2.267458035602529999e+05 5.436700582504272461e-02 -1.053742542862892151e-01 -1.209513172507286072e-01
2.267458113422350143e+05 6.200282275676727295e-02 -9.254608303308486938e-02 -1.093448773026466370e-01
2.267458163422349899e+05 4.001167416572570801e-02 -7.147123664617538452e-02 -1.017090603709220886e-01
2.267458229083970073e+05 4.001167416572570801e-02 -7.147123664617538452e-02 -1.017090603709220886e-01
2.267458313617660024e+05 1.893682219088077545e-02 -3.817907720804214478e-02 -9.834930300712585449e-02
2.267458363617660070e+05 -3.451388701796531677e-02 -1.954768784344196320e-02 -9.376781433820724487e-02
2.267458429279290140e+05 -3.451388701796531677e-02 -1.954768784344196320e-02 -9.376781433820724487e-02
2.267458513812980091e+05 -6.780604273080825806e-02 1.404990069568157196e-02 -9.254608303308486938e-02
2.267458563812980137e+05 -6.994406878948211670e-02 1.710422709584236145e-02 -9.193521738052368164e-02
2.267458629474609916e+05 -6.994406878948211670e-02 1.710422709584236145e-02 -9.193521738052368164e-02
2.267458714008299867e+05 -5.467243865132331848e-02 7.024950347840785980e-03 -9.040805697441101074e-02
