5.936751213739999912e+03 -3.115412779152393341e-02 2.205223590135574341e-01 1.249219402670860291e-01
5.936771233270999801e+03 -1.353066563606262207e-01 -4.114177525043487549e-01 2.458732575178146362e-01
5.936791252803000134e+03 -1.582140922546386719e-01 -3.549126982688903809e-01 2.208277881145477295e-01
5.936811485958000048e+03 -9.315694868564605713e-02 -3.356704413890838623e-01 1.444696336984634399e-01
5.936831291864999912e+03 -5.131268128752708435e-02 -2.794708609580993652e-01 1.343903504312038422e-02
5.936851189324999723e+03 9.468411095440387726e-03 -1.759291887283325195e-01 -1.197295859456062317e-01
5.936871422479999637e+03 4.428773000836372375e-02 -6.658431142568588257e-02 -1.658499091863632202e-01
5.936891228389000389e+03 -8.552113547921180725e-03 1.740965992212295532e-02 -6.933320313692092896e-02
5.936911278436999964e+03 -7.024950347840785980e-03 1.038470957428216934e-02 -6.963863968849182129e-02
5.936931938837000416e+03 -8.857546374201774597e-03 7.635815534740686417e-03 -7.116580009460449219e-02
5.936951286982000056e+03 -7.330383174121379852e-03 7.941247895359992981e-03 -6.933320313692092896e-02
5.936971306514000389e+03 -4.276056773960590363e-03 8.246680721640586853e-03 -7.422012835741043091e-02
5.936991631220000272e+03 -8.552113547921180725e-03 7.635815534740686417e-03 -6.994406878948211670e-02
5.937011284539999906e+03 -9.162978269159793854e-03 1.282817032188177109e-02 -7.024950534105300903e-02
5.937031304072000239e+03 -6.414085160940885544e-03 9.773843921720981598e-03 -7.024950534105300903e-02
5.937052361201999702e+03 -9.162978269159793854e-03 7.024950347840785980e-03 -7.055493444204330444e-02
5.937071404168999834e+03 -9.162978269159793854e-03 6.108652334660291672e-03 -6.719517707824707031e-02
5.937091362664999906e+03 -5.497787147760391235e-03 7.330383174121379852e-03 -6.872233748435974121e-02
5.937111900996000259e+03 -6.414085160940885544e-03 5.497787147760391235e-03 -7.024950534105300903e-02
5.937131462764000389e+03 -3.970623947679996490e-03 1.038470957428216934e-02 -7.574728876352310181e-02
5.937151421259000017e+03 -1.099557429552078247e-02 8.552113547921180725e-03 -6.780604273080825806e-02
5.937173119256999598e+03 -5.803219974040985107e-03 9.468411095440387726e-03 -7.116580009460449219e-02
5.937191521357000056e+03 -7.024950347840785980e-03 2.138028386980295181e-03 -7.238753139972686768e-02
5.937211479853999663e+03 -8.246680721640586853e-03 1.160643994808197021e-02 -6.750060617923736572e-02
5.937231590936999964e+03 -8.246680721640586853e-03 7.635815534740686417e-03 -6.750060617923736572e-02
5.937251549433000037e+03 -1.007927674800157547e-02 7.330383174121379852e-03 -6.933320313692092896e-02
5.937271538447000239e+03 -9.773843921720981598e-03 6.719517521560192108e-03 -6.994406878948211670e-02
5.937291557978999663e+03 -1.007927674800157547e-02 5.497787147760391235e-03 -7.055493444204330444e-02
5.937311577509000017e+03 -7.941247895359992981e-03 8.246680721640586853e-03 -6.841690838336944580e-02
5.937331597039999906e+03 -3.665191587060689926e-03 7.024950347840785980e-03 -7.116580009460449219e-02
5.937351799678000134e+03 -1.038470957428216934e-02 8.857546374201774597e-03 -7.086037099361419678e-02
5.937371697139000389e+03 -1.130100712180137634e-02 7.635815534740686417e-03 -6.994406878948211670e-02
5.937391655634000017e+03 -7.635815534740686417e-03 5.192354787141084671e-03 -6.811147183179855347e-02
5.937414208123000208e+03 -8.246680721640586853e-03 9.468411095440387726e-03 -6.719517707824707031e-02
5.937431725213999925e+03 -8.552113547921180725e-03 1.160643994808197021e-02 -7.024950534105300903e-02
5.937451714228000128e+03 -8.246680721640586853e-03 1.343903504312038422e-02 -6.933320313692092896e-02
5.937471733759999552e+03 -8.857546374201774597e-03 8.857546374201774597e-03 -7.086037099361419678e-02
5.937491753291000350e+03 -1.130100712180137634e-02 1.191187184303998947e-02 -6.933320313692092896e-02
5.937511772820999795e+03 -9.468411095440387726e-03 5.803219974040985107e-03 -6.750060617923736572e-02
5.937531792353000128e+03 -9.162978269159793854e-03 1.221730466932058334e-02 -7.086037099361419678e-02
5.937551811884999552e+03 -1.130100712180137634e-02 1.191187184303998947e-02 -6.841690838336944580e-02
5.937571831416000350e+03 -5.803219974040985107e-03 1.038470957428216934e-02 -6.963863968849182129e-02
5.937592003533999559e+03 -1.252273749560117722e-02 9.162978269159793854e-03 -6.933320313692092896e-02
5.937611900996000259e+03 -9.773843921720981598e-03 9.468411095440387726e-03 -6.994406878948211670e-02
5.937631890009999552e+03 -7.635815534740686417e-03 1.221730466932058334e-02 -6.750060617923736572e-02
5.937652336787000422e+03 -7.330383174121379852e-03 1.069014146924018860e-02 -6.933320313692092896e-02
5.937671959588999925e+03 -9.162978269159793854e-03 1.374446786940097809e-02 -6.658431142568588257e-02
5.937691948603000128e+03 -1.588249579071998596e-02 7.941247895359992981e-03 -6.627888232469558716e-02
5.937711937617999865e+03 -1.130100712180137634e-02 6.719517521560192108e-03 -7.147123664617538452e-02
5.937731957148999754e+03 -1.191187184303998947e-02 1.160643994808197021e-02 -7.055493444204330444e-02
5.937751976679000109e+03 -8.246680721640586853e-03 7.635815534740686417e-03 -6.841690838336944580e-02
5.937771996211000442e+03 -8.552113547921180725e-03 1.160643994808197021e-02 -6.963863968849182129e-02
5.937792015742999865e+03 -8.857546374201774597e-03 9.773843921720981598e-03 -6.994406878948211670e-02
5.937812035273999754e+03 -6.108652451075613499e-04 9.773843921720981598e-03 -6.994406878948211670e-02
5.937832054804000109e+03 -4.581489134579896927e-03 4.581489134579896927e-03 -7.177666574716567993e-02
5.937852135371000259e+03 -1.374446786940097809e-02 7.635815534740686417e-03 -6.811147183179855347e-02
5.937872063349999735e+03 -1.099557429552078247e-02 8.857546374201774597e-03 -6.414084881544113159e-02
5.937892052363999937e+03 -5.803219974040985107e-03 1.038470957428216934e-02 -6.750060617923736572e-02
5.937912071894000292e+03 -7.330383174121379852e-03 1.038470957428216934e-02 -7.177666574716567993e-02
5.937932121943000311e+03 -1.282817032188177109e-02 9.468411095440387726e-03 -6.933320313692092896e-02
5.937952141474999735e+03 -1.160643994808197021e-02 1.069014146924018860e-02 -6.963863968849182129e-02
5.937972161005999624e+03 -1.007927674800157547e-02 1.038470957428216934e-02 -7.116580009460449219e-02
5.937992180535999978e+03 -7.024950347840785980e-03 6.108652334660291672e-03 -6.811147183179855347e-02
5.938012200068000311e+03 -1.221730466932058334e-02 6.719517521560192108e-03 -7.024950534105300903e-02
5.938032219599999735e+03 -9.162978269159793854e-03 8.857546374201774597e-03 -6.963863968849182129e-02
5.938052239130999624e+03 -7.330383174121379852e-03 7.024950347840785980e-03 -6.963863968849182129e-02
5.938072228144000292e+03 -1.038470957428216934e-02 8.552113547921180725e-03 -6.750060617923736572e-02
5.938092247675999715e+03 -1.007927674800157547e-02 5.497787147760391235e-03 -6.872233748435974121e-02
5.938112267208000048e+03 -8.246680721640586853e-03 1.038470957428216934e-02 -7.147123664617538452e-02
5.938132286738999937e+03 -1.313360314816236496e-02 8.857546374201774597e-03 -6.750060617923736572e-02
5.938152306269000292e+03 -6.719517521560192108e-03 5.803219974040985107e-03 -6.658431142568588257e-02
5.938172325800999715e+03 -5.192354787141084671e-03 1.038470957428216934e-02 -6.902777403593063354e-02
5.938192345333000048e+03 -1.038470957428216934e-02 9.162978269159793854e-03 -6.658431142568588257e-02
5.938212364863999937e+03 -9.773843921720981598e-03 1.007927674800157547e-02 -6.780604273080825806e-02
5.938232384394000292e+03 -1.038470957428216934e-02 1.221730466932058334e-02 -6.933320313692092896e-02
5.938252403925999715e+03 -7.941247895359992981e-03 1.130100712180137634e-02 -7.177666574716567993e-02
5.938272423458000048e+03 -7.635815534740686417e-03 8.552113547921180725e-03 -7.024950534105300903e-02
5.938292442988999937e+03 -1.313360314816236496e-02 7.941247895359992981e-03 -6.872233748435974121e-02
5.938312462519000292e+03 -9.468411095440387726e-03 8.857546374201774597e-03 -7.208210229873657227e-02
5.938332482050999715e+03 -8.552113547921180725e-03 1.069014146924018860e-02 -6.994406878948211670e-02
5.938352501583000048e+03 -1.404990069568157196e-02 9.773843921720981598e-03 -6.872233748435974121e-02
5.938372521113999937e+03 -7.941247895359992981e-03 1.038470957428216934e-02 -6.719517707824707031e-02
5.938392540644000292e+03 -1.313360314816236496e-02 1.160643994808197021e-02 -6.933320313692092896e-02
5.938412560175999715e+03 -9.773843921720981598e-03 1.099557429552078247e-02 -6.597344577312469482e-02
5.938432579708000048e+03 -8.246680721640586853e-03 1.313360314816236496e-02 -7.086037099361419678e-02
5.938452599238999937e+03 -5.192354787141084671e-03 1.007927674800157547e-02 -7.086037099361419678e-02
5.938472618769000292e+03 -8.857546374201774597e-03 9.773843921720981598e-03 -6.933320313692092896e-02
5.938492638300999715e+03 -1.160643994808197021e-02 1.038470957428216934e-02 -6.750060617923736572e-02
5.938512657833000048e+03 -1.404990069568157196e-02 6.719517521560192108e-03 -6.994406878948211670e-02
5.938532677363999937e+03 -1.282817032188177109e-02 1.404990069568157196e-02 -6.902777403593063354e-02
5.938552696894000292e+03 -1.007927674800157547e-02 1.069014146924018860e-02 -7.147123664617538452e-02
5.938572716425999715e+03 -1.099557429552078247e-02 8.552113547921180725e-03 -6.780604273080825806e-02
5.938592735958000048e+03 -6.719517521560192108e-03 7.941247895359992981e-03 -7.024950534105300903e-02
5.938612755488999937e+03 -4.276056773960590363e-03 1.069014146924018860e-02 -7.269296050071716309e-02
5.938632775019000292e+03 -1.099557429552078247e-02 1.099557429552078247e-02 -6.811147183179855347e-02
5.938652794550999715e+03 -1.313360314816236496e-02 9.773843921720981598e-03 -6.841690838336944580e-02
5.938672814083000048e+03 -1.038470957428216934e-02 8.552113547921180725e-03 -6.811147183179855347e-02
5.938692833613999937e+03 -4.886921960860490799e-03 1.557706389576196671e-02 -7.238753139972686768e-02
5.938712853144000292e+03 -1.466076634824275970e-02 1.282817032188177109e-02 -6.780604273080825806e-02
5.938732872675999715e+03 -1.007927674800157547e-02 9.773843921720981598e-03 -6.597344577312469482e-02
5.938752892208000048e+03 -1.038470957428216934e-02 8.246680721640586853e-03 -6.750060617923736572e-02
5.938772911738000403e+03 -7.941247895359992981e-03 7.330383174121379852e-03 -6.780604273080825806e-02
5.938792931269000292e+03 -1.007927674800157547e-02 8.552113547921180725e-03 -6.811147183179855347e-02
5.938812950800999715e+03 -9.468411095440387726e-03 1.038470957428216934e-02 -6.841690838336944580e-02
5.938832939814999918e+03 -9.773843921720981598e-03 9.773843921720981598e-03 -6.902777403593063354e-02
5.938852989863000403e+03 -9.773843921720981598e-03 7.941247895359992981e-03 -6.872233748435974121e-02
5.938873009394000292e+03 -1.160643994808197021e-02 1.160643994808197021e-02 -6.658431142568588257e-02
5.938893028925999715e+03 -7.941247895359992981e-03 1.007927674800157547e-02 -7.024950534105300903e-02
5.938913078974999735e+03 -1.007927674800157547e-02 7.941247895359992981e-03 -6.780604273080825806e-02
5.938933067988000403e+03 -6.108652334660291672e-03 6.414085160940885544e-03 -6.872233748435974121e-02
5.938953087519000292e+03 -1.099557429552078247e-02 1.007927674800157547e-02 -6.780604273080825806e-02
5.938973107050999715e+03 -7.941247895359992981e-03 1.007927674800157547e-02 -7.269296050071716309e-02
5.938993157099999735e+03 -9.162978269159793854e-03 6.108652334660291672e-03 -6.902777403593063354e-02
5.939013146113000403e+03 -8.857546374201774597e-03 7.941247895359992981e-03 -6.902777403593063354e-02
5.939033165644000292e+03 -5.192354787141084671e-03 9.773843921720981598e-03 -7.177666574716567993e-02
5.939053185175999715e+03 -6.414085160940885544e-03 9.773843921720981598e-03 -6.872233748435974121e-02
5.939073204708000048e+03 -1.069014146924018860e-02 6.108652334660291672e-03 -6.902777403593063354e-02
5.939093224238000403e+03 -3.665191587060689926e-03 1.069014146924018860e-02 -7.055493444204330444e-02
5.939113243769000292e+03 -4.581489134579896927e-03 1.160643994808197021e-02 -6.750060617923736572e-02
5.939133263300999715e+03 -1.466076634824275970e-02 9.162978269159793854e-03 -6.658431142568588257e-02
5.939153282833000048e+03 -1.252273749560117722e-02 1.191187184303998947e-02 -7.024950534105300903e-02
5.939173302363000403e+03 -6.719517521560192108e-03 1.007927674800157547e-02 -6.811147183179855347e-02
5.939193321894000292e+03 -1.069014146924018860e-02 9.162978269159793854e-03 -6.902777403593063354e-02
5.939213341425999715e+03 -1.191187184303998947e-02 7.941247895359992981e-03 -7.055493444204330444e-02
5.939233360958000048e+03 -1.007927674800157547e-02 8.857546374201774597e-03 -7.086037099361419678e-02
5.939253411005000089e+03 -1.374446786940097809e-02 1.007927674800157547e-02 -6.872233748435974121e-02
5.939273400019000292e+03 -1.069014146924018860e-02 1.007927674800157547e-02 -6.994406878948211670e-02
5.939293450068000311e+03 -1.069014146924018860e-02 9.162978269159793854e-03 -6.872233748435974121e-02
5.939313439083000048e+03 -9.162978269159793854e-03 8.857546374201774597e-03 -7.024950534105300903e-02
5.939333458613000403e+03 -1.221730466932058334e-02 8.857546374201774597e-03 -6.780604273080825806e-02
5.939353478144000292e+03 -8.552113547921180725e-03 1.527163083665072918e-03 -6.994406878948211670e-02
5.939373497675999715e+03 -1.069014146924018860e-02 8.246680721640586853e-03 -7.086037099361419678e-02
5.939393547724999735e+03 -1.099557429552078247e-02 8.246680721640586853e-03 -7.055493444204330444e-02
5.939413536738000403e+03 -1.007927674800157547e-02 8.246680721640586853e-03 -6.811147183179855347e-02
5.939433556269000292e+03 -9.162978269159793854e-03 7.941247895359992981e-03 -7.024950534105300903e-02
5.939453575800999715e+03 -7.330383174121379852e-03 7.941247895359992981e-03 -6.811147183179855347e-02
5.939473595333000048e+03 -7.635815534740686417e-03 1.038470957428216934e-02 -6.688974797725677490e-02
5.939493614863000403e+03 -7.330383174121379852e-03 7.635815534740686417e-03 -6.811147183179855347e-02
5.939513634394000292e+03 -5.803219974040985107e-03 1.069014146924018860e-02 -6.933320313692092896e-02
5.939533684443000311e+03 -6.414085160940885544e-03 1.069014146924018860e-02 -7.116580009460449219e-02
5.939553673458000048e+03 -7.941247895359992981e-03 1.099557429552078247e-02 -6.811147183179855347e-02
5.939573692988000403e+03 -1.099557429552078247e-02 1.282817032188177109e-02 -6.536258012056350708e-02
5.939593743035999978e+03 -9.468411095440387726e-03 9.773843921720981598e-03 -7.024950534105300903e-02
5.939613732050999715e+03 -1.099557429552078247e-02 1.007927674800157547e-02 -6.841690838336944580e-02
5.939633751583000048e+03 -9.773843921720981598e-03 6.719517521560192108e-03 -6.750060617923736572e-02
5.939653771113000403e+03 -6.108652334660291672e-03 8.857546374201774597e-03 -6.841690838336944580e-02
5.939673790644000292e+03 -1.038470957428216934e-02 9.162978269159793854e-03 -6.811147183179855347e-02
5.939693779657999585e+03 -1.404990069568157196e-02 8.857546374201774597e-03 -6.750060617923736572e-02
5.939713829708000048e+03 -9.773843921720981598e-03 7.330383174121379852e-03 -7.177666574716567993e-02
5.939733849238000403e+03 -9.468411095440387726e-03 9.162978269159793854e-03 -6.780604273080825806e-02
5.939753838251000161e+03 -1.252273749560117722e-02 7.941247895359992981e-03 -6.872233748435974121e-02
5.939773857782999585e+03 -9.773843921720981598e-03 4.886921960860490799e-03 -6.994406878948211670e-02
5.939793907833000048e+03 -5.192354787141084671e-03 1.160643994808197021e-02 -6.872233748435974121e-02
5.939813896845000272e+03 -8.552113547921180725e-03 9.162978269159793854e-03 -6.597344577312469482e-02
5.939833916376000161e+03 -9.162978269159793854e-03 7.330383174121379852e-03 -6.750060617923736572e-02
5.939853935907999585e+03 -7.024950347840785980e-03 1.038470957428216934e-02 -6.902777403593063354e-02
5.939873955439999918e+03 -6.414085160940885544e-03 8.857546374201774597e-03 -7.116580009460449219e-02
5.939893974970000272e+03 -2.443460980430245399e-03 9.468411095440387726e-03 -6.933320313692092896e-02
5.939913994501000161e+03 -7.635815534740686417e-03 8.246680721640586853e-03 -6.780604273080825806e-02
5.939934014032999585e+03 -7.330383174121379852e-03 9.773843921720981598e-03 -6.811147183179855347e-02
5.939954033564999918e+03 -9.162978269159793854e-03 6.719517521560192108e-03 -6.627888232469558716e-02
5.939974053095000272e+03 -8.857546374201774597e-03 1.160643994808197021e-02 -6.933320313692092896e-02
5.939994072626000161e+03 -7.635815534740686417e-03 1.191187184303998947e-02 -6.963863968849182129e-02
5.940014092157999585e+03 -7.635815534740686417e-03 7.330383174121379852e-03 -7.024950534105300903e-02
5.940034111689000383e+03 -1.313360314816236496e-02 6.414085160940885544e-03 -6.811147183179855347e-02
5.940054131218999828e+03 -6.719517521560192108e-03 6.414085160940885544e-03 -6.902777403593063354e-02
5.940074150749999717e+03 -1.130100712180137634e-02 7.635815534740686417e-03 -7.024950534105300903e-02
5.940094170282000050e+03 -8.552113547921180725e-03 7.635815534740686417e-03 -6.811147183179855347e-02
5.940114189814000383e+03 -8.552113547921180725e-03 1.130100712180137634e-02 -6.780604273080825806e-02
5.940134209345999807e+03 -7.635815534740686417e-03 9.162978269159793854e-03 -6.933320313692092896e-02
5.940154228876000161e+03 -8.246680721640586853e-03 7.330383174121379852e-03 -6.933320313692092896e-02
5.940174248405999606e+03 -6.414085160940885544e-03 1.160643994808197021e-02 -6.750060617923736572e-02
5.940194267937999939e+03 -5.192354787141084671e-03 1.191187184303998947e-02 -6.780604273080825806e-02
5.940214256952000142e+03 -6.414085160940885544e-03 1.007927674800157547e-02 -6.475171446800231934e-02
5.940234307001999696e+03 -6.719517521560192108e-03 7.635815534740686417e-03 -6.750060617923736572e-02
5.940254326532999585e+03 -8.246680721640586853e-03 1.099557429552078247e-02 -6.780604273080825806e-02
5.940274346062999939e+03 -6.108652334660291672e-03 1.282817032188177109e-02 -6.933320313692092896e-02
5.940294335075000163e+03 -2.443460980430245399e-03 1.099557429552078247e-02 -6.750060617923736572e-02
5.940314354606999586e+03 -1.191187184303998947e-02 1.252273749560117722e-02 -6.811147183179855347e-02
5.940334374138999920e+03 -1.313360314816236496e-02 1.069014146924018860e-02 -6.841690838336944580e-02
5.940354424189000383e+03 -1.191187184303998947e-02 1.404990069568157196e-02 -6.963863968849182129e-02
5.940374443720999807e+03 -1.160643994808197021e-02 1.038470957428216934e-02 -6.627888232469558716e-02
5.940394463251000161e+03 -1.130100712180137634e-02 9.773843921720981598e-03 -6.902777403593063354e-02
5.940414482780999606e+03 -1.191187184303998947e-02 8.857546374201774597e-03 -6.780604273080825806e-02
5.940434502312999939e+03 -1.069014146924018860e-02 6.414085160940885544e-03 -7.086037099361419678e-02
5.940454521845000272e+03 -8.246680721640586853e-03 6.108652334660291672e-03 -6.933320313692092896e-02
5.940474541376999696e+03 -7.635815534740686417e-03 1.099557429552078247e-02 -6.688974797725677490e-02
5.940494530390000364e+03 -9.773843921720981598e-03 8.552113547921180725e-03 -6.841690838336944580e-02
5.940514549919999808e+03 -7.635815534740686417e-03 7.941247895359992981e-03 -6.902777403593063354e-02
5.940534569450000163e+03 -6.108652334660291672e-03 9.773843921720981598e-03 -6.963863968849182129e-02
5.940554619499999717e+03 -1.099557429552078247e-02 7.330383174121379852e-03 -6.719517707824707031e-02
5.940574639032000050e+03 -7.024950347840785980e-03 9.162978269159793854e-03 -7.055493444204330444e-02
5.940594628046000253e+03 -8.552113547921180725e-03 7.635815534740686417e-03 -6.841690838336944580e-02
5.940614647577999676e+03 -1.130100712180137634e-02 8.552113547921180725e-03 -6.658431142568588257e-02
5.940634667108000031e+03 -1.160643994808197021e-02 7.941247895359992981e-03 -6.750060617923736572e-02
5.940654686638000385e+03 -8.552113547921180725e-03 1.282817032188177109e-02 -6.750060617923736572e-02
5.940674706169999808e+03 -1.038470957428216934e-02 1.374446786940097809e-02 -6.902777403593063354e-02
5.940694725702000142e+03 -1.191187184303998947e-02 1.191187184303998947e-02 -6.902777403593063354e-02
5.940714745233999565e+03 -1.130100712180137634e-02 7.941247895359992981e-03 -6.627888232469558716e-02
5.940734764765000364e+03 -6.414085160940885544e-03 9.162978269159793854e-03 -6.841690838336944580e-02
5.940754784294999808e+03 -1.282817032188177109e-02 1.099557429552078247e-02 -6.841690838336944580e-02
5.940774803825999697e+03 -9.773843921720981598e-03 7.330383174121379852e-03 -7.055493444204330444e-02
5.940794823358000031e+03 -7.635815534740686417e-03 8.857546374201774597e-03 -6.933320313692092896e-02
5.940814842890000364e+03 -8.246680721640586853e-03 4.886921960860490799e-03 -6.872233748435974121e-02
5.940834862421000253e+03 -7.635815534740686417e-03 7.024950347840785980e-03 -7.086037099361419678e-02
5.940854881950999697e+03 -9.773843921720981598e-03 7.941247895359992981e-03 -7.024950534105300903e-02
5.940874901481999586e+03 -8.552113547921180725e-03 8.246680721640586853e-03 -6.872233748435974121e-02
5.940894921013999920e+03 -8.857546374201774597e-03 6.719517521560192108e-03 -6.780604273080825806e-02
5.940914940546000253e+03 -6.414085160940885544e-03 1.069014146924018860e-02 -6.750060617923736572e-02
5.940934960077999676e+03 -7.941247895359992981e-03 1.099557429552078247e-02 -6.688974797725677490e-02
5.940954979608000031e+03 -9.468411095440387726e-03 1.130100712180137634e-02 -6.597344577312469482e-02
5.940974999138000385e+03 -9.162978269159793854e-03 8.552113547921180725e-03 -7.055493444204330444e-02
5.940994988153000122e+03 -7.024950347840785980e-03 1.038470957428216934e-02 -6.902777403593063354e-02
5.941015038202000142e+03 -8.246680721640586853e-03 1.069014146924018860e-02 -7.024950534105300903e-02
5.941035027216999879e+03 -7.635815534740686417e-03 1.038470957428216934e-02 -6.872233748435974121e-02
5.941055046747999768e+03 -1.007927674800157547e-02 1.160643994808197021e-02 -6.872233748435974121e-02
5.941075066278000122e+03 -1.160643994808197021e-02 6.719517521560192108e-03 -6.688974797725677490e-02
5.941095085809000011e+03 -1.374446786940097809e-02 8.552113547921180725e-03 -7.055493444204330444e-02
5.941115105341000344e+03 -8.857546374201774597e-03 5.803219974040985107e-03 -6.933320313692092896e-02
5.941135124872999768e+03 -1.466076634824275970e-02 1.069014146924018860e-02 -6.475171446800231934e-02
5.941155144403999657e+03 -6.108652334660291672e-03 9.468411095440387726e-03 -6.872233748435974121e-02
5.941175163934000011e+03 -3.665191587060689926e-03 8.857546374201774597e-03 -6.811147183179855347e-02
5.941195183464999900e+03 -1.191187184303998947e-02 1.221730466932058334e-02 -6.994406878948211670e-02
5.941215202997000233e+03 -1.099557429552078247e-02 8.857546374201774597e-03 -6.841690838336944580e-02
5.941235222528999657e+03 -1.221730466932058334e-02 8.552113547921180725e-03 -6.719517707824707031e-02
5.941255242060999990e+03 -9.773843921720981598e-03 1.038470957428216934e-02 -6.688974797725677490e-02
5.941275292108000031e+03 -7.635815534740686417e-03 1.069014146924018860e-02 -6.994406878948211670e-02
5.941295708366999861e+03 -1.191187184303998947e-02 1.099557429552078247e-02 -6.597344577312469482e-02
5.941315300653000122e+03 -6.719517521560192108e-03 7.941247895359992981e-03 -6.994406878948211670e-02
5.941335320184999546e+03 -7.941247895359992981e-03 1.069014146924018860e-02 -6.780604273080825806e-02
5.941355339716999879e+03 -6.414085160940885544e-03 1.313360314816236496e-02 -6.811147183179855347e-02
5.941375359247999768e+03 -7.330383174121379852e-03 1.374446786940097809e-02 -6.994406878948211670e-02
5.941395378778000122e+03 -1.221730466932058334e-02 7.635815534740686417e-03 -6.933320313692092896e-02
5.941415398309000011e+03 -5.803219974040985107e-03 6.719517521560192108e-03 -6.933320313692092896e-02
5.941435417841000344e+03 -8.246680721640586853e-03 4.886921960860490799e-03 -6.719517707824707031e-02
5.941455437372999768e+03 -1.099557429552078247e-02 4.886921960860490799e-03 -7.024950534105300903e-02
5.941475456903999657e+03 -1.130100712180137634e-02 9.162978269159793854e-03 -6.811147183179855347e-02
5.941495506950999697e+03 -6.719517521560192108e-03 9.468411095440387726e-03 -6.811147183179855347e-02
5.941515526481999586e+03 -1.160643994808197021e-02 1.221730466932058334e-02 -6.902777403593063354e-02
5.941535546013999920e+03 -1.099557429552078247e-02 9.773843921720981598e-03 -6.963863968849182129e-02
5.941555535028999657e+03 -5.192354787141084671e-03 7.024950347840785980e-03 -6.994406878948211670e-02
5.941575554560999990e+03 -8.552113547921180725e-03 1.069014146924018860e-02 -6.933320313692092896e-02
5.941595574091000344e+03 -1.130100712180137634e-02 1.221730466932058334e-02 -6.536258012056350708e-02
5.941615563102999658e+03 -7.330383174121379852e-03 1.435533352196216583e-02 -7.086037099361419678e-02
5.941635613153000122e+03 -9.162978269159793854e-03 1.099557429552078247e-02 -6.719517707824707031e-02
5.941655632684999546e+03 -1.130100712180137634e-02 7.330383174121379852e-03 -6.963863968849182129e-02
5.941675652216999879e+03 -9.468411095440387726e-03 7.635815534740686417e-03 -6.994406878948211670e-02
5.941695641229999637e+03 -1.007927674800157547e-02 7.941247895359992981e-03 -6.811147183179855347e-02
5.941715660759999992e+03 -1.069014146924018860e-02 7.635815534740686417e-03 -6.780604273080825806e-02
5.941735680290999881e+03 -8.552113547921180725e-03 9.468411095440387726e-03 -6.872233748435974121e-02
5.941755699823000214e+03 -8.857546374201774597e-03 9.162978269159793854e-03 -6.872233748435974121e-02
5.941775719354999637e+03 -9.773843921720981598e-03 6.108652334660291672e-03 -7.055493444204330444e-02
5.941795738886000436e+03 -9.773843921720981598e-03 6.414085160940885544e-03 -6.902777403593063354e-02
5.941815758415999881e+03 -8.246680721640586853e-03 9.468411095440387726e-03 -7.055493444204330444e-02
5.941835777946999769e+03 -1.038470957428216934e-02 1.038470957428216934e-02 -6.872233748435974121e-02
5.941855797479000103e+03 -7.635815534740686417e-03 6.108652334660291672e-03 -6.872233748435974121e-02
5.941875817011000436e+03 -1.038470957428216934e-02 7.330383174121379852e-03 -6.963863968849182129e-02
5.941895836542999859e+03 -5.497787147760391235e-03 6.414085160940885544e-03 -6.872233748435974121e-02
5.941915886591000344e+03 -1.160643994808197021e-02 8.246680721640586853e-03 -6.841690838336944580e-02
5.941935875602999658e+03 -7.330383174121379852e-03 1.160643994808197021e-02 -6.688974797725677490e-02
5.941955895134999992e+03 -1.191187184303998947e-02 1.038470957428216934e-02 -6.688974797725677490e-02
5.941975914667000325e+03 -1.130100712180137634e-02 9.468411095440387726e-03 -6.994406878948211670e-02
5.941995964716999879e+03 -1.007927674800157547e-02 7.941247895359992981e-03 -6.750060617923736572e-02
5.942015953729999637e+03 -1.313360314816236496e-02 9.773843921720981598e-03 -6.566801667213439941e-02
5.942036003778000122e+03 -1.343903504312038422e-02 5.497787147760391235e-03 -6.719517707824707031e-02
5.942055992790999881e+03 -1.496619824320077896e-02 8.857546374201774597e-03 -6.780604273080825806e-02
5.942076012323000214e+03 -1.160643994808197021e-02 7.635815534740686417e-03 -6.872233748435974121e-02
5.942096031854999637e+03 -1.038470957428216934e-02 7.024950347840785980e-03 -7.024950534105300903e-02
5.942116051386000436e+03 -1.374446786940097809e-02 8.552113547921180725e-03 -6.933320313692092896e-02
5.942136070915999881e+03 -1.527163106948137283e-02 8.246680721640586853e-03 -6.994406878948211670e-02
5.942156090446999769e+03 -1.130100712180137634e-02 8.246680721640586853e-03 -6.963863968849182129e-02
5.942176109979000103e+03 -9.162978269159793854e-03 8.552113547921180725e-03 -6.902777403593063354e-02
5.942196129511000436e+03 -7.330383174121379852e-03 8.246680721640586853e-03 -6.933320313692092896e-02
5.942216149042999859e+03 -1.099557429552078247e-02 1.099557429552078247e-02 -7.024950534105300903e-02
5.942236168573000214e+03 -7.941247895359992981e-03 7.635815534740686417e-03 -6.872233748435974121e-02
5.942256188102999658e+03 -9.468411095440387726e-03 9.773843921720981598e-03 -6.688974797725677490e-02
5.942276207634999992e+03 -8.246680721640586853e-03 1.069014146924018860e-02 -7.086037099361419678e-02
5.942296227167000325e+03 -1.007927674800157547e-02 1.221730466932058334e-02 -7.116580009460449219e-02
5.942316246698999748e+03 -8.552113547921180725e-03 6.719517521560192108e-03 -6.902777403593063354e-02
5.942336296747999768e+03 -9.468411095440387726e-03 1.130100712180137634e-02 -7.055493444204330444e-02
5.942356316278000122e+03 -7.941247895359992981e-03 2.748893573880195618e-03 -6.750060617923736572e-02
5.942376335809000011e+03 -1.160643994808197021e-02 8.552113547921180725e-03 -6.811147183179855347e-02
5.942396355341000344e+03 -1.130100712180137634e-02 9.162978269159793854e-03 -6.933320313692092896e-02
5.942416374872999768e+03 -1.099557429552078247e-02 9.773843921720981598e-03 -6.780604273080825806e-02
5.942436394403999657e+03 -1.191187184303998947e-02 7.941247895359992981e-03 -6.963863968849182129e-02
5.942456413934000011e+03 -9.773843921720981598e-03 8.552113547921180725e-03 -7.024950534105300903e-02
5.942476402946999769e+03 -1.313360314816236496e-02 8.246680721640586853e-03 -7.147123664617538452e-02
5.942496422479000103e+03 -1.160643994808197021e-02 1.038470957428216934e-02 -6.841690838336944580e-02
5.942516411493999840e+03 -7.024950347840785980e-03 7.024950347840785980e-03 -6.902777403593063354e-02
5.942536461542999859e+03 -4.581489134579896927e-03 1.038470957428216934e-02 -6.811147183179855347e-02
5.942556481073000214e+03 -6.414085160940885544e-03 9.773843921720981598e-03 -6.780604273080825806e-02
5.942561481073000323e+03 -5.803219974040985107e-03 9.468411095440387726e-03 -7.147123664617538452e-02
5.942566481073000432e+03 -5.803219974040985107e-03 9.468411095440387726e-03 -7.147123664617538452e-02
5.942571481072999632e+03 -5.803219974040985107e-03 9.468411095440387726e-03 -7.147123664617538452e-02
5.942576500602999658e+03 -5.803219974040985107e-03 9.468411095440387726e-03 -7.147123664617538452e-02
5.942581500602999768e+03 -5.497787147760391235e-03 9.773843921720981598e-03 -7.116580009460449219e-02
5.942586500602999877e+03 -5.497787147760391235e-03 9.773843921720981598e-03 -7.116580009460449219e-02
5.942591500602999986e+03 -5.497787147760391235e-03 9.773843921720981598e-03 -7.116580009460449219e-02
5.942596855828999651e+03 -5.497787147760391235e-03 9.773843921720981598e-03 -7.116580009460449219e-02
5.942605339716000344e+03 -3.054326167330145836e-03 1.007927674800157547e-02 -6.872233748435974121e-02
5.942610339716000453e+03 -6.108652334660291672e-03 9.773843921720981598e-03 -6.994406878948211670e-02
5.942617027948000214e+03 -6.108652334660291672e-03 9.773843921720981598e-03 -6.994406878948211670e-02
5.942625359247999768e+03 -6.108652334660291672e-03 7.024950347840785980e-03 -7.116580009460449219e-02
5.942630359247999877e+03 -9.162978269159793854e-03 8.857546374201774597e-03 -7.086037099361419678e-02
5.942637047479999637e+03 -9.162978269159793854e-03 8.857546374201774597e-03 -7.086037099361419678e-02
5.942645378780000101e+03 -1.160643994808197021e-02 1.099557429552078247e-02 -7.116580009460449219e-02
5.942650378780000210e+03 -1.588249579071998596e-02 1.069014146924018860e-02 -7.024950534105300903e-02
5.942657036493999840e+03 -1.588249579071998596e-02 1.069014146924018860e-02 -7.024950534105300903e-02
5.942665398309999546e+03 -1.527163106948137283e-02 4.581489134579896927e-03 -6.963863968849182129e-02
5.942670398309999655e+03 -1.099557429552078247e-02 5.497787147760391235e-03 -6.811147183179855347e-02
5.942677056024000194e+03 -1.099557429552078247e-02 5.497787147760391235e-03 -6.811147183179855347e-02
5.942685417839999900e+03 -1.252273749560117722e-02 7.635815534740686417e-03 -6.780604273080825806e-02
5.942690417840000009e+03 -1.343903504312038422e-02 7.330383174121379852e-03 -6.872233748435974121e-02
5.942697106071999769e+03 -1.343903504312038422e-02 7.330383174121379852e-03 -6.872233748435974121e-02
5.942705467888999920e+03 -1.069014146924018860e-02 8.857546374201774597e-03 -6.994406878948211670e-02
5.942710467889000029e+03 -5.192354787141084671e-03 1.130100712180137634e-02 -7.024950534105300903e-02
5.942717095087000416e+03 -5.192354787141084671e-03 1.130100712180137634e-02 -7.024950534105300903e-02
5.942725456903999657e+03 -7.330383174121379852e-03 1.069014146924018860e-02 -6.841690838336944580e-02
5.942730456903999766e+03 -9.468411095440387726e-03 9.773843921720981598e-03 -6.933320313692092896e-02
5.942737145136000436e+03 -9.468411095440387726e-03 9.773843921720981598e-03 -6.933320313692092896e-02
5.942745476435999990e+03 -7.024950347840785980e-03 8.246680721640586853e-03 -6.750060617923736572e-02
5.942750476436000099e+03 -4.886921960860490799e-03 7.024950347840785980e-03 -6.688974797725677490e-02
5.942757134149999729e+03 -4.886921960860490799e-03 7.024950347840785980e-03 -6.688974797725677490e-02
5.942765495966000344e+03 -3.054326167330145836e-03 1.038470957428216934e-02 -7.024950534105300903e-02
5.942770495966000453e+03 -4.276056773960590363e-03 9.468411095440387726e-03 -6.994406878948211670e-02
5.942777153680000083e+03 -4.276056773960590363e-03 9.468411095440387726e-03 -6.994406878948211670e-02
5.942785515495999789e+03 -7.941247895359992981e-03 8.246680721640586853e-03 -6.933320313692092896e-02
5.942790515495999898e+03 -6.414085160940885544e-03 7.941247895359992981e-03 -6.719517707824707031e-02
5.942797173210999972e+03 -6.414085160940885544e-03 7.941247895359992981e-03 -6.719517707824707031e-02
5.942805535028000122e+03 -3.665191587060689926e-03 8.246680721640586853e-03 -6.688974797725677490e-02
5.942810535028000231e+03 -4.276056773960590363e-03 8.857546374201774597e-03 -6.658431142568588257e-02
5.942817192743000305e+03 -4.276056773960590363e-03 8.857546374201774597e-03 -6.658431142568588257e-02
5.942825524042000325e+03 -3.970623947679996490e-03 1.069014146924018860e-02 -6.719517707824707031e-02
5.942830524042000434e+03 -8.857546374201774597e-03 8.246680721640586853e-03 -6.780604273080825806e-02
5.942837212274999729e+03 -8.857546374201774597e-03 8.246680721640586853e-03 -6.780604273080825806e-02
5.942845543573999748e+03 -7.024950347840785980e-03 6.719517521560192108e-03 -6.872233748435974121e-02
5.942850543573999857e+03 -8.857546374201774597e-03 8.552113547921180725e-03 -6.658431142568588257e-02
5.942857231807000062e+03 -8.857546374201774597e-03 8.552113547921180725e-03 -6.658431142568588257e-02
5.942865563104999637e+03 -1.069014146924018860e-02 1.343903504312038422e-02 -6.658431142568588257e-02
5.942870563104999746e+03 -1.038470957428216934e-02 1.374446786940097809e-02 -6.780604273080825806e-02
5.942877251337000416e+03 -1.038470957428216934e-02 1.374446786940097809e-02 -6.780604273080825806e-02
5.942885582634999992e+03 -7.024950347840785980e-03 1.404990069568157196e-02 -6.872233748435974121e-02
5.942890582635000101e+03 -6.414085160940885544e-03 1.557706389576196671e-02 -7.024950534105300903e-02
5.942897270866999861e+03 -6.414085160940885544e-03 1.557706389576196671e-02 -7.024950534105300903e-02
5.942905602165999881e+03 -1.313360314816236496e-02 1.435533352196216583e-02 -7.055493444204330444e-02
5.942910602165999990e+03 -1.863138936460018158e-02 7.941247895359992981e-03 -6.902777403593063354e-02
5.942917290399000194e+03 -1.863138936460018158e-02 7.941247895359992981e-03 -6.902777403593063354e-02
5.942925621698000214e+03 -1.771509274840354919e-02 5.803219974040985107e-03 -6.811147183179855347e-02
5.942930621698000323e+03 -1.160643994808197021e-02 8.552113547921180725e-03 -6.780604273080825806e-02
5.942937309930999618e+03 -1.160643994808197021e-02 8.552113547921180725e-03 -6.780604273080825806e-02
5.942945671747999768e+03 -1.130100712180137634e-02 1.007927674800157547e-02 -6.780604273080825806e-02
5.942950671747999877e+03 -1.130100712180137634e-02 1.007927674800157547e-02 -6.688974797725677490e-02
5.942957329462999951e+03 -1.130100712180137634e-02 1.007927674800157547e-02 -6.688974797725677490e-02
5.942965660761999970e+03 -1.160643994808197021e-02 1.099557429552078247e-02 -6.811147183179855347e-02
5.942970660762000080e+03 -7.941247895359992981e-03 1.038470957428216934e-02 -6.994406878948211670e-02
5.942977348993999840e+03 -7.941247895359992981e-03 1.038470957428216934e-02 -6.994406878948211670e-02
5.942985680292000325e+03 -6.108652334660291672e-03 9.468411095440387726e-03 -6.933320313692092896e-02
5.942990680292000434e+03 -1.038470957428216934e-02 1.038470957428216934e-02 -6.933320313692092896e-02
5.942997368524000194e+03 -1.038470957428216934e-02 1.038470957428216934e-02 -6.933320313692092896e-02
5.943005699821999769e+03 -1.221730466932058334e-02 1.130100712180137634e-02 -6.780604273080825806e-02
5.943010699821999879e+03 -1.007927674800157547e-02 1.099557429552078247e-02 -6.688974797725677490e-02
5.943017388055000083e+03 -1.007927674800157547e-02 1.099557429552078247e-02 -6.688974797725677490e-02
5.943025749872000233e+03 -7.635815534740686417e-03 8.246680721640586853e-03 -6.444628536701202393e-02
5.943030749872000342e+03 -6.108652334660291672e-03 4.581489134579896927e-03 -6.627888232469558716e-02
5.943037407587000416e+03 -6.108652334660291672e-03 4.581489134579896927e-03 -6.627888232469558716e-02
5.943045738886000436e+03 -6.719517521560192108e-03 7.941247895359992981e-03 -6.872233748435974121e-02
5.943050738885999635e+03 -7.941247895359992981e-03 7.941247895359992981e-03 -6.994406878948211670e-02
5.943057427118999840e+03 -7.941247895359992981e-03 7.941247895359992981e-03 -6.994406878948211670e-02
5.943065758417999859e+03 -8.857546374201774597e-03 6.719517521560192108e-03 -6.872233748435974121e-02
5.943070758417999969e+03 -6.108652334660291672e-03 9.773843921720981598e-03 -6.719517707824707031e-02
5.943077446649999729e+03 -6.108652334660291672e-03 9.773843921720981598e-03 -6.719517707824707031e-02
5.943085777948000214e+03 -4.886921960860490799e-03 9.773843921720981598e-03 -6.811147183179855347e-02
5.943090777948000323e+03 -3.665191587060689926e-03 7.330383174121379852e-03 -7.024950534105300903e-02
5.943097466180000083e+03 -3.665191587060689926e-03 7.330383174121379852e-03 -7.024950534105300903e-02
5.943105797477999658e+03 -2.748893573880195618e-03 6.414085160940885544e-03 -6.933320313692092896e-02
5.943110797477999768e+03 -6.719517521560192108e-03 6.719517521560192108e-03 -6.811147183179855347e-02
5.943117485710999972e+03 -6.719517521560192108e-03 6.719517521560192108e-03 -6.811147183179855347e-02
5.943125817009999992e+03 -9.468411095440387726e-03 8.857546374201774597e-03 -6.750060617923736572e-02
5.943130817010000101e+03 -9.162978269159793854e-03 1.160643994808197021e-02 -6.933320313692092896e-02
5.943137505243000305e+03 -9.162978269159793854e-03 1.160643994808197021e-02 -6.933320313692092896e-02
5.943145836542000325e+03 -7.024950347840785980e-03 1.099557429552078247e-02 -6.841690838336944580e-02
5.943150836542000434e+03 -9.468411095440387726e-03 1.191187184303998947e-02 -6.475171446800231934e-02
5.943157524774999729e+03 -9.468411095440387726e-03 1.191187184303998947e-02 -6.475171446800231934e-02
5.943165856073999748e+03 -7.941247895359992981e-03 1.191187184303998947e-02 -6.597344577312469482e-02
5.943170856073999857e+03 -3.665191587060689926e-03 9.773843921720981598e-03 -6.841690838336944580e-02
5.943177544307000062e+03 -3.665191587060689926e-03 9.773843921720981598e-03 -6.841690838336944580e-02
5.943185875604999637e+03 -7.024950347840785980e-03 8.246680721640586853e-03 -6.902777403593063354e-02
5.943190875604999746e+03 -9.773843921720981598e-03 7.941247895359992981e-03 -6.688974797725677490e-02
5.943197563837000416e+03 -9.773843921720981598e-03 7.941247895359992981e-03 -6.688974797725677490e-02
5.943205895134999992e+03 -9.162978269159793854e-03 1.282817032188177109e-02 -6.536258012056350708e-02
5.943210895135000101e+03 -1.313360314816236496e-02 1.221730466932058334e-02 -6.780604273080825806e-02
5.943217583366999861e+03 -1.313360314816236496e-02 1.221730466932058334e-02 -6.780604273080825806e-02
5.943225914665999881e+03 -1.404990069568157196e-02 1.007927674800157547e-02 -6.780604273080825806e-02
5.943230914665999990e+03 -1.313360314816236496e-02 9.773843921720981598e-03 -6.841690838336944580e-02
5.943237572381000064e+03 -1.313360314816236496e-02 9.773843921720981598e-03 -6.841690838336944580e-02
5.943245934198000214e+03 -1.007927674800157547e-02 1.007927674800157547e-02 -7.116580009460449219e-02
5.943250934198000323e+03 -8.857546374201774597e-03 1.130100712180137634e-02 -7.024950534105300903e-02
5.943257622430999618e+03 -8.857546374201774597e-03 1.130100712180137634e-02 -7.024950534105300903e-02
5.943265953729999637e+03 -1.130100712180137634e-02 1.282817032188177109e-02 -7.086037099361419678e-02
5.943270953729999746e+03 -1.130100712180137634e-02 1.160643994808197021e-02 -7.116580009460449219e-02
5.943277641962999951e+03 -1.130100712180137634e-02 1.160643994808197021e-02 -7.116580009460449219e-02
5.943285973261999970e+03 -8.552113547921180725e-03 5.803219974040985107e-03 -6.933320313692092896e-02
5.943290973262000080e+03 -2.138028386980295181e-03 4.886921960860490799e-03 -6.933320313692092896e-02
5.943297661493999840e+03 -2.138028386980295181e-03 4.886921960860490799e-03 -6.933320313692092896e-02
5.943305992792000325e+03 -7.635815534740686417e-03 9.773843921720981598e-03 -6.872233748435974121e-02
5.943310992792000434e+03 -8.857546374201774597e-03 8.857546374201774597e-03 -6.902777403593063354e-02
5.943317681024000194e+03 -8.857546374201774597e-03 8.857546374201774597e-03 -6.902777403593063354e-02
5.943326012321999769e+03 -8.552113547921180725e-03 6.719517521560192108e-03 -6.750060617923736572e-02
5.943331012321999879e+03 -9.773843921720981598e-03 7.635815534740686417e-03 -6.658431142568588257e-02
5.943337670036999953e+03 -9.773843921720981598e-03 7.635815534740686417e-03 -6.658431142568588257e-02
5.943346031854000103e+03 -1.099557429552078247e-02 5.497787147760391235e-03 -6.933320313692092896e-02
5.943351031854000212e+03 -7.635815534740686417e-03 5.192354787141084671e-03 -7.208210229873657227e-02
5.943357720087000416e+03 -7.635815534740686417e-03 5.192354787141084671e-03 -7.208210229873657227e-02
5.943366051386000436e+03 -2.443460980430245399e-03 1.069014146924018860e-02 -7.208210229873657227e-02
5.943371051385999635e+03 3.054326225537806749e-04 1.160643994808197021e-02 -7.024950534105300903e-02
5.943377739618999840e+03 3.054326225537806749e-04 1.160643994808197021e-02 -7.024950534105300903e-02
5.943386070917999859e+03 -3.665191587060689926e-03 1.069014146924018860e-02 -6.933320313692092896e-02
5.943391070917999969e+03 -8.246680721640586853e-03 1.038470957428216934e-02 -6.841690838336944580e-02
5.943397728631999598e+03 -8.246680721640586853e-03 1.038470957428216934e-02 -6.841690838336944580e-02
5.943406090448000214e+03 -1.099557429552078247e-02 1.099557429552078247e-02 -6.902777403593063354e-02
5.943411090448000323e+03 -1.130100712180137634e-02 9.468411095440387726e-03 -6.902777403593063354e-02
5.943417748161999953e+03 -1.130100712180137634e-02 9.468411095440387726e-03 -6.902777403593063354e-02
5.943426109977999658e+03 -1.282817032188177109e-02 7.024950347840785980e-03 -6.872233748435974121e-02
5.943431109977999768e+03 -9.468411095440387726e-03 9.162978269159793854e-03 -6.811147183179855347e-02
5.943437767692999842e+03 -9.468411095440387726e-03 9.162978269159793854e-03 -6.811147183179855347e-02
5.943446129509999992e+03 1.832595793530344963e-03 9.162978269159793854e-03 -7.147123664617538452e-02
5.943451129510000101e+03 -2.138028386980295181e-03 8.857546374201774597e-03 -7.116580009460449219e-02
5.943457787225000175e+03 -2.138028386980295181e-03 8.857546374201774597e-03 -7.116580009460449219e-02
5.943466149042000325e+03 -1.191187184303998947e-02 1.038470957428216934e-02 -6.627888232469558716e-02
5.943471149042000434e+03 -1.160643994808197021e-02 1.221730466932058334e-02 -6.780604273080825806e-02
5.943477806756999598e+03 -1.160643994808197021e-02 1.221730466932058334e-02 -6.780604273080825806e-02
5.943486168573999748e+03 -6.719517521560192108e-03 1.038470957428216934e-02 -7.024950534105300903e-02
5.943491168573999857e+03 -3.970623947679996490e-03 9.773843921720981598e-03 -6.841690838336944580e-02
5.943497826288999931e+03 -3.970623947679996490e-03 9.773843921720981598e-03 -6.841690838336944580e-02
5.943506157587999951e+03 -4.581489134579896927e-03 1.007927674800157547e-02 -6.719517707824707031e-02
5.943511157588000060e+03 -1.069014146924018860e-02 9.468411095440387726e-03 -6.444628536701202393e-02
5.943517845819000286e+03 -1.069014146924018860e-02 9.468411095440387726e-03 -6.444628536701202393e-02
5.943526207634999992e+03 -1.374446786940097809e-02 8.246680721640586853e-03 -6.383541971445083618e-02
5.943531207635000101e+03 -1.099557429552078247e-02 9.468411095440387726e-03 -6.811147183179855347e-02
5.943537865348999730e+03 -1.099557429552078247e-02 9.468411095440387726e-03 -6.811147183179855347e-02
5.943546227165999881e+03 -1.007927674800157547e-02 5.803219974040985107e-03 -6.994406878948211670e-02
5.943551227165999990e+03 -7.330383174121379852e-03 6.414085160940885544e-03 -7.024950534105300903e-02
5.943557915399000194e+03 -7.330383174121379852e-03 6.414085160940885544e-03 -7.024950534105300903e-02
5.943566277216000344e+03 -1.038470957428216934e-02 1.099557429552078247e-02 -6.994406878948211670e-02
5.943571277216000453e+03 -1.313360314816236496e-02 1.007927674800157547e-02 -6.902777403593063354e-02
5.943577934930999618e+03 -1.313360314816236496e-02 1.007927674800157547e-02 -6.902777403593063354e-02
5.943586296747999768e+03 -1.374446786940097809e-02 9.162978269159793854e-03 -6.841690838336944580e-02
5.943591296747999877e+03 -1.099557429552078247e-02 7.941247895359992981e-03 -6.963863968849182129e-02
5.943597923944999820e+03 -1.099557429552078247e-02 7.941247895359992981e-03 -6.963863968849182129e-02
5.943606316280000101e+03 -1.069014146924018860e-02 6.414085160940885544e-03 -6.902777403593063354e-02
5.943611316280000210e+03 -1.038470957428216934e-02 5.497787147760391235e-03 -6.780604273080825806e-02
5.943617943475999709e+03 -1.038470957428216934e-02 5.497787147760391235e-03 -6.780604273080825806e-02
5.943626274774999729e+03 -8.246680721640586853e-03 5.192354787141084671e-03 -6.750060617923736572e-02
5.943631274774999838e+03 -4.276056773960590363e-03 6.414085160940885544e-03 -6.872233748435974121e-02
5.943637963006000064e+03 -4.276056773960590363e-03 6.414085160940885544e-03 -6.872233748435974121e-02
5.943646324821999769e+03 -5.803219974040985107e-03 6.719517521560192108e-03 -6.780604273080825806e-02
5.943651324821999879e+03 -1.099557429552078247e-02 7.635815534740686417e-03 -6.597344577312469482e-02
5.943657982536999953e+03 -1.099557429552078247e-02 7.635815534740686417e-03 -6.597344577312469482e-02
5.943666374872000233e+03 -7.635815534740686417e-03 1.038470957428216934e-02 -6.841690838336944580e-02
5.943671374872000342e+03 -4.581489134579896927e-03 9.468411095440387726e-03 -7.086037099361419678e-02
5.943678002069000286e+03 -4.581489134579896927e-03 9.468411095440387726e-03 -7.086037099361419678e-02
5.943686363886000436e+03 -3.054326167330145836e-03 1.160643994808197021e-02 -7.147123664617538452e-02
5.943691363885999635e+03 -8.857546374201774597e-03 1.343903504312038422e-02 -7.086037099361419678e-02
5.943698021600999709e+03 -8.857546374201774597e-03 1.343903504312038422e-02 -7.086037099361419678e-02
5.943706413935999990e+03 -1.252273749560117722e-02 1.099557429552078247e-02 -6.811147183179855347e-02
5.943711413936000099e+03 -1.099557429552078247e-02 9.468411095440387726e-03 -6.658431142568588257e-02
5.943718041131999598e+03 -1.099557429552078247e-02 9.468411095440387726e-03 -6.658431142568588257e-02
5.943726372430999618e+03 -6.108652334660291672e-03 1.221730466932058334e-02 -6.658431142568588257e-02
5.943731372430999727e+03 -2.748893573880195618e-03 1.466076634824275970e-02 -6.811147183179855347e-02
5.943738060661999953e+03 -2.748893573880195618e-03 1.466076634824275970e-02 -6.811147183179855347e-02
5.943746391960999972e+03 -4.581489134579896927e-03 1.160643994808197021e-02 -7.024950534105300903e-02
5.943751391961000081e+03 -7.941247895359992981e-03 8.552113547921180725e-03 -7.086037099361419678e-02
5.943758080192999842e+03 -7.941247895359992981e-03 8.552113547921180725e-03 -7.086037099361419678e-02
5.943766442009999992e+03 -4.581489134579896927e-03 9.773843921720981598e-03 -6.872233748435974121e-02
5.943771442010000101e+03 -5.803219974040985107e-03 1.099557429552078247e-02 -6.597344577312469482e-02
5.943778099725000175e+03 -5.803219974040985107e-03 1.099557429552078247e-02 -6.597344577312469482e-02
5.943786431024999729e+03 -7.024950347840785980e-03 1.130100712180137634e-02 -6.597344577312469482e-02
5.943791431024999838e+03 -7.941247895359992981e-03 1.282817032188177109e-02 -6.872233748435974121e-02
5.943798119256999598e+03 -7.941247895359992981e-03 1.282817032188177109e-02 -6.872233748435974121e-02
5.943806450557000062e+03 -8.246680721640586853e-03 1.130100712180137634e-02 -6.963863968849182129e-02
5.943811450557000171e+03 -8.857546374201774597e-03 1.130100712180137634e-02 -6.811147183179855347e-02
5.943818138788999931e+03 -8.857546374201774597e-03 1.130100712180137634e-02 -6.811147183179855347e-02
5.943826470087999951e+03 -4.581489134579896927e-03 1.282817032188177109e-02 -6.902777403593063354e-02
5.943831470088000060e+03 -7.330383174121379852e-03 9.773843921720981598e-03 -6.902777403593063354e-02
5.943838158319000286e+03 -7.330383174121379852e-03 9.773843921720981598e-03 -6.902777403593063354e-02
5.943846489618000305e+03 -8.857546374201774597e-03 1.007927674800157547e-02 -6.780604273080825806e-02
5.943851489618000414e+03 -1.343903504312038422e-02 8.246680721640586853e-03 -6.902777403593063354e-02
5.943858177848999730e+03 -1.343903504312038422e-02 8.246680721640586853e-03 -6.902777403593063354e-02
5.943866509149000194e+03 -1.679879426956176758e-02 1.038470957428216934e-02 -6.841690838336944580e-02
5.943871509149000303e+03 -1.252273749560117722e-02 1.496619824320077896e-02 -6.597344577312469482e-02
5.943878166864000377e+03 -1.252273749560117722e-02 1.496619824320077896e-02 -6.597344577312469482e-02
5.943886528680999618e+03 -8.552113547921180725e-03 1.313360314816236496e-02 -6.688974797725677490e-02
5.943891528680999727e+03 -9.162978269159793854e-03 1.069014146924018860e-02 -6.841690838336944580e-02
5.943898186395999801e+03 -9.162978269159793854e-03 1.069014146924018860e-02 -6.841690838336944580e-02
5.943906517694999820e+03 -1.038470957428216934e-02 8.552113547921180725e-03 -6.811147183179855347e-02
5.943911517694999930e+03 -6.719517521560192108e-03 6.108652334660291672e-03 -6.933320313692092896e-02
5.943918205928000134e+03 -6.719517521560192108e-03 6.108652334660291672e-03 -6.933320313692092896e-02
5.943926537227000154e+03 -4.886921960860490799e-03 7.635815534740686417e-03 -7.147123664617538452e-02
5.943931537227000263e+03 -7.635815534740686417e-03 7.635815534740686417e-03 -7.269296050071716309e-02
5.943938225459000023e+03 -7.635815534740686417e-03 7.635815534740686417e-03 -7.269296050071716309e-02
5.943946587274999729e+03 -1.069014146924018860e-02 6.108652334660291672e-03 -6.963863968849182129e-02
5.943951587274999838e+03 -7.635815534740686417e-03 7.941247895359992981e-03 -6.902777403593063354e-02
5.943958244989000377e+03 -7.635815534740686417e-03 7.941247895359992981e-03 -6.902777403593063354e-02
5.943966576286999953e+03 -6.414085160940885544e-03 1.282817032188177109e-02 -7.024950534105300903e-02
5.943971576287000062e+03 -9.468411095440387726e-03 9.773843921720981598e-03 -7.086037099361419678e-02
5.943978264520000266e+03 -9.468411095440387726e-03 9.773843921720981598e-03 -7.086037099361419678e-02
5.943986595819000286e+03 -1.038470957428216934e-02 8.857546374201774597e-03 -6.780604273080825806e-02
5.943991595819000395e+03 -7.330383174121379852e-03 1.221730466932058334e-02 -6.719517707824707031e-02
5.943998284051999690e+03 -7.330383174121379852e-03 1.221730466932058334e-02 -6.719517707824707031e-02
5.944006615350999709e+03 -7.024950347840785980e-03 1.038470957428216934e-02 -6.688974797725677490e-02
5.944011615350999818e+03 -1.069014146924018860e-02 7.024950347840785980e-03 -6.750060617923736572e-02
5.944018303584000023e+03 -1.069014146924018860e-02 7.024950347840785980e-03 -6.750060617923736572e-02
5.944026634883000042e+03 -5.497787147760391235e-03 9.773843921720981598e-03 -6.872233748435974121e-02
5.944031634883000152e+03 -4.276056773960590363e-03 1.007927674800157547e-02 -6.933320313692092896e-02
5.944038323114999912e+03 -4.276056773960590363e-03 1.007927674800157547e-02 -6.933320313692092896e-02
5.944046654413000397e+03 -3.970623947679996490e-03 7.330383174121379852e-03 -7.330382615327835083e-02
5.944051654412999596e+03 -7.024950347840785980e-03 6.108652334660291672e-03 -7.299839705228805542e-02
5.944058342645000266e+03 -7.024950347840785980e-03 6.108652334660291672e-03 -7.299839705228805542e-02
5.944066673942999842e+03 -9.773843921720981598e-03 5.497787147760391235e-03 -7.208210229873657227e-02
5.944071673942999951e+03 -1.282817032188177109e-02 6.108652334660291672e-03 -6.963863968849182129e-02
5.944078362176000155e+03 -1.282817032188177109e-02 6.108652334660291672e-03 -6.963863968849182129e-02
5.944086693475000175e+03 -1.496619824320077896e-02 6.414085160940885544e-03 -6.688974797725677490e-02
5.944091693475000284e+03 -1.588249579071998596e-02 9.162978269159793854e-03 -6.597344577312469482e-02
5.944098381707999579e+03 -1.588249579071998596e-02 9.162978269159793854e-03 -6.597344577312469482e-02
5.944106713006999598e+03 -1.954768784344196320e-02 1.007927674800157547e-02 -6.475171446800231934e-02
5.944111713006999707e+03 -1.649336144328117371e-02 9.162978269159793854e-03 -6.597344577312469482e-02
5.944118401239999912e+03 -1.649336144328117371e-02 9.162978269159793854e-03 -6.597344577312469482e-02
5.944126732538999931e+03 -1.099557429552078247e-02 9.773843921720981598e-03 -6.780604273080825806e-02
5.944131732539000041e+03 -1.038470957428216934e-02 9.468411095440387726e-03 -6.841690838336944580e-02
5.944138420772000245e+03 -1.038470957428216934e-02 9.468411095440387726e-03 -6.841690838336944580e-02
5.944146752069999820e+03 -1.160643994808197021e-02 8.246680721640586853e-03 -7.086037099361419678e-02
5.944151752069999930e+03 -8.857546374201774597e-03 7.941247895359992981e-03 -7.269296050071716309e-02
5.944158440301999690e+03 -8.857546374201774597e-03 7.941247895359992981e-03 -7.269296050071716309e-02
5.944166771600000175e+03 -1.069014146924018860e-02 9.468411095440387726e-03 -6.933320313692092896e-02
5.944171771600000284e+03 -7.941247895359992981e-03 5.497787147760391235e-03 -6.780604273080825806e-02
5.944178459832000044e+03 -7.941247895359992981e-03 5.497787147760391235e-03 -6.780604273080825806e-02
5.944186791131000064e+03 -9.162978269159793854e-03 4.276056773960590363e-03 -6.627888232469558716e-02
5.944191791131000173e+03 -1.038470957428216934e-02 7.941247895359992981e-03 -6.750060617923736572e-02
5.944198479364000377e+03 -1.038470957428216934e-02 7.941247895359992981e-03 -6.750060617923736572e-02
5.944206810663000397e+03 -7.635815534740686417e-03 9.468411095440387726e-03 -6.902777403593063354e-02
5.944211810662999596e+03 -2.748893573880195618e-03 8.857546374201774597e-03 -6.994406878948211670e-02
5.944218498895999801e+03 -2.748893573880195618e-03 8.857546374201774597e-03 -6.994406878948211670e-02
5.944226830194999820e+03 -5.497787147760391235e-03 1.069014146924018860e-02 -6.963863968849182129e-02
5.944231830194999930e+03 -7.330383174121379852e-03 1.160643994808197021e-02 -6.902777403593063354e-02
5.944238518428000134e+03 -7.330383174121379852e-03 1.160643994808197021e-02 -6.902777403593063354e-02
5.944246849727000154e+03 -6.414085160940885544e-03 7.635815534740686417e-03 -7.147123664617538452e-02
5.944251849727000263e+03 -4.581489134579896927e-03 9.468411095440387726e-03 -7.330382615327835083e-02
5.944258537959000023e+03 -4.581489134579896927e-03 9.468411095440387726e-03 -7.330382615327835083e-02
5.944266869256999598e+03 -6.719517521560192108e-03 1.069014146924018860e-02 -7.116580009460449219e-02
5.944271869256999707e+03 -1.343903504312038422e-02 9.468411095440387726e-03 -6.627888232469558716e-02
5.944278557489000377e+03 -1.343903504312038422e-02 9.468411095440387726e-03 -6.627888232469558716e-02
5.944286888786999953e+03 -1.404990069568157196e-02 7.635815534740686417e-03 -6.505715101957321167e-02
5.944291888787000062e+03 -1.160643994808197021e-02 5.497787147760391235e-03 -6.872233748435974121e-02
5.944298577020000266e+03 -1.160643994808197021e-02 5.497787147760391235e-03 -6.872233748435974121e-02
5.944306908319000286e+03 -1.252273749560117722e-02 7.024950347840785980e-03 -6.933320313692092896e-02
5.944311908319000395e+03 -4.581489134579896927e-03 1.038470957428216934e-02 -7.116580009460449219e-02
5.944318596551999690e+03 -4.581489134579896927e-03 1.038470957428216934e-02 -7.116580009460449219e-02
5.944326927850999709e+03 -1.832595793530344963e-03 1.099557429552078247e-02 -7.238753139972686768e-02
5.944331927850999818e+03 -7.024950347840785980e-03 8.857546374201774597e-03 -6.902777403593063354e-02
5.944338616084000023e+03 -7.024950347840785980e-03 8.857546374201774597e-03 -6.902777403593063354e-02
5.944346947383000042e+03 -6.108652334660291672e-03 6.414085160940885544e-03 -6.780604273080825806e-02
5.944351947383000152e+03 -5.497787147760391235e-03 7.024950347840785980e-03 -6.872233748435974121e-02
5.944358605096999781e+03 -5.497787147760391235e-03 7.024950347840785980e-03 -6.872233748435974121e-02
5.944366966913000397e+03 -8.857546374201774597e-03 1.313360314816236496e-02 -6.811147183179855347e-02
5.944371966912999596e+03 -1.130100712180137634e-02 1.130100712180137634e-02 -6.658431142568588257e-02
5.944378655145000266e+03 -1.130100712180137634e-02 1.130100712180137634e-02 -6.658431142568588257e-02
5.944386986442999842e+03 -1.191187184303998947e-02 7.635815534740686417e-03 -6.688974797725677490e-02
5.944391986442999951e+03 -6.108652334660291672e-03 1.007927674800157547e-02 -7.024950534105300903e-02
5.944398644158000025e+03 -6.108652334660291672e-03 1.007927674800157547e-02 -7.024950534105300903e-02
5.944407005975000175e+03 -7.024950347840785980e-03 1.007927674800157547e-02 -7.177666574716567993e-02
5.944412005975000284e+03 -1.069014146924018860e-02 9.162978269159793854e-03 -7.024950534105300903e-02
5.944418694207999579e+03 -1.069014146924018860e-02 9.162978269159793854e-03 -7.024950534105300903e-02
5.944427025506999598e+03 -1.313360314816236496e-02 8.552113547921180725e-03 -6.719517707824707031e-02
5.944432025506999707e+03 -1.099557429552078247e-02 9.468411095440387726e-03 -6.872233748435974121e-02
5.944438713739999912e+03 -1.099557429552078247e-02 9.468411095440387726e-03 -6.872233748435974121e-02
5.944447045038999931e+03 -1.069014146924018860e-02 7.024950347840785980e-03 -6.872233748435974121e-02
5.944452045039000041e+03 -1.007927674800157547e-02 7.330383174121379852e-03 -6.811147183179855347e-02
5.944458733272000245e+03 -1.007927674800157547e-02 7.330383174121379852e-03 -6.811147183179855347e-02
5.944467064569999820e+03 -1.038470957428216934e-02 9.468411095440387726e-03 -6.688974797725677490e-02
5.944472064569999930e+03 -6.108652334660291672e-03 1.099557429552078247e-02 -6.658431142568588257e-02
5.944478752801999690e+03 -6.108652334660291672e-03 1.099557429552078247e-02 -6.658431142568588257e-02
5.944487084100000175e+03 -4.886921960860490799e-03 8.857546374201774597e-03 -6.688974797725677490e-02
5.944492084100000284e+03 -7.635815534740686417e-03 6.719517521560192108e-03 -7.086037099361419678e-02
5.944498772332000044e+03 -7.635815534740686417e-03 6.719517521560192108e-03 -7.086037099361419678e-02
5.944507103631000064e+03 -9.162978269159793854e-03 6.719517521560192108e-03 -7.208210229873657227e-02
5.944512103631000173e+03 -8.246680721640586853e-03 7.330383174121379852e-03 -7.177666574716567993e-02
5.944518791864000377e+03 -8.246680721640586853e-03 7.330383174121379852e-03 -7.177666574716567993e-02
5.944527123163000397e+03 -9.162978269159793854e-03 8.857546374201774597e-03 -6.994406878948211670e-02
5.944532123162999596e+03 -1.221730466932058334e-02 1.038470957428216934e-02 -6.811147183179855347e-02
5.944538811395999801e+03 -1.221730466932058334e-02 1.038470957428216934e-02 -6.811147183179855347e-02
5.944547142694999820e+03 -1.038470957428216934e-02 1.069014146924018860e-02 -6.750060617923736572e-02
5.944552142694999930e+03 -9.468411095440387726e-03 1.007927674800157547e-02 -6.963863968849182129e-02
5.944558830928000134e+03 -9.468411095440387726e-03 1.007927674800157547e-02 -6.963863968849182129e-02
5.944567162227000154e+03 -5.192354787141084671e-03 7.024950347840785980e-03 -7.299839705228805542e-02
5.944572162227000263e+03 -6.719517521560192108e-03 7.024950347840785980e-03 -6.933320313692092896e-02
5.944578850459000023e+03 -6.719517521560192108e-03 7.024950347840785980e-03 -6.933320313692092896e-02
5.944587151239000377e+03 -1.191187184303998947e-02 1.099557429552078247e-02 -6.719517707824707031e-02
5.944592151238999577e+03 -1.466076634824275970e-02 1.099557429552078247e-02 -6.811147183179855347e-02
5.944598869989000377e+03 -1.466076634824275970e-02 1.099557429552078247e-02 -6.811147183179855347e-02
5.944607201286999953e+03 -1.099557429552078247e-02 8.552113547921180725e-03 -6.963863968849182129e-02
5.944612201287000062e+03 -7.330383174121379852e-03 8.246680721640586853e-03 -6.933320313692092896e-02
5.944618859002000136e+03 -7.330383174121379852e-03 8.246680721640586853e-03 -6.933320313692092896e-02
5.944627220819000286e+03 -6.108652334660291672e-03 1.038470957428216934e-02 -6.872233748435974121e-02
5.944632220819000395e+03 -4.886921960860490799e-03 1.191187184303998947e-02 -6.994406878948211670e-02
5.944638878533999559e+03 -4.886921960860490799e-03 1.191187184303998947e-02 -6.994406878948211670e-02
5.944647240350999709e+03 -4.276056773960590363e-03 7.941247895359992981e-03 -6.933320313692092896e-02
5.944652240350999818e+03 -4.886921960860490799e-03 6.108652334660291672e-03 -6.933320313692092896e-02
5.944658928584000023e+03 -4.886921960860490799e-03 6.108652334660291672e-03 -6.933320313692092896e-02
5.944667259883000042e+03 -1.069014146924018860e-02 3.970623947679996490e-03 -7.055493444204330444e-02
5.944672259883000152e+03 -1.038470957428216934e-02 8.246680721640586853e-03 -6.933320313692092896e-02
5.944678917596999781e+03 -1.038470957428216934e-02 8.246680721640586853e-03 -6.933320313692092896e-02
5.944687248895000266e+03 -4.886921960860490799e-03 1.313360314816236496e-02 -7.147123664617538452e-02
5.944692248895000375e+03 -3.359758760780096054e-03 1.007927674800157547e-02 -7.177666574716567993e-02
5.944698937127000136e+03 -3.359758760780096054e-03 1.007927674800157547e-02 -7.177666574716567993e-02
5.944707268424999711e+03 -7.635815534740686417e-03 6.414085160940885544e-03 -6.963863968849182129e-02
5.944712268424999820e+03 -1.130100712180137634e-02 7.635815534740686417e-03 -6.872233748435974121e-02
5.944718956658000025e+03 -1.130100712180137634e-02 7.635815534740686417e-03 -6.872233748435974121e-02
5.944727287957000044e+03 -1.374446786940097809e-02 9.162978269159793854e-03 -6.933320313692092896e-02
5.944732287957000153e+03 -1.099557429552078247e-02 8.246680721640586853e-03 -6.902777403593063354e-02
5.944738976190000358e+03 -1.099557429552078247e-02 8.246680721640586853e-03 -6.902777403593063354e-02
5.944747307489000377e+03 -6.414085160940885544e-03 7.024950347840785980e-03 -6.902777403593063354e-02
5.944752307488999577e+03 -8.552113547921180725e-03 6.414085160940885544e-03 -6.872233748435974121e-02
5.944758995721999781e+03 -8.552113547921180725e-03 6.414085160940885544e-03 -6.872233748435974121e-02
5.944767327020999801e+03 -1.038470957428216934e-02 1.069014146924018860e-02 -6.902777403593063354e-02
5.944772327020999910e+03 -1.007927674800157547e-02 1.130100712180137634e-02 -7.086037099361419678e-02
5.944779015254000115e+03 -1.007927674800157547e-02 1.130100712180137634e-02 -7.086037099361419678e-02
5.944787346551999690e+03 -1.069014146924018860e-02 8.246680721640586853e-03 -7.147123664617538452e-02
5.944792346551999799e+03 -6.108652334660291672e-03 7.635815534740686417e-03 -7.177666574716567993e-02
5.944799034783999559e+03 -6.108652334660291672e-03 7.635815534740686417e-03 -7.177666574716567993e-02
5.944807366082000044e+03 -1.832595793530344963e-03 8.552113547921180725e-03 -7.086037099361419678e-02
5.944812366082000153e+03 -5.192354787141084671e-03 9.773843921720981598e-03 -6.750060617923736572e-02
5.944819054313999914e+03 -5.192354787141084671e-03 9.773843921720981598e-03 -6.750060617923736572e-02
5.944827385612999933e+03 -5.192354787141084671e-03 1.069014146924018860e-02 -6.658431142568588257e-02
5.944832385613000042e+03 -7.635815534740686417e-03 1.374446786940097809e-02 -6.566801667213439941e-02
5.944839073846000247e+03 -7.635815534740686417e-03 1.374446786940097809e-02 -6.566801667213439941e-02
5.944847405145000266e+03 -6.414085160940885544e-03 1.282817032188177109e-02 -6.597344577312469482e-02
5.944852405145000375e+03 -4.886921960860490799e-03 1.252273749560117722e-02 -7.116580009460449219e-02
5.944859123895999801e+03 -4.886921960860490799e-03 1.252273749560117722e-02 -7.116580009460449219e-02
5.944867424676999690e+03 -4.886921960860490799e-03 1.282817032188177109e-02 -7.238753139972686768e-02
5.944872424676999799e+03 -5.192354787141084671e-03 1.007927674800157547e-02 -6.872233748435974121e-02
5.944879112910000003e+03 -5.192354787141084671e-03 1.007927674800157547e-02 -6.872233748435974121e-02
5.944887444209000023e+03 -6.719517521560192108e-03 7.941247895359992981e-03 -6.750060617923736572e-02
5.944892444209000132e+03 -6.719517521560192108e-03 1.099557429552078247e-02 -6.933320313692092896e-02
5.944899132440999892e+03 -6.719517521560192108e-03 1.099557429552078247e-02 -6.933320313692092896e-02
5.944907463739000377e+03 -6.719517521560192108e-03 1.252273749560117722e-02 -6.658431142568588257e-02
5.944912463738999577e+03 -6.108652334660291672e-03 9.773843921720981598e-03 -6.841690838336944580e-02
5.944919151971000247e+03 -6.108652334660291672e-03 9.773843921720981598e-03 -6.841690838336944580e-02
5.944927544305000083e+03 -4.276056773960590363e-03 4.886921960860490799e-03 -7.024950534105300903e-02
5.944932544305000192e+03 -3.665191587060689926e-03 5.192354787141084671e-03 -7.086037099361419678e-02
5.944939171502000136e+03 -3.665191587060689926e-03 5.192354787141084671e-03 -7.086037099361419678e-02
5.944947502801000155e+03 -7.024950347840785980e-03 6.719517521560192108e-03 -6.811147183179855347e-02
5.944952502801000264e+03 -6.414085160940885544e-03 6.719517521560192108e-03 -6.841690838336944580e-02
5.944959191033999559e+03 -6.414085160940885544e-03 6.719517521560192108e-03 -6.841690838336944580e-02
5.944967522332999579e+03 -1.069014146924018860e-02 9.162978269159793854e-03 -6.872233748435974121e-02
5.944972522332999688e+03 -1.435533352196216583e-02 1.343903504312038422e-02 -6.536258012056350708e-02
5.944979210565999892e+03 -1.435533352196216583e-02 1.343903504312038422e-02 -6.536258012056350708e-02
5.944987541864999912e+03 -1.832595653831958771e-02 1.160643994808197021e-02 -6.566801667213439941e-02
5.944992541865000021e+03 -1.313360314816236496e-02 5.803219974040985107e-03 -6.719517707824707031e-02
5.944999230096999781e+03 -1.313360314816236496e-02 5.803219974040985107e-03 -6.719517707824707031e-02
5.945007561395000266e+03 -6.108652334660291672e-03 6.414085160940885544e-03 -6.841690838336944580e-02
5.945012561395000375e+03 -8.552113547921180725e-03 1.069014146924018860e-02 -7.116580009460449219e-02
5.945019249627000136e+03 -8.552113547921180725e-03 1.069014146924018860e-02 -7.116580009460449219e-02
5.945027580924999711e+03 -1.557706389576196671e-02 8.552113547921180725e-03 -6.811147183179855347e-02
5.945032580924999820e+03 -1.313360314816236496e-02 2.443460980430245399e-03 -6.688974797725677490e-02
5.945039269158000025e+03 -1.313360314816236496e-02 2.443460980430245399e-03 -6.688974797725677490e-02
5.945047600457000044e+03 -1.221730466932058334e-02 3.665191587060689926e-03 -6.750060617923736572e-02
5.945052600457000153e+03 -1.069014146924018860e-02 8.552113547921180725e-03 -6.811147183179855347e-02
5.945059288690000358e+03 -1.069014146924018860e-02 8.552113547921180725e-03 -6.811147183179855347e-02
5.945067650506999598e+03 -8.552113547921180725e-03 9.162978269159793854e-03 -6.872233748435974121e-02
5.945072650506999707e+03 -3.054326167330145836e-03 9.468411095440387726e-03 -7.086037099361419678e-02
5.945079308221999781e+03 -3.054326167330145836e-03 9.468411095440387726e-03 -7.086037099361419678e-02
5.945087639520999801e+03 -9.162978967651724815e-04 1.038470957428216934e-02 -7.086037099361419678e-02
5.945092639520999910e+03 -4.581489134579896927e-03 7.330383174121379852e-03 -7.024950534105300903e-02
5.945099327754000115e+03 -4.581489134579896927e-03 7.330383174121379852e-03 -7.024950534105300903e-02
5.945107659051999690e+03 -2.748893573880195618e-03 8.857546374201774597e-03 -6.994406878948211670e-02
5.945112659051999799e+03 -3.970623947679996490e-03 1.130100712180137634e-02 -6.872233748435974121e-02
5.945119347283999559e+03 -3.970623947679996490e-03 1.130100712180137634e-02 -6.872233748435974121e-02
5.945127678582000044e+03 -4.581489134579896927e-03 1.099557429552078247e-02 -6.994406878948211670e-02
5.945132678582000153e+03 -9.773843921720981598e-03 1.252273749560117722e-02 -6.933320313692092896e-02
5.945139366813999914e+03 -9.773843921720981598e-03 1.252273749560117722e-02 -6.933320313692092896e-02
5.945147698112999933e+03 -1.130100712180137634e-02 1.069014146924018860e-02 -6.811147183179855347e-02
5.945152698113000042e+03 -1.099557429552078247e-02 8.552113547921180725e-03 -6.994406878948211670e-02
5.945159386346000247e+03 -1.099557429552078247e-02 8.552113547921180725e-03 -6.994406878948211670e-02
5.945167717645000266e+03 -1.221730466932058334e-02 1.038470957428216934e-02 -6.872233748435974121e-02
5.945172717645000375e+03 -1.313360314816236496e-02 1.038470957428216934e-02 -6.444628536701202393e-02
5.945179405877999670e+03 -1.313360314816236496e-02 1.038470957428216934e-02 -6.444628536701202393e-02
5.945187737176999690e+03 -1.527163106948137283e-02 7.024950347840785980e-03 -6.383541971445083618e-02
5.945192737176999799e+03 -7.635815534740686417e-03 9.162978269159793854e-03 -6.811147183179855347e-02
5.945199425410000003e+03 -7.635815534740686417e-03 9.162978269159793854e-03 -6.811147183179855347e-02
5.945207756709000023e+03 -6.108652334660291672e-03 1.252273749560117722e-02 -6.963863968849182129e-02
5.945212756709000132e+03 -1.130100712180137634e-02 1.313360314816236496e-02 -6.963863968849182129e-02
5.945219444940999892e+03 -1.130100712180137634e-02 1.313360314816236496e-02 -6.963863968849182129e-02
5.945227776239000377e+03 -9.162978269159793854e-03 1.221730466932058334e-02 -6.902777403593063354e-02
5.945232776238999577e+03 -5.803219974040985107e-03 1.282817032188177109e-02 -7.055493444204330444e-02
5.945239464471000247e+03 -5.803219974040985107e-03 1.282817032188177109e-02 -7.055493444204330444e-02
5.945247795768999822e+03 -1.069014146924018860e-02 1.099557429552078247e-02 -6.566801667213439941e-02
5.945252795768999931e+03 -7.635815534740686417e-03 8.857546374201774597e-03 -6.444628536701202393e-02
5.945259484002000136e+03 -7.635815534740686417e-03 8.857546374201774597e-03 -6.444628536701202393e-02
5.945267815301000155e+03 -5.803219974040985107e-03 9.468411095440387726e-03 -6.597344577312469482e-02
5.945272815301000264e+03 -8.552113547921180725e-03 8.246680721640586853e-03 -6.627888232469558716e-02
5.945279503533999559e+03 -8.552113547921180725e-03 8.246680721640586853e-03 -6.627888232469558716e-02
5.945287834832999579e+03 -6.414085160940885544e-03 6.719517521560192108e-03 -6.872233748435974121e-02
5.945292834832999688e+03 -2.748893573880195618e-03 7.635815534740686417e-03 -6.994406878948211670e-02
5.945299523065999892e+03 -2.748893573880195618e-03 7.635815534740686417e-03 -6.994406878948211670e-02
5.945307854364999912e+03 -8.857546374201774597e-03 1.069014146924018860e-02 -6.780604273080825806e-02
5.945312854365000021e+03 -8.857546374201774597e-03 8.857546374201774597e-03 -6.627888232469558716e-02
5.945319542596999781e+03 -8.857546374201774597e-03 8.857546374201774597e-03 -6.627888232469558716e-02
5.945327873895000266e+03 -5.803219974040985107e-03 9.773843921720981598e-03 -6.780604273080825806e-02
5.945332873895000375e+03 -8.552113547921180725e-03 1.160643994808197021e-02 -6.841690838336944580e-02
5.945339562127000136e+03 -8.552113547921180725e-03 1.160643994808197021e-02 -6.841690838336944580e-02
5.945347893424999711e+03 -1.069014146924018860e-02 1.069014146924018860e-02 -6.872233748435974121e-02
5.945352893424999820e+03 -1.221730466932058334e-02 8.857546374201774597e-03 -6.841690838336944580e-02
5.945359581658000025e+03 -1.221730466932058334e-02 8.857546374201774597e-03 -6.841690838336944580e-02
5.945367912957000044e+03 -3.359758760780096054e-03 5.497787147760391235e-03 -6.994406878948211670e-02
5.945372912957000153e+03 -2.443460980430245399e-03 7.635815534740686417e-03 -7.177666574716567993e-02
5.945379601190000358e+03 -2.443460980430245399e-03 7.635815534740686417e-03 -7.177666574716567993e-02
5.945387932489000377e+03 -8.552113547921180725e-03 1.374446786940097809e-02 -6.780604273080825806e-02
5.945392932488999577e+03 -1.191187184303998947e-02 1.588249579071998596e-02 -6.658431142568588257e-02
5.945399590205000095e+03 -1.191187184303998947e-02 1.588249579071998596e-02 -6.658431142568588257e-02
5.945407952020999801e+03 -9.162978269159793854e-03 1.282817032188177109e-02 -7.086037099361419678e-02
5.945412952020999910e+03 -9.773843921720981598e-03 1.313360314816236496e-02 -7.055493444204330444e-02
5.945419609737000428e+03 -9.773843921720981598e-03 1.313360314816236496e-02 -7.055493444204330444e-02
5.945427971551999690e+03 -1.343903504312038422e-02 9.773843921720981598e-03 -6.811147183179855347e-02
5.945432971551999799e+03 -1.130100712180137634e-02 7.330383174121379852e-03 -6.688974797725677490e-02
5.945439629266999873e+03 -1.130100712180137634e-02 7.330383174121379852e-03 -6.688974797725677490e-02
5.945448082634999992e+03 -1.618792861700057983e-02 6.108652334660291672e-03 -6.627888232469558716e-02
5.945453082635000101e+03 -1.404990069568157196e-02 6.414085160940885544e-03 -6.597344577312469482e-02
5.945459679313999914e+03 -1.404990069568157196e-02 6.414085160940885544e-03 -6.597344577312469482e-02
5.945468071649000194e+03 -9.773843921720981598e-03 8.552113547921180725e-03 -6.597344577312469482e-02
5.945473071649000303e+03 -7.941247895359992981e-03 1.160643994808197021e-02 -6.780604273080825806e-02
5.945479698846000247e+03 -7.941247895359992981e-03 1.160643994808197021e-02 -6.780604273080825806e-02
5.945488060663000397e+03 -8.246680721640586853e-03 1.160643994808197021e-02 -6.750060617923736572e-02
5.945493060662999596e+03 -8.552113547921180725e-03 1.007927674800157547e-02 -6.688974797725677490e-02
5.945499687860999984e+03 -8.552113547921180725e-03 1.007927674800157547e-02 -6.688974797725677490e-02
5.945508080194999820e+03 -7.635815534740686417e-03 1.099557429552078247e-02 -7.086037099361419678e-02
5.945513080194999930e+03 -6.719517521560192108e-03 1.374446786940097809e-02 -7.147123664617538452e-02
5.945519707393000317e+03 -6.719517521560192108e-03 1.374446786940097809e-02 -7.147123664617538452e-02
5.945528069209000023e+03 -6.108652334660291672e-03 1.160643994808197021e-02 -6.933320313692092896e-02
5.945533069209000132e+03 -8.246680721640586853e-03 6.414085160940885544e-03 -6.841690838336944580e-02
5.945539726924000206e+03 -8.246680721640586853e-03 6.414085160940885544e-03 -6.841690838336944580e-02
5.945548088739000377e+03 -7.635815534740686417e-03 6.414085160940885544e-03 -6.872233748435974121e-02
5.945553088738999577e+03 -9.162978967651724815e-04 6.414085160940885544e-03 -6.994406878948211670e-02
5.945559776971000247e+03 -9.162978967651724815e-04 6.414085160940885544e-03 -6.994406878948211670e-02
5.945568108268999822e+03 -4.276056773960590363e-03 1.038470957428216934e-02 -6.719517707824707031e-02
5.945573108268999931e+03 -9.468411095440387726e-03 9.162978269159793854e-03 -7.024950534105300903e-02
5.945579796502000136e+03 -9.468411095440387726e-03 9.162978269159793854e-03 -7.024950534105300903e-02
5.945588127801000155e+03 -1.221730466932058334e-02 6.108652334660291672e-03 -7.177666574716567993e-02
5.945593127801000264e+03 -1.404990069568157196e-02 1.069014146924018860e-02 -6.750060617923736572e-02
5.945599785516999873e+03 -1.404990069568157196e-02 1.069014146924018860e-02 -6.750060617923736572e-02
5.945608116815999892e+03 -1.313360314816236496e-02 1.069014146924018860e-02 -6.780604273080825806e-02
5.945613116816000002e+03 -8.857546374201774597e-03 6.719517521560192108e-03 -6.933320313692092896e-02
5.945619805049000206e+03 -8.857546374201774597e-03 6.719517521560192108e-03 -6.933320313692092896e-02
5.945628136348000226e+03 -7.941247895359992981e-03 1.099557429552078247e-02 -7.055493444204330444e-02
5.945633136348000335e+03 -1.038470957428216934e-02 1.221730466932058334e-02 -7.208210229873657227e-02
5.945639824580000095e+03 -1.038470957428216934e-02 1.221730466932058334e-02 -7.208210229873657227e-02
5.945648155877999670e+03 -6.719517521560192108e-03 1.007927674800157547e-02 -7.024950534105300903e-02
5.945653155877999779e+03 -5.803219974040985107e-03 1.160643994808197021e-02 -6.627888232469558716e-02
5.945659844110000449e+03 -5.803219974040985107e-03 1.160643994808197021e-02 -6.627888232469558716e-02
5.945668175408000025e+03 -5.192354787141084671e-03 1.252273749560117722e-02 -6.780604273080825806e-02
5.945673175408000134e+03 -5.803219974040985107e-03 7.635815534740686417e-03 -6.872233748435974121e-02
5.945679863641000338e+03 -5.803219974040985107e-03 7.635815534740686417e-03 -6.872233748435974121e-02
5.945688194940000358e+03 -6.108652334660291672e-03 4.276056773960590363e-03 -6.536258012056350708e-02
5.945693194939999557e+03 -8.246680721640586853e-03 7.330383174121379852e-03 -6.597344577312469482e-02
5.945699883172999762e+03 -8.246680721640586853e-03 7.330383174121379852e-03 -6.597344577312469482e-02
5.945708214471999781e+03 -1.191187184303998947e-02 1.099557429552078247e-02 -6.750060617923736572e-02
5.945713214471999891e+03 -8.246680721640586853e-03 1.343903504312038422e-02 -7.147123664617538452e-02
5.945719902705000095e+03 -8.246680721640586853e-03 1.343903504312038422e-02 -7.147123664617538452e-02
5.945728234004000115e+03 -8.246680721640586853e-03 1.313360314816236496e-02 -7.177666574716567993e-02
5.945733234004000224e+03 -8.552113547921180725e-03 1.343903504312038422e-02 -6.963863968849182129e-02
5.945739922237000428e+03 -8.552113547921180725e-03 1.343903504312038422e-02 -6.963863968849182129e-02
5.945748253535000003e+03 -7.941247895359992981e-03 1.343903504312038422e-02 -6.994406878948211670e-02
5.945753253535000113e+03 -9.162978269159793854e-03 1.099557429552078247e-02 -7.086037099361419678e-02
5.945759941766999873e+03 -9.162978269159793854e-03 1.099557429552078247e-02 -7.086037099361419678e-02
5.945768273065000358e+03 -9.468411095440387726e-03 8.857546374201774597e-03 -7.116580009460449219e-02
5.945773273064999557e+03 -1.099557429552078247e-02 8.246680721640586853e-03 -7.116580009460449219e-02
5.945779961297999762e+03 -1.099557429552078247e-02 8.246680721640586853e-03 -7.116580009460449219e-02
5.945788292596999781e+03 -1.038470957428216934e-02 7.024950347840785980e-03 -7.024950534105300903e-02
5.945793292596999891e+03 -1.252273749560117722e-02 5.803219974040985107e-03 -6.719517707824707031e-02
5.945799980830000095e+03 -1.252273749560117722e-02 5.803219974040985107e-03 -6.719517707824707031e-02
5.945808312129000115e+03 -1.466076634824275970e-02 7.330383174121379852e-03 -6.566801667213439941e-02
5.945813312129000224e+03 -9.468411095440387726e-03 1.038470957428216934e-02 -6.841690838336944580e-02
5.945820000362000428e+03 -9.468411095440387726e-03 1.038470957428216934e-02 -6.841690838336944580e-02
5.945828331660000003e+03 -6.719517521560192108e-03 6.414085160940885544e-03 -7.147123664617538452e-02
5.945833331660000113e+03 -8.857546374201774597e-03 5.497787147760391235e-03 -6.811147183179855347e-02
5.945840019891999873e+03 -8.857546374201774597e-03 5.497787147760391235e-03 -6.811147183179855347e-02
5.945848351190000358e+03 -1.038470957428216934e-02 8.857546374201774597e-03 -6.597344577312469482e-02
5.945853351189999557e+03 -9.162978269159793854e-03 5.192354787141084671e-03 -6.750060617923736572e-02
5.945860008904999631e+03 -9.162978269159793854e-03 5.192354787141084671e-03 -6.750060617923736572e-02
5.945868340203999651e+03 -8.552113547921180725e-03 7.635815534740686417e-03 -6.872233748435974121e-02
5.945873340203999760e+03 -1.007927674800157547e-02 1.282817032188177109e-02 -6.933320313692092896e-02
5.945880028436999964e+03 -1.007927674800157547e-02 1.282817032188177109e-02 -6.933320313692092896e-02
5.945888359735999984e+03 -1.007927674800157547e-02 1.527163106948137283e-02 -6.841690838336944580e-02
5.945893359736000093e+03 -1.069014146924018860e-02 1.404990069568157196e-02 -6.841690838336944580e-02
5.945900047969000298e+03 -1.069014146924018860e-02 1.404990069568157196e-02 -6.841690838336944580e-02
5.945908379266999873e+03 -1.160643994808197021e-02 1.221730466932058334e-02 -6.841690838336944580e-02
5.945913379266999982e+03 -1.069014146924018860e-02 1.130100712180137634e-02 -6.658431142568588257e-02
5.945920067498999742e+03 -1.069014146924018860e-02 1.130100712180137634e-02 -6.658431142568588257e-02
5.945928398797000227e+03 -7.024950347840785980e-03 1.099557429552078247e-02 -6.597344577312469482e-02
5.945933398797000336e+03 -1.038470957428216934e-02 9.468411095440387726e-03 -6.597344577312469482e-02
5.945940087029999631e+03 -1.038470957428216934e-02 9.468411095440387726e-03 -6.597344577312469482e-02
