6.723614340423200338e+04 -1.090394482016563416e-01 -3.338378667831420898e-01 1.890627890825271606e-01
6.723616836726600013e+04 -7.971791177988052368e-02 -3.087923824787139893e-01 1.050688251852989197e-01
6.723619165186899772e+04 -2.443460980430245399e-03 -2.425135076045989990e-01 -9.804387390613555908e-02
6.723620367563900072e+04 2.687807008624076843e-02 -6.444628536701202393e-02 -1.441642045974731445e-01
6.723622369491799327e+04 2.138028386980295181e-03 -1.038470957428216934e-02 -7.391469180583953857e-02
6.723624386679100280e+04 -3.054326167330145836e-03 9.468411095440387726e-03 -5.131268128752708435e-02
6.723626376401699963e+04 -5.497787147760391235e-03 1.069014146924018860e-02 -5.314527451992034912e-02
6.723628375280200271e+04 -3.359758760780096054e-03 1.069014146924018860e-02 -4.917465150356292725e-02
6.723630450452599325e+04 -3.665191587060689926e-03 9.773843921720981598e-03 -4.886921867728233337e-02
6.723632382194499951e+04 -6.108652334660291672e-03 7.941247895359992981e-03 -4.886921867728233337e-02
6.723634381075100100e+04 -8.246680721640586853e-03 9.162978269159793854e-03 -5.222897976636886597e-02
6.723636419628800650e+04 -6.108652334660291672e-03 1.099557429552078247e-02 -5.039638280868530273e-02
6.723638387993400102e+04 -6.414085160940885544e-03 7.024950347840785980e-03 -5.039638280868530273e-02
6.723640386875899276e+04 -7.635815534740686417e-03 8.246680721640586853e-03 -5.192354694008827209e-02
6.723642394914099714e+04 -4.581489134579896927e-03 1.252273749560117722e-02 -5.039638280868530273e-02
6.723644387694199395e+04 -5.497787147760391235e-03 1.343903504312038422e-02 -4.795292019844055176e-02
6.723646389630300109e+04 -3.665191587060689926e-03 9.162978269159793854e-03 -4.825835302472114563e-02
6.723648443446299643e+04 -8.246680721640586853e-03 1.191187184303998947e-02 -5.039638280868530273e-02
6.723650399607300642e+04 -8.857546374201774597e-03 1.191187184303998947e-02 -5.100724846124649048e-02
6.723652398493100191e+04 -7.024950347840785980e-03 9.773843921720981598e-03 -5.039638280868530273e-02
6.723654473672799941e+04 -7.635815534740686417e-03 9.468411095440387726e-03 -4.703662544488906860e-02
6.723656405421400268e+04 -6.414085160940885544e-03 1.252273749560117722e-02 -4.948008432984352112e-02
6.723658404308599711e+04 -6.719517521560192108e-03 8.857546374201774597e-03 -4.917465150356292725e-02
6.723660506955400342e+04 -5.192354787141084671e-03 1.038470957428216934e-02 -5.253441259264945984e-02
6.723662411239699577e+04 -2.443460980430245399e-03 8.857546374201774597e-03 -5.009094998240470886e-02
6.723664410128199961e+04 -8.857546374201774597e-03 8.246680721640586853e-03 -5.192354694008827209e-02
6.723666445637999277e+04 -5.192354787141084671e-03 1.007927674800157547e-02 -5.222897976636886597e-02
6.723668414009899425e+04 -5.497787147760391235e-03 7.024950347840785980e-03 -4.734205827116966248e-02
6.723670415951400355e+04 -4.581489134579896927e-03 9.162978269159793854e-03 -4.856378585100173950e-02
6.723672469772800105e+04 -3.970623947679996490e-03 1.007927674800157547e-02 -4.795292019844055176e-02
6.723674422887100081e+04 -5.803219974040985107e-03 7.635815534740686417e-03 -4.948008432984352112e-02
6.723676418726099655e+04 -1.527163083665072918e-03 1.313360314816236496e-02 -5.131268128752708435e-02
6.723678466445099912e+04 -1.527163083665072918e-03 8.857546374201774597e-03 -5.070181563496589661e-02
6.723680428715600283e+04 -9.468411095440387726e-03 7.330383174121379852e-03 -4.978551715612411499e-02
6.723682424555599573e+04 -3.054326167330145836e-03 8.246680721640586853e-03 -4.917465150356292725e-02
6.723684429551199719e+04 -9.162978967651724815e-04 1.007927674800157547e-02 -4.825835302472114563e-02
6.723686428443499608e+04 -6.414085160940885544e-03 1.038470957428216934e-02 -4.734205827116966248e-02
6.723688430387800327e+04 -5.803219974040985107e-03 8.552113547921180725e-03 -4.734205827116966248e-02
6.723690432332300406e+04 -7.330383174121379852e-03 1.099557429552078247e-02 -5.070181563496589661e-02
6.723692434277200664e+04 -7.330383174121379852e-03 5.803219974040985107e-03 -4.795292019844055176e-02
6.723694439273999888e+04 -7.330383174121379852e-03 8.552113547921180725e-03 -4.825835302472114563e-02
6.723696453426399967e+04 -6.108652334660291672e-03 1.038470957428216934e-02 -4.978551715612411499e-02
6.723698443164999480e+04 -9.162978269159793854e-03 7.330383174121379852e-03 -5.070181563496589661e-02
6.723700442059099441e+04 -5.803219974040985107e-03 3.359758760780096054e-03 -4.703662544488906860e-02
6.723702486729600059e+04 -3.054326167330145836e-03 1.069014146924018860e-02 -4.764748737215995789e-02
6.723704449003300397e+04 -5.803219974040985107e-03 7.941247895359992981e-03 -4.978551715612411499e-02
6.723706447898200713e+04 -6.719517521560192108e-03 8.857546374201774597e-03 -4.886921867728233337e-02
6.723708449844899587e+04 -1.069014146924018860e-02 1.282817032188177109e-02 -4.856378585100173950e-02
6.723710451791799278e+04 -1.007927674800157547e-02 1.466076634824275970e-02 -4.856378585100173950e-02
6.723712453738899785e+04 -6.719517521560192108e-03 1.191187184303998947e-02 -4.703662544488906860e-02
6.723714455686300062e+04 -7.330383174121379852e-03 6.719517521560192108e-03 -4.734205827116966248e-02
6.723716457633799291e+04 -6.719517521560192108e-03 8.857546374201774597e-03 -4.795292019844055176e-02
6.723718456529699324e+04 -7.330383174121379852e-03 9.468411095440387726e-03 -5.009094998240470886e-02
6.723720458477499778e+04 -5.497787147760391235e-03 1.404990069568157196e-02 -5.161811411380767822e-02
6.723722460425700410e+04 -3.054326167330145836e-03 9.773843921720981598e-03 -5.070181563496589661e-02
6.723724465425600647e+04 -5.497787147760391235e-03 6.719517521560192108e-03 -4.642575979232788086e-02
6.723726467373900232e+04 -6.414085160940885544e-03 6.414085160940885544e-03 -4.825835302472114563e-02
6.723728466270699573e+04 -5.803219974040985107e-03 9.162978269159793854e-03 -4.856378585100173950e-02
6.723730468219399336e+04 -2.443460980430245399e-03 1.130100712180137634e-02 -5.253441259264945984e-02
6.723732500685600098e+04 -1.221730490215122700e-03 1.252273749560117722e-02 -5.161811411380767822e-02
6.723734520944999531e+04 -7.024950347840785980e-03 8.857546374201774597e-03 -4.734205827116966248e-02
6.723736522894099471e+04 -7.941247895359992981e-03 8.857546374201774597e-03 -4.917465150356292725e-02
6.723738524843299820e+04 -2.748893573880195618e-03 4.886921960860490799e-03 -5.039638280868530273e-02
6.723740526792600576e+04 -4.276056773960590363e-03 8.246680721640586853e-03 -5.131268128752708435e-02
6.723742528742100694e+04 -3.359758760780096054e-03 8.246680721640586853e-03 -4.673119261860847473e-02
6.723744530691699765e+04 -7.941247895359992981e-03 8.246680721640586853e-03 -4.856378585100173950e-02
6.723746532641300291e+04 -1.007927674800157547e-02 1.038470957428216934e-02 -4.856378585100173950e-02
6.723748537642900192e+04 -5.803219974040985107e-03 7.330383174121379852e-03 -5.161811411380767822e-02
6.723750536541000474e+04 -4.886921960860490799e-03 3.359758760780096054e-03 -4.734205827116966248e-02
6.723752541542799736e+04 -4.886921960860490799e-03 6.108652334660291672e-03 -5.131268128752708435e-02
6.723754540441099380e+04 -3.970623947679996490e-03 9.468411095440387726e-03 -4.734205827116966248e-02
6.723756575960699411e+04 -5.192354787141084671e-03 9.162978269159793854e-03 -5.345070734620094299e-02
6.723758577910899476e+04 -8.552113547921180725e-03 3.970623947679996490e-03 -4.795292019844055176e-02
6.723760579861300357e+04 -7.941247895359992981e-03 1.069014146924018860e-02 -4.948008432984352112e-02
6.723762581811800192e+04 -4.581489134579896927e-03 8.246680721640586853e-03 -5.100724846124649048e-02
6.723764583762199618e+04 -3.665191587060689926e-03 1.007927674800157547e-02 -4.856378585100173950e-02
6.723766570454099565e+04 -3.665191587060689926e-03 1.007927674800157547e-02 -4.917465150356292725e-02
6.723768572404800216e+04 -5.803219974040985107e-03 1.130100712180137634e-02 -5.009094998240470886e-02
6.723770574355599820e+04 -7.635815534740686417e-03 9.162978269159793854e-03 -5.070181563496589661e-02
6.723772573254699819e+04 -7.024950347840785980e-03 1.221730466932058334e-02 -4.948008432984352112e-02
6.723774575205499423e+04 -1.527163083665072918e-03 1.007927674800157547e-02 -4.581489413976669312e-02
6.723776577156600251e+04 -5.497787147760391235e-03 5.803219974040985107e-03 -4.764748737215995789e-02
6.723778563848900376e+04 -4.581489134579896927e-03 1.007927674800157547e-02 -4.734205827116966248e-02
6.723780562748199736e+04 -7.635815534740686417e-03 1.007927674800157547e-02 -4.978551715612411499e-02
6.723782567751199531e+04 -3.665191587060689926e-03 1.038470957428216934e-02 -4.917465150356292725e-02
6.723784569702399313e+04 -8.857546374201774597e-03 1.160643994808197021e-02 -4.825835302472114563e-02
6.723786571653699502e+04 -7.941247895359992981e-03 9.468411095440387726e-03 -4.673119261860847473e-02
6.723788570553300087e+04 -5.192354787141084671e-03 1.007927674800157547e-02 -4.795292019844055176e-02
6.723790575556500698e+04 -3.054326167330145836e-03 1.099557429552078247e-02 -5.131268128752708435e-02
6.723792574456200236e+04 -6.108652334660291672e-03 1.282817032188177109e-02 -4.886921867728233337e-02
6.723794576407699788e+04 -6.719517521560192108e-03 9.773843921720981598e-03 -5.009094998240470886e-02
6.723796578359400155e+04 -5.803219974040985107e-03 7.635815534740686417e-03 -5.009094998240470886e-02
6.723798580311000114e+04 -5.803219974040985107e-03 1.160643994808197021e-02 -5.192354694008827209e-02
6.723800582262600074e+04 -3.054326167330145836e-03 6.414085160940885544e-03 -5.131268128752708435e-02
6.723802584214300441e+04 -4.581489134579896927e-03 1.160643994808197021e-02 -4.886921867728233337e-02
6.723804586166099762e+04 -1.527163083665072918e-03 8.552113547921180725e-03 -4.764748737215995789e-02
6.723806588117900537e+04 -3.970623947679996490e-03 1.038470957428216934e-02 -5.253441259264945984e-02
6.723808590069800266e+04 -3.665191587060689926e-03 7.330383174121379852e-03 -4.948008432984352112e-02
6.723810592021599587e+04 -9.162978967651724815e-04 8.857546374201774597e-03 -4.795292019844055176e-02
6.723812593973499315e+04 -2.443460980430245399e-03 8.246680721640586853e-03 -4.795292019844055176e-02
6.723814595925499452e+04 -2.748893573880195618e-03 6.108652334660291672e-03 -4.856378585100173950e-02
6.723816597877599997e+04 -3.054326225537806749e-04 1.252273749560117722e-02 -4.978551715612411499e-02
6.723818599829600134e+04 -4.276056773960590363e-03 1.038470957428216934e-02 -5.192354694008827209e-02
6.723820601781600271e+04 -9.162978269159793854e-03 8.246680721640586853e-03 -4.886921867728233337e-02
6.723822606785400421e+04 -7.024950347840785980e-03 8.246680721640586853e-03 -5.009094998240470886e-02
6.723824605685799906e+04 -2.443460980430245399e-03 7.941247895359992981e-03 -5.070181563496589661e-02
6.723826610689700465e+04 -6.108652334660291672e-03 9.773843921720981598e-03 -4.764748737215995789e-02
6.723828612642000371e+04 -8.857546374201774597e-03 3.970623947679996490e-03 -4.886921867728233337e-02
6.723830611542399856e+04 -9.773843921720981598e-03 1.130100712180137634e-02 -4.886921867728233337e-02
6.723832613494599354e+04 -6.414085160940885544e-03 1.069014146924018860e-02 -5.161811411380767822e-02
6.723834615446900716e+04 -5.803219974040985107e-03 1.038470957428216934e-02 -5.070181563496589661e-02
6.723836617399100214e+04 -5.192354787141084671e-03 1.038470957428216934e-02 -4.703662544488906860e-02
6.723838619351500529e+04 -9.162978967651724815e-04 9.468411095440387726e-03 -4.703662544488906860e-02
6.723840621303899388e+04 -6.719517521560192108e-03 8.857546374201774597e-03 -5.039638280868530273e-02
6.723842623256299703e+04 -4.276056773960590363e-03 7.941247895359992981e-03 -4.917465150356292725e-02
6.723844622157000413e+04 -1.832595793530344963e-03 1.160643994808197021e-02 -4.703662544488906860e-02
6.723846627161100332e+04 -7.941247895359992981e-03 7.024950347840785980e-03 -4.734205827116966248e-02
6.723848626061799587e+04 -1.527163083665072918e-03 1.007927674800157547e-02 -5.039638280868530273e-02
6.723850628014199901e+04 -3.970623947679996490e-03 7.635815534740686417e-03 -5.070181563496589661e-02
6.723852629966600216e+04 -8.552113547921180725e-03 1.099557429552078247e-02 -4.734205827116966248e-02
6.723854631919199892e+04 -6.108652334660291672e-03 6.414085160940885544e-03 -4.917465150356292725e-02
6.723856633871799568e+04 -1.007927674800157547e-02 1.007927674800157547e-02 -4.459316283464431763e-02
6.723858635824400699e+04 -5.497787147760391235e-03 9.468411095440387726e-03 -4.917465150356292725e-02
6.723860637777000375e+04 -7.330383174121379852e-03 5.497787147760391235e-03 -4.703662544488906860e-02
6.723862642781400064e+04 -3.970623947679996490e-03 8.552113547921180725e-03 -4.917465150356292725e-02
6.723864641682199726e+04 -3.054326167330145836e-03 7.635815534740686417e-03 -5.009094998240470886e-02
6.723866643634799402e+04 -8.552113547921180725e-03 1.527163106948137283e-02 -4.917465150356292725e-02
6.723868645587400533e+04 -2.443460980430245399e-03 8.246680721640586853e-03 -4.734205827116966248e-02
6.723870647540000209e+04 -3.970623947679996490e-03 8.552113547921180725e-03 -4.795292019844055176e-02
6.723872649492599885e+04 3.054326225537806749e-04 8.246680721640586853e-03 -5.253441259264945984e-02
6.723874651445299969e+04 -3.054326167330145836e-03 7.024950347840785980e-03 -5.070181563496589661e-02
6.723876653397899645e+04 -1.527163083665072918e-03 6.108652334660291672e-03 -4.978551715612411499e-02
6.723878655350499321e+04 -7.024950347840785980e-03 1.252273749560117722e-02 -4.856378585100173950e-02
6.723880657303299813e+04 -4.276056773960590363e-03 1.130100712180137634e-02 -5.283984541893005371e-02
6.723882659256100305e+04 0.000000000000000000e+00 1.069014146924018860e-02 -4.795292019844055176e-02
6.723884661208899342e+04 -3.970623947679996490e-03 7.941247895359992981e-03 -5.253441259264945984e-02
6.723886663161699835e+04 -5.803219974040985107e-03 8.552113547921180725e-03 -5.070181563496589661e-02
6.723888665114500327e+04 -5.803219974040985107e-03 1.069014146924018860e-02 -5.283984541893005371e-02
6.723890667067299364e+04 -7.941247895359992981e-03 1.252273749560117722e-02 -4.978551715612411499e-02
6.723892669020099856e+04 -7.330383174121379852e-03 1.099557429552078247e-02 -4.764748737215995789e-02
6.723894670972900349e+04 -5.497787147760391235e-03 2.138028386980295181e-03 -4.978551715612411499e-02
6.723896672925799794e+04 -7.941247895359992981e-03 8.246680721640586853e-03 -4.978551715612411499e-02
6.723898674878600286e+04 -4.581489134579896927e-03 6.108652334660291672e-03 -5.283984541893005371e-02
6.723900676831399323e+04 -9.468411095440387726e-03 9.162978269159793854e-03 -4.917465150356292725e-02
6.723902678784199816e+04 -5.192354787141084671e-03 8.246680721640586853e-03 -4.978551715612411499e-02
6.723904680737000308e+04 -7.330383174121379852e-03 1.069014146924018860e-02 -5.009094998240470886e-02
6.723906682689799345e+04 -4.886921960860490799e-03 8.246680721640586853e-03 -4.856378585100173950e-02
6.723908684642599837e+04 -6.719517521560192108e-03 7.024950347840785980e-03 -4.398229718208312988e-02
6.723910686595400330e+04 -5.192354787141084671e-03 6.414085160940885544e-03 -4.856378585100173950e-02
6.723912688548199367e+04 -8.857546374201774597e-03 7.330383174121379852e-03 -5.283984541893005371e-02
6.723914693552799872e+04 -9.468411095440387726e-03 1.007927674800157547e-02 -4.825835302472114563e-02
6.723916692453800351e+04 -1.313360314816236496e-02 8.246680721640586853e-03 -4.856378585100173950e-02
6.723918694406900613e+04 -4.581489134579896927e-03 8.857546374201774597e-03 -4.703662544488906860e-02
6.723920702463400085e+04 -1.069014146924018860e-02 6.414085160940885544e-03 -5.100724846124649048e-02
6.723922701364700333e+04 -1.038470957428216934e-02 7.941247895359992981e-03 -4.764748737215995789e-02
6.723924709421199805e+04 -6.719517521560192108e-03 9.468411095440387726e-03 -5.009094998240470886e-02
6.723926711374199658e+04 -6.108652334660291672e-03 1.252273749560117722e-02 -4.886921867728233337e-02
6.723928707223699894e+04 -5.192354787141084671e-03 9.773843921720981598e-03 -4.948008432984352112e-02
6.723930703073200129e+04 -2.138028386980295181e-03 7.330383174121379852e-03 -5.253441259264945984e-02
6.723932705026199983e+04 -4.276056773960590363e-03 8.552113547921180725e-03 -5.100724846124649048e-02
6.723934706979199836e+04 -1.099557429552078247e-02 6.108652334660291672e-03 -4.856378585100173950e-02
6.723936727242699999e+04 -8.857546374201774597e-03 1.007927674800157547e-02 -4.978551715612411499e-02
6.723938710885199544e+04 -7.941247895359992981e-03 1.007927674800157547e-02 -4.825835302472114563e-02
6.723940712838199397e+04 -1.160643994808197021e-02 1.252273749560117722e-02 -4.978551715612411499e-02
6.723942714791200706e+04 -3.359758760780096054e-03 6.414085160940885544e-03 -4.886921867728233337e-02
6.723944716744200559e+04 -6.414085160940885544e-03 7.941247895359992981e-03 -4.856378585100173950e-02
6.723946724800700031e+04 -7.330383174121379852e-03 7.330383174121379852e-03 -4.978551715612411499e-02
6.723948720650200266e+04 -9.162978269159793854e-03 1.130100712180137634e-02 -4.673119261860847473e-02
6.723950722603200120e+04 -3.970623947679996490e-03 7.941247895359992981e-03 -5.131268128752708435e-02
6.723952724556199973e+04 -7.635815534740686417e-03 1.282817032188177109e-02 -4.886921867728233337e-02
6.723954726509199827e+04 -4.581489134579896927e-03 9.773843921720981598e-03 -5.161811411380767822e-02
6.723956728462199681e+04 -5.803219974040985107e-03 1.160643994808197021e-02 -4.886921867728233337e-02
6.723958730415199534e+04 -4.581489134579896927e-03 5.803219974040985107e-03 -4.581489413976669312e-02
6.723960732368199388e+04 -5.497787147760391235e-03 6.414085160940885544e-03 -4.795292019844055176e-02
6.723962734321200696e+04 -3.054326167330145836e-03 1.007927674800157547e-02 -4.948008432984352112e-02
6.723964736274200550e+04 -3.359758760780096054e-03 9.162978269159793854e-03 -4.948008432984352112e-02
6.723966738227200403e+04 -4.886921960860490799e-03 1.313360314816236496e-02 -4.825835302472114563e-02
6.723968737128400244e+04 -3.970623947679996490e-03 5.803219974040985107e-03 -5.070181563496589661e-02
6.723970742133200110e+04 -6.719517521560192108e-03 9.162978269159793854e-03 -4.948008432984352112e-02
6.723972744086199964e+04 -6.719517521560192108e-03 1.007927674800157547e-02 -4.764748737215995789e-02
6.723974746039199817e+04 -5.803219974040985107e-03 3.970623947679996490e-03 -4.673119261860847473e-02
6.723976747992199671e+04 -8.246680721640586853e-03 7.635815534740686417e-03 -4.978551715612411499e-02
6.723978746893399511e+04 -7.330383174121379852e-03 1.343903504312038422e-02 -5.192354694008827209e-02
6.723980748846399365e+04 -4.581489134579896927e-03 8.857546374201774597e-03 -5.314527451992034912e-02
6.723982753851200687e+04 -9.162978269159793854e-03 8.857546374201774597e-03 -5.131268128752708435e-02
6.723984755804200540e+04 -4.581489134579896927e-03 1.099557429552078247e-02 -4.978551715612411499e-02
6.723986754705400381e+04 -6.719517521560192108e-03 1.007927674800157547e-02 -4.886921867728233337e-02
6.723988756658400234e+04 -1.069014146924018860e-02 1.160643994808197021e-02 -4.825835302472114563e-02
6.723990758611400088e+04 -8.246680721640586853e-03 1.099557429552078247e-02 -4.948008432984352112e-02
6.723992760564399941e+04 -3.970623947679996490e-03 1.466076634824275970e-02 -4.917465150356292725e-02
6.723994762517399795e+04 -7.024950347840785980e-03 8.246680721640586853e-03 -5.192354694008827209e-02
6.723996767522199661e+04 -5.497787147760391235e-03 7.941247895359992981e-03 -4.734205827116966248e-02
6.723998766423399502e+04 -8.857546374201774597e-03 8.552113547921180725e-03 -5.070181563496589661e-02
6.724000768376399355e+04 -7.635815534740686417e-03 5.497787147760391235e-03 -4.337143152952194214e-02
6.724002770329400664e+04 -1.007927674800157547e-02 6.414085160940885544e-03 -4.550946131348609924e-02
6.724004772282400518e+04 -8.246680721640586853e-03 8.857546374201774597e-03 -4.978551715612411499e-02
6.724006774235400371e+04 -7.635815534740686417e-03 1.130100712180137634e-02 -4.489859566092491150e-02
6.724008776188400225e+04 -2.443460980430245399e-03 7.330383174121379852e-03 -4.703662544488906860e-02
6.724010781193200091e+04 1.221730490215122700e-03 1.160643994808197021e-02 -4.886921867728233337e-02
6.724012783146199945e+04 -3.054326167330145836e-03 9.468411095440387726e-03 -4.886921867728233337e-02
6.724014782047399785e+04 -3.970623947679996490e-03 8.246680721640586853e-03 -4.886921867728233337e-02
6.724016784000600455e+04 -5.803219974040985107e-03 1.069014146924018860e-02 -4.917465150356292725e-02
6.724018789005599683e+04 -4.581489134579896927e-03 1.069014146924018860e-02 -4.703662544488906860e-02
6.724020790958699945e+04 -6.719517521560192108e-03 1.343903504312038422e-02 -4.825835302472114563e-02
6.724021290958700411e+04 -9.162978967651724815e-04 8.857546374201774597e-03 -5.100724846124649048e-02
6.724021790958699421e+04 -9.162978967651724815e-04 8.857546374201774597e-03 -5.100724846124649048e-02
6.724022290958699887e+04 -9.162978967651724815e-04 8.857546374201774597e-03 -5.100724846124649048e-02
6.724022792911699798e+04 -9.162978967651724815e-04 8.857546374201774597e-03 -5.100724846124649048e-02
6.724023292911700264e+04 -1.832595793530344963e-03 1.191187184303998947e-02 -4.795292019844055176e-02
6.724023702335600683e+04 -1.832595793530344963e-03 1.191187184303998947e-02 -4.795292019844055176e-02
6.724024202335599693e+04 -3.359758760780096054e-03 1.099557429552078247e-02 -4.703662544488906860e-02
6.724024794864900468e+04 -3.359758760780096054e-03 1.099557429552078247e-02 -4.703662544488906860e-02
6.724025294864899479e+04 -6.108652334660291672e-03 6.719517521560192108e-03 -4.673119261860847473e-02
6.724025701236999885e+04 -6.108652334660291672e-03 6.719517521560192108e-03 -4.673119261860847473e-02
6.724026201237000350e+04 -6.414085160940885544e-03 5.497787147760391235e-03 -4.856378585100173950e-02
6.724026802921599301e+04 -6.414085160940885544e-03 5.497787147760391235e-03 -4.856378585100173950e-02
6.724027697086600529e+04 -4.581489134579896927e-03 1.038470957428216934e-02 -4.856378585100173950e-02
6.724028197086599539e+04 -4.886921960860490799e-03 1.130100712180137634e-02 -4.764748737215995789e-02
6.724028795719399932e+04 -4.886921960860490799e-03 1.130100712180137634e-02 -4.764748737215995789e-02
6.724029295719400398e+04 -5.192354787141084671e-03 9.773843921720981598e-03 -4.856378585100173950e-02
6.724029726505499275e+04 -5.192354787141084671e-03 9.773843921720981598e-03 -4.856378585100173950e-02
6.724030226505499741e+04 -7.941247895359992981e-03 1.069014146924018860e-02 -4.917465150356292725e-02
6.724030797672399785e+04 -7.941247895359992981e-03 1.069014146924018860e-02 -4.917465150356292725e-02
6.724031297672400251e+04 -8.246680721640586853e-03 1.221730466932058334e-02 -4.795292019844055176e-02
6.724031707096300670e+04 -8.246680721640586853e-03 1.221730466932058334e-02 -4.795292019844055176e-02
6.724032207096299680e+04 -7.635815534740686417e-03 8.246680721640586853e-03 -4.703662544488906860e-02
6.724032799625600455e+04 -7.635815534740686417e-03 8.246680721640586853e-03 -4.703662544488906860e-02
6.724033299625599466e+04 -8.857546374201774597e-03 4.581489134579896927e-03 -4.917465150356292725e-02
6.724033709049499885e+04 -8.857546374201774597e-03 4.581489134579896927e-03 -4.917465150356292725e-02
6.724034209049500350e+04 -7.330383174121379852e-03 4.581489134579896927e-03 -4.856378585100173950e-02
6.724034801578799670e+04 -7.330383174121379852e-03 4.581489134579896927e-03 -4.856378585100173950e-02
6.724035301578800136e+04 -5.192354787141084671e-03 7.941247895359992981e-03 -4.795292019844055176e-02
6.724035707950900542e+04 -5.192354787141084671e-03 7.941247895359992981e-03 -4.795292019844055176e-02
6.724036207950899552e+04 -4.581489134579896927e-03 9.773843921720981598e-03 -4.856378585100173950e-02
6.724036803531899932e+04 -4.581489134579896927e-03 9.773843921720981598e-03 -4.856378585100173950e-02
6.724037303531900398e+04 -3.359758760780096054e-03 6.719517521560192108e-03 -5.009094998240470886e-02
6.724037703800399322e+04 -3.359758760780096054e-03 6.719517521560192108e-03 -5.009094998240470886e-02
6.724038203800399788e+04 -2.443460980430245399e-03 4.581489134579896927e-03 -5.131268128752708435e-02
6.724038805484899785e+04 -2.443460980430245399e-03 4.581489134579896927e-03 -5.131268128752708435e-02
6.724039305484900251e+04 -3.665191587060689926e-03 8.857546374201774597e-03 -5.131268128752708435e-02
6.724039727115799906e+04 -3.665191587060689926e-03 8.857546374201774597e-03 -5.131268128752708435e-02
6.724040227115800371e+04 -8.552113547921180725e-03 9.162978269159793854e-03 -5.100724846124649048e-02
6.724040807438100455e+04 -8.552113547921180725e-03 9.162978269159793854e-03 -5.100724846124649048e-02
6.724041307438099466e+04 -6.414085160940885544e-03 9.773843921720981598e-03 -5.039638280868530273e-02
6.724041710758500267e+04 -6.414085160940885544e-03 9.773843921720981598e-03 -5.039638280868530273e-02
6.724042210758499277e+04 -2.748893573880195618e-03 1.069014146924018860e-02 -5.009094998240470886e-02
6.724042809391299670e+04 -2.748893573880195618e-03 1.069014146924018860e-02 -5.009094998240470886e-02
6.724043309391300136e+04 -3.359758760780096054e-03 1.282817032188177109e-02 -4.948008432984352112e-02
6.724043709659899469e+04 -3.359758760780096054e-03 1.282817032188177109e-02 -4.948008432984352112e-02
6.724044209659899934e+04 -5.803219974040985107e-03 1.099557429552078247e-02 -4.917465150356292725e-02
6.724044811344399932e+04 -5.803219974040985107e-03 1.099557429552078247e-02 -4.917465150356292725e-02
6.724045311344400398e+04 -3.359758760780096054e-03 5.803219974040985107e-03 -4.917465150356292725e-02
6.724045711612899322e+04 -3.359758760780096054e-03 5.803219974040985107e-03 -4.917465150356292725e-02
6.724046211612899788e+04 -3.970623947679996490e-03 1.007927674800157547e-02 -5.009094998240470886e-02
6.724046813297399785e+04 -3.970623947679996490e-03 1.007927674800157547e-02 -5.009094998240470886e-02
6.724047313297400251e+04 -7.330383174121379852e-03 1.282817032188177109e-02 -4.948008432984352112e-02
6.724047713565999584e+04 -7.330383174121379852e-03 1.282817032188177109e-02 -4.948008432984352112e-02
6.724048213566000049e+04 -7.330383174121379852e-03 1.191187184303998947e-02 -4.856378585100173950e-02
6.724048815250600455e+04 -7.330383174121379852e-03 1.191187184303998947e-02 -4.856378585100173950e-02
6.724049315250599466e+04 -5.192354787141084671e-03 7.635815534740686417e-03 -4.886921867728233337e-02
6.724049727726299898e+04 -5.192354787141084671e-03 7.635815534740686417e-03 -4.886921867728233337e-02
6.724050227726300363e+04 -5.803219974040985107e-03 7.024950347840785980e-03 -4.734205827116966248e-02
6.724050817203799670e+04 -5.803219974040985107e-03 7.024950347840785980e-03 -4.734205827116966248e-02
6.724051317203800136e+04 -8.246680721640586853e-03 1.191187184303998947e-02 -4.581489413976669312e-02
6.724051717472399469e+04 -8.246680721640586853e-03 1.191187184303998947e-02 -4.581489413976669312e-02
6.724052217472399934e+04 -1.069014146924018860e-02 8.857546374201774597e-03 -4.581489413976669312e-02
6.724052816105200327e+04 -1.069014146924018860e-02 8.857546374201774597e-03 -4.581489413976669312e-02
6.724053316105199337e+04 -1.343903504312038422e-02 6.719517521560192108e-03 -4.612032696604728699e-02
6.724053719425399322e+04 -1.343903504312038422e-02 6.719517521560192108e-03 -4.612032696604728699e-02
6.724054219425399788e+04 -1.160643994808197021e-02 7.941247895359992981e-03 -4.612032696604728699e-02
6.724054821109899785e+04 -1.160643994808197021e-02 7.941247895359992981e-03 -4.612032696604728699e-02
6.724055321109900251e+04 -3.970623947679996490e-03 8.552113547921180725e-03 -4.948008432984352112e-02
6.724055721378499584e+04 -3.970623947679996490e-03 8.552113547921180725e-03 -4.948008432984352112e-02
6.724056221378500049e+04 -2.443460980430245399e-03 1.099557429552078247e-02 -4.917465150356292725e-02
6.724056899357099610e+04 -2.443460980430245399e-03 1.099557429552078247e-02 -4.917465150356292725e-02
6.724057729435199872e+04 -4.581489134579896927e-03 1.160643994808197021e-02 -4.703662544488906860e-02
6.724058229435200337e+04 -6.414085160940885544e-03 1.069014146924018860e-02 -4.764748737215995789e-02
6.724058825016299670e+04 -6.414085160940885544e-03 1.069014146924018860e-02 -4.764748737215995789e-02
6.724059325016300136e+04 -5.497787147760391235e-03 9.468411095440387726e-03 -4.978551715612411499e-02
6.724059728336699482e+04 -5.497787147760391235e-03 9.468411095440387726e-03 -4.978551715612411499e-02
6.724060228336699947e+04 -8.552113547921180725e-03 4.581489134579896927e-03 -4.764748737215995789e-02
6.724060826969399932e+04 -8.552113547921180725e-03 4.581489134579896927e-03 -4.764748737215995789e-02
6.724061326969400398e+04 -8.246680721640586853e-03 4.886921960860490799e-03 -4.734205827116966248e-02
6.724061730289699335e+04 -8.246680721640586853e-03 4.886921960860490799e-03 -4.734205827116966248e-02
6.724062230289699801e+04 -2.748893573880195618e-03 7.330383174121379852e-03 -5.070181563496589661e-02
6.724062831974199798e+04 -2.748893573880195618e-03 7.330383174121379852e-03 -5.070181563496589661e-02
6.724063674259299296e+04 3.359758760780096054e-03 8.857546374201774597e-03 -5.131268128752708435e-02
6.724064174259299762e+04 1.221730490215122700e-03 1.007927674800157547e-02 -4.825835302472114563e-02
6.724064830875600455e+04 1.221730490215122700e-03 1.007927674800157547e-02 -4.825835302472114563e-02
6.724065676212499966e+04 -1.221730490215122700e-03 7.024950347840785980e-03 -5.009094998240470886e-02
6.724066176212500432e+04 -2.443460980430245399e-03 5.803219974040985107e-03 -4.948008432984352112e-02
6.724066881657000340e+04 -2.443460980430245399e-03 5.803219974040985107e-03 -4.948008432984352112e-02
6.724067678165700636e+04 -2.138028386980295181e-03 9.468411095440387726e-03 -4.489859566092491150e-02
6.724068178165699646e+04 -3.665191587060689926e-03 8.857546374201774597e-03 -4.428773000836372375e-02
6.724068834781899932e+04 -3.665191587060689926e-03 8.857546374201774597e-03 -4.428773000836372375e-02
6.724069680118799442e+04 -5.192354787141084671e-03 8.246680721640586853e-03 -4.795292019844055176e-02
6.724070180118799908e+04 -7.635815534740686417e-03 1.099557429552078247e-02 -4.795292019844055176e-02
6.724070836734899785e+04 -7.635815534740686417e-03 1.099557429552078247e-02 -4.795292019844055176e-02
6.724071682071799296e+04 -7.635815534740686417e-03 1.130100712180137634e-02 -4.917465150356292725e-02
6.724072182071799762e+04 -6.414085160940885544e-03 1.221730466932058334e-02 -4.856378585100173950e-02
6.724072838688100455e+04 -6.414085160940885544e-03 1.221730466932058334e-02 -4.856378585100173950e-02
6.724073680973199953e+04 -1.160643994808197021e-02 9.773843921720981598e-03 -4.550946131348609924e-02
6.724074180973200419e+04 -9.468411095440387726e-03 8.552113547921180725e-03 -4.825835302472114563e-02
6.724074837589600065e+04 -9.468411095440387726e-03 8.552113547921180725e-03 -4.825835302472114563e-02
6.724075682926400623e+04 -6.414085160940885544e-03 6.719517521560192108e-03 -4.917465150356292725e-02
6.724076182926399633e+04 -5.497787147760391235e-03 5.803219974040985107e-03 -4.734205827116966248e-02
6.724076839542700327e+04 -5.497787147760391235e-03 5.803219974040985107e-03 -4.734205827116966248e-02
6.724077684879499429e+04 -4.886921960860490799e-03 9.468411095440387726e-03 -4.612032696604728699e-02
6.724078184879499895e+04 -8.246680721640586853e-03 1.007927674800157547e-02 -4.581489413976669312e-02
6.724078841495700181e+04 -8.246680721640586853e-03 1.007927674800157547e-02 -4.581489413976669312e-02
6.724079686832499283e+04 -9.162978269159793854e-03 4.886921960860490799e-03 -4.459316283464431763e-02
6.724080186832499749e+04 -5.497787147760391235e-03 4.276056773960590363e-03 -4.764748737215995789e-02
6.724080843448899395e+04 -5.497787147760391235e-03 4.276056773960590363e-03 -4.764748737215995789e-02
6.724081688785699953e+04 -3.970623947679996490e-03 1.282817032188177109e-02 -4.825835302472114563e-02
6.724082188785700419e+04 -5.803219974040985107e-03 1.221730466932058334e-02 -4.917465150356292725e-02
6.724082845402100065e+04 -5.803219974040985107e-03 1.221730466932058334e-02 -4.917465150356292725e-02
6.724083693790799589e+04 -5.192354787141084671e-03 6.414085160940885544e-03 -4.886921867728233337e-02
6.724084193790800055e+04 -4.276056773960590363e-03 5.803219974040985107e-03 -4.825835302472114563e-02
6.724084847355200327e+04 -4.276056773960590363e-03 5.803219974040985107e-03 -4.825835302472114563e-02
6.724085695743799442e+04 -5.497787147760391235e-03 1.069014146924018860e-02 -4.825835302472114563e-02
6.724086195743799908e+04 -6.108652334660291672e-03 1.099557429552078247e-02 -4.856378585100173950e-02
6.724086849308200181e+04 -6.108652334660291672e-03 1.099557429552078247e-02 -4.856378585100173950e-02
6.724087697696899704e+04 -4.581489134579896927e-03 8.857546374201774597e-03 -5.070181563496589661e-02
6.724088197696900170e+04 -3.665191587060689926e-03 9.773843921720981598e-03 -5.161811411380767822e-02
6.724088851261399395e+04 -3.665191587060689926e-03 9.773843921720981598e-03 -5.161811411380767822e-02
6.724089699650100374e+04 -6.108652451075613499e-04 1.099557429552078247e-02 -4.825835302472114563e-02
6.724090199650099385e+04 -3.970623947679996490e-03 1.069014146924018860e-02 -4.489859566092491150e-02
6.724090853214600065e+04 -3.970623947679996490e-03 1.069014146924018860e-02 -4.489859566092491150e-02
6.724091701603299589e+04 -6.719517521560192108e-03 1.160643994808197021e-02 -4.581489413976669312e-02
6.724092201603300055e+04 -8.552113547921180725e-03 8.552113547921180725e-03 -4.795292019844055176e-02
6.724092855167700327e+04 -8.552113547921180725e-03 8.552113547921180725e-03 -4.795292019844055176e-02
6.724093703556299442e+04 -1.007927674800157547e-02 8.857546374201774597e-03 -4.917465150356292725e-02
6.724094203556299908e+04 -7.330383174121379852e-03 9.773843921720981598e-03 -4.856378585100173950e-02
6.724094857120700181e+04 -7.330383174121379852e-03 9.773843921720981598e-03 -4.856378585100173950e-02
6.724095702457599691e+04 -4.581489134579896927e-03 9.773843921720981598e-03 -5.009094998240470886e-02
6.724096202457600157e+04 -5.803219974040985107e-03 9.468411095440387726e-03 -4.917465150356292725e-02
6.724096886539699335e+04 -5.803219974040985107e-03 9.468411095440387726e-03 -4.917465150356292725e-02
6.724097707462600374e+04 -5.803219974040985107e-03 7.635815534740686417e-03 -4.856378585100173950e-02
6.724098207462599385e+04 -8.552113547921180725e-03 6.414085160940885544e-03 -4.764748737215995789e-02
6.724098861027100065e+04 -8.552113547921180725e-03 6.414085160940885544e-03 -4.764748737215995789e-02
6.724099706363999576e+04 -9.468411095440387726e-03 6.414085160940885544e-03 -4.673119261860847473e-02
6.724100206364000042e+04 -1.007927674800157547e-02 7.330383174121379852e-03 -4.734205827116966248e-02
6.724100862980200327e+04 -1.007927674800157547e-02 7.330383174121379852e-03 -4.734205827116966248e-02
6.724101708316999429e+04 -9.468411095440387726e-03 8.857546374201774597e-03 -4.825835302472114563e-02
6.724102208316999895e+04 -6.414085160940885544e-03 1.099557429552078247e-02 -4.825835302472114563e-02
6.724102864933200181e+04 -6.414085160940885544e-03 1.099557429552078247e-02 -4.825835302472114563e-02
6.724103710270099691e+04 -9.162978269159793854e-03 1.038470957428216934e-02 -4.612032696604728699e-02
6.724104210270100157e+04 -1.130100712180137634e-02 7.941247895359992981e-03 -4.581489413976669312e-02
6.724104866886399395e+04 -1.130100712180137634e-02 7.941247895359992981e-03 -4.581489413976669312e-02
6.724105712223300361e+04 -1.435533352196216583e-02 7.635815534740686417e-03 -4.673119261860847473e-02
6.724106212223299372e+04 -1.282817032188177109e-02 9.468411095440387726e-03 -4.795292019844055176e-02
6.724106868839600065e+04 -1.282817032188177109e-02 9.468411095440387726e-03 -4.795292019844055176e-02
6.724107714176499576e+04 -8.857546374201774597e-03 8.857546374201774597e-03 -5.039638280868530273e-02
6.724108214176500042e+04 -2.138028386980295181e-03 9.773843921720981598e-03 -5.222897976636886597e-02
6.724108870792700327e+04 -2.138028386980295181e-03 9.773843921720981598e-03 -5.222897976636886597e-02
6.724109716129499429e+04 0.000000000000000000e+00 1.282817032188177109e-02 -5.161811411380767822e-02
6.724110216129499895e+04 -7.941247895359992981e-03 9.162978269159793854e-03 -5.131268128752708435e-02
6.724110872745700181e+04 -7.941247895359992981e-03 9.162978269159793854e-03 -5.131268128752708435e-02
6.724111718082599691e+04 -8.857546374201774597e-03 7.024950347840785980e-03 -5.039638280868530273e-02
6.724112218082600157e+04 -7.635815534740686417e-03 9.773843921720981598e-03 -4.734205827116966248e-02
6.724112874698899395e+04 -7.635815534740686417e-03 9.773843921720981598e-03 -4.734205827116966248e-02
6.724113720035800361e+04 -9.162978269159793854e-03 1.130100712180137634e-02 -4.734205827116966248e-02
6.724114220035799372e+04 -8.857546374201774597e-03 1.160643994808197021e-02 -4.978551715612411499e-02
6.724114876652100065e+04 -8.857546374201774597e-03 1.160643994808197021e-02 -4.978551715612411499e-02
6.724115721988999576e+04 -3.665191587060689926e-03 1.191187184303998947e-02 -5.345070734620094299e-02
6.724116221989000042e+04 -7.635815534740686417e-03 7.024950347840785980e-03 -5.283984541893005371e-02
6.724116878605200327e+04 -7.635815534740686417e-03 7.024950347840785980e-03 -5.283984541893005371e-02
6.724117723941999429e+04 -1.130100712180137634e-02 7.635815534740686417e-03 -4.795292019844055176e-02
6.724118223941999895e+04 -7.635815534740686417e-03 1.160643994808197021e-02 -4.825835302472114563e-02
6.724118880558200181e+04 -7.635815534740686417e-03 1.160643994808197021e-02 -4.825835302472114563e-02
6.724119725895099691e+04 -2.748893573880195618e-03 9.162978269159793854e-03 -4.917465150356292725e-02
6.724120225895100157e+04 -5.192354787141084671e-03 7.024950347840785980e-03 -5.009094998240470886e-02
6.724120882511399395e+04 -5.192354787141084671e-03 7.024950347840785980e-03 -5.009094998240470886e-02
6.724121727848300361e+04 -6.414085160940885544e-03 4.276056773960590363e-03 -4.886921867728233337e-02
6.724122227848299372e+04 -8.246680721640586853e-03 5.803219974040985107e-03 -4.825835302472114563e-02
6.724122884464600065e+04 -8.246680721640586853e-03 5.803219974040985107e-03 -4.825835302472114563e-02
6.724123729801499576e+04 -8.857546374201774597e-03 9.162978269159793854e-03 -5.009094998240470886e-02
6.724124229801500042e+04 -7.941247895359992981e-03 7.941247895359992981e-03 -5.070181563496589661e-02
6.724124886417700327e+04 -7.941247895359992981e-03 7.941247895359992981e-03 -5.070181563496589661e-02
6.724125731754499429e+04 -5.803219974040985107e-03 7.024950347840785980e-03 -4.917465150356292725e-02
6.724126231754499895e+04 -3.359758760780096054e-03 9.162978269159793854e-03 -4.734205827116966248e-02
6.724126888370700181e+04 -3.359758760780096054e-03 9.162978269159793854e-03 -4.734205827116966248e-02
6.724127733707599691e+04 -3.359758760780096054e-03 4.581489134579896927e-03 -4.642575979232788086e-02
6.724128233707600157e+04 -5.192354787141084671e-03 2.748893573880195618e-03 -4.795292019844055176e-02
6.724128890323899395e+04 -5.192354787141084671e-03 2.748893573880195618e-03 -4.795292019844055176e-02
6.724129735660800361e+04 -6.108652334660291672e-03 6.108652334660291672e-03 -5.070181563496589661e-02
6.724130235660799372e+04 -3.970623947679996490e-03 8.246680721640586853e-03 -4.886921867728233337e-02
6.724130892277100065e+04 -3.970623947679996490e-03 8.246680721640586853e-03 -4.886921867728233337e-02
6.724131737613999576e+04 -7.635815534740686417e-03 8.246680721640586853e-03 -4.764748737215995789e-02
6.724132237614000042e+04 -5.192354787141084671e-03 1.007927674800157547e-02 -5.070181563496589661e-02
6.724132894230200327e+04 -5.192354787141084671e-03 1.007927674800157547e-02 -5.070181563496589661e-02
6.724133739566999429e+04 -6.108652451075613499e-04 1.221730466932058334e-02 -5.192354694008827209e-02
6.724134239566999895e+04 -2.748893573880195618e-03 1.282817032188177109e-02 -4.948008432984352112e-02
6.724134893131400167e+04 -2.748893573880195618e-03 1.282817032188177109e-02 -4.948008432984352112e-02
6.724135738468400086e+04 -4.276056773960590363e-03 9.468411095440387726e-03 -4.734205827116966248e-02
6.724136238468400552e+04 -1.527163083665072918e-03 5.192354787141084671e-03 -4.917465150356292725e-02
6.724136895084599382e+04 -1.527163083665072918e-03 5.192354787141084671e-03 -4.917465150356292725e-02
6.724137740421599301e+04 -4.886921960860490799e-03 1.007927674800157547e-02 -4.886921867728233337e-02
6.724138240421599767e+04 -8.246680721640586853e-03 1.252273749560117722e-02 -4.734205827116966248e-02
6.724138897037800052e+04 -8.246680721640586853e-03 1.252273749560117722e-02 -4.734205827116966248e-02
6.724139745426499576e+04 -5.497787147760391235e-03 6.414085160940885544e-03 -4.856378585100173950e-02
6.724140245426500042e+04 -8.857546374201774597e-03 7.941247895359992981e-03 -5.100724846124649048e-02
6.724140898990900314e+04 -8.857546374201774597e-03 7.941247895359992981e-03 -5.100724846124649048e-02
6.724141744327799825e+04 -1.069014146924018860e-02 8.552113547921180725e-03 -5.100724846124649048e-02
6.724142244327800290e+04 -7.941247895359992981e-03 7.330383174121379852e-03 -5.070181563496589661e-02
6.724142903995700181e+04 -7.941247895359992981e-03 7.330383174121379852e-03 -5.070181563496589661e-02
6.724143746280900086e+04 -7.024950347840785980e-03 7.024950347840785980e-03 -5.039638280868530273e-02
6.724144246280900552e+04 -9.162978269159793854e-03 8.246680721640586853e-03 -4.978551715612411499e-02
6.724144902897099382e+04 -9.162978269159793854e-03 8.246680721640586853e-03 -4.978551715612411499e-02
6.724145748234099301e+04 -8.246680721640586853e-03 6.719517521560192108e-03 -4.978551715612411499e-02
6.724146248234099767e+04 -7.635815534740686417e-03 6.108652334660291672e-03 -4.978551715612411499e-02
6.724146907902100065e+04 -7.635815534740686417e-03 6.108652334660291672e-03 -4.978551715612411499e-02
6.724147750187299971e+04 -4.886921960860490799e-03 7.330383174121379852e-03 -4.978551715612411499e-02
6.724148250187300437e+04 -2.748893573880195618e-03 6.719517521560192108e-03 -5.039638280868530273e-02
6.724148909855200327e+04 -2.748893573880195618e-03 6.719517521560192108e-03 -5.039638280868530273e-02
6.724149752140299825e+04 -1.832595793530344963e-03 1.099557429552078247e-02 -4.978551715612411499e-02
6.724150252140300290e+04 -9.162978967651724815e-04 1.130100712180137634e-02 -4.825835302472114563e-02
6.724150908756400167e+04 -9.162978967651724815e-04 1.130100712180137634e-02 -4.825835302472114563e-02
6.724151754093400086e+04 -3.054326225537806749e-04 9.773843921720981598e-03 -4.948008432984352112e-02
6.724152254093400552e+04 -2.138028386980295181e-03 1.099557429552078247e-02 -4.917465150356292725e-02
6.724152910709599382e+04 -2.138028386980295181e-03 1.099557429552078247e-02 -4.917465150356292725e-02
6.724153756046599301e+04 -9.162978967651724815e-04 1.160643994808197021e-02 -5.039638280868530273e-02
6.724154256046599767e+04 1.221730490215122700e-03 1.007927674800157547e-02 -5.283984541893005371e-02
6.724154912662800052e+04 1.221730490215122700e-03 1.007927674800157547e-02 -5.283984541893005371e-02
6.724155761051499576e+04 1.527163083665072918e-03 8.246680721640586853e-03 -5.283984541893005371e-02
6.724156261051500042e+04 -2.138028386980295181e-03 7.330383174121379852e-03 -4.795292019844055176e-02
6.724156917667700327e+04 -2.138028386980295181e-03 7.330383174121379852e-03 -4.795292019844055176e-02
6.724157763004499429e+04 -5.497787147760391235e-03 7.941247895359992981e-03 -4.612032696604728699e-02
6.724158263004499895e+04 -6.719517521560192108e-03 9.468411095440387726e-03 -4.703662544488906860e-02
6.724158919620700181e+04 -6.719517521560192108e-03 9.468411095440387726e-03 -4.703662544488906860e-02
6.724159764957599691e+04 -6.719517521560192108e-03 1.038470957428216934e-02 -5.161811411380767822e-02
6.724160264957600157e+04 -5.497787147760391235e-03 8.246680721640586853e-03 -5.314527451992034912e-02
6.724160921573899395e+04 -5.497787147760391235e-03 8.246680721640586853e-03 -5.314527451992034912e-02
6.724161766910800361e+04 -7.941247895359992981e-03 9.468411095440387726e-03 -5.039638280868530273e-02
6.724162266910799372e+04 -9.773843921720981598e-03 1.221730466932058334e-02 -4.886921867728233337e-02
6.724162920475300052e+04 -9.773843921720981598e-03 1.221730466932058334e-02 -4.886921867728233337e-02
6.724163762760399550e+04 -1.130100712180137634e-02 1.069014146924018860e-02 -4.764748737215995789e-02
6.724164262760400015e+04 -8.857546374201774597e-03 7.941247895359992981e-03 -4.734205827116966248e-02
6.724164919376600301e+04 -8.857546374201774597e-03 7.941247895359992981e-03 -4.734205827116966248e-02
6.724165764713399403e+04 -1.160643994808197021e-02 6.414085160940885544e-03 -4.978551715612411499e-02
6.724166264713399869e+04 -8.857546374201774597e-03 1.007927674800157547e-02 -4.825835302472114563e-02
6.724166921329700563e+04 -8.857546374201774597e-03 1.007927674800157547e-02 -4.825835302472114563e-02
6.724167766666600073e+04 -4.581489134579896927e-03 1.038470957428216934e-02 -4.856378585100173950e-02
6.724168266666600539e+04 -5.192354787141084671e-03 7.635815534740686417e-03 -4.948008432984352112e-02
6.724168923282899777e+04 -5.192354787141084671e-03 7.635815534740686417e-03 -4.948008432984352112e-02
6.724169768619799288e+04 -6.108652334660291672e-03 4.581489134579896927e-03 -4.917465150356292725e-02
6.724170268619799754e+04 -6.414085160940885544e-03 4.886921960860490799e-03 -5.009094998240470886e-02
6.724170925236100447e+04 -6.414085160940885544e-03 4.886921960860490799e-03 -5.009094998240470886e-02
6.724171770572899550e+04 -6.108652334660291672e-03 1.038470957428216934e-02 -4.917465150356292725e-02
6.724172270572900015e+04 -7.024950347840785980e-03 1.007927674800157547e-02 -4.581489413976669312e-02
6.724172927189100301e+04 -7.024950347840785980e-03 1.007927674800157547e-02 -4.581489413976669312e-02
6.724173772525899403e+04 -3.665191587060689926e-03 9.773843921720981598e-03 -4.734205827116966248e-02
6.724174272525899869e+04 -9.162978967651724815e-04 1.160643994808197021e-02 -4.948008432984352112e-02
6.724174929142200563e+04 -9.162978967651724815e-04 1.160643994808197021e-02 -4.948008432984352112e-02
6.724175774479100073e+04 -6.414085160940885544e-03 1.466076634824275970e-02 -4.917465150356292725e-02
6.724176274479100539e+04 -7.941247895359992981e-03 1.343903504312038422e-02 -4.825835302472114563e-02
6.724176931095399777e+04 -7.941247895359992981e-03 1.343903504312038422e-02 -4.825835302472114563e-02
6.724177776432299288e+04 -7.635815534740686417e-03 1.099557429552078247e-02 -4.917465150356292725e-02
6.724178276432299754e+04 -6.414085160940885544e-03 9.468411095440387726e-03 -4.978551715612411499e-02
6.724178933048600447e+04 -6.414085160940885544e-03 9.468411095440387726e-03 -4.978551715612411499e-02
6.724179778385399550e+04 -3.054326167330145836e-03 9.468411095440387726e-03 -5.070181563496589661e-02
6.724180278385400015e+04 -2.443460980430245399e-03 1.160643994808197021e-02 -5.070181563496589661e-02
6.724180935001600301e+04 -2.443460980430245399e-03 1.160643994808197021e-02 -5.070181563496589661e-02
6.724181780338399403e+04 -8.857546374201774597e-03 9.773843921720981598e-03 -5.009094998240470886e-02
6.724182280338399869e+04 -8.552113547921180725e-03 5.803219974040985107e-03 -4.917465150356292725e-02
6.724182936954700563e+04 -8.552113547921180725e-03 5.803219974040985107e-03 -4.917465150356292725e-02
6.724183782291600073e+04 -7.024950347840785980e-03 8.552113547921180725e-03 -4.886921867728233337e-02
6.724184282291600539e+04 -4.276056773960590363e-03 1.191187184303998947e-02 -4.917465150356292725e-02
6.724184938907899777e+04 -4.276056773960590363e-03 1.191187184303998947e-02 -4.917465150356292725e-02
6.724185784244799288e+04 -6.414085160940885544e-03 1.160643994808197021e-02 -4.886921867728233337e-02
6.724186284244799754e+04 -1.221730466932058334e-02 7.330383174121379852e-03 -4.764748737215995789e-02
6.724186940861100447e+04 -1.221730466932058334e-02 7.330383174121379852e-03 -4.764748737215995789e-02
6.724187786197899550e+04 -1.252273749560117722e-02 4.581489134579896927e-03 -4.795292019844055176e-02
6.724188286197900015e+04 -9.773843921720981598e-03 5.497787147760391235e-03 -4.734205827116966248e-02
6.724188942814100301e+04 -9.773843921720981598e-03 5.497787147760391235e-03 -4.734205827116966248e-02
6.724189788150899403e+04 -9.773843921720981598e-03 4.581489134579896927e-03 -4.612032696604728699e-02
6.724190288150899869e+04 -8.857546374201774597e-03 7.024950347840785980e-03 -4.642575979232788086e-02
6.724190941715400550e+04 -8.857546374201774597e-03 7.024950347840785980e-03 -4.642575979232788086e-02
6.724191790104100073e+04 -6.108652334660291672e-03 1.313360314816236496e-02 -4.642575979232788086e-02
6.724192290104100539e+04 -3.970623947679996490e-03 9.773843921720981598e-03 -4.978551715612411499e-02
6.724192946720399777e+04 -3.970623947679996490e-03 9.773843921720981598e-03 -4.978551715612411499e-02
6.724193792057299288e+04 -4.581489134579896927e-03 6.719517521560192108e-03 -5.070181563496589661e-02
6.724194292057299754e+04 -3.665191587060689926e-03 4.276056773960590363e-03 -5.070181563496589661e-02
6.724194948673600447e+04 -3.665191587060689926e-03 4.276056773960590363e-03 -5.070181563496589661e-02
6.724195790958699945e+04 -5.497787147760391235e-03 9.468411095440387726e-03 -5.070181563496589661e-02
6.724196290958700411e+04 -3.359758760780096054e-03 1.191187184303998947e-02 -5.009094998240470886e-02
6.724196950626600301e+04 -3.359758760780096054e-03 1.191187184303998947e-02 -5.009094998240470886e-02
6.724197795963399403e+04 -1.527163083665072918e-03 1.130100712180137634e-02 -4.825835302472114563e-02
6.724198295963399869e+04 -3.970623947679996490e-03 9.773843921720981598e-03 -4.734205827116966248e-02
6.724198952579700563e+04 -3.970623947679996490e-03 9.773843921720981598e-03 -4.734205827116966248e-02
6.724199797916600073e+04 -3.359758760780096054e-03 8.246680721640586853e-03 -4.917465150356292725e-02
6.724200297916600539e+04 -1.527163083665072918e-03 9.162978269159793854e-03 -5.100724846124649048e-02
6.724200954532899777e+04 -1.527163083665072918e-03 9.162978269159793854e-03 -5.100724846124649048e-02
6.724201799869799288e+04 -1.832595793530344963e-03 1.130100712180137634e-02 -4.795292019844055176e-02
6.724202299869799754e+04 -5.497787147760391235e-03 1.282817032188177109e-02 -4.825835302472114563e-02
6.724202956486100447e+04 -5.497787147760391235e-03 1.282817032188177109e-02 -4.825835302472114563e-02
6.724203801822899550e+04 -4.581489134579896927e-03 9.773843921720981598e-03 -4.978551715612411499e-02
6.724204301822900015e+04 -5.803219974040985107e-03 7.635815534740686417e-03 -4.825835302472114563e-02
6.724204958439100301e+04 -5.803219974040985107e-03 7.635815534740686417e-03 -4.825835302472114563e-02
6.724205803775899403e+04 -5.803219974040985107e-03 9.162978269159793854e-03 -4.764748737215995789e-02
6.724206303775899869e+04 -4.581489134579896927e-03 9.162978269159793854e-03 -4.948008432984352112e-02
6.724206957340400550e+04 -4.581489134579896927e-03 9.162978269159793854e-03 -4.948008432984352112e-02
6.724207802677400468e+04 -3.970623947679996490e-03 9.468411095440387726e-03 -5.161811411380767822e-02
6.724208302677399479e+04 -2.748893573880195618e-03 1.130100712180137634e-02 -5.161811411380767822e-02
6.724208962345399777e+04 -2.748893573880195618e-03 1.130100712180137634e-02 -5.161811411380767822e-02
6.724209807682299288e+04 -2.138028386980295181e-03 1.191187184303998947e-02 -4.856378585100173950e-02
6.724210307682299754e+04 -2.138028386980295181e-03 1.404990069568157196e-02 -4.764748737215995789e-02
6.724210961246800434e+04 -2.138028386980295181e-03 1.404990069568157196e-02 -4.764748737215995789e-02
6.724211806583699945e+04 -1.832595793530344963e-03 1.038470957428216934e-02 -4.948008432984352112e-02
6.724212306583700411e+04 -4.276056773960590363e-03 7.635815534740686417e-03 -5.070181563496589661e-02
6.724212963199800288e+04 -4.276056773960590363e-03 7.635815534740686417e-03 -5.070181563496589661e-02
6.724213811588399403e+04 -7.941247895359992981e-03 8.246680721640586853e-03 -5.070181563496589661e-02
6.724214311588399869e+04 -9.162978269159793854e-03 7.941247895359992981e-03 -4.978551715612411499e-02
6.724214965152900550e+04 -9.162978269159793854e-03 7.941247895359992981e-03 -4.978551715612411499e-02
6.724215810489900468e+04 -6.719517521560192108e-03 8.857546374201774597e-03 -4.917465150356292725e-02
6.724216310489899479e+04 -5.497787147760391235e-03 8.246680721640586853e-03 -4.734205827116966248e-02
6.724216967106099764e+04 -5.497787147760391235e-03 8.246680721640586853e-03 -4.734205827116966248e-02
6.724217815494799288e+04 -1.832595793530344963e-03 6.108652334660291672e-03 -4.917465150356292725e-02
6.724218315494799754e+04 -3.359758760780096054e-03 9.773843921720981598e-03 -5.100724846124649048e-02
6.724218972111100447e+04 -3.359758760780096054e-03 9.773843921720981598e-03 -5.100724846124649048e-02
6.724219814396199945e+04 -3.970623947679996490e-03 1.130100712180137634e-02 -5.100724846124649048e-02
6.724220314396200411e+04 -4.276056773960590363e-03 1.130100712180137634e-02 -5.161811411380767822e-02
6.724220974064100301e+04 -4.276056773960590363e-03 1.130100712180137634e-02 -5.161811411380767822e-02
6.724221816349199798e+04 -6.719517521560192108e-03 1.435533352196216583e-02 -5.131268128752708435e-02
6.724222316349200264e+04 -6.108652334660291672e-03 1.374446786940097809e-02 -5.009094998240470886e-02
6.724222972965400550e+04 -6.108652334660291672e-03 1.374446786940097809e-02 -5.009094998240470886e-02
6.724223818302400468e+04 -3.970623947679996490e-03 7.635815534740686417e-03 -4.825835302472114563e-02
6.724224318302399479e+04 -5.803219974040985107e-03 7.024950347840785980e-03 -4.856378585100173950e-02
6.724224974918599764e+04 -5.803219974040985107e-03 7.024950347840785980e-03 -4.856378585100173950e-02
6.724225820255599683e+04 -7.330383174121379852e-03 9.162978269159793854e-03 -5.039638280868530273e-02
6.724226320255600149e+04 -8.857546374201774597e-03 9.773843921720981598e-03 -4.734205827116966248e-02
6.724226976871800434e+04 -8.857546374201774597e-03 9.773843921720981598e-03 -4.734205827116966248e-02
6.724227822208699945e+04 -8.246680721640586853e-03 1.496619824320077896e-02 -4.612032696604728699e-02
6.724228322208700411e+04 -4.581489134579896927e-03 1.435533352196216583e-02 -4.886921867728233337e-02
6.724228978824800288e+04 -4.581489134579896927e-03 1.435533352196216583e-02 -4.886921867728233337e-02
6.724229824161699798e+04 -4.276056773960590363e-03 1.069014146924018860e-02 -4.978551715612411499e-02
6.724230324161700264e+04 -6.108652334660291672e-03 1.130100712180137634e-02 -4.673119261860847473e-02
6.724230980777900550e+04 -6.108652334660291672e-03 1.130100712180137634e-02 -4.673119261860847473e-02
6.724231826114900468e+04 -7.330383174121379852e-03 7.635815534740686417e-03 -4.550946131348609924e-02
6.724232326114899479e+04 -4.581489134579896927e-03 7.330383174121379852e-03 -4.917465150356292725e-02
6.724232982731099764e+04 -4.581489134579896927e-03 7.330383174121379852e-03 -4.917465150356292725e-02
6.724233828068099683e+04 -2.443460980430245399e-03 7.024950347840785980e-03 -5.009094998240470886e-02
6.724234328068100149e+04 -1.832595793530344963e-03 6.108652334660291672e-03 -5.009094998240470886e-02
6.724234984684300434e+04 -1.832595793530344963e-03 6.108652334660291672e-03 -5.009094998240470886e-02
6.724235830021199945e+04 -1.527163083665072918e-03 7.635815534740686417e-03 -4.917465150356292725e-02
6.724236330021200411e+04 -3.054326167330145836e-03 7.024950347840785980e-03 -4.948008432984352112e-02
6.724236986637300288e+04 -3.054326167330145836e-03 7.024950347840785980e-03 -4.948008432984352112e-02
6.724237831974199798e+04 -2.138028386980295181e-03 1.007927674800157547e-02 -4.825835302472114563e-02
6.724238331974200264e+04 -4.886921960860490799e-03 9.468411095440387726e-03 -4.642575979232788086e-02
6.724238988590400550e+04 -4.886921960860490799e-03 9.468411095440387726e-03 -4.642575979232788086e-02
6.724239833927400468e+04 -6.108652334660291672e-03 1.130100712180137634e-02 -4.581489413976669312e-02
6.724240333927399479e+04 -7.330383174121379852e-03 1.374446786940097809e-02 -4.703662544488906860e-02
6.724240990543599764e+04 -7.330383174121379852e-03 1.374446786940097809e-02 -4.703662544488906860e-02
6.724241835880599683e+04 -7.635815534740686417e-03 1.557706389576196671e-02 -4.673119261860847473e-02
6.724242335880600149e+04 -5.497787147760391235e-03 1.618792861700057983e-02 -4.703662544488906860e-02
6.724242992496800434e+04 -5.497787147760391235e-03 1.618792861700057983e-02 -4.703662544488906860e-02
6.724243837833699945e+04 -5.497787147760391235e-03 1.527163106948137283e-02 -5.039638280868530273e-02
6.724244337833700411e+04 -1.007927674800157547e-02 1.496619824320077896e-02 -4.917465150356292725e-02
6.724244994449800288e+04 -1.007927674800157547e-02 1.496619824320077896e-02 -4.917465150356292725e-02
6.724245839786699798e+04 -7.941247895359992981e-03 1.038470957428216934e-02 -4.734205827116966248e-02
6.724246339786700264e+04 -7.024950347840785980e-03 7.941247895359992981e-03 -5.009094998240470886e-02
6.724246999454700563e+04 -7.024950347840785980e-03 7.941247895359992981e-03 -5.009094998240470886e-02
6.724247841739900468e+04 -4.581489134579896927e-03 9.773843921720981598e-03 -5.009094998240470886e-02
6.724248341739899479e+04 -2.138028386980295181e-03 1.099557429552078247e-02 -5.009094998240470886e-02
6.724248998356099764e+04 -2.138028386980295181e-03 1.099557429552078247e-02 -5.009094998240470886e-02
6.724249843693099683e+04 -5.497787147760391235e-03 7.635815534740686417e-03 -4.917465150356292725e-02
6.724250343693100149e+04 -8.246680721640586853e-03 7.024950347840785980e-03 -4.948008432984352112e-02
6.724251000309300434e+04 -8.246680721640586853e-03 7.024950347840785980e-03 -4.948008432984352112e-02
6.724251845646199945e+04 -7.941247895359992981e-03 1.221730466932058334e-02 -4.978551715612411499e-02
6.724252345646200411e+04 -8.246680721640586853e-03 1.313360314816236496e-02 -4.917465150356292725e-02
6.724253002262300288e+04 -8.246680721640586853e-03 1.313360314816236496e-02 -4.917465150356292725e-02
6.724253847599199798e+04 -1.191187184303998947e-02 7.024950347840785980e-03 -4.825835302472114563e-02
6.724254347599200264e+04 -8.552113547921180725e-03 4.581489134579896927e-03 -4.825835302472114563e-02
6.724255004215400550e+04 -8.552113547921180725e-03 4.581489134579896927e-03 -4.825835302472114563e-02
6.724255849552400468e+04 -6.414085160940885544e-03 9.162978269159793854e-03 -4.886921867728233337e-02
6.724256349552399479e+04 -7.330383174121379852e-03 8.552113547921180725e-03 -5.131268128752708435e-02
6.724257006168599764e+04 -7.330383174121379852e-03 8.552113547921180725e-03 -5.131268128752708435e-02
6.724257851505599683e+04 -8.857546374201774597e-03 5.192354787141084671e-03 -4.948008432984352112e-02
6.724258351505600149e+04 -6.108652334660291672e-03 6.108652334660291672e-03 -4.734205827116966248e-02
6.724259008121800434e+04 -6.108652334660291672e-03 6.108652334660291672e-03 -4.734205827116966248e-02
6.724259853458699945e+04 -4.276056773960590363e-03 7.330383174121379852e-03 -5.070181563496589661e-02
6.724260353458700411e+04 -6.719517521560192108e-03 1.069014146924018860e-02 -5.192354694008827209e-02
6.724261010074800288e+04 -6.719517521560192108e-03 1.069014146924018860e-02 -5.192354694008827209e-02
6.724261855411699798e+04 -7.941247895359992981e-03 1.099557429552078247e-02 -5.009094998240470886e-02
6.724262355411700264e+04 -8.246680721640586853e-03 1.191187184303998947e-02 -4.703662544488906860e-02
6.724263015079700563e+04 -8.246680721640586853e-03 1.191187184303998947e-02 -4.703662544488906860e-02
6.724263857364900468e+04 -6.414085160940885544e-03 8.857546374201774597e-03 -4.642575979232788086e-02
6.724264357364899479e+04 -7.635815534740686417e-03 7.330383174121379852e-03 -4.337143152952194214e-02
6.724265013981099764e+04 -7.635815534740686417e-03 7.330383174121379852e-03 -4.337143152952194214e-02
6.724265859318099683e+04 -5.497787147760391235e-03 7.941247895359992981e-03 -4.459316283464431763e-02
6.724266359318100149e+04 -6.414085160940885544e-03 8.246680721640586853e-03 -4.825835302472114563e-02
6.724267015934300434e+04 -6.414085160940885544e-03 8.246680721640586853e-03 -4.825835302472114563e-02
6.724267861271199945e+04 -4.886921960860490799e-03 8.246680721640586853e-03 -4.948008432984352112e-02
6.724268361271200411e+04 -5.497787147760391235e-03 9.162978269159793854e-03 -4.856378585100173950e-02
6.724269017887300288e+04 -5.497787147760391235e-03 9.162978269159793854e-03 -4.856378585100173950e-02
6.724269863224199798e+04 -5.803219974040985107e-03 7.941247895359992981e-03 -4.734205827116966248e-02
6.724270363224200264e+04 -8.552113547921180725e-03 7.941247895359992981e-03 -4.581489413976669312e-02
6.724271019840400550e+04 -8.552113547921180725e-03 7.941247895359992981e-03 -4.581489413976669312e-02
6.724271865177400468e+04 -1.099557429552078247e-02 8.552113547921180725e-03 -4.764748737215995789e-02
6.724272365177399479e+04 -4.581489134579896927e-03 5.192354787141084671e-03 -5.100724846124649048e-02
6.724273021793599764e+04 -4.581489134579896927e-03 5.192354787141084671e-03 -5.100724846124649048e-02
6.724273867130599683e+04 -3.054326225537806749e-04 5.497787147760391235e-03 -5.192354694008827209e-02
6.724274367130600149e+04 -1.832595793530344963e-03 5.803219974040985107e-03 -5.070181563496589661e-02
6.724275023746800434e+04 -1.832595793530344963e-03 5.803219974040985107e-03 -5.070181563496589661e-02
6.724275869083699945e+04 -5.497787147760391235e-03 6.414085160940885544e-03 -5.039638280868530273e-02
6.724276369083700411e+04 -7.941247895359992981e-03 9.468411095440387726e-03 -5.070181563496589661e-02
6.724277025699800288e+04 -7.941247895359992981e-03 9.468411095440387726e-03 -5.070181563496589661e-02
6.724277871036699798e+04 -9.162978269159793854e-03 9.468411095440387726e-03 -4.978551715612411499e-02
6.724278371036700264e+04 -7.024950347840785980e-03 8.246680721640586853e-03 -4.550946131348609924e-02
6.724279024601100537e+04 -7.024950347840785980e-03 8.246680721640586853e-03 -4.550946131348609924e-02
6.724279872989900468e+04 -7.635815534740686417e-03 1.191187184303998947e-02 -4.581489413976669312e-02
6.724280372989899479e+04 -7.635815534740686417e-03 1.313360314816236496e-02 -4.673119261860847473e-02
6.724281029606099764e+04 -7.635815534740686417e-03 1.313360314816236496e-02 -4.673119261860847473e-02
6.724281874943099683e+04 -6.414085160940885544e-03 1.007927674800157547e-02 -4.825835302472114563e-02
6.724282374943100149e+04 -3.665191587060689926e-03 3.665191587060689926e-03 -4.856378585100173950e-02
6.724283031559300434e+04 -3.665191587060689926e-03 3.665191587060689926e-03 -4.856378585100173950e-02
6.724283876896199945e+04 -1.832595793530344963e-03 1.832595793530344963e-03 -4.825835302472114563e-02
6.724284376896200411e+04 9.162978967651724815e-04 5.192354787141084671e-03 -4.795292019844055176e-02
6.724285033512300288e+04 9.162978967651724815e-04 5.192354787141084671e-03 -4.795292019844055176e-02
6.724285878849199798e+04 9.162978967651724815e-04 8.246680721640586853e-03 -4.948008432984352112e-02
6.724286378849200264e+04 -3.970623947679996490e-03 7.635815534740686417e-03 -4.948008432984352112e-02
6.724287032413500128e+04 -3.970623947679996490e-03 7.635815534740686417e-03 -4.948008432984352112e-02
6.724287877750500047e+04 -8.857546374201774597e-03 8.857546374201774597e-03 -4.825835302472114563e-02
6.724288377750500513e+04 -7.941247895359992981e-03 9.773843921720981598e-03 -4.917465150356292725e-02
6.724289034366699343e+04 -7.941247895359992981e-03 9.773843921720981598e-03 -4.917465150356292725e-02
6.724289882755499275e+04 -1.038470957428216934e-02 1.221730466932058334e-02 -4.795292019844055176e-02
6.724290382755499741e+04 -8.857546374201774597e-03 1.160643994808197021e-02 -4.703662544488906860e-02
6.724291036319900013e+04 -8.857546374201774597e-03 1.160643994808197021e-02 -4.703662544488906860e-02
6.724291881656899932e+04 -7.941247895359992981e-03 1.343903504312038422e-02 -4.581489413976669312e-02
6.724292381656900398e+04 -7.330383174121379852e-03 1.252273749560117722e-02 -4.825835302472114563e-02
6.724293038273100683e+04 -7.330383174121379852e-03 1.252273749560117722e-02 -4.825835302472114563e-02
6.724293883610000194e+04 -5.497787147760391235e-03 1.069014146924018860e-02 -5.161811411380767822e-02
6.724294383610000659e+04 -3.054326167330145836e-03 1.099557429552078247e-02 -4.948008432984352112e-02
6.724295040226100537e+04 -3.054326167330145836e-03 1.099557429552078247e-02 -4.948008432984352112e-02
6.724295885563000047e+04 -6.414085160940885544e-03 1.374446786940097809e-02 -4.612032696604728699e-02
6.724296385563000513e+04 -7.330383174121379852e-03 1.343903504312038422e-02 -4.734205827116966248e-02
6.724297045230900403e+04 -7.330383174121379852e-03 1.343903504312038422e-02 -4.734205827116966248e-02
6.724297890567900322e+04 -7.330383174121379852e-03 1.160643994808197021e-02 -4.856378585100173950e-02
6.724298390567899332e+04 -4.581489134579896927e-03 1.007927674800157547e-02 -5.009094998240470886e-02
6.724299047184099618e+04 -4.581489134579896927e-03 1.007927674800157547e-02 -5.009094998240470886e-02
6.724299892521099537e+04 -3.359758760780096054e-03 7.635815534740686417e-03 -5.039638280868530273e-02
6.724300392521100002e+04 -7.941247895359992981e-03 7.024950347840785980e-03 -4.856378585100173950e-02
6.724301049137300288e+04 -7.941247895359992981e-03 7.024950347840785980e-03 -4.856378585100173950e-02
6.724301891422500194e+04 -9.162978269159793854e-03 9.468411095440387726e-03 -4.673119261860847473e-02
6.724302391422500659e+04 -9.162978269159793854e-03 5.803219974040985107e-03 -4.734205827116966248e-02
6.724303051090499503e+04 -9.162978269159793854e-03 5.803219974040985107e-03 -4.734205827116966248e-02
6.724303893375699408e+04 -6.719517521560192108e-03 8.246680721640586853e-03 -4.795292019844055176e-02
6.724304393375699874e+04 -6.719517521560192108e-03 1.527163106948137283e-02 -4.948008432984352112e-02
6.724305053043599764e+04 -6.719517521560192108e-03 1.527163106948137283e-02 -4.948008432984352112e-02
6.724305898380499275e+04 -5.803219974040985107e-03 1.374446786940097809e-02 -4.886921867728233337e-02
6.724306398380499741e+04 -5.803219974040985107e-03 9.162978269159793854e-03 -5.009094998240470886e-02
6.724307054996599618e+04 -5.803219974040985107e-03 9.162978269159793854e-03 -5.009094998240470886e-02
6.724307900333500584e+04 -4.581489134579896927e-03 6.108652334660291672e-03 -4.948008432984352112e-02
6.724308400333499594e+04 -7.024950347840785980e-03 5.192354787141084671e-03 -4.612032696604728699e-02
6.724309056949599471e+04 -7.024950347840785980e-03 5.192354787141084671e-03 -4.612032696604728699e-02
6.724309902286599390e+04 -4.886921960860490799e-03 8.246680721640586853e-03 -4.703662544488906860e-02
6.724310402286599856e+04 -8.552113547921180725e-03 7.941247895359992981e-03 -4.886921867728233337e-02
6.724311058902800141e+04 -8.552113547921180725e-03 7.941247895359992981e-03 -4.886921867728233337e-02
6.724311904239800060e+04 -1.160643994808197021e-02 8.552113547921180725e-03 -4.948008432984352112e-02
6.724312404239800526e+04 -9.773843921720981598e-03 1.007927674800157547e-02 -4.978551715612411499e-02
6.724313057804199343e+04 -9.773843921720981598e-03 1.007927674800157547e-02 -4.978551715612411499e-02
6.724313903141200717e+04 -6.414085160940885544e-03 9.468411095440387726e-03 -4.764748737215995789e-02
6.724314403141199728e+04 -4.886921960860490799e-03 6.108652334660291672e-03 -4.581489413976669312e-02
6.724315105533800670e+04 -4.886921960860490799e-03 6.108652334660291672e-03 -4.581489413976669312e-02
6.724315911197899550e+04 -5.803219974040985107e-03 7.941247895359992981e-03 -4.978551715612411499e-02
6.724316411197900015e+04 -5.192354787141084671e-03 1.160643994808197021e-02 -5.009094998240470886e-02
6.724317061710600683e+04 -5.192354787141084671e-03 1.160643994808197021e-02 -5.009094998240470886e-02
6.724317907047500194e+04 -6.108652334660291672e-03 8.552113547921180725e-03 -4.764748737215995789e-02
6.724318407047500659e+04 -6.108652334660291672e-03 9.773843921720981598e-03 -4.856378585100173950e-02
6.724319109439999738e+04 -6.108652334660291672e-03 9.773843921720981598e-03 -4.856378585100173950e-02
6.724319915103999665e+04 -9.162978967651724815e-04 1.221730466932058334e-02 -5.039638280868530273e-02
6.724320415104000131e+04 -7.635815534740686417e-03 8.857546374201774597e-03 -4.795292019844055176e-02
6.724321068668400403e+04 -7.635815534740686417e-03 8.857546374201774597e-03 -4.795292019844055176e-02
6.724321914005400322e+04 -1.038470957428216934e-02 9.162978269159793854e-03 -4.581489413976669312e-02
6.724322414005399332e+04 -8.246680721640586853e-03 1.130100712180137634e-02 -4.764748737215995789e-02
6.724323067569799605e+04 -8.246680721640586853e-03 1.130100712180137634e-02 -4.764748737215995789e-02
6.724323912906799524e+04 -7.635815534740686417e-03 1.099557429552078247e-02 -4.886921867728233337e-02
6.724324412906799989e+04 -5.803219974040985107e-03 1.069014146924018860e-02 -5.009094998240470886e-02
6.724325069523000275e+04 -5.803219974040985107e-03 1.069014146924018860e-02 -5.009094998240470886e-02
6.724325914860000194e+04 -6.414085160940885544e-03 1.038470957428216934e-02 -5.009094998240470886e-02
6.724326414860000659e+04 -1.130100712180137634e-02 1.007927674800157547e-02 -4.978551715612411499e-02
6.724327074527999503e+04 -1.130100712180137634e-02 1.007927674800157547e-02 -4.978551715612411499e-02
6.724327919864999421e+04 -1.282817032188177109e-02 7.635815534740686417e-03 -4.825835302472114563e-02
6.724328419864999887e+04 -7.941247895359992981e-03 6.414085160940885544e-03 -4.673119261860847473e-02
6.724329076481099764e+04 -7.941247895359992981e-03 6.414085160940885544e-03 -4.673119261860847473e-02
6.724329918766200717e+04 -3.665191587060689926e-03 9.162978269159793854e-03 -4.673119261860847473e-02
6.724330418766199728e+04 -4.276056773960590363e-03 8.552113547921180725e-03 -4.886921867728233337e-02
6.724331078434099618e+04 -4.276056773960590363e-03 8.552113547921180725e-03 -4.886921867728233337e-02
6.724331923771000584e+04 -7.024950347840785980e-03 6.719517521560192108e-03 -4.764748737215995789e-02
6.724332423770999594e+04 -4.581489134579896927e-03 5.192354787141084671e-03 -4.581489413976669312e-02
6.724333077335299458e+04 -4.581489134579896927e-03 5.192354787141084671e-03 -4.581489413976669312e-02
6.724333922672299377e+04 -6.414085160940885544e-03 6.719517521560192108e-03 -4.550946131348609924e-02
6.724334422672299843e+04 -6.108652334660291672e-03 6.414085160940885544e-03 -4.673119261860847473e-02
6.724335082340300141e+04 -6.108652334660291672e-03 6.414085160940885544e-03 -4.673119261860847473e-02
6.724335924625500047e+04 -6.414085160940885544e-03 1.007927674800157547e-02 -4.795292019844055176e-02
6.724336424625500513e+04 -7.330383174121379852e-03 1.313360314816236496e-02 -5.039638280868530273e-02
6.724337081241699343e+04 -7.330383174121379852e-03 1.313360314816236496e-02 -5.039638280868530273e-02
6.724337926578700717e+04 -4.276056773960590363e-03 1.007927674800157547e-02 -5.131268128752708435e-02
6.724338426578699728e+04 2.443460980430245399e-03 8.857546374201774597e-03 -5.100724846124649048e-02
6.724339083194900013e+04 2.443460980430245399e-03 8.857546374201774597e-03 -5.100724846124649048e-02
6.724339928531899932e+04 3.054326167330145836e-03 1.160643994808197021e-02 -5.131268128752708435e-02
6.724340428531900398e+04 -5.497787147760391235e-03 1.191187184303998947e-02 -4.795292019844055176e-02
6.724341085148100683e+04 -5.497787147760391235e-03 1.191187184303998947e-02 -4.795292019844055176e-02
6.724341930485000194e+04 -7.635815534740686417e-03 7.635815534740686417e-03 -4.734205827116966248e-02
6.724342430485000659e+04 -6.414085160940885544e-03 8.552113547921180725e-03 -4.948008432984352112e-02
6.724343087101100537e+04 -6.414085160940885544e-03 8.552113547921180725e-03 -4.948008432984352112e-02
6.724343932438000047e+04 -7.941247895359992981e-03 1.282817032188177109e-02 -5.039638280868530273e-02
6.724344432438000513e+04 -1.160643994808197021e-02 1.343903504312038422e-02 -4.795292019844055176e-02
6.724345089054100390e+04 -1.160643994808197021e-02 1.343903504312038422e-02 -4.795292019844055176e-02
6.724345931339400704e+04 -1.374446786940097809e-02 1.160643994808197021e-02 -4.642575979232788086e-02
6.724346431339399714e+04 -1.038470957428216934e-02 1.313360314816236496e-02 -4.795292019844055176e-02
6.724347087955600000e+04 -1.038470957428216934e-02 1.313360314816236496e-02 -4.795292019844055176e-02
6.724347936344299524e+04 -7.330383174121379852e-03 1.374446786940097809e-02 -4.764748737215995789e-02
6.724348436344299989e+04 -6.414085160940885544e-03 1.313360314816236496e-02 -4.948008432984352112e-02
6.724349089908800670e+04 -6.414085160940885544e-03 1.313360314816236496e-02 -4.948008432984352112e-02
6.724349938297500194e+04 -5.803219974040985107e-03 9.773843921720981598e-03 -4.917465150356292725e-02
6.724350438297500659e+04 -2.443460980430245399e-03 1.130100712180137634e-02 -4.764748737215995789e-02
6.724351094913699490e+04 -2.443460980430245399e-03 1.130100712180137634e-02 -4.764748737215995789e-02
6.724351940250699408e+04 -3.970623947679996490e-03 1.466076634824275970e-02 -4.856378585100173950e-02
6.724352440250699874e+04 -3.054326167330145836e-03 1.466076634824275970e-02 -4.856378585100173950e-02
6.724353093815100146e+04 -3.054326167330145836e-03 1.466076634824275970e-02 -4.856378585100173950e-02
6.724353942203700717e+04 -2.138028386980295181e-03 1.282817032188177109e-02 -4.886921867728233337e-02
6.724354442203699728e+04 -6.108652451075613499e-04 1.130100712180137634e-02 -4.795292019844055176e-02
6.724355095768100000e+04 -6.108652451075613499e-04 1.130100712180137634e-02 -4.795292019844055176e-02
6.724355944156700571e+04 -3.054326225537806749e-04 1.343903504312038422e-02 -4.764748737215995789e-02
6.724356444156699581e+04 -1.832595793530344963e-03 1.466076634824275970e-02 -4.734205827116966248e-02
6.724357100772899867e+04 -1.832595793530344963e-03 1.466076634824275970e-02 -4.734205827116966248e-02
6.724357946109899785e+04 3.054326225537806749e-04 1.282817032188177109e-02 -4.581489413976669312e-02
6.724358446109900251e+04 -4.886921960860490799e-03 8.552113547921180725e-03 -4.550946131348609924e-02
6.724359102726100537e+04 -4.886921960860490799e-03 8.552113547921180725e-03 -4.550946131348609924e-02
6.724359948063100455e+04 -6.414085160940885544e-03 1.007927674800157547e-02 -4.581489413976669312e-02
6.724360448063099466e+04 -3.970623947679996490e-03 1.252273749560117722e-02 -4.612032696604728699e-02
6.724361104679299751e+04 -3.970623947679996490e-03 1.252273749560117722e-02 -4.612032696604728699e-02
6.724361950016299670e+04 3.054326167330145836e-03 1.191187184303998947e-02 -4.886921867728233337e-02
6.724362450016300136e+04 2.138028386980295181e-03 1.221730466932058334e-02 -5.039638280868530273e-02
6.724363106632400013e+04 2.138028386980295181e-03 1.221730466932058334e-02 -5.039638280868530273e-02
6.724363951969299524e+04 -4.276056773960590363e-03 1.007927674800157547e-02 -4.764748737215995789e-02
6.724364451969299989e+04 -5.192354787141084671e-03 7.330383174121379852e-03 -4.886921867728233337e-02
6.724365108585399867e+04 -5.192354787141084671e-03 7.330383174121379852e-03 -4.886921867728233337e-02
6.724365953922299377e+04 -1.221730490215122700e-03 1.069014146924018860e-02 -4.917465150356292725e-02
6.724366453922299843e+04 -7.330383174121379852e-03 1.069014146924018860e-02 -4.978551715612411499e-02
6.724367119693799759e+04 -7.330383174121379852e-03 1.069014146924018860e-02 -4.978551715612411499e-02
6.724367971134299296e+04 -1.069014146924018860e-02 9.773843921720981598e-03 -4.948008432984352112e-02
6.724368471134299762e+04 -6.108652334660291672e-03 1.038470957428216934e-02 -4.795292019844055176e-02
6.724369112491699343e+04 -6.108652334660291672e-03 1.038470957428216934e-02 -4.795292019844055176e-02
6.724369957828700717e+04 -7.024950347840785980e-03 1.099557429552078247e-02 -4.886921867728233337e-02
6.724370457828699728e+04 -7.941247895359992981e-03 9.773843921720981598e-03 -4.917465150356292725e-02
6.724371114444900013e+04 -7.941247895359992981e-03 9.773843921720981598e-03 -4.917465150356292725e-02
6.724371614444900479e+04 -8.552113547921180725e-03 8.857546374201774597e-03 -4.886921867728233337e-02
6.724372118473300361e+04 -8.552113547921180725e-03 8.857546374201774597e-03 -4.886921867728233337e-02
6.724372618473299372e+04 -6.719517521560192108e-03 8.857546374201774597e-03 -4.917465150356292725e-02
6.724373116398100683e+04 -6.719517521560192108e-03 8.857546374201774597e-03 -4.917465150356292725e-02
6.724373961735000194e+04 -4.886921960860490799e-03 8.246680721640586853e-03 -5.192354694008827209e-02
6.724374461735000659e+04 -5.192354787141084671e-03 7.635815534740686417e-03 -5.009094998240470886e-02
6.724375115299399476e+04 -5.192354787141084671e-03 7.635815534740686417e-03 -5.009094998240470886e-02
6.724375960636300442e+04 -6.719517521560192108e-03 1.130100712180137634e-02 -4.917465150356292725e-02
6.724376460636299453e+04 -7.635815534740686417e-03 9.773843921720981598e-03 -5.070181563496589661e-02
6.724377117252399330e+04 -7.635815534740686417e-03 9.773843921720981598e-03 -5.070181563496589661e-02
6.724377962589400704e+04 -5.803219974040985107e-03 8.552113547921180725e-03 -4.948008432984352112e-02
6.724378462589399714e+04 -6.108652334660291672e-03 7.330383174121379852e-03 -4.886921867728233337e-02
6.724379122257299605e+04 -6.108652334660291672e-03 7.330383174121379852e-03 -4.886921867728233337e-02
6.724379967594299524e+04 -5.497787147760391235e-03 7.635815534740686417e-03 -4.673119261860847473e-02
6.724380467594299989e+04 -6.108652334660291672e-03 8.246680721640586853e-03 -4.734205827116966248e-02
6.724381121158800670e+04 -6.108652334660291672e-03 8.246680721640586853e-03 -4.734205827116966248e-02
6.724381969547500194e+04 -6.414085160940885544e-03 1.099557429552078247e-02 -4.917465150356292725e-02
6.724382469547500659e+04 -7.941247895359992981e-03 1.069014146924018860e-02 -5.100724846124649048e-02
6.724383123111999885e+04 -7.941247895359992981e-03 1.069014146924018860e-02 -5.100724846124649048e-02
6.724383968448899395e+04 -8.857546374201774597e-03 5.803219974040985107e-03 -5.039638280868530273e-02
6.724384468448899861e+04 -9.773843921720981598e-03 6.719517521560192108e-03 -4.673119261860847473e-02
6.724385125065100146e+04 -9.773843921720981598e-03 6.719517521560192108e-03 -4.673119261860847473e-02
6.724385970401900704e+04 -1.007927674800157547e-02 7.941247895359992981e-03 -4.764748737215995789e-02
6.724386470401899714e+04 -6.414085160940885544e-03 7.941247895359992981e-03 -5.253441259264945984e-02
6.724387127018100000e+04 -6.414085160940885544e-03 7.941247895359992981e-03 -5.253441259264945984e-02
6.724387975406700571e+04 -6.414085160940885544e-03 7.024950347840785980e-03 -4.917465150356292725e-02
6.724388475406699581e+04 -3.970623947679996490e-03 6.108652334660291672e-03 -4.703662544488906860e-02
6.724389128971200262e+04 -3.970623947679996490e-03 6.108652334660291672e-03 -4.703662544488906860e-02
6.724389974308200181e+04 -3.970623947679996490e-03 5.497787147760391235e-03 -4.734205827116966248e-02
6.724390474308200646e+04 -4.886921960860490799e-03 4.886921960860490799e-03 -4.581489413976669312e-02
6.724391130924399476e+04 -4.886921960860490799e-03 4.886921960860490799e-03 -4.581489413976669312e-02
6.724391976261399395e+04 -3.054326167330145836e-03 1.007927674800157547e-02 -4.764748737215995789e-02
6.724392476261399861e+04 -5.192354787141084671e-03 1.252273749560117722e-02 -4.917465150356292725e-02
6.724393132877600146e+04 -5.192354787141084671e-03 1.252273749560117722e-02 -4.917465150356292725e-02
6.724393978214499657e+04 -5.803219974040985107e-03 1.007927674800157547e-02 -4.917465150356292725e-02
6.724394478214500123e+04 -2.443460980430245399e-03 9.773843921720981598e-03 -4.886921867728233337e-02
6.724395134830700408e+04 -2.443460980430245399e-03 9.773843921720981598e-03 -4.886921867728233337e-02
6.724395980167499511e+04 -1.221730490215122700e-03 1.069014146924018860e-02 -4.856378585100173950e-02
6.724396480167499976e+04 -3.054326167330145836e-03 9.773843921720981598e-03 -4.734205827116966248e-02
6.724397136783700262e+04 -3.054326167330145836e-03 9.773843921720981598e-03 -4.734205827116966248e-02
6.724397982120599772e+04 -1.527163083665072918e-03 8.552113547921180725e-03 -4.581489413976669312e-02
6.724398482120600238e+04 -3.054326167330145836e-03 8.246680721640586853e-03 -4.520402848720550537e-02
6.724399138736800523e+04 -3.054326167330145836e-03 8.246680721640586853e-03 -4.520402848720550537e-02
6.724399984073800442e+04 -1.007927674800157547e-02 7.635815534740686417e-03 -4.734205827116966248e-02
6.724400484073799453e+04 -7.941247895359992981e-03 8.857546374201774597e-03 -4.734205827116966248e-02
6.724401143741699343e+04 -7.941247895359992981e-03 8.857546374201774597e-03 -4.734205827116966248e-02
6.724401986026999657e+04 -6.414085160940885544e-03 1.038470957428216934e-02 -4.459316283464431763e-02
6.724402486027000123e+04 -3.970623947679996490e-03 1.130100712180137634e-02 -4.581489413976669312e-02
6.724403142643200408e+04 -3.970623947679996490e-03 1.130100712180137634e-02 -4.581489413976669312e-02
6.724403991031899932e+04 -3.054326167330145836e-03 9.468411095440387726e-03 -4.489859566092491150e-02
6.724404491031900398e+04 -3.054326167330145836e-03 1.038470957428216934e-02 -4.734205827116966248e-02
6.724405144596399623e+04 -3.054326167330145836e-03 1.038470957428216934e-02 -4.734205827116966248e-02
