2.205602070163299868e+04 -1.371392458677291870e-01 -8.759807348251342773e-01 2.461786866188049316e-01
2.205604293918500116e+04 -1.261436790227890015e-01 -3.555235862731933594e-01 2.437352389097213745e-01
2.205606615355599934e+04 -1.127046346664428711e-01 -3.555235862731933594e-01 1.802052408456802368e-01
2.205608091838100154e+04 -8.796459436416625977e-02 -3.002402782440185547e-01 1.243110746145248413e-01
2.205610090014299931e+04 -3.237585723400115967e-02 -2.528982162475585938e-01 -2.474004216492176056e-02
2.205612079079500108e+04 3.359758853912353516e-02 -1.298088580369949341e-01 -1.368338167667388916e-01
2.205614098694100176e+04 4.276056773960590363e-03 -7.330383174121379852e-03 -5.864306539297103882e-02
2.205616109204500026e+04 -3.359758760780096054e-03 1.404990069568157196e-02 -4.489859566092491150e-02
2.205618101442799889e+04 -9.773843921720981598e-03 6.108652334660291672e-03 -4.398229718208312988e-02
2.205620102866199886e+04 -1.832595793530344963e-03 9.162978269159793854e-03 -4.062253981828689575e-02
2.205622153139399961e+04 -6.719517521560192108e-03 8.857546374201774597e-03 -4.062253981828689575e-02
2.205624105812400012e+04 -7.330383174121379852e-03 1.099557429552078247e-02 -4.337143152952194214e-02
2.205626107334100016e+04 -1.099557429552078247e-02 1.313360314816236496e-02 -4.581489413976669312e-02
2.205628185159400164e+04 6.108652451075613499e-04 8.552113547921180725e-03 -4.276056587696075439e-02
2.205630110451400105e+04 -6.108652451075613499e-04 9.773843921720981598e-03 -4.428773000836372375e-02
2.205632112046900147e+04 -6.108652451075613499e-04 9.162978269159793854e-03 -4.245513305068016052e-02
2.205634214354900178e+04 -7.635815534740686417e-03 7.330383174121379852e-03 -4.825835302472114563e-02
2.205636151918500036e+04 -7.330383174121379852e-03 9.773843921720981598e-03 -4.306599870324134827e-02
2.205638116959200124e+04 -5.192354787141084671e-03 8.552113547921180725e-03 -4.428773000836372375e-02
2.205640152149699861e+04 -1.832595793530344963e-03 1.404990069568157196e-02 -4.184427112340927124e-02
2.205642122650199963e+04 -3.665191587060689926e-03 7.941247895359992981e-03 -4.520402848720550537e-02
2.205644120486400061e+04 -3.359758760780096054e-03 1.435533352196216583e-02 -4.398229718208312988e-02
2.205646203757699914e+04 -5.497787147760391235e-03 9.468411095440387726e-03 -4.367686435580253601e-02
2.205648125400799836e+04 -6.108652451075613499e-04 9.162978269159793854e-03 -4.306599870324134827e-02
2.205650123327099936e+04 0.000000000000000000e+00 6.719517521560192108e-03 -4.337143152952194214e-02
2.205652176188899830e+04 -6.108652451075613499e-04 1.221730466932058334e-02 -4.367686435580253601e-02
2.205654125370999827e+04 -1.832595793530344963e-03 1.221730466932058334e-02 -4.550946131348609924e-02
2.205656126434299949e+04 -5.803219974040985107e-03 8.857546374201774597e-03 -4.245513305068016052e-02
2.205658127529700141e+04 -3.054326167330145836e-03 1.038470957428216934e-02 -4.001167416572570801e-02
2.205660128649699982e+04 -2.748893573880195618e-03 1.069014146924018860e-02 -4.123340547084808350e-02
2.205662129794200155e+04 -6.719517521560192108e-03 8.552113547921180725e-03 -4.428773000836372375e-02
2.205664164519699989e+04 -5.803219974040985107e-03 1.282817032188177109e-02 -4.306599870324134827e-02
2.205666165714200179e+04 -3.359758760780096054e-03 1.130100712180137634e-02 -4.367686435580253601e-02
2.205668166932999884e+04 0.000000000000000000e+00 1.069014146924018860e-02 -4.276056587696075439e-02
2.205670195632900140e+04 6.108652451075613499e-04 8.246680721640586853e-03 -4.276056587696075439e-02
2.205672169440799917e+04 -5.803219974040985107e-03 1.374446786940097809e-02 -4.489859566092491150e-02
2.205674170728500030e+04 -1.832595793530344963e-03 1.282817032188177109e-02 -4.306599870324134827e-02
2.205676156779599842e+04 -1.527163083665072918e-03 1.191187184303998947e-02 -4.031710699200630188e-02
2.205678158108400021e+04 4.581489134579896927e-03 1.404990069568157196e-02 -4.214970022439956665e-02
2.205680159453599845e+04 1.832595793530344963e-03 7.024950347840785980e-03 -4.153883829712867737e-02
2.205682160816100077e+04 -4.276056773960590363e-03 1.099557429552078247e-02 -4.214970022439956665e-02
2.205684162202299922e+04 -8.246680721640586853e-03 1.435533352196216583e-02 -4.367686435580253601e-02
2.205686142248300166e+04 -7.330383174121379852e-03 1.282817032188177109e-02 -4.642575979232788086e-02
2.205688143667199984e+04 -7.024950347840785980e-03 1.252273749560117722e-02 -4.398229718208312988e-02
2.205690145102400129e+04 -3.665191587060689926e-03 1.588249579071998596e-02 -4.245513305068016052e-02
2.205692146553899875e+04 9.162978967651724815e-04 8.246680721640586853e-03 -4.276056587696075439e-02
2.205694148021900037e+04 -1.832595793530344963e-03 9.773843921720981598e-03 -4.092797264456748962e-02
2.205696149505900030e+04 -9.162978967651724815e-04 1.038470957428216934e-02 -4.214970022439956665e-02
2.205698151002799932e+04 -3.970623947679996490e-03 1.007927674800157547e-02 -4.428773000836372375e-02
2.205700152515399895e+04 -4.886921960860490799e-03 1.191187184303998947e-02 -4.367686435580253601e-02
2.205702154040599999e+04 -5.192354787141084671e-03 1.252273749560117722e-02 -4.398229718208312988e-02
2.205704152527000042e+04 -1.832595793530344963e-03 7.941247895359992981e-03 -4.581489413976669312e-02
2.205706157130000065e+04 -8.857546374201774597e-03 1.069014146924018860e-02 -4.184427112340927124e-02
2.205708158693999940e+04 -7.330383174121379852e-03 1.435533352196216583e-02 -4.123340547084808350e-02
2.205710157219200119e+04 -3.970623947679996490e-03 1.527163106948137283e-02 -4.001167416572570801e-02
2.205712161858599939e+04 -6.719517521560192108e-03 1.038470957428216934e-02 -4.306599870324134827e-02
2.205714163457600080e+04 -4.276056773960590363e-03 1.282817032188177109e-02 -4.214970022439956665e-02
2.205716165066900066e+04 -5.192354787141084671e-03 8.246680721640586853e-03 -4.001167416572570801e-02
2.205718166688099882e+04 -3.665191587060689926e-03 1.496619824320077896e-02 -4.428773000836372375e-02
2.205720168319900040e+04 -2.138028386980295181e-03 1.069014146924018860e-02 -4.245513305068016052e-02
2.205722169961499822e+04 -7.024950347840785980e-03 1.374446786940097809e-02 -4.673119261860847473e-02
2.205724171611400016e+04 -4.581489134579896927e-03 1.252273749560117722e-02 -4.276056587696075439e-02
2.205726173271999869e+04 -3.970623947679996490e-03 1.191187184303998947e-02 -4.306599870324134827e-02
2.205728174942300029e+04 -4.886921960860490799e-03 7.024950347840785980e-03 -3.848451003432273865e-02
2.205730176620899874e+04 -1.221730490215122700e-03 1.038470957428216934e-02 -4.062253981828689575e-02
2.205732178307700087e+04 -3.054326225537806749e-04 1.252273749560117722e-02 -4.398229718208312988e-02
2.205734180002599896e+04 -2.138028386980295181e-03 1.252273749560117722e-02 -4.214970022439956665e-02
2.205736181705800118e+04 -2.443460980430245399e-03 1.038470957428216934e-02 -4.306599870324134827e-02
2.205738183417199980e+04 -2.443460980430245399e-03 1.191187184303998947e-02 -4.031710699200630188e-02
2.205740185136700165e+04 -5.497787147760391235e-03 1.221730466932058334e-02 -4.398229718208312988e-02
2.205742186863299867e+04 -1.221730490215122700e-03 7.024950347840785980e-03 -4.612032696604728699e-02
2.205744188597000175e+04 -1.221730490215122700e-03 1.221730466932058334e-02 -4.428773000836372375e-02
2.205746187285699853e+04 -7.941247895359992981e-03 7.635815534740686417e-03 -4.337143152952194214e-02
2.205748189032799928e+04 -7.635815534740686417e-03 1.466076634824275970e-02 -4.092797264456748962e-02
2.205750193837500046e+04 -3.054326225537806749e-04 1.374446786940097809e-02 -4.153883829712867737e-02
2.205752195596800084e+04 -7.024950347840785980e-03 1.069014146924018860e-02 -4.062253981828689575e-02
2.205754194310900129e+04 -2.138028386980295181e-03 9.773843921720981598e-03 -4.184427112340927124e-02
2.205756196082300085e+04 -1.527163083665072918e-03 1.130100712180137634e-02 -4.184427112340927124e-02
2.205758197859199936e+04 -9.162978967651724815e-04 1.282817032188177109e-02 -4.123340547084808350e-02
2.205760202692600069e+04 -2.138028386980295181e-03 7.330383174121379852e-03 -4.245513305068016052e-02
2.205762204480400032e+04 -4.886921960860490799e-03 1.771509274840354919e-02 -4.245513305068016052e-02
2.205764203222200013e+04 1.221730490215122700e-03 9.468411095440387726e-03 -4.306599870324134827e-02
2.205766208071800065e+04 -7.330383174121379852e-03 9.468411095440387726e-03 -4.428773000836372375e-02
2.205768206822499997e+04 -2.138028386980295181e-03 1.069014146924018860e-02 -4.123340547084808350e-02
2.205770208630100024e+04 -3.054326167330145836e-03 1.313360314816236496e-02 -4.520402848720550537e-02
2.205772210442600044e+04 -9.162978967651724815e-04 8.857546374201774597e-03 -4.398229718208312988e-02
2.205774212259200067e+04 -2.748893573880195618e-03 9.162978269159793854e-03 -4.703662544488906860e-02
2.205776214079800047e+04 -7.635815534740686417e-03 9.468411095440387726e-03 -4.245513305068016052e-02
2.205778215904600074e+04 -2.138028386980295181e-03 1.221730466932058334e-02 -4.428773000836372375e-02
2.205780217733500103e+04 -6.108652451075613499e-04 1.160643994808197021e-02 -4.306599870324134827e-02
2.205782219566500135e+04 2.138028386980295181e-03 1.435533352196216583e-02 -4.367686435580253601e-02
2.205784221403500123e+04 -6.108652451075613499e-04 9.773843921720981598e-03 -4.276056587696075439e-02
2.205786223243700078e+04 -3.054326225537806749e-04 1.007927674800157547e-02 -4.337143152952194214e-02
2.205788225087899991e+04 -4.581489134579896927e-03 1.130100712180137634e-02 -4.581489413976669312e-02
2.205790226935100145e+04 -3.665191587060689926e-03 7.330383174121379852e-03 -4.428773000836372375e-02
2.205792225733899977e+04 -4.581489134579896927e-03 1.130100712180137634e-02 -4.184427112340927124e-02
2.205794227587899877e+04 -4.581489134579896927e-03 1.313360314816236496e-02 -4.062253981828689575e-02
2.205796229444900018e+04 -4.581489134579896927e-03 1.588249579071998596e-02 -4.337143152952194214e-02
2.205798231304699948e+04 -1.832595793530344963e-03 7.024950347840785980e-03 -4.550946131348609924e-02
2.205800233167199985e+04 -3.054326167330145836e-03 8.552113547921180725e-03 -4.459316283464431763e-02
2.205802235032899989e+04 -6.108652334660291672e-03 8.857546374201774597e-03 -4.306599870324134827e-02
2.205804236901100012e+04 -2.138028386980295181e-03 1.069014146924018860e-02 -4.153883829712867737e-02
2.205806238772299912e+04 -3.359758760780096054e-03 1.038470957428216934e-02 -4.184427112340927124e-02
2.205808240645499973e+04 -4.886921960860490799e-03 5.803219974040985107e-03 -4.459316283464431763e-02
2.205810242521499822e+04 -5.192354787141084671e-03 1.130100712180137634e-02 -4.092797264456748962e-02
2.205812244399900010e+04 -8.246680721640586853e-03 8.246680721640586853e-03 -4.459316283464431763e-02
2.205814246280299994e+04 -5.803219974040985107e-03 1.038470957428216934e-02 -4.306599870324134827e-02
2.205816248162799820e+04 -6.719517521560192108e-03 1.404990069568157196e-02 -4.459316283464431763e-02
2.205818250048399932e+04 -6.108652451075613499e-04 1.404990069568157196e-02 -4.337143152952194214e-02
2.205820251936099885e+04 6.108652451075613499e-04 1.038470957428216934e-02 -4.214970022439956665e-02
2.205822253825699954e+04 -2.748893573880195618e-03 1.038470957428216934e-02 -4.337143152952194214e-02
2.205824255717000051e+04 -1.832595793530344963e-03 8.857546374201774597e-03 -4.153883829712867737e-02
2.205826257610199900e+04 -2.138028386980295181e-03 7.635815534740686417e-03 -4.123340547084808350e-02
2.205828259505399910e+04 -4.886921960860490799e-03 1.160643994808197021e-02 -4.398229718208312988e-02
2.205830261402399992e+04 -1.221730490215122700e-03 1.374446786940097809e-02 -4.459316283464431763e-02
2.205832263300699924e+04 -2.443460980430245399e-03 1.374446786940097809e-02 -4.245513305068016052e-02
2.205834265200400114e+04 -3.359758760780096054e-03 1.069014146924018860e-02 -4.001167416572570801e-02
2.205836267101799967e+04 -6.108652451075613499e-04 1.099557429552078247e-02 -3.970624133944511414e-02
2.205838269004800168e+04 -4.581489134579896927e-03 1.527163106948137283e-02 -4.276056587696075439e-02
2.205840270909199899e+04 9.162978967651724815e-04 9.773843921720981598e-03 -4.092797264456748962e-02
2.205842272815199976e+04 2.138028386980295181e-03 1.099557429552078247e-02 -4.398229718208312988e-02
2.205844271671100068e+04 -5.192354787141084671e-03 1.130100712180137634e-02 -4.184427112340927124e-02
2.205846276631699948e+04 0.000000000000000000e+00 1.221730466932058334e-02 -3.909537568688392639e-02
2.205848278542100161e+04 3.054326225537806749e-04 1.191187184303998947e-02 -4.306599870324134827e-02
2.205850280453700179e+04 -6.719517521560192108e-03 7.941247895359992981e-03 -4.184427112340927124e-02
2.205852282366800137e+04 -6.108652334660291672e-03 1.160643994808197021e-02 -4.428773000836372375e-02
2.205854284280999855e+04 -4.581489134579896927e-03 1.466076634824275970e-02 -4.306599870324134827e-02
2.205856286196699875e+04 -2.443460980430245399e-03 8.857546374201774597e-03 -4.581489413976669312e-02
2.205858288113299932e+04 -5.803219974040985107e-03 3.665191587060689926e-03 -4.673119261860847473e-02
2.205860290031000113e+04 -1.221730490215122700e-03 1.099557429552078247e-02 -4.276056587696075439e-02
2.205862291949800056e+04 -4.886921960860490799e-03 3.970623947679996490e-03 -4.581489413976669312e-02
2.205864293870099937e+04 -2.443460980430245399e-03 6.108652334660291672e-03 -4.184427112340927124e-02
2.205866295791299854e+04 -1.527163083665072918e-03 9.468411095440387726e-03 -4.306599870324134827e-02
2.205868297713599895e+04 2.748893573880195618e-03 1.282817032188177109e-02 -4.489859566092491150e-02
2.205870299636699929e+04 -5.192354787141084671e-03 1.191187184303998947e-02 -4.459316283464431763e-02
2.205872301560900087e+04 -5.497787147760391235e-03 1.007927674800157547e-02 -4.459316283464431763e-02
2.205874303485999917e+04 -2.138028386980295181e-03 8.552113547921180725e-03 -4.245513305068016052e-02
2.205876302360100090e+04 -4.581489134579896927e-03 1.252273749560117722e-02 -4.184427112340927124e-02
2.205878304286799903e+04 -1.832595793530344963e-03 9.468411095440387726e-03 -4.123340547084808350e-02
2.205880306214500160e+04 -6.719517521560192108e-03 9.773843921720981598e-03 -4.123340547084808350e-02
2.205882308143000046e+04 1.221730490215122700e-03 1.191187184303998947e-02 -4.367686435580253601e-02
2.205884310072199878e+04 -3.359758760780096054e-03 9.468411095440387726e-03 -4.153883829712867737e-02
2.205886312002100021e+04 -9.773843921720981598e-03 9.468411095440387726e-03 -4.673119261860847473e-02
2.205888313932800156e+04 -4.276056773960590363e-03 8.246680721640586853e-03 -4.245513305068016052e-02
2.205890315864099830e+04 -3.054326167330145836e-03 1.130100712180137634e-02 -4.398229718208312988e-02
2.205892317796199859e+04 -2.138028386980295181e-03 9.773843921720981598e-03 -4.306599870324134827e-02
2.205894319728800110e+04 -6.108652451075613499e-04 1.404990069568157196e-02 -4.276056587696075439e-02
2.205896321662300033e+04 1.221730490215122700e-03 7.330383174121379852e-03 -4.153883829712867737e-02
2.205898323596200134e+04 -9.162978967651724815e-04 1.435533352196216583e-02 -3.940080851316452026e-02
2.205900325530799819e+04 3.054326225537806749e-04 1.191187184303998947e-02 -4.184427112340927124e-02
2.205902327466000133e+04 -6.414085160940885544e-03 1.771509274840354919e-02 -4.153883829712867737e-02
2.205904329401699943e+04 0.000000000000000000e+00 1.252273749560117722e-02 -4.062253981828689575e-02
2.205906331337899974e+04 1.527163083665072918e-03 1.007927674800157547e-02 -4.214970022439956665e-02
2.205908333274599863e+04 -5.192354787141084671e-03 9.773843921720981598e-03 -4.520402848720550537e-02
2.205910335211900019e+04 -2.443460980430245399e-03 1.007927674800157547e-02 -4.489859566092491150e-02
2.205912337149599989e+04 6.108652451075613499e-04 8.246680721640586853e-03 -4.184427112340927124e-02
2.205914339087800181e+04 -3.359758760780096054e-03 8.246680721640586853e-03 -4.306599870324134827e-02
2.205916341026699956e+04 -2.748893573880195618e-03 7.024950347840785980e-03 -4.520402848720550537e-02
2.205918342965899865e+04 -1.221730490215122700e-03 1.069014146924018860e-02 -4.337143152952194214e-02
2.205920344905800084e+04 -3.970623947679996490e-03 8.857546374201774597e-03 -4.062253981828689575e-02
2.205922346845900029e+04 -4.276056773960590363e-03 9.468411095440387726e-03 -4.184427112340927124e-02
2.205924345734799863e+04 -2.138028386980295181e-03 1.374446786940097809e-02 -4.337143152952194214e-02
2.205926350727599856e+04 -4.581489134579896927e-03 1.221730466932058334e-02 -4.337143152952194214e-02
2.205928352669000014e+04 -7.635815534740686417e-03 7.330383174121379852e-03 -4.214970022439956665e-02
2.205930354610599898e+04 -3.359758760780096054e-03 1.130100712180137634e-02 -4.184427112340927124e-02
2.205932353500899990e+04 -1.527163083665072918e-03 9.773843921720981598e-03 -4.245513305068016052e-02
2.205934355443399909e+04 -2.443460980430245399e-03 1.404990069568157196e-02 -3.909537568688392639e-02
2.205936357386099917e+04 2.748893573880195618e-03 1.069014146924018860e-02 -4.123340547084808350e-02
2.205938359329200102e+04 -3.054326167330145836e-03 8.246680721640586853e-03 -4.428773000836372375e-02
2.205940361272500013e+04 -2.748893573880195618e-03 1.282817032188177109e-02 -4.092797264456748962e-02
2.205942393733599965e+04 2.443460980430245399e-03 5.497787147760391235e-03 -4.031710699200630188e-02
2.205944413988200176e+04 9.162978967651724815e-04 9.468411095440387726e-03 -4.673119261860847473e-02
2.205946415932400123e+04 -3.970623947679996490e-03 1.221730466932058334e-02 -4.367686435580253601e-02
2.205948463653200088e+04 -1.832595793530344963e-03 9.468411095440387726e-03 -3.970624133944511414e-02
2.205950465598099981e+04 -9.162978967651724815e-04 8.857546374201774597e-03 -4.214970022439956665e-02
2.205952467543099920e+04 0.000000000000000000e+00 9.773843921720981598e-03 -4.031710699200630188e-02
2.205954469488399991e+04 -3.359758760780096054e-03 7.941247895359992981e-03 -4.428773000836372375e-02
2.205956471433999832e+04 -3.054326167330145836e-03 1.069014146924018860e-02 -4.276056587696075439e-02
2.205958473379900170e+04 -3.970623947679996490e-03 1.191187184303998947e-02 -3.878994286060333252e-02
2.205960475325999869e+04 -6.108652451075613499e-04 1.130100712180137634e-02 -4.459316283464431763e-02
2.205962477272400065e+04 -6.108652451075613499e-04 1.160643994808197021e-02 -4.306599870324134827e-02
2.205964479218999986e+04 -2.443460980430245399e-03 9.468411095440387726e-03 -4.092797264456748962e-02
2.205966481165699952e+04 1.221730490215122700e-03 1.069014146924018860e-02 -4.123340547084808350e-02
2.205968483112600006e+04 -9.162978967651724815e-04 8.857546374201774597e-03 -3.848451003432273865e-02
2.205970485059799830e+04 1.527163083665072918e-03 7.635815534740686417e-03 -4.337143152952194214e-02
2.205972487007100062e+04 -2.748893573880195618e-03 9.468411095440387726e-03 -4.062253981828689575e-02
2.205974488954600019e+04 -5.192354787141084671e-03 1.252273749560117722e-02 -4.306599870324134827e-02
2.205976490902200021e+04 -2.748893573880195618e-03 9.162978269159793854e-03 -4.306599870324134827e-02
2.205978492850100156e+04 -3.359758760780096054e-03 8.246680721640586853e-03 -4.367686435580253601e-02
2.205980494798099971e+04 -1.221730490215122700e-03 1.130100712180137634e-02 -4.031710699200630188e-02
2.205982496746399920e+04 2.138028386980295181e-03 9.468411095440387726e-03 -4.398229718208312988e-02
2.205984498694699869e+04 -1.832595793530344963e-03 8.552113547921180725e-03 -4.276056587696075439e-02
2.205986497591399893e+04 -4.886921960860490799e-03 9.468411095440387726e-03 -4.153883829712867737e-02
2.205988499540100020e+04 -9.162978967651724815e-04 8.857546374201774597e-03 -4.367686435580253601e-02
2.205990501488899827e+04 -4.886921960860490799e-03 7.330383174121379852e-03 -4.276056587696075439e-02
2.205992503437800042e+04 -9.162978967651724815e-04 9.773843921720981598e-03 -4.123340547084808350e-02
2.205994505386899982e+04 -1.832595793530344963e-03 1.252273749560117722e-02 -4.459316283464431763e-02
2.205996507336099967e+04 -9.162978967651724815e-04 9.773843921720981598e-03 -4.123340547084808350e-02
2.205998509285399996e+04 -3.970623947679996490e-03 9.468411095440387726e-03 -4.123340547084808350e-02
2.206000511234900114e+04 -9.162978269159793854e-03 7.330383174121379852e-03 -4.398229718208312988e-02
2.206002513184499912e+04 0.000000000000000000e+00 8.857546374201774597e-03 -4.062253981828689575e-02
2.206004515134100075e+04 -3.054326225537806749e-04 1.404990069568157196e-02 -4.214970022439956665e-02
2.206006517083899962e+04 -2.138028386980295181e-03 8.246680721640586853e-03 -4.459316283464431763e-02
2.206008515981999881e+04 -2.443460980430245399e-03 7.941247895359992981e-03 -4.123340547084808350e-02
2.206010524035599883e+04 4.581489134579896927e-03 6.719517521560192108e-03 -4.367686435580253601e-02
2.206012522933899891e+04 -3.359758760780096054e-03 1.374446786940097809e-02 -4.123340547084808350e-02
2.206014524884200000e+04 -2.748893573880195618e-03 7.635815534740686417e-03 -4.306599870324134827e-02
2.206016526834400065e+04 -3.665191587060689926e-03 1.221730466932058334e-02 -4.459316283464431763e-02
2.206018528784799855e+04 -3.054326225537806749e-04 7.330383174121379852e-03 -4.398229718208312988e-02
2.206020530735300053e+04 -2.748893573880195618e-03 1.038470957428216934e-02 -4.398229718208312988e-02
2.206022529633899831e+04 -9.162978967651724815e-04 1.038470957428216934e-02 -4.520402848720550537e-02
2.206024534636400131e+04 9.162978967651724815e-04 8.246680721640586853e-03 -4.428773000836372375e-02
2.206026533535300041e+04 0.000000000000000000e+00 1.069014146924018860e-02 -4.214970022439956665e-02
2.206028535485999964e+04 -4.276056773960590363e-03 1.099557429552078247e-02 -4.153883829712867737e-02
2.206030540488599945e+04 -2.748893573880195618e-03 1.099557429552078247e-02 -4.337143152952194214e-02
2.206032539387699944e+04 -3.665191587060689926e-03 1.130100712180137634e-02 -3.909537568688392639e-02
2.206034541338800045e+04 -9.162978967651724815e-04 8.246680721640586853e-03 -4.276056587696075439e-02
2.206036543289800102e+04 3.054326167330145836e-03 1.007927674800157547e-02 -4.153883829712867737e-02
2.206038545240800158e+04 -1.832595793530344963e-03 1.343903504312038422e-02 -4.520402848720550537e-02
2.206040547192099984e+04 -4.886921960860490799e-03 1.191187184303998947e-02 -4.337143152952194214e-02
2.206042549143300130e+04 -6.108652334660291672e-03 1.557706389576196671e-02 -4.184427112340927124e-02
2.206044551094599956e+04 -1.221730490215122700e-03 1.160643994808197021e-02 -4.123340547084808350e-02
2.206046556097700159e+04 -4.581489134579896927e-03 1.160643994808197021e-02 -4.398229718208312988e-02
2.206048554997400061e+04 -1.527163083665072918e-03 1.221730466932058334e-02 -4.214970022439956665e-02
2.206050556948799931e+04 -3.054326167330145836e-03 8.857546374201774597e-03 -4.398229718208312988e-02
2.206052558900299846e+04 -9.162978967651724815e-04 8.552113547921180725e-03 -4.031710699200630188e-02
2.206054560851999850e+04 -3.054326167330145836e-03 1.191187184303998947e-02 -4.031710699200630188e-02
2.206056562803600173e+04 -3.970623947679996490e-03 6.719517521560192108e-03 -4.031710699200630188e-02
2.206058564755200132e+04 -3.665191587060689926e-03 1.038470957428216934e-02 -4.306599870324134827e-02
2.206060566707000180e+04 -8.552113547921180725e-03 1.069014146924018860e-02 -4.245513305068016052e-02
2.206062568658799864e+04 -3.359758760780096054e-03 1.435533352196216583e-02 -4.245513305068016052e-02
2.206064570610599912e+04 -3.970623947679996490e-03 1.313360314816236496e-02 -4.306599870324134827e-02
2.206066572562500005e+04 -2.443460980430245399e-03 9.162978269159793854e-03 -4.306599870324134827e-02
2.206068574514300053e+04 -1.527163083665072918e-03 8.246680721640586853e-03 -4.092797264456748962e-02
2.206070576466100101e+04 -2.443460980430245399e-03 6.719517521560192108e-03 -4.153883829712867737e-02
2.206072575366399906e+04 -6.108652334660291672e-03 1.343903504312038422e-02 -4.214970022439956665e-02
2.206074577318400043e+04 -7.635815534740686417e-03 1.038470957428216934e-02 -4.214970022439956665e-02
2.206076579270400180e+04 -7.330383174121379852e-03 1.221730466932058334e-02 -4.184427112340927124e-02
2.206078581222499997e+04 -1.221730490215122700e-03 1.404990069568157196e-02 -3.878994286060333252e-02
2.206080586226200103e+04 -2.443460980430245399e-03 7.941247895359992981e-03 -4.031710699200630188e-02
2.206082585126699996e+04 -3.665191587060689926e-03 9.468411095440387726e-03 -4.367686435580253601e-02
2.206084587078899858e+04 -9.162978967651724815e-04 1.130100712180137634e-02 -4.398229718208312988e-02
2.206086589031100084e+04 -3.054326167330145836e-03 1.191187184303998947e-02 -4.337143152952194214e-02
2.206088590983399990e+04 -2.138028386980295181e-03 1.160643994808197021e-02 -4.245513305068016052e-02
2.206090595987299821e+04 -4.276056773960590363e-03 1.404990069568157196e-02 -4.153883829712867737e-02
2.206092594887800078e+04 -3.665191587060689926e-03 1.069014146924018860e-02 -4.214970022439956665e-02
2.206094596839999940e+04 -1.221730490215122700e-03 1.160643994808197021e-02 -4.092797264456748962e-02
2.206096598792399891e+04 -3.054326225537806749e-04 1.069014146924018860e-02 -4.245513305068016052e-02
2.206098600744899886e+04 -3.054326167330145836e-03 1.099557429552078247e-02 -4.092797264456748962e-02
2.206100605749000169e+04 -5.192354787141084671e-03 1.191187184303998947e-02 -4.398229718208312988e-02
2.206102604649700152e+04 -7.635815534740686417e-03 1.466076634824275970e-02 -4.245513305068016052e-02
2.206104606602100102e+04 -2.138028386980295181e-03 1.618792861700057983e-02 -4.306599870324134827e-02
2.206106608554500053e+04 -2.443460980430245399e-03 1.130100712180137634e-02 -4.245513305068016052e-02
2.206108610506900004e+04 -4.581489134579896927e-03 9.162978269159793854e-03 -4.367686435580253601e-02
2.206110572786500052e+04 -5.803219974040985107e-03 1.252273749560117722e-02 -4.367686435580253601e-02
2.206112599153200063e+04 -2.138028386980295181e-03 1.007927674800157547e-02 -4.245513305068016052e-02
2.206114622468100060e+04 -8.246680721640586853e-03 1.007927674800157547e-02 -4.398229718208312988e-02
2.206116624420700100e+04 -7.635815534740686417e-03 9.468411095440387726e-03 -4.581489413976669312e-02
2.206118626373300140e+04 -1.527163083665072918e-03 1.343903504312038422e-02 -4.276056587696075439e-02
2.206120628325900179e+04 -2.138028386980295181e-03 1.191187184303998947e-02 -4.062253981828689575e-02
2.206122630278499855e+04 -3.359758760780096054e-03 8.552113547921180725e-03 -4.153883829712867737e-02
2.206124632231099895e+04 -2.748893573880195618e-03 7.635815534740686417e-03 -4.337143152952194214e-02
2.206126634183699935e+04 -3.665191587060689926e-03 1.069014146924018860e-02 -4.276056587696075439e-02
2.206128636136400019e+04 -7.024950347840785980e-03 1.069014146924018860e-02 -4.306599870324134827e-02
2.206130638089000058e+04 -3.665191587060689926e-03 8.552113547921180725e-03 -4.337143152952194214e-02
2.206132640041600098e+04 -5.803219974040985107e-03 1.527163106948137283e-02 -4.612032696604728699e-02
2.206134641994200138e+04 -2.443460980430245399e-03 9.162978269159793854e-03 -4.398229718208312988e-02
2.206136643946899858e+04 -7.635815534740686417e-03 8.552113547921180725e-03 -4.520402848720550537e-02
2.206138645899699986e+04 -5.192354787141084671e-03 1.282817032188177109e-02 -4.245513305068016052e-02
2.206140650904300128e+04 -6.108652451075613499e-04 1.252273749560117722e-02 -4.367686435580253601e-02
2.206142649805299880e+04 -2.748893573880195618e-03 1.160643994808197021e-02 -4.459316283464431763e-02
2.206144651758100008e+04 -2.748893573880195618e-03 1.130100712180137634e-02 -4.489859566092491150e-02
2.206146653710900137e+04 -6.108652334660291672e-03 1.527163106948137283e-02 -3.940080851316452026e-02
2.206148655663699901e+04 6.108652451075613499e-04 7.330383174121379852e-03 -4.367686435580253601e-02
2.206150660668300043e+04 3.054326225537806749e-04 1.435533352196216583e-02 -3.817907720804214478e-02
2.206152659569399839e+04 -4.886921960860490799e-03 1.160643994808197021e-02 -4.153883829712867737e-02
2.206154661522199967e+04 3.054326225537806749e-04 1.038470957428216934e-02 -4.398229718208312988e-02
2.206156663475000096e+04 -6.108652451075613499e-04 9.468411095440387726e-03 -4.276056587696075439e-02
2.206158662375999847e+04 -4.581489134579896927e-03 1.038470957428216934e-02 -4.428773000836372375e-02
2.206160664328799976e+04 -4.581489134579896927e-03 1.282817032188177109e-02 -4.581489413976669312e-02
2.206162669333400117e+04 -2.443460980430245399e-03 1.099557429552078247e-02 -4.550946131348609924e-02
2.206164671286199882e+04 -5.497787147760391235e-03 1.160643994808197021e-02 -4.092797264456748962e-02
2.206166673239000011e+04 -3.054326167330145836e-03 1.160643994808197021e-02 -4.581489413976669312e-02
2.206168675191800139e+04 -5.803219974040985107e-03 8.246680721640586853e-03 -4.214970022439956665e-02
2.206170677144599904e+04 -1.527163083665072918e-03 1.038470957428216934e-02 -4.459316283464431763e-02
2.206172676045700064e+04 -5.497787147760391235e-03 1.343903504312038422e-02 -4.276056587696075439e-02
2.206174677998599873e+04 1.221730490215122700e-03 1.099557429552078247e-02 -4.031710699200630188e-02
2.206176679951600090e+04 -6.719517521560192108e-03 7.635815534740686417e-03 -4.123340547084808350e-02
2.206178681904599944e+04 -7.635815534740686417e-03 7.330383174121379852e-03 -4.306599870324134827e-02
2.206180683857600161e+04 -4.886921960860490799e-03 1.282817032188177109e-02 -4.214970022439956665e-02
2.206182685810600015e+04 -1.527163083665072918e-03 1.221730466932058334e-02 -3.909537568688392639e-02
2.206184687763599868e+04 2.748893573880195618e-03 9.162978269159793854e-03 -4.123340547084808350e-02
2.206186723285900007e+04 -3.970623947679996490e-03 8.857546374201774597e-03 -4.001167416572570801e-02
2.206188725238899860e+04 -1.832595793530344963e-03 1.496619824320077896e-02 -3.726277872920036316e-02
2.206190730243700091e+04 -2.138028386980295181e-03 7.330383174121379852e-03 -4.214970022439956665e-02
2.206192729144899931e+04 -1.221730490215122700e-03 1.374446786940097809e-02 -4.123340547084808350e-02
2.206194731097900149e+04 -2.748893573880195618e-03 1.099557429552078247e-02 -4.245513305068016052e-02
2.206196733050900002e+04 -2.443460980430245399e-03 7.635815534740686417e-03 -3.909537568688392639e-02
2.206198719745199924e+04 -2.748893573880195618e-03 1.466076634824275970e-02 -4.245513305068016052e-02
2.206200718646400128e+04 -1.527163083665072918e-03 7.330383174121379852e-03 -4.520402848720550537e-02
2.206202720599399981e+04 -7.635815534740686417e-03 1.160643994808197021e-02 -4.306599870324134827e-02
2.206204725604199848e+04 1.221730490215122700e-03 1.496619824320077896e-02 -4.184427112340927124e-02
2.206206724505400052e+04 -2.748893573880195618e-03 1.374446786940097809e-02 -4.612032696604728699e-02
2.206208711199599929e+04 -2.748893573880195618e-03 1.038470957428216934e-02 -4.276056587696075439e-02
2.206210713152600147e+04 -5.192354787141084671e-03 8.552113547921180725e-03 -4.398229718208312988e-02
2.206212715105600000e+04 -1.221730490215122700e-03 1.466076634824275970e-02 -3.940080851316452026e-02
2.206214717058599854e+04 3.054326225537806749e-04 1.099557429552078247e-02 -4.153883829712867737e-02
2.206216719011600071e+04 2.443460980430245399e-03 1.069014146924018860e-02 -4.184427112340927124e-02
2.206218720964599925e+04 -4.886921960860490799e-03 9.162978269159793854e-03 -4.398229718208312988e-02
2.206220722917600142e+04 3.054326225537806749e-04 1.191187184303998947e-02 -4.184427112340927124e-02
2.206222721818900027e+04 -1.527163083665072918e-03 1.069014146924018860e-02 -4.092797264456748962e-02
2.206224726823599849e+04 -3.665191587060689926e-03 1.343903504312038422e-02 -4.001167416572570801e-02
2.206226725724900098e+04 -4.886921960860490799e-03 1.007927674800157547e-02 -4.153883829712867737e-02
2.206228727677899951e+04 1.221730490215122700e-03 8.246680721640586853e-03 -4.153883829712867737e-02
2.206230732682700182e+04 3.665191587060689926e-03 5.803219974040985107e-03 -4.092797264456748962e-02
2.206232731583900022e+04 -5.192354787141084671e-03 9.468411095440387726e-03 -4.153883829712867737e-02
2.206234733536899876e+04 1.221730490215122700e-03 9.162978269159793854e-03 -4.214970022439956665e-02
2.206236735489900093e+04 -3.054326167330145836e-03 7.330383174121379852e-03 -4.459316283464431763e-02
2.206238737442899946e+04 -3.359758760780096054e-03 1.496619824320077896e-02 -4.153883829712867737e-02
2.206240739395900164e+04 -9.162978967651724815e-04 8.552113547921180725e-03 -3.878994286060333252e-02
2.206242741348900017e+04 -9.162978967651724815e-04 9.468411095440387726e-03 -3.940080851316452026e-02
2.206244743301899871e+04 -1.527163083665072918e-03 4.276056773960590363e-03 -4.031710699200630188e-02
2.206246745254900088e+04 -1.221730490215122700e-03 1.618792861700057983e-02 -4.153883829712867737e-02
2.206248747207899942e+04 -5.192354787141084671e-03 1.191187184303998947e-02 -4.459316283464431763e-02
2.206250749160900159e+04 -3.054326225537806749e-04 1.466076634824275970e-02 -4.276056587696075439e-02
2.206252751113900013e+04 -2.138028386980295181e-03 1.130100712180137634e-02 -4.367686435580253601e-02
2.206254753066899866e+04 -3.970623947679996490e-03 1.679879426956176758e-02 -4.489859566092491150e-02
2.206256755019900083e+04 -1.221730490215122700e-03 1.343903504312038422e-02 -4.306599870324134827e-02
2.206258756972899937e+04 -4.581489134579896927e-03 1.679879426956176758e-02 -4.153883829712867737e-02
2.206260758925900154e+04 -7.024950347840785980e-03 9.773843921720981598e-03 -4.612032696604728699e-02
2.206262760878900008e+04 -1.221730490215122700e-03 9.162978269159793854e-03 -4.337143152952194214e-02
2.206264759780199893e+04 -3.970623947679996490e-03 1.221730466932058334e-02 -4.459316283464431763e-02
2.206266764784900079e+04 1.527163083665072918e-03 9.773843921720981598e-03 -4.306599870324134827e-02
2.206268763686199964e+04 1.221730490215122700e-03 1.160643994808197021e-02 -4.092797264456748962e-02
2.206270765639200181e+04 -2.748893573880195618e-03 8.857546374201774597e-03 -4.428773000836372375e-02
2.206272767592200034e+04 -7.941247895359992981e-03 7.024950347840785980e-03 -4.031710699200630188e-02
2.206274772597199990e+04 -3.054326167330145836e-03 1.313360314816236496e-02 -4.092797264456748962e-02
2.206276774550399932e+04 -6.414085160940885544e-03 9.773843921720981598e-03 -4.337143152952194214e-02
2.206278776503599875e+04 -9.162978967651724815e-04 9.468411095440387726e-03 -4.398229718208312988e-02
2.206280778456700136e+04 -1.527163083665072918e-03 1.313360314816236496e-02 -4.153883829712867737e-02
2.206282780409699990e+04 -2.748893573880195618e-03 8.552113547921180725e-03 -4.398229718208312988e-02
2.206284782362899932e+04 -6.108652334660291672e-03 3.970623947679996490e-03 -4.092797264456748962e-02
2.206286781264299862e+04 -1.221730490215122700e-03 1.252273749560117722e-02 -4.367686435580253601e-02
2.206288783217300079e+04 0.000000000000000000e+00 9.773843921720981598e-03 -4.092797264456748962e-02
2.206290785170399977e+04 -3.970623947679996490e-03 1.160643994808197021e-02 -4.337143152952194214e-02
2.206292787123599919e+04 -2.443460980430245399e-03 5.803219974040985107e-03 -4.367686435580253601e-02
2.206294789076799862e+04 -2.443460980430245399e-03 1.221730466932058334e-02 -4.306599870324134827e-02
2.206296791029900123e+04 1.527163083665072918e-03 8.246680721640586853e-03 -4.184427112340927124e-02
2.206298792982899977e+04 6.108652451075613499e-04 8.857546374201774597e-03 -3.817907720804214478e-02
2.206300794936099919e+04 -2.443460980430245399e-03 7.330383174121379852e-03 -4.367686435580253601e-02
2.206302796889299862e+04 2.138028386980295181e-03 1.221730466932058334e-02 -4.428773000836372375e-02
2.206304798842300079e+04 -4.276056773960590363e-03 1.130100712180137634e-02 -4.062253981828689575e-02
2.206306800795399977e+04 0.000000000000000000e+00 1.160643994808197021e-02 -4.153883829712867737e-02
2.206308802748599919e+04 -6.108652334660291672e-03 1.038470957428216934e-02 -4.153883829712867737e-02
2.206310804701799862e+04 -1.527163083665072918e-03 1.282817032188177109e-02 -4.276056587696075439e-02
2.206312809706700136e+04 -3.970623947679996490e-03 1.252273749560117722e-02 -4.306599870324134827e-02
2.206314808607899977e+04 -4.276056773960590363e-03 1.069014146924018860e-02 -4.031710699200630188e-02
2.206316810561099919e+04 1.221730490215122700e-03 1.252273749560117722e-02 -4.153883829712867737e-02
2.206318812514299862e+04 -5.497787147760391235e-03 1.221730466932058334e-02 -4.092797264456748962e-02
2.206320814467300079e+04 0.000000000000000000e+00 1.374446786940097809e-02 -4.184427112340927124e-02
2.206322816420399977e+04 9.162978967651724815e-04 1.099557429552078247e-02 -3.940080851316452026e-02
2.206324818373599919e+04 -7.941247895359992981e-03 1.007927674800157547e-02 -4.367686435580253601e-02
2.206326820326799862e+04 -3.359758760780096054e-03 1.191187184303998947e-02 -4.245513305068016052e-02
2.206328825331700136e+04 -9.162978967651724815e-04 9.468411095440387726e-03 -4.276056587696075439e-02
2.206330827284699990e+04 -7.024950347840785980e-03 5.803219974040985107e-03 -4.031710699200630188e-02
2.206332829237899932e+04 -9.162978967651724815e-04 7.941247895359992981e-03 -4.489859566092491150e-02
2.206334828139299862e+04 -3.054326225537806749e-04 1.374446786940097809e-02 -4.153883829712867737e-02
2.206336833144100092e+04 -2.443460980430245399e-03 1.099557429552078247e-02 -4.276056587696075439e-02
2.206338835097199990e+04 -2.748893573880195618e-03 1.038470957428216934e-02 -4.214970022439956665e-02
2.206340837050399932e+04 -1.832595793530344963e-03 1.221730466932058334e-02 -4.245513305068016052e-02
2.206342839003599875e+04 1.832595793530344963e-03 1.404990069568157196e-02 -3.970624133944511414e-02
2.206344840956700136e+04 -6.108652334660291672e-03 1.038470957428216934e-02 -4.214970022439956665e-02
2.206346845961399958e+04 -6.414085160940885544e-03 1.374446786940097809e-02 -4.337143152952194214e-02
2.206348844862899932e+04 -5.192354787141084671e-03 1.130100712180137634e-02 -4.245513305068016052e-02
2.206350846816099875e+04 -3.054326167330145836e-03 1.191187184303998947e-02 -4.428773000836372375e-02
2.206352848769100092e+04 2.443460980430245399e-03 1.191187184303998947e-02 -4.214970022439956665e-02
2.206354850722199990e+04 -3.054326167330145836e-03 8.857546374201774597e-03 -3.940080851316452026e-02
2.206356852675399932e+04 -3.665191587060689926e-03 1.069014146924018860e-02 -4.489859566092491150e-02
2.206358854628599875e+04 2.748893573880195618e-03 1.007927674800157547e-02 -4.092797264456748962e-02
2.206360856581700136e+04 -4.886921960860490799e-03 1.221730466932058334e-02 -4.062253981828689575e-02
2.206362858534699990e+04 -4.276056773960590363e-03 1.343903504312038422e-02 -4.398229718208312988e-02
2.206364860487899932e+04 -4.276056773960590363e-03 8.246680721640586853e-03 -4.550946131348609924e-02
2.206366862441099875e+04 -4.276056773960590363e-03 1.374446786940097809e-02 -4.184427112340927124e-02
2.206368864394100092e+04 -1.832595793530344963e-03 1.160643994808197021e-02 -4.062253981828689575e-02
2.206370866347199990e+04 3.054326225537806749e-04 7.941247895359992981e-03 -4.184427112340927124e-02
2.206372868300399932e+04 -2.748893573880195618e-03 1.130100712180137634e-02 -4.153883829712867737e-02
2.206374870253599875e+04 -4.581489134579896927e-03 1.527163106948137283e-02 -4.581489413976669312e-02
2.206376872206700136e+04 -4.276056773960590363e-03 9.162978269159793854e-03 -4.092797264456748962e-02
2.206378874159699990e+04 2.138028386980295181e-03 7.941247895359992981e-03 -4.092797264456748962e-02
2.206380876112899932e+04 -3.054326167330145836e-03 7.024950347840785980e-03 -4.001167416572570801e-02
2.206382878066099875e+04 -4.886921960860490799e-03 9.773843921720981598e-03 -4.123340547084808350e-02
2.206384880019100092e+04 -9.773843921720981598e-03 1.099557429552078247e-02 -4.245513305068016052e-02
2.206386878920399977e+04 -1.832595793530344963e-03 1.221730466932058334e-02 -4.489859566092491150e-02
2.206388880873599919e+04 -1.832595793530344963e-03 1.313360314816236496e-02 -4.306599870324134827e-02
2.206390882826799862e+04 -9.162978967651724815e-04 7.941247895359992981e-03 -4.031710699200630188e-02
2.206392884779900123e+04 6.108652451075613499e-04 1.007927674800157547e-02 -4.306599870324134827e-02
2.206394886732899977e+04 -3.054326225537806749e-04 1.038470957428216934e-02 -4.337143152952194214e-02
2.206396888686099919e+04 -8.246680721640586853e-03 1.130100712180137634e-02 -4.337143152952194214e-02
2.206398890639299862e+04 1.527163083665072918e-03 1.191187184303998947e-02 -4.123340547084808350e-02
2.206400892592300079e+04 3.970623947679996490e-03 9.468411095440387726e-03 -4.214970022439956665e-02
2.206402891493599964e+04 -1.527163083665072918e-03 1.130100712180137634e-02 -4.459316283464431763e-02
2.206404890395099937e+04 -4.581489134579896927e-03 7.941247895359992981e-03 -4.092797264456748962e-02
2.206406892348299880e+04 -3.054326167330145836e-03 1.160643994808197021e-02 -4.214970022439956665e-02
2.206408894301400142e+04 -4.276056773960590363e-03 9.162978269159793854e-03 -4.214970022439956665e-02
2.206410896254399995e+04 -2.138028386980295181e-03 6.719517521560192108e-03 -4.092797264456748962e-02
2.206412898207599937e+04 -3.359758760780096054e-03 8.246680721640586853e-03 -4.520402848720550537e-02
2.206414900160799880e+04 3.054326225537806749e-04 9.162978269159793854e-03 -4.031710699200630188e-02
2.206416902113800097e+04 -5.803219974040985107e-03 8.552113547921180725e-03 -4.001167416572570801e-02
2.206418904066899995e+04 -3.054326167330145836e-03 7.941247895359992981e-03 -4.214970022439956665e-02
2.206420906020099937e+04 -6.108652334660291672e-03 1.069014146924018860e-02 -4.153883829712867737e-02
2.206422907973299880e+04 -1.221730490215122700e-03 1.527163106948137283e-02 -3.970624133944511414e-02
2.206424912978100110e+04 6.108652451075613499e-04 1.007927674800157547e-02 -4.459316283464431763e-02
2.206426911879399995e+04 -5.803219974040985107e-03 8.857546374201774597e-03 -4.062253981828689575e-02
2.206428913832599937e+04 -7.330383174121379852e-03 1.496619824320077896e-02 -4.245513305068016052e-02
2.206430915785799880e+04 -3.665191587060689926e-03 1.466076634824275970e-02 -4.123340547084808350e-02
2.206432917738800097e+04 -1.221730490215122700e-03 1.191187184303998947e-02 -4.703662544488906860e-02
2.206434919691899995e+04 6.108652451075613499e-04 8.552113547921180725e-03 -4.214970022439956665e-02
2.206436921645099937e+04 -5.803219974040985107e-03 1.343903504312038422e-02 -4.245513305068016052e-02
2.206438923598299880e+04 -3.359758760780096054e-03 1.221730466932058334e-02 -4.367686435580253601e-02
2.206440925551400142e+04 -5.803219974040985107e-03 9.162978269159793854e-03 -4.276056587696075439e-02
2.206442927504399995e+04 -2.443460980430245399e-03 1.038470957428216934e-02 -4.337143152952194214e-02
2.206444959975199890e+04 3.054326225537806749e-04 9.468411095440387726e-03 -4.276056587696075439e-02
2.206446980238900142e+04 -1.221730490215122700e-03 1.069014146924018860e-02 -4.214970022439956665e-02
2.206448982191899995e+04 -2.748893573880195618e-03 1.252273749560117722e-02 -3.940080851316452026e-02
2.206450984145099937e+04 -1.221730490215122700e-03 8.552113547921180725e-03 -4.184427112340927124e-02
2.206452986098299880e+04 -3.359758760780096054e-03 8.246680721640586853e-03 -4.276056587696075439e-02
2.206455030776100102e+04 -3.665191587060689926e-03 1.374446786940097809e-02 -4.489859566092491150e-02
2.206457035780899969e+04 -4.276056773960590363e-03 1.221730466932058334e-02 -4.398229718208312988e-02
2.206459034682199854e+04 -2.138028386980295181e-03 1.191187184303998947e-02 -4.092797264456748962e-02
2.206461039687200173e+04 -3.359758760780096054e-03 1.130100712180137634e-02 -4.337143152952194214e-02
2.206463038588500058e+04 -8.246680721640586853e-03 1.130100712180137634e-02 -4.367686435580253601e-02
2.206465040541499911e+04 -4.886921960860490799e-03 1.038470957428216934e-02 -4.092797264456748962e-02
2.206467042494699854e+04 -4.581489134579896927e-03 1.130100712180137634e-02 -4.001167416572570801e-02
2.206469044447900160e+04 -6.719517521560192108e-03 8.552113547921180725e-03 -4.459316283464431763e-02
2.206471046401100102e+04 -3.665191587060689926e-03 1.038470957428216934e-02 -4.459316283464431763e-02
2.206473048354099956e+04 -2.748893573880195618e-03 1.191187184303998947e-02 -4.550946131348609924e-02
2.206475050307199854e+04 -2.443460980430245399e-03 1.099557429552078247e-02 -4.184427112340927124e-02
2.206477052260400160e+04 -1.832595793530344963e-03 1.282817032188177109e-02 -4.337143152952194214e-02
2.206479054213500058e+04 -6.108652451075613499e-04 9.773843921720981598e-03 -4.184427112340927124e-02
2.206481056166499911e+04 9.162978967651724815e-04 1.527163106948137283e-02 -4.245513305068016052e-02
2.206483058119699854e+04 -1.527163083665072918e-03 1.221730466932058334e-02 -4.306599870324134827e-02
2.206485057021199827e+04 -3.359758760780096054e-03 1.130100712180137634e-02 -4.123340547084808350e-02
2.206487058974400134e+04 -7.635815534740686417e-03 1.038470957428216934e-02 -4.428773000836372375e-02
2.206489060927399987e+04 -5.192354787141084671e-03 7.330383174121379852e-03 -4.092797264456748962e-02
2.206491062880499885e+04 -2.443460980430245399e-03 1.099557429552078247e-02 -4.459316283464431763e-02
2.206493064833699827e+04 -2.443460980430245399e-03 1.191187184303998947e-02 -4.123340547084808350e-02
2.206495066786800089e+04 -1.221730490215122700e-03 9.162978269159793854e-03 -4.214970022439956665e-02
2.206497068739799943e+04 -9.162978967651724815e-04 1.160643994808197021e-02 -4.153883829712867737e-02
2.206499070692999885e+04 6.108652451075613499e-04 1.221730466932058334e-02 -4.031710699200630188e-02
2.206501072646199827e+04 1.527163083665072918e-03 1.069014146924018860e-02 -4.062253981828689575e-02
2.206503074599400134e+04 -6.108652451075613499e-04 1.038470957428216934e-02 -4.062253981828689575e-02
2.206505076552399987e+04 -1.527163083665072918e-03 1.282817032188177109e-02 -3.970624133944511414e-02
2.206507078505499885e+04 -6.108652451075613499e-04 7.330383174121379852e-03 -4.245513305068016052e-02
2.206509077406900178e+04 6.108652451075613499e-04 8.552113547921180725e-03 -4.550946131348609924e-02
2.206511079360000076e+04 -1.221730490215122700e-03 1.069014146924018860e-02 -4.337143152952194214e-02
2.206513081312999930e+04 -9.162978967651724815e-04 9.773843921720981598e-03 -4.153883829712867737e-02
2.206515083266199872e+04 6.108652451075613499e-04 1.069014146924018860e-02 -4.276056587696075439e-02
2.206517085219400178e+04 -1.832595793530344963e-03 1.496619824320077896e-02 -4.398229718208312988e-02
2.206519087172600121e+04 -5.497787147760391235e-03 9.773843921720981598e-03 -4.337143152952194214e-02
2.206521144057199854e+04 -9.162978967651724815e-04 1.221730466932058334e-02 -4.123340547084808350e-02
2.206523091078699872e+04 -9.162978967651724815e-04 1.221730466932058334e-02 -4.153883829712867737e-02
2.206525093031900178e+04 6.108652451075613499e-04 9.773843921720981598e-03 -4.031710699200630188e-02
2.206527094985000076e+04 -5.803219974040985107e-03 1.252273749560117722e-02 -4.001167416572570801e-02
2.206529096937999930e+04 -2.138028386980295181e-03 9.773843921720981598e-03 -4.306599870324134827e-02
2.206531095839399859e+04 -2.443460980430245399e-03 1.282817032188177109e-02 -4.337143152952194214e-02
2.206533097792600165e+04 1.221730490215122700e-03 1.343903504312038422e-02 -4.031710699200630188e-02
2.206535102797600121e+04 3.054326167330145836e-03 1.130100712180137634e-02 -4.276056587696075439e-02
2.206537104750599974e+04 1.832595793530344963e-03 1.343903504312038422e-02 -4.245513305068016052e-02
2.206539106703699872e+04 -3.054326225537806749e-04 9.468411095440387726e-03 -4.337143152952194214e-02
2.206541108656900178e+04 6.108652451075613499e-04 1.130100712180137634e-02 -4.153883829712867737e-02
2.206543107558200063e+04 6.108652451075613499e-04 9.773843921720981598e-03 -4.306599870324134827e-02
2.206545109511199917e+04 -3.970623947679996490e-03 1.191187184303998947e-02 -4.031710699200630188e-02
2.206547111464399859e+04 -4.276056773960590363e-03 1.527163106948137283e-02 -3.848451003432273865e-02
2.206549113417600165e+04 -7.330383174121379852e-03 1.588249579071998596e-02 -4.062253981828689575e-02
2.206551115370800107e+04 -3.359758760780096054e-03 1.160643994808197021e-02 -4.062253981828689575e-02
2.206553117323799961e+04 -2.443460980430245399e-03 1.282817032188177109e-02 -4.306599870324134827e-02
2.206555119276899859e+04 3.054326225537806749e-04 9.162978269159793854e-03 -4.153883829712867737e-02
2.206557121230100165e+04 1.527163083665072918e-03 1.221730466932058334e-02 -4.184427112340927124e-02
2.206559123183200063e+04 -3.054326167330145836e-03 1.221730466932058334e-02 -4.214970022439956665e-02
2.206561128187999930e+04 6.108652451075613499e-04 7.024950347840785980e-03 -4.337143152952194214e-02
2.206563142348199835e+04 -5.192354787141084671e-03 1.130100712180137634e-02 -4.306599870324134827e-02
2.206565138197900160e+04 -3.359758760780096054e-03 9.162978269159793854e-03 -4.306599870324134827e-02
2.206567140151100102e+04 -1.527163083665072918e-03 1.038470957428216934e-02 -4.398229718208312988e-02
2.206569151259399951e+04 -3.970623947679996490e-03 1.191187184303998947e-02 -4.306599870324134827e-02
2.206571141005499885e+04 -5.192354787141084671e-03 1.130100712180137634e-02 -4.276056587696075439e-02
2.206573179579700081e+04 -6.108652334660291672e-03 1.557706389576196671e-02 -4.245513305068016052e-02
2.206575141860000076e+04 -3.665191587060689926e-03 1.466076634824275970e-02 -4.276056587696075439e-02
2.206577140761199917e+04 -3.054326225537806749e-04 1.191187184303998947e-02 -4.031710699200630188e-02
2.206579142714399859e+04 -7.941247895359992981e-03 1.252273749560117722e-02 -4.337143152952194214e-02
2.206581144667600165e+04 -6.108652451075613499e-04 1.282817032188177109e-02 -4.031710699200630188e-02
2.206583146620800107e+04 1.832595793530344963e-03 1.252273749560117722e-02 -4.398229718208312988e-02
2.206585148573799961e+04 9.162978967651724815e-04 1.191187184303998947e-02 -4.398229718208312988e-02
2.206587150526899859e+04 -3.054326167330145836e-03 1.252273749560117722e-02 -3.940080851316452026e-02
2.206589152480100165e+04 -7.330383174121379852e-03 8.552113547921180725e-03 -4.520402848720550537e-02
2.206591154433200063e+04 9.162978967651724815e-04 1.130100712180137634e-02 -4.276056587696075439e-02
2.206593156386199917e+04 -6.108652451075613499e-04 1.130100712180137634e-02 -4.153883829712867737e-02
2.206595158339399859e+04 -3.970623947679996490e-03 1.130100712180137634e-02 -4.123340547084808350e-02
2.206597160292600165e+04 -1.527163083665072918e-03 1.221730466932058334e-02 -3.909537568688392639e-02
2.206599162245800107e+04 -5.803219974040985107e-03 9.773843921720981598e-03 -4.337143152952194214e-02
2.206601164198799961e+04 -5.497787147760391235e-03 1.618792861700057983e-02 -4.337143152952194214e-02
2.206603166151899859e+04 1.221730490215122700e-03 1.191187184303998947e-02 -3.787364438176155090e-02
2.206605168105100165e+04 -9.468411095440387726e-03 1.282817032188177109e-02 -4.276056587696075439e-02
2.206607170058200063e+04 3.054326225537806749e-04 1.007927674800157547e-02 -4.001167416572570801e-02
2.206609172011199917e+04 -5.192354787141084671e-03 1.466076634824275970e-02 -4.123340547084808350e-02
2.206611173964399859e+04 -2.443460980430245399e-03 1.221730466932058334e-02 -4.245513305068016052e-02
2.206613175917600165e+04 -9.162978967651724815e-04 8.246680721640586853e-03 -4.062253981828689575e-02
2.206615177870800107e+04 2.443460980430245399e-03 1.496619824320077896e-02 -4.245513305068016052e-02
2.206617179823799961e+04 -4.886921960860490799e-03 1.221730466932058334e-02 -4.581489413976669312e-02
2.206619178725199890e+04 -6.719517521560192108e-03 9.773843921720981598e-03 -4.398229718208312988e-02
2.206621183730100165e+04 -9.162978967651724815e-04 6.108652334660291672e-03 -4.398229718208312988e-02
2.206623182631500094e+04 0.000000000000000000e+00 1.130100712180137634e-02 -4.398229718208312988e-02
2.206625187636199917e+04 -2.748893573880195618e-03 1.191187184303998947e-02 -4.123340547084808350e-02
2.206627189589399859e+04 -3.665191587060689926e-03 1.282817032188177109e-02 -4.092797264456748962e-02
2.206629191542600165e+04 6.108652451075613499e-04 1.221730466932058334e-02 -4.062253981828689575e-02
2.206631190444100139e+04 2.138028386980295181e-03 7.941247895359992981e-03 -4.489859566092491150e-02
2.206633192397099992e+04 -1.221730490215122700e-03 1.099557429552078247e-02 -4.489859566092491150e-02
2.206635194350199890e+04 -3.359758760780096054e-03 1.007927674800157547e-02 -4.214970022439956665e-02
2.206637196303399833e+04 -1.527163083665072918e-03 1.191187184303998947e-02 -4.306599870324134827e-02
2.206639198256500094e+04 -7.330383174121379852e-03 1.160643994808197021e-02 -4.398229718208312988e-02
2.206641200209499948e+04 -6.414085160940885544e-03 9.468411095440387726e-03 -4.214970022439956665e-02
2.206643202162699890e+04 -3.359758760780096054e-03 1.404990069568157196e-02 -4.123340547084808350e-02
2.206645204115899833e+04 -4.581489134579896927e-03 1.191187184303998947e-02 -4.184427112340927124e-02
2.206647206069100139e+04 1.221730490215122700e-03 1.374446786940097809e-02 -4.398229718208312988e-02
2.206649208022099992e+04 -1.527163083665072918e-03 1.404990069568157196e-02 -4.337143152952194214e-02
2.206651209975199890e+04 -6.108652451075613499e-04 1.130100712180137634e-02 -4.062253981828689575e-02
2.206653208876599820e+04 -1.221730490215122700e-03 1.191187184303998947e-02 -4.092797264456748962e-02
2.206655210829700081e+04 -1.527163083665072918e-03 1.252273749560117722e-02 -4.153883829712867737e-02
2.206657215834499948e+04 0.000000000000000000e+00 1.343903504312038422e-02 -4.428773000836372375e-02
2.206659214735899877e+04 -1.832595793530344963e-03 1.435533352196216583e-02 -4.001167416572570801e-02
2.206661219740899833e+04 -4.886921960860490799e-03 1.252273749560117722e-02 -4.581489413976669312e-02
2.206663221694100139e+04 -4.886921960860490799e-03 1.069014146924018860e-02 -4.489859566092491150e-02
2.206665223647099992e+04 -5.803219974040985107e-03 7.330383174121379852e-03 -4.214970022439956665e-02
2.206667225600199890e+04 -9.162978967651724815e-04 8.552113547921180725e-03 -3.817907720804214478e-02
2.206669224501599820e+04 -2.748893573880195618e-03 1.374446786940097809e-02 -4.214970022439956665e-02
2.206671226454700081e+04 -8.246680721640586853e-03 1.191187184303998947e-02 -4.153883829712867737e-02
2.206673231459499948e+04 -2.748893573880195618e-03 1.313360314816236496e-02 -4.398229718208312988e-02
2.206675230360899877e+04 -9.162978967651724815e-04 9.162978269159793854e-03 -4.001167416572570801e-02
2.206677232314099820e+04 -2.443460980430245399e-03 7.941247895359992981e-03 -4.031710699200630188e-02
2.206679234267300126e+04 -9.162978269159793854e-03 1.160643994808197021e-02 -4.001167416572570801e-02
2.206681236220299979e+04 -8.552113547921180725e-03 1.282817032188177109e-02 -4.459316283464431763e-02
2.206683238173399877e+04 -4.276056773960590363e-03 1.160643994808197021e-02 -4.062253981828689575e-02
2.206685243178399833e+04 -1.527163083665072918e-03 9.773843921720981598e-03 -4.428773000836372375e-02
2.206687242079700081e+04 -3.970623947679996490e-03 1.343903504312038422e-02 -4.306599870324134827e-02
2.206689244032699935e+04 -1.527163083665072918e-03 1.313360314816236496e-02 -4.062253981828689575e-02
2.206691245985899877e+04 -1.221730490215122700e-03 9.162978269159793854e-03 -4.092797264456748962e-02
2.206693247939099820e+04 -3.970623947679996490e-03 1.466076634824275970e-02 -4.428773000836372375e-02
2.206695249892300126e+04 -3.054326167330145836e-03 1.649336144328117371e-02 -4.581489413976669312e-02
2.206697251845299979e+04 -1.832595793530344963e-03 1.343903504312038422e-02 -4.398229718208312988e-02
2.206699253798399877e+04 -5.803219974040985107e-03 1.007927674800157547e-02 -4.703662544488906860e-02
2.206701255751599820e+04 -6.414085160940885544e-03 9.468411095440387726e-03 -4.276056587696075439e-02
2.206703257704700081e+04 -7.941247895359992981e-03 1.099557429552078247e-02 -3.940080851316452026e-02
2.206705259657699935e+04 -7.330383174121379852e-03 8.552113547921180725e-03 -3.940080851316452026e-02
2.206707261610899877e+04 -1.221730490215122700e-03 1.007927674800157547e-02 -4.184427112340927124e-02
2.206709263564099820e+04 -1.221730490215122700e-03 1.007927674800157547e-02 -4.153883829712867737e-02
2.206711262465600157e+04 1.832595793530344963e-03 9.162978269159793854e-03 -4.428773000836372375e-02
2.206713267470299979e+04 6.108652451075613499e-04 7.635815534740686417e-03 -4.306599870324134827e-02
2.206715266371699909e+04 3.054326225537806749e-04 1.252273749560117722e-02 -4.092797264456748962e-02
2.206717268324899851e+04 -2.138028386980295181e-03 1.191187184303998947e-02 -4.337143152952194214e-02
2.206719270278000113e+04 -2.138028386980295181e-03 1.099557429552078247e-02 -4.214970022439956665e-02
2.206721272230999966e+04 -4.581489134579896927e-03 1.435533352196216583e-02 -4.428773000836372375e-02
2.206723274184199909e+04 -5.192354787141084671e-03 5.803219974040985107e-03 -4.276056587696075439e-02
2.206725276137399851e+04 -5.497787147760391235e-03 6.414085160940885544e-03 -4.367686435580253601e-02
2.206727278090600157e+04 -3.054326167330145836e-03 1.007927674800157547e-02 -4.520402848720550537e-02
2.206729280043600011e+04 -3.970623947679996490e-03 8.246680721640586853e-03 -4.062253981828689575e-02
2.206731281996699909e+04 -4.276056773960590363e-03 6.719517521560192108e-03 -4.245513305068016052e-02
2.206733283949899851e+04 -6.108652451075613499e-04 1.099557429552078247e-02 -4.001167416572570801e-02
2.206735288954600037e+04 1.832595793530344963e-03 1.038470957428216934e-02 -4.031710699200630188e-02
2.206737290907799979e+04 -3.970623947679996490e-03 1.160643994808197021e-02 -4.489859566092491150e-02
2.206739292860999922e+04 6.108652451075613499e-04 1.221730466932058334e-02 -4.428773000836372375e-02
2.206741294814000139e+04 -5.497787147760391235e-03 1.099557429552078247e-02 -4.123340547084808350e-02
2.206743296767100037e+04 -6.108652334660291672e-03 7.635815534740686417e-03 -4.153883829712867737e-02
2.206745298720299979e+04 1.221730490215122700e-03 1.130100712180137634e-02 -4.337143152952194214e-02
2.206747300673499922e+04 -3.970623947679996490e-03 6.108652334660291672e-03 -4.489859566092491150e-02
2.206749302626500139e+04 -6.414085160940885544e-03 1.313360314816236496e-02 -4.428773000836372375e-02
2.206751304579600037e+04 -7.330383174121379852e-03 7.635815534740686417e-03 -4.306599870324134827e-02
2.206753306532799979e+04 9.162978967651724815e-04 1.069014146924018860e-02 -4.214970022439956665e-02
2.206755308485999922e+04 -3.665191587060689926e-03 1.191187184303998947e-02 -4.153883829712867737e-02
2.206757310439000139e+04 -3.970623947679996490e-03 1.099557429552078247e-02 -4.276056587696075439e-02
2.206759312392100037e+04 -3.054326225537806749e-04 1.282817032188177109e-02 -4.428773000836372375e-02
2.206761317397099992e+04 -3.665191587060689926e-03 1.374446786940097809e-02 -4.306599870324134827e-02
2.206763316298499922e+04 -3.665191587060689926e-03 7.941247895359992981e-03 -4.428773000836372375e-02
2.206765318251500139e+04 -4.581489134579896927e-03 8.552113547921180725e-03 -4.337143152952194214e-02
2.206767320204600037e+04 -1.527163083665072918e-03 1.221730466932058334e-02 -4.184427112340927124e-02
2.206769322157799979e+04 -6.108652451075613499e-04 5.803219974040985107e-03 -4.337143152952194214e-02
2.206771324110999922e+04 -5.192354787141084671e-03 6.719517521560192108e-03 -4.306599870324134827e-02
2.206773326064000139e+04 6.108652451075613499e-04 1.069014146924018860e-02 -4.153883829712867737e-02
2.206775331068900050e+04 1.832595793530344963e-03 1.099557429552078247e-02 -4.245513305068016052e-02
2.206777329970299979e+04 -2.138028386980295181e-03 1.618792861700057983e-02 -4.612032696604728699e-02
2.206779331923499922e+04 -2.443460980430245399e-03 1.130100712180137634e-02 -4.459316283464431763e-02
2.206781333876500139e+04 -7.024950347840785980e-03 1.649336144328117371e-02 -4.459316283464431763e-02
2.206783335829600037e+04 6.108652451075613499e-04 1.252273749560117722e-02 -4.214970022439956665e-02
2.206785337782799979e+04 3.054326225537806749e-04 1.069014146924018860e-02 -4.245513305068016052e-02
2.206787339735999922e+04 6.108652451075613499e-04 9.773843921720981598e-03 -4.031710699200630188e-02
2.206789341689000139e+04 3.054326225537806749e-04 7.941247895359992981e-03 -3.878994286060333252e-02
2.206791343642100037e+04 3.665191587060689926e-03 1.282817032188177109e-02 -4.306599870324134827e-02
2.206793345595299979e+04 -2.443460980430245399e-03 1.191187184303998947e-02 -4.306599870324134827e-02
2.206795347548499922e+04 -6.108652451075613499e-04 9.773843921720981598e-03 -4.031710699200630188e-02
2.206797352553300152e+04 1.527163083665072918e-03 1.069014146924018860e-02 -4.276056587696075439e-02
2.206799351454600037e+04 2.443460980430245399e-03 1.191187184303998947e-02 -4.245513305068016052e-02
2.206801353407799979e+04 -3.665191587060689926e-03 1.252273749560117722e-02 -4.398229718208312988e-02
2.206803355360999922e+04 -2.748893573880195618e-03 1.191187184303998947e-02 -4.398229718208312988e-02
2.206805357314000139e+04 -7.941247895359992981e-03 1.099557429552078247e-02 -4.367686435580253601e-02
2.206807356215400068e+04 -5.803219974040985107e-03 9.162978269159793854e-03 -4.459316283464431763e-02
2.206809358168600011e+04 -5.192354787141084671e-03 8.857546374201774597e-03 -4.153883829712867737e-02
2.206811360121799953e+04 -6.108652451075613499e-04 1.221730466932058334e-02 -3.970624133944511414e-02
2.206813362074800170e+04 -4.886921960860490799e-03 1.038470957428216934e-02 -4.031710699200630188e-02
2.206815367079600037e+04 1.832595793530344963e-03 1.343903504312038422e-02 -4.123340547084808350e-02
2.206817365981100011e+04 -2.138028386980295181e-03 9.773843921720981598e-03 -4.123340547084808350e-02
2.206819367934299953e+04 -1.221730490215122700e-03 9.773843921720981598e-03 -4.123340547084808350e-02
2.206821369887300170e+04 -2.748893573880195618e-03 8.246680721640586853e-03 -4.398229718208312988e-02
2.206823371840400068e+04 -7.024950347840785980e-03 7.635815534740686417e-03 -4.123340547084808350e-02
2.206825373793600011e+04 9.162978967651724815e-04 1.404990069568157196e-02 -4.398229718208312988e-02
2.206827375746799953e+04 -6.108652451075613499e-04 1.496619824320077896e-02 -3.878994286060333252e-02
2.206829377699800170e+04 -3.665191587060689926e-03 1.130100712180137634e-02 -4.459316283464431763e-02
2.206831379652900068e+04 -5.497787147760391235e-03 1.221730466932058334e-02 -4.673119261860847473e-02
2.206833381606100011e+04 -7.330383174121379852e-03 1.069014146924018860e-02 -4.306599870324134827e-02
2.206835383559299953e+04 -2.443460980430245399e-03 1.069014146924018860e-02 -4.062253981828689575e-02
2.206837385512300170e+04 1.527163083665072918e-03 8.246680721640586853e-03 -4.062253981828689575e-02
2.206839387465400068e+04 9.162978967651724815e-04 1.099557429552078247e-02 -4.001167416572570801e-02
2.206841389418600011e+04 -4.886921960860490799e-03 6.108652334660291672e-03 -4.184427112340927124e-02
2.206843391371799953e+04 -1.832595793530344963e-03 8.552113547921180725e-03 -4.337143152952194214e-02
2.206845393324800170e+04 -9.162978269159793854e-03 1.191187184303998947e-02 -3.909537568688392639e-02
2.206847395277900068e+04 -2.138028386980295181e-03 1.771509274840354919e-02 -4.337143152952194214e-02
2.206849397231100011e+04 -6.108652334660291672e-03 8.552113547921180725e-03 -4.367686435580253601e-02
2.206851399184299953e+04 -9.162978967651724815e-04 1.069014146924018860e-02 -4.001167416572570801e-02
2.206853401137300170e+04 -4.276056773960590363e-03 9.468411095440387726e-03 -3.787364438176155090e-02
2.206855403090400068e+04 -1.527163083665072918e-03 1.221730466932058334e-02 -4.123340547084808350e-02
2.206857405043600011e+04 0.000000000000000000e+00 1.130100712180137634e-02 -4.153883829712867737e-02
2.206859406996799953e+04 -2.443460980430245399e-03 7.941247895359992981e-03 -4.489859566092491150e-02
2.206861408949800170e+04 2.748893573880195618e-03 1.099557429552078247e-02 -4.398229718208312988e-02
2.206863410902800024e+04 2.138028386980295181e-03 9.162978269159793854e-03 -3.970624133944511414e-02
2.206865412855899922e+04 -3.665191587060689926e-03 8.552113547921180725e-03 -4.367686435580253601e-02
2.206867414809099864e+04 -3.054326167330145836e-03 1.007927674800157547e-02 -4.214970022439956665e-02
2.206869416762300170e+04 -3.665191587060689926e-03 7.635815534740686417e-03 -4.245513305068016052e-02
2.206871418715500113e+04 -3.359758760780096054e-03 1.130100712180137634e-02 -4.428773000836372375e-02
2.206873420668600011e+04 -1.221730490215122700e-03 9.162978269159793854e-03 -4.612032696604728699e-02
2.206875422621599864e+04 -9.162978967651724815e-04 1.221730466932058334e-02 -4.184427112340927124e-02
2.206877424574600082e+04 2.443460980430245399e-03 1.191187184303998947e-02 -4.428773000836372375e-02
2.206879423476000011e+04 1.832595793530344963e-03 1.221730466932058334e-02 -4.398229718208312988e-02
2.206881425429199953e+04 -3.970623947679996490e-03 1.099557429552078247e-02 -4.367686435580253601e-02
2.206883430434199909e+04 -3.665191587060689926e-03 8.857546374201774597e-03 -4.489859566092491150e-02
2.206885429335599838e+04 -3.665191587060689926e-03 9.468411095440387726e-03 -4.306599870324134827e-02
2.206887431288600055e+04 -3.054326167330145836e-03 8.857546374201774597e-03 -4.489859566092491150e-02
2.206889433241599909e+04 -2.748893573880195618e-03 8.857546374201774597e-03 -4.184427112340927124e-02
2.206891438246599864e+04 -3.970623947679996490e-03 9.773843921720981598e-03 -4.184427112340927124e-02
2.206893437148000157e+04 6.108652451075613499e-04 1.007927674800157547e-02 -4.245513305068016052e-02
2.206895439101200100e+04 2.443460980430245399e-03 1.343903504312038422e-02 -4.214970022439956665e-02
2.206897441054299998e+04 -9.773843921720981598e-03 1.313360314816236496e-02 -4.123340547084808350e-02
2.206899443007299851e+04 -6.414085160940885544e-03 1.252273749560117722e-02 -4.245513305068016052e-02
2.206901444960300068e+04 -5.497787147760391235e-03 1.069014146924018860e-02 -4.092797264456748962e-02
2.206903446913500011e+04 -3.970623947679996490e-03 1.252273749560117722e-02 -3.817907720804214478e-02
2.206905448866699953e+04 -7.330383174121379852e-03 8.857546374201774597e-03 -4.276056587696075439e-02
2.206907450819899896e+04 -3.970623947679996490e-03 8.857546374201774597e-03 -4.459316283464431763e-02
2.206909452773099838e+04 -3.970623947679996490e-03 7.330383174121379852e-03 -4.214970022439956665e-02
2.206911454726100055e+04 -4.276056773960590363e-03 1.313360314816236496e-02 -4.214970022439956665e-02
2.206913456679099909e+04 0.000000000000000000e+00 1.527163106948137283e-02 -4.337143152952194214e-02
2.206915458632299851e+04 1.527163083665072918e-03 8.552113547921180725e-03 -4.245513305068016052e-02
2.206917460585500157e+04 1.221730490215122700e-03 1.007927674800157547e-02 -4.031710699200630188e-02
2.206919462538700100e+04 0.000000000000000000e+00 1.404990069568157196e-02 -4.398229718208312988e-02
2.206921464491799998e+04 -3.970623947679996490e-03 1.282817032188177109e-02 -4.123340547084808350e-02
2.206923466444799851e+04 -1.221730490215122700e-03 1.160643994808197021e-02 -4.153883829712867737e-02
2.206925468397900113e+04 -3.970623947679996490e-03 1.221730466932058334e-02 -4.337143152952194214e-02
2.206927470351100055e+04 -2.748893573880195618e-03 1.313360314816236496e-02 -3.909537568688392639e-02
2.206929472304299998e+04 1.832595793530344963e-03 8.857546374201774597e-03 -4.001167416572570801e-02
2.206931474257399896e+04 -3.054326167330145836e-03 6.108652334660291672e-03 -4.062253981828689575e-02
2.206933476210400113e+04 -3.054326167330145836e-03 1.282817032188177109e-02 -4.062253981828689575e-02
2.206935484266999993e+04 -3.970623947679996490e-03 1.099557429552078247e-02 -4.092797264456748962e-02
2.206937477064899940e+04 -4.886921960860490799e-03 1.557706389576196671e-02 -4.306599870324134827e-02
2.206939479018099883e+04 -2.138028386980295181e-03 1.313360314816236496e-02 -4.367686435580253601e-02
2.206941480971299825e+04 -3.970623947679996490e-03 1.466076634824275970e-02 -4.214970022439956665e-02
2.206943482924300042e+04 -1.527163083665072918e-03 1.069014146924018860e-02 -4.337143152952194214e-02
2.206945484877299896e+04 1.832595793530344963e-03 1.099557429552078247e-02 -4.184427112340927124e-02
2.206947486830599883e+04 2.443460980430245399e-03 1.130100712180137634e-02 -4.031710699200630188e-02
2.206949488783700144e+04 3.054326225537806749e-04 1.160643994808197021e-02 -3.970624133944511414e-02
2.206951490736900087e+04 2.748893573880195618e-03 1.252273749560117722e-02 -4.092797264456748962e-02
2.206953492689999985e+04 1.832595793530344963e-03 1.618792861700057983e-02 -4.581489413976669312e-02
2.206955494642999838e+04 -5.192354787141084671e-03 1.221730466932058334e-02 -4.214970022439956665e-02
2.206957496596200144e+04 -2.443460980430245399e-03 8.552113547921180725e-03 -4.428773000836372375e-02
2.206959495497600074e+04 -3.970623947679996490e-03 1.221730466932058334e-02 -3.878994286060333252e-02
2.206961497450800016e+04 -3.054326167330145836e-03 1.069014146924018860e-02 -4.123340547084808350e-02
2.206963502455599883e+04 -3.970623947679996490e-03 1.099557429552078247e-02 -3.970624133944511414e-02
2.206965501356900131e+04 -1.221730490215122700e-03 1.374446786940097809e-02 -4.153883829712867737e-02
2.206967503310000029e+04 -3.970623947679996490e-03 1.374446786940097809e-02 -4.276056587696075439e-02
2.206969505263199972e+04 0.000000000000000000e+00 1.313360314816236496e-02 -4.337143152952194214e-02
2.206971507216399914e+04 -2.443460980430245399e-03 1.496619824320077896e-02 -4.092797264456748962e-02
2.206973512221299825e+04 -1.527163083665072918e-03 9.773843921720981598e-03 -4.276056587696075439e-02
2.206975511122600074e+04 -3.054326225537806749e-04 1.435533352196216583e-02 -4.245513305068016052e-02
2.206977513075599927e+04 1.832595793530344963e-03 1.191187184303998947e-02 -3.970624133944511414e-02
2.206979515028799869e+04 -5.497787147760391235e-03 7.330383174121379852e-03 -4.031710699200630188e-02
2.206981516982000176e+04 -1.527163083665072918e-03 1.099557429552078247e-02 -4.520402848720550537e-02
2.206983518935200118e+04 9.162978967651724815e-04 1.679879426956176758e-02 -4.123340547084808350e-02
2.206985520888300016e+04 -3.665191587060689926e-03 9.773843921720981598e-03 -4.092797264456748962e-02
2.206987522841299869e+04 -3.665191587060689926e-03 1.374446786940097809e-02 -4.489859566092491150e-02
2.206989524794500176e+04 -3.054326225537806749e-04 9.468411095440387726e-03 -4.092797264456748962e-02
2.206991526747700118e+04 -6.108652451075613499e-04 8.857546374201774597e-03 -4.398229718208312988e-02
2.206993528700699972e+04 -1.832595793530344963e-03 7.941247895359992981e-03 -4.092797264456748962e-02
2.206995530653799869e+04 -9.162978967651724815e-04 6.414085160940885544e-03 -4.214970022439956665e-02
2.206997532607000176e+04 -3.054326167330145836e-03 5.497787147760391235e-03 -3.878994286060333252e-02
2.206999537611900087e+04 -5.803219974040985107e-03 9.773843921720981598e-03 -4.306599870324134827e-02
2.207001536513300016e+04 -1.527163083665072918e-03 1.160643994808197021e-02 -4.245513305068016052e-02
2.207003535414499856e+04 -2.443460980430245399e-03 1.252273749560117722e-02 -4.153883829712867737e-02
2.207005540419500176e+04 1.832595793530344963e-03 1.160643994808197021e-02 -3.970624133944511414e-02
2.207007542372700118e+04 -6.108652451075613499e-04 6.719517521560192108e-03 -4.428773000836372375e-02
2.207009544325699972e+04 -2.443460980430245399e-03 1.038470957428216934e-02 -4.459316283464431763e-02
2.207011543226999856e+04 -5.192354787141084671e-03 7.024950347840785980e-03 -4.123340547084808350e-02
2.207013548232000176e+04 -3.359758760780096054e-03 1.374446786940097809e-02 -3.970624133944511414e-02
2.207015550185200118e+04 3.359758760780096054e-03 1.313360314816236496e-02 -4.123340547084808350e-02
2.207017552138300016e+04 -4.276056773960590363e-03 1.679879426956176758e-02 -3.940080851316452026e-02
2.207019554091299869e+04 -4.581489134579896927e-03 1.252273749560117722e-02 -3.848451003432273865e-02
2.207021556044500176e+04 -3.970623947679996490e-03 1.435533352196216583e-02 -4.092797264456748962e-02
2.207023554945900105e+04 -6.108652451075613499e-04 1.282817032188177109e-02 -4.398229718208312988e-02
2.207025559950699972e+04 -6.108652451075613499e-04 9.162978269159793854e-03 -4.001167416572570801e-02
2.207027558851999856e+04 -3.054326225537806749e-04 8.552113547921180725e-03 -4.153883829712867737e-02
2.207029655409699990e+04 -3.359758760780096054e-03 1.038470957428216934e-02 -4.001167416572570801e-02
2.207031605483000021e+04 -2.443460980430245399e-03 5.803219974040985107e-03 -3.970624133944511414e-02
2.207033573866799998e+04 -5.803219974040985107e-03 5.803219974040985107e-03 -4.276056587696075439e-02
2.207035575819799851e+04 -2.138028386980295181e-03 1.007927674800157547e-02 -4.062253981828689575e-02
2.207037577773000157e+04 -2.138028386980295181e-03 1.007927674800157547e-02 -3.970624133944511414e-02
2.207039579726200100e+04 0.000000000000000000e+00 1.221730466932058334e-02 -4.123340547084808350e-02
2.207041581679199953e+04 -4.886921960860490799e-03 7.941247895359992981e-03 -4.001167416572570801e-02
2.207043583632299851e+04 -2.748893573880195618e-03 1.130100712180137634e-02 -4.276056587696075439e-02
2.207045585585500157e+04 -4.276056773960590363e-03 1.069014146924018860e-02 -4.184427112340927124e-02
2.207047587538700100e+04 -5.803219974040985107e-03 1.313360314816236496e-02 -4.367686435580253601e-02
2.207049589491799998e+04 -6.108652334660291672e-03 1.191187184303998947e-02 -4.062253981828689575e-02
2.207051591444799851e+04 -1.832595793530344963e-03 1.130100712180137634e-02 -4.062253981828689575e-02
2.207053593398000157e+04 -9.162978269159793854e-03 1.130100712180137634e-02 -4.092797264456748962e-02
2.207055628920500021e+04 -9.162978967651724815e-04 1.099557429552078247e-02 -4.245513305068016052e-02
2.207057630873499875e+04 -1.221730490215122700e-03 8.246680721640586853e-03 -4.092797264456748962e-02
2.207059632826600136e+04 2.138028386980295181e-03 1.496619824320077896e-02 -4.276056587696075439e-02
2.207061634779800079e+04 2.138028386980295181e-03 7.330383174121379852e-03 -4.276056587696075439e-02
2.207063618422500076e+04 2.138028386980295181e-03 1.618792861700057983e-02 -4.245513305068016052e-02
2.207065620375599974e+04 -8.857546374201774597e-03 1.313360314816236496e-02 -4.459316283464431763e-02
2.207067622328599828e+04 -3.359758760780096054e-03 1.374446786940097809e-02 -4.092797264456748962e-02
2.207069624281800134e+04 1.221730490215122700e-03 1.130100712180137634e-02 -4.062253981828689575e-02
2.207071610976200100e+04 1.527163083665072918e-03 1.130100712180137634e-02 -4.123340547084808350e-02
2.207073609877399940e+04 -3.970623947679996490e-03 9.773843921720981598e-03 -4.062253981828689575e-02
2.207075706435000029e+04 -2.748893573880195618e-03 1.191187184303998947e-02 -4.306599870324134827e-02
2.207077616835500157e+04 -1.832595793530344963e-03 9.773843921720981598e-03 -3.940080851316452026e-02
2.207079615736900087e+04 -6.414085160940885544e-03 7.941247895359992981e-03 -4.123340547084808350e-02
2.207081617689999985e+04 -1.221730490215122700e-03 5.803219974040985107e-03 -4.276056587696075439e-02
2.207083619642999838e+04 2.443460980430245399e-03 1.618792861700057983e-02 -4.245513305068016052e-02
2.207085621596200144e+04 -3.054326167330145836e-03 1.069014146924018860e-02 -4.276056587696075439e-02
2.207087623549400087e+04 -3.665191587060689926e-03 9.162978269159793854e-03 -4.031710699200630188e-02
2.207089625502399940e+04 -1.832595793530344963e-03 1.069014146924018860e-02 -4.123340547084808350e-02
2.207091627455599883e+04 -1.832595793530344963e-03 6.414085160940885544e-03 -4.062253981828689575e-02
2.207093629408700144e+04 -5.803219974040985107e-03 6.414085160940885544e-03 -4.367686435580253601e-02
2.207095631361900087e+04 3.054326225537806749e-04 1.221730466932058334e-02 -4.367686435580253601e-02
2.207097633314999985e+04 -1.832595793530344963e-03 1.160643994808197021e-02 -4.276056587696075439e-02
2.207099635267999838e+04 -2.748893573880195618e-03 1.710422709584236145e-02 -4.489859566092491150e-02
2.207101637221200144e+04 1.832595793530344963e-03 1.069014146924018860e-02 -4.276056587696075439e-02
2.207103639174400087e+04 -7.330383174121379852e-03 1.313360314816236496e-02 -4.062253981828689575e-02
2.207105641127399940e+04 -3.970623947679996490e-03 1.160643994808197021e-02 -4.184427112340927124e-02
2.207107643080599883e+04 -3.359758760780096054e-03 1.404990069568157196e-02 -3.940080851316452026e-02
2.207109645033700144e+04 -5.192354787141084671e-03 5.497787147760391235e-03 -4.214970022439956665e-02
2.207111646986900087e+04 -1.527163083665072918e-03 1.160643994808197021e-02 -4.245513305068016052e-02
2.207113648939999985e+04 -3.054326225537806749e-04 1.282817032188177109e-02 -4.153883829712867737e-02
2.207115647841299869e+04 -6.108652334660291672e-03 1.313360314816236496e-02 -4.245513305068016052e-02
2.207117649794500176e+04 -6.108652334660291672e-03 1.282817032188177109e-02 -3.878994286060333252e-02
2.207119651747700118e+04 -7.635815534740686417e-03 9.468411095440387726e-03 -4.184427112340927124e-02
2.207121656752399940e+04 -5.497787147760391235e-03 1.160643994808197021e-02 -4.337143152952194214e-02
2.207123655653799869e+04 -6.108652334660291672e-03 1.099557429552078247e-02 -4.123340547084808350e-02
2.207125657607000176e+04 -5.497787147760391235e-03 1.007927674800157547e-02 -4.367686435580253601e-02
2.207127659560200118e+04 -3.970623947679996490e-03 7.635815534740686417e-03 -4.214970022439956665e-02
2.207129661513300016e+04 -3.054326225537806749e-04 1.191187184303998947e-02 -4.428773000836372375e-02
2.207131663466299869e+04 -4.276056773960590363e-03 1.069014146924018860e-02 -4.001167416572570801e-02
2.207133665419500176e+04 -6.108652334660291672e-03 1.466076634824275970e-02 -4.398229718208312988e-02
2.207135664320900105e+04 6.108652451075613499e-04 1.374446786940097809e-02 -4.337143152952194214e-02
2.207137672377399940e+04 3.054326167330145836e-03 1.130100712180137634e-02 -4.001167416572570801e-02
2.207139674330599883e+04 -5.497787147760391235e-03 1.130100712180137634e-02 -4.062253981828689575e-02
2.207141676283700144e+04 -4.276056773960590363e-03 1.527163106948137283e-02 -4.306599870324134827e-02
2.207143678236900087e+04 -1.832595793530344963e-03 6.414085160940885544e-03 -4.062253981828689575e-02
2.207145680189999985e+04 -2.138028386980295181e-03 1.466076634824275970e-02 -4.306599870324134827e-02
2.207147685194799851e+04 3.359758760780096054e-03 7.635815534740686417e-03 -4.184427112340927124e-02
2.207149684096200144e+04 -2.443460980430245399e-03 1.099557429552078247e-02 -4.550946131348609924e-02
2.207151686049400087e+04 -1.832595793530344963e-03 1.099557429552078247e-02 -4.489859566092491150e-02
2.207153688002399940e+04 -3.970623947679996490e-03 1.343903504312038422e-02 -4.153883829712867737e-02
2.207155689955599883e+04 -3.054326167330145836e-03 1.496619824320077896e-02 -4.031710699200630188e-02
2.207157691908700144e+04 -4.276056773960590363e-03 1.191187184303998947e-02 -3.878994286060333252e-02
2.207159693861900087e+04 -2.138028386980295181e-03 9.162978269159793854e-03 -3.909537568688392639e-02
2.207161695814999985e+04 -3.054326167330145836e-03 1.282817032188177109e-02 -4.276056587696075439e-02
2.207163697767999838e+04 -9.162978967651724815e-04 1.313360314816236496e-02 -4.092797264456748962e-02
2.207165699721200144e+04 1.527163083665072918e-03 1.221730466932058334e-02 -4.276056587696075439e-02
2.207167701674400087e+04 -1.527163083665072918e-03 5.192354787141084671e-03 -3.940080851316452026e-02
2.207169703627399940e+04 -3.665191587060689926e-03 1.343903504312038422e-02 -4.367686435580253601e-02
2.207171711684099864e+04 -3.665191587060689926e-03 1.313360314816236496e-02 -4.214970022439956665e-02
2.207173707533700144e+04 -3.359758760780096054e-03 7.330383174121379852e-03 -4.306599870324134827e-02
2.207175709486900087e+04 -3.054326225537806749e-04 6.414085160940885544e-03 -4.092797264456748962e-02
2.207177711439999985e+04 -2.138028386980295181e-03 6.414085160940885544e-03 -4.214970022439956665e-02
2.207179713392999838e+04 -7.024950347840785980e-03 1.069014146924018860e-02 -4.245513305068016052e-02
2.207181715346200144e+04 -3.054326225537806749e-04 9.773843921720981598e-03 -3.909537568688392639e-02
2.207183717299400087e+04 -3.054326167330145836e-03 9.468411095440387726e-03 -4.581489413976669312e-02
2.207185719252399940e+04 -3.054326225537806749e-04 1.252273749560117722e-02 -3.604105114936828613e-02
2.207187718153799869e+04 -9.773843921720981598e-03 6.108652334660291672e-03 -4.214970022439956665e-02
2.207189720107000176e+04 -2.443460980430245399e-03 9.162978269159793854e-03 -4.337143152952194214e-02
2.207191722060200118e+04 -2.748893573880195618e-03 1.160643994808197021e-02 -4.092797264456748962e-02
2.207193724013300016e+04 -2.138028386980295181e-03 1.038470957428216934e-02 -4.520402848720550537e-02
2.207195725966299869e+04 -7.635815534740686417e-03 6.414085160940885544e-03 -4.031710699200630188e-02
2.207197727919500176e+04 -4.886921960860490799e-03 1.252273749560117722e-02 -4.214970022439956665e-02
2.207199726820900105e+04 -4.581489134579896927e-03 1.069014146924018860e-02 -4.184427112340927124e-02
2.207201731825699972e+04 -6.414085160940885544e-03 1.313360314816236496e-02 -4.062253981828689575e-02
