3.310582759731975850e+06 -1.839944005012512207e+00 9.212887763977050781e+00 -3.002328872680664062e+00
3.310582785079266876e+06 -1.825578808784484863e+00 9.203310966491699219e+00 -2.896984100341796875e+00
3.310582808157132007e+06 -1.811213612556457520e+00 9.227252960205078125e+00 -2.978386878967285156e+00
3.310582838089736179e+06 -1.782483220100402832e+00 9.255983352661132812e+00 -2.944868087768554688e+00
3.310582859163851012e+06 -1.763329505920410156e+00 9.198522567749023438e+00 -3.088520288467407227e+00
3.310582884624840226e+06 -1.811213612556457520e+00 9.174580574035644531e+00 -2.997540473937988281e+00
3.310582911008902825e+06 -1.859097599983215332e+00 9.241618156433105469e+00 -2.940079689025878906e+00
3.310582935309006833e+06 -1.878251194953918457e+00 9.203310966491699219e+00 -2.935291290283203125e+00
3.310582954746663105e+06 -1.854309201240539551e+00 9.184157371520996094e+00 -2.944868087768554688e+00
3.310582985749683809e+06 -1.878251194953918457e+00 9.184157371520996094e+00 -3.016694068908691406e+00
3.310582994928746019e+06 -1.844732403755187988e+00 9.174580574035644531e+00 -3.026270866394042969e+00
3.310583022877809126e+06 -1.883039593696594238e+00 9.203310966491699219e+00 -3.007117271423339844e+00
3.310583034678693861e+06 -1.878251194953918457e+00 9.184157371520996094e+00 -2.954444885253906250e+00
3.310583062945672777e+06 -1.873462796211242676e+00 9.179368972778320312e+00 -2.978386878967285156e+00
3.310583074630413204e+06 -1.811213612556457520e+00 9.222464561462402344e+00 -2.987963676452636719e+00
3.310583104512339924e+06 -1.878251194953918457e+00 9.188945770263671875e+00 -2.987963676452636719e+00
3.310583115080934018e+06 -1.839944005012512207e+00 9.193734169006347656e+00 -2.940079689025878906e+00
3.310583144351975061e+06 -1.816002011299133301e+00 9.193734169006347656e+00 -2.906560897827148438e+00
3.310583154789162800e+06 -1.844732403755187988e+00 9.236829757690429688e+00 -2.935291290283203125e+00
3.310583182210830040e+06 -1.801636815071105957e+00 9.236829757690429688e+00 -2.940079689025878906e+00
3.310583194867026992e+06 -1.768117904663085938e+00 9.208099365234375000e+00 -2.954444885253906250e+00
3.310583224466193933e+06 -1.801636815071105957e+00 9.208099365234375000e+00 -2.997540473937988281e+00
3.310583235025673173e+06 -1.777694821357727051e+00 9.198522567749023438e+00 -3.045424461364746094e+00
3.310583263098955154e+06 -1.748964309692382812e+00 9.222464561462402344e+00 -3.050212860107421875e+00
3.310583274882026948e+06 -1.787271618843078613e+00 9.212887763977050781e+00 -3.088520288467407227e+00
3.310583304507235996e+06 -1.792060017585754395e+00 9.174580574035644531e+00 -3.078943490982055664e+00
3.310583314951349981e+06 -1.806425213813781738e+00 9.212887763977050781e+00 -2.992752075195312500e+00
3.310583343214266934e+06 -1.796848416328430176e+00 9.246406555175781250e+00 -3.007117271423339844e+00
3.310583354971298017e+06 -1.748964309692382812e+00 9.188945770263671875e+00 -3.040636062622070312e+00
3.310583382898172829e+06 -1.777694821357727051e+00 9.174580574035644531e+00 -3.050212860107421875e+00
3.310583394995673094e+06 -1.763329505920410156e+00 9.208099365234375000e+00 -3.050212860107421875e+00
3.310583424595464952e+06 -1.744175910949707031e+00 9.169792175292968750e+00 -3.040636062622070312e+00
3.310583434978486039e+06 -1.777694821357727051e+00 9.203310966491699219e+00 -3.064578056335449219e+00
3.310583463299788069e+06 -1.763329505920410156e+00 9.198522567749023438e+00 -3.011905670166015625e+00
3.310583475021558814e+06 -1.772906303405761719e+00 9.212887763977050781e+00 -3.026270866394042969e+00
3.310583504673277028e+06 -1.744175910949707031e+00 9.260771751403808594e+00 -2.992752075195312500e+00
3.310583515104840044e+06 -1.763329505920410156e+00 9.203310966491699219e+00 -3.011905670166015625e+00
3.310583543346350081e+06 -1.763329505920410156e+00 9.217676162719726562e+00 -2.978386878967285156e+00
3.310583555299683940e+06 -1.777694821357727051e+00 9.222464561462402344e+00 -2.949656486511230469e+00
3.310583584785309155e+06 -1.777694821357727051e+00 9.208099365234375000e+00 -2.949656486511230469e+00
3.310583595146715175e+06 -1.748964309692382812e+00 9.232041358947753906e+00 -2.959233283996582031e+00
3.310583622627913021e+06 -1.701080322265625000e+00 9.236829757690429688e+00 -3.064578056335449219e+00
3.310583635418538004e+06 -1.725022315979003906e+00 9.227252960205078125e+00 -3.045424461364746094e+00
3.310583665095934179e+06 -1.758541107177734375e+00 9.208099365234375000e+00 -3.040636062622070312e+00
3.310583675477860961e+06 -1.758541107177734375e+00 9.241618156433105469e+00 -3.050212860107421875e+00
3.310583703528016806e+06 -1.710657119750976562e+00 9.232041358947753906e+00 -3.102885484695434570e+00
3.310583715557443909e+06 -1.691503524780273438e+00 9.198522567749023438e+00 -3.083731889724731445e+00
3.310583744983225130e+06 -1.729810714721679688e+00 9.232041358947753906e+00 -3.055001258850097656e+00
3.310583755342496093e+06 -1.729810714721679688e+00 9.260771751403808594e+00 -2.954444885253906250e+00
3.310583784991350025e+06 -1.816002011299133301e+00 9.212887763977050781e+00 -2.920926094055175781e+00
3.310583795367599931e+06 -1.801636815071105957e+00 9.232041358947753906e+00 -2.959233283996582031e+00
3.310583822011714801e+06 -1.739387512207031250e+00 9.212887763977050781e+00 -2.987963676452636719e+00
3.310583835451350082e+06 -1.772906303405761719e+00 9.203310966491699219e+00 -2.997540473937988281e+00
3.310583865246246103e+06 -1.739387512207031250e+00 9.222464561462402344e+00 -3.074155092239379883e+00
3.310583875460986048e+06 -1.715445518493652344e+00 9.198522567749023438e+00 -3.093308687210083008e+00
3.310583903707495891e+06 -1.744175910949707031e+00 9.184157371520996094e+00 -3.078943490982055664e+00
3.310583915651663207e+06 -1.734599113464355469e+00 9.222464561462402344e+00 -3.016694068908691406e+00
3.310583945121142082e+06 -1.748964309692382812e+00 9.212887763977050781e+00 -3.045424461364746094e+00
3.310583955643486232e+06 -1.715445518493652344e+00 9.222464561462402344e+00 -3.007117271423339844e+00
3.310583983761610929e+06 -1.748964309692382812e+00 9.232041358947753906e+00 -2.987963676452636719e+00
3.310583995732392184e+06 -1.725022315979003906e+00 9.241618156433105469e+00 -2.978386878967285156e+00
3.310584025191298220e+06 -1.744175910949707031e+00 9.198522567749023438e+00 -3.002328872680664062e+00
3.310584035739787854e+06 -1.782483220100402832e+00 9.227252960205078125e+00 -2.954444885253906250e+00
3.310584063032131176e+06 -1.734599113464355469e+00 9.212887763977050781e+00 -2.916137695312500000e+00
3.310584075778693892e+06 -1.768117904663085938e+00 9.217676162719726562e+00 -2.944868087768554688e+00
3.310584105422756169e+06 -1.768117904663085938e+00 9.241618156433105469e+00 -2.959233283996582031e+00
3.310584115813328885e+06 -1.744175910949707031e+00 9.212887763977050781e+00 -2.973598480224609375e+00
3.310584145516141783e+06 -1.691503524780273438e+00 9.203310966491699219e+00 -3.016694068908691406e+00
3.310584155847756192e+06 -1.677138328552246094e+00 9.222464561462402344e+00 -3.112462282180786133e+00
3.310584184160099830e+06 -1.600523829460144043e+00 9.208099365234375000e+00 -3.213018655776977539e+00
3.310584195908484980e+06 -1.653196215629577637e+00 9.203310966491699219e+00 -3.126827478408813477e+00
3.310584225581193808e+06 -1.696291923522949219e+00 9.179368972778320312e+00 -3.083731889724731445e+00
3.310584236135465093e+06 -1.667561531066894531e+00 9.241618156433105469e+00 -3.093308687210083008e+00
3.310584264247131068e+06 -1.744175910949707031e+00 9.193734169006347656e+00 -3.059789657592773438e+00
3.310584276003068779e+06 -1.705868721008300781e+00 9.227252960205078125e+00 -3.059789657592773438e+00
3.310584303853224963e+06 -1.681926727294921875e+00 9.251194953918457031e+00 -3.035847663879394531e+00
3.310584316050465219e+06 -1.734599113464355469e+00 9.246406555175781250e+00 -2.949656486511230469e+00
3.310584344485411886e+06 -1.753752708435058594e+00 9.255983352661132812e+00 -2.983175277709960938e+00
3.310584356094786897e+06 -1.744175910949707031e+00 9.208099365234375000e+00 -2.987963676452636719e+00
3.310584385759319179e+06 -1.739387512207031250e+00 9.212887763977050781e+00 -2.983175277709960938e+00
3.310584395917703863e+06 -1.729810714721679688e+00 9.241618156433105469e+00 -2.968810081481933594e+00
3.310584424248537049e+06 -1.753752708435058594e+00 9.227252960205078125e+00 -3.016694068908691406e+00
3.310584436028485186e+06 -1.725022315979003906e+00 9.203310966491699219e+00 -2.978386878967285156e+00
3.310584465831297915e+06 -1.739387512207031250e+00 9.241618156433105469e+00 -3.117250680923461914e+00
3.310584476009631064e+06 -1.691503524780273438e+00 9.208099365234375000e+00 -3.055001258850097656e+00
3.310584505864995997e+06 -1.729810714721679688e+00 9.227252960205078125e+00 -3.011905670166015625e+00
3.310584516200672835e+06 -1.725022315979003906e+00 9.212887763977050781e+00 -2.992752075195312500e+00
3.310584543740672991e+06 -1.772906303405761719e+00 9.222464561462402344e+00 -3.002328872680664062e+00
3.310584556104161777e+06 -1.763329505920410156e+00 9.193734169006347656e+00 -2.959233283996582031e+00
3.310584585945100058e+06 -1.763329505920410156e+00 9.222464561462402344e+00 -3.045424461364746094e+00
3.310584596118485089e+06 -1.782483220100402832e+00 9.179368972778320312e+00 -3.059789657592773438e+00
3.310584624581558164e+06 -1.758541107177734375e+00 9.174580574035644531e+00 -3.035847663879394531e+00
3.310584636185932904e+06 -1.763329505920410156e+00 9.208099365234375000e+00 -3.055001258850097656e+00
3.310584666009839159e+06 -1.772906303405761719e+00 9.174580574035644531e+00 -3.002328872680664062e+00
3.310584676390725188e+06 -1.811213612556457520e+00 9.212887763977050781e+00 -3.007117271423339844e+00
3.310584704820776824e+06 -1.768117904663085938e+00 9.188945770263671875e+00 -2.987963676452636719e+00
3.310584716883380897e+06 -1.787271618843078613e+00 9.174580574035644531e+00 -2.992752075195312500e+00
3.310584744494734798e+06 -1.792060017585754395e+00 9.203310966491699219e+00 -3.002328872680664062e+00
3.310584756522182841e+06 -1.782483220100402832e+00 9.208099365234375000e+00 -3.007117271423339844e+00
3.310584786219318863e+06 -1.796848416328430176e+00 9.212887763977050781e+00 -2.983175277709960938e+00
3.310584796600359958e+06 -1.748964309692382812e+00 9.212887763977050781e+00 -3.055001258850097656e+00
3.310584824880255852e+06 -1.787271618843078613e+00 9.227252960205078125e+00 -2.992752075195312500e+00
3.310584836598954163e+06 -1.787271618843078613e+00 9.212887763977050781e+00 -3.031059265136718750e+00
3.310584866397444159e+06 -1.777694821357727051e+00 9.203310966491699219e+00 -3.040636062622070312e+00
3.310584876414162107e+06 -1.768117904663085938e+00 9.251194953918457031e+00 -2.987963676452636719e+00
3.310584905976714101e+06 -1.763329505920410156e+00 9.236829757690429688e+00 -3.050212860107421875e+00
3.310584916439683177e+06 -1.777694821357727051e+00 9.232041358947753906e+00 -3.016694068908691406e+00
3.310584947515048087e+06 -1.792060017585754395e+00 9.198522567749023438e+00 -3.040636062622070312e+00
3.310584956841506064e+06 -1.758541107177734375e+00 9.217676162719726562e+00 -3.016694068908691406e+00
3.310584985308901872e+06 -1.768117904663085938e+00 9.160215377807617188e+00 -3.045424461364746094e+00
3.310584996803381015e+06 -1.734599113464355469e+00 9.232041358947753906e+00 -3.021482467651367188e+00
3.310585026983432937e+06 -1.734599113464355469e+00 9.227252960205078125e+00 -3.035847663879394531e+00
3.310585036761402152e+06 -1.763329505920410156e+00 9.174580574035644531e+00 -3.040636062622070312e+00
3.310585066427547950e+06 -1.744175910949707031e+00 9.227252960205078125e+00 -2.992752075195312500e+00
3.310585076804474927e+06 -1.734599113464355469e+00 9.222464561462402344e+00 -2.987963676452636719e+00
3.310585105050256010e+06 -1.758541107177734375e+00 9.227252960205078125e+00 -2.959233283996582031e+00
3.310585116803276818e+06 -1.739387512207031250e+00 9.222464561462402344e+00 -2.997540473937988281e+00
3.310585147796662059e+06 -1.715445518493652344e+00 9.198522567749023438e+00 -3.074155092239379883e+00
3.310585157817495055e+06 -1.705868721008300781e+00 9.193734169006347656e+00 -3.074155092239379883e+00
3.310585186247495003e+06 -1.739387512207031250e+00 9.232041358947753906e+00 -2.983175277709960938e+00
3.310585196904474869e+06 -1.729810714721679688e+00 9.251194953918457031e+00 -2.978386878967285156e+00
3.310585226284265984e+06 -1.710657119750976562e+00 9.232041358947753906e+00 -3.040636062622070312e+00
3.310585236953433137e+06 -1.729810714721679688e+00 9.208099365234375000e+00 -3.055001258850097656e+00
3.310585266178693157e+06 -1.715445518493652344e+00 9.241618156433105469e+00 -3.016694068908691406e+00
3.310585276844578795e+06 -1.715445518493652344e+00 9.241618156433105469e+00 -3.064578056335449219e+00
3.310585307073954027e+06 -1.748964309692382812e+00 9.217676162719726562e+00 -2.954444885253906250e+00
3.310585317087652162e+06 -1.763329505920410156e+00 9.222464561462402344e+00 -2.992752075195312500e+00
3.310585345151610207e+06 -1.710657119750976562e+00 9.227252960205078125e+00 -3.050212860107421875e+00
3.310585357081974857e+06 -1.705868721008300781e+00 9.203310966491699219e+00 -3.112462282180786133e+00
3.310585386585256085e+06 -1.705868721008300781e+00 9.169792175292968750e+00 -3.050212860107421875e+00
3.310585396905515809e+06 -1.705868721008300781e+00 9.193734169006347656e+00 -3.059789657592773438e+00
3.310585424360516015e+06 -1.715445518493652344e+00 9.198522567749023438e+00 -3.055001258850097656e+00
3.310585436945255846e+06 -1.734599113464355469e+00 9.227252960205078125e+00 -3.078943490982055664e+00
3.310585471746088937e+06 -1.715445518493652344e+00 9.227252960205078125e+00 -2.987963676452636719e+00
3.310585477421089076e+06 -1.701080322265625000e+00 9.222464561462402344e+00 -2.992752075195312500e+00
3.310585504164995160e+06 -1.748964309692382812e+00 9.193734169006347656e+00 -2.973598480224609375e+00
3.310585517208328936e+06 -1.720233917236328125e+00 9.184157371520996094e+00 -3.064578056335449219e+00
3.310585551077807788e+06 -1.744175910949707031e+00 9.203310966491699219e+00 -3.035847663879394531e+00
3.310585557288692798e+06 -1.739387512207031250e+00 9.227252960205078125e+00 -3.026270866394042969e+00
3.310585585858848877e+06 -1.725022315979003906e+00 9.222464561462402344e+00 -3.011905670166015625e+00
3.310585597307808232e+06 -1.720233917236328125e+00 9.222464561462402344e+00 -3.002328872680664062e+00
3.310585626732495148e+06 -1.753752708435058594e+00 9.236829757690429688e+00 -3.021482467651367188e+00
3.310585637333380990e+06 -1.748964309692382812e+00 9.203310966491699219e+00 -3.083731889724731445e+00
3.310585665188277140e+06 -1.710657119750976562e+00 9.174580574035644531e+00 -3.074155092239379883e+00
3.310585677398692816e+06 -1.729810714721679688e+00 9.222464561462402344e+00 -3.074155092239379883e+00
3.310585705536141060e+06 -1.725022315979003906e+00 9.198522567749023438e+00 -3.011905670166015625e+00
3.310585717422390822e+06 -1.705868721008300781e+00 9.217676162719726562e+00 -3.021482467651367188e+00
3.310585749095567968e+06 -1.725022315979003906e+00 9.193734169006347656e+00 -3.045424461364746094e+00
3.310585757443745155e+06 -1.729810714721679688e+00 9.212887763977050781e+00 -3.083731889724731445e+00
3.310585788144891150e+06 -1.734599113464355469e+00 9.174580574035644531e+00 -3.050212860107421875e+00
3.310585797638380900e+06 -1.720233917236328125e+00 9.227252960205078125e+00 -3.021482467651367188e+00
3.310585826720776036e+06 -1.748964309692382812e+00 9.179368972778320312e+00 -2.987963676452636719e+00
3.310585837524631061e+06 -1.758541107177734375e+00 9.212887763977050781e+00 -2.997540473937988281e+00
3.310585867603849154e+06 -1.739387512207031250e+00 9.212887763977050781e+00 -3.031059265136718750e+00
3.310585877567339223e+06 -1.701080322265625000e+00 9.222464561462402344e+00 -3.031059265136718750e+00
3.310585906070412137e+06 -1.729810714721679688e+00 9.212887763977050781e+00 -3.016694068908691406e+00
3.310585918729787227e+06 -1.720233917236328125e+00 9.203310966491699219e+00 -3.016694068908691406e+00
3.310585947349213995e+06 -1.710657119750976562e+00 9.217676162719726562e+00 -3.002328872680664062e+00
3.310585957644110080e+06 -1.739387512207031250e+00 9.241618156433105469e+00 -3.007117271423339844e+00
3.310585985898588784e+06 -1.667561531066894531e+00 9.208099365234375000e+00 -3.050212860107421875e+00
3.310585997676610015e+06 -1.701080322265625000e+00 9.198522567749023438e+00 -3.026270866394042969e+00
3.310586029381557833e+06 -1.744175910949707031e+00 9.227252960205078125e+00 -2.978386878967285156e+00
3.310586037767598871e+06 -1.763329505920410156e+00 9.236829757690429688e+00 -2.959233283996582031e+00
3.310586068407755811e+06 -1.705868721008300781e+00 9.222464561462402344e+00 -3.011905670166015625e+00
3.310586077751921955e+06 -1.701080322265625000e+00 9.208099365234375000e+00 -2.992752075195312500e+00
3.310586108175672125e+06 -1.705868721008300781e+00 9.203310966491699219e+00 -3.045424461364746094e+00
3.310586118746506050e+06 -1.739387512207031250e+00 9.212887763977050781e+00 -3.016694068908691406e+00
3.310586144861141220e+06 -1.734599113464355469e+00 9.222464561462402344e+00 -3.040636062622070312e+00
3.310586157647025771e+06 -1.763329505920410156e+00 9.241618156433105469e+00 -3.050212860107421875e+00
3.310586187337963842e+06 -1.734599113464355469e+00 9.236829757690429688e+00 -3.055001258850097656e+00
3.310586197665411979e+06 -1.739387512207031250e+00 9.208099365234375000e+00 -3.021482467651367188e+00
3.310586227208015975e+06 -1.725022315979003906e+00 9.217676162719726562e+00 -3.112462282180786133e+00
3.310586239071349148e+06 -1.715445518493652344e+00 9.222464561462402344e+00 -3.064578056335449219e+00
3.310586266117911786e+06 -1.715445518493652344e+00 9.188945770263671875e+00 -3.098097085952758789e+00
3.310586277773328125e+06 -1.672349929809570312e+00 9.217676162719726562e+00 -3.021482467651367188e+00
3.310586309833589010e+06 -1.705868721008300781e+00 9.241618156433105469e+00 -3.026270866394042969e+00
3.310586317781349178e+06 -1.729810714721679688e+00 9.174580574035644531e+00 -2.944868087768554688e+00
3.310586346253640950e+06 -1.734599113464355469e+00 9.241618156433105469e+00 -3.016694068908691406e+00
3.310586357845933177e+06 -1.677138328552246094e+00 9.193734169006347656e+00 -3.040636062622070312e+00
3.310586389049525838e+06 -1.710657119750976562e+00 9.188945770263671875e+00 -3.011905670166015625e+00
3.310586397879682947e+06 -1.753752708435058594e+00 9.217676162719726562e+00 -2.983175277709960938e+00
3.310586428177026100e+06 -1.763329505920410156e+00 9.241618156433105469e+00 -2.935291290283203125e+00
3.310586437901869882e+06 -1.705868721008300781e+00 9.222464561462402344e+00 -2.968810081481933594e+00
3.310586466270879842e+06 -1.705868721008300781e+00 9.217676162719726562e+00 -3.011905670166015625e+00
3.310586477953589056e+06 -1.710657119750976562e+00 9.193734169006347656e+00 -3.107673883438110352e+00
3.310586507659735158e+06 -1.720233917236328125e+00 9.188945770263671875e+00 -3.112462282180786133e+00
3.310586517995932139e+06 -1.691503524780273438e+00 9.232041358947753906e+00 -3.011905670166015625e+00
3.310586546324525960e+06 -1.725022315979003906e+00 9.227252960205078125e+00 -3.045424461364746094e+00
3.310586558029004838e+06 -1.686715126037597656e+00 9.222464561462402344e+00 -3.059789657592773438e+00
3.310586588796818163e+06 -1.720233917236328125e+00 9.217676162719726562e+00 -3.045424461364746094e+00
3.310586598050411791e+06 -1.763329505920410156e+00 9.217676162719726562e+00 -3.074155092239379883e+00
3.310586627505516168e+06 -1.705868721008300781e+00 9.255983352661132812e+00 -3.021482467651367188e+00
3.310586638309213798e+06 -1.729810714721679688e+00 9.217676162719726562e+00 -3.035847663879394531e+00
3.310586669182077982e+06 -1.744175910949707031e+00 9.208099365234375000e+00 -3.050212860107421875e+00
3.310586678321192972e+06 -1.753752708435058594e+00 9.227252960205078125e+00 -2.983175277709960938e+00
3.310586707301036920e+06 -1.748964309692382812e+00 9.222464561462402344e+00 -2.978386878967285156e+00
3.310586718188379891e+06 -1.720233917236328125e+00 9.203310966491699219e+00 -2.935291290283203125e+00
3.310586747667025775e+06 -1.763329505920410156e+00 9.251194953918457031e+00 -3.050212860107421875e+00
3.310586758486818057e+06 -1.619677424430847168e+00 9.193734169006347656e+00 -2.959233283996582031e+00
3.310586785592442844e+06 -1.753752708435058594e+00 9.222464561462402344e+00 -3.102885484695434570e+00
3.310586798460359219e+06 -1.720233917236328125e+00 9.246406555175781250e+00 -3.031059265136718750e+00
3.310586828936818056e+06 -1.748964309692382812e+00 9.193734169006347656e+00 -3.011905670166015625e+00
3.310586838486297056e+06 -1.729810714721679688e+00 9.179368972778320312e+00 -3.064578056335449219e+00
3.310586870193745010e+06 -1.701080322265625000e+00 9.193734169006347656e+00 -3.050212860107421875e+00
3.310586878544942942e+06 -1.748964309692382812e+00 9.203310966491699219e+00 -2.992752075195312500e+00
3.310586907572286204e+06 -1.768117904663085938e+00 9.188945770263671875e+00 -3.002328872680664062e+00
3.310586918666766025e+06 -1.763329505920410156e+00 9.160215377807617188e+00 -2.973598480224609375e+00
3.310586949249838945e+06 -1.705868721008300781e+00 9.179368972778320312e+00 -3.074155092239379883e+00
3.310586958598589059e+06 -1.715445518493652344e+00 9.198522567749023438e+00 -3.059789657592773438e+00
3.310586987389994785e+06 -1.720233917236328125e+00 9.241618156433105469e+00 -3.059789657592773438e+00
3.310586998656453099e+06 -1.729810714721679688e+00 9.217676162719726562e+00 -3.031059265136718750e+00
3.310587026477702893e+06 -1.705868721008300781e+00 9.217676162719726562e+00 -3.045424461364746094e+00
3.310587038665932138e+06 -1.691503524780273438e+00 9.198522567749023438e+00 -3.045424461364746094e+00
3.310587069341557100e+06 -1.701080322265625000e+00 9.212887763977050781e+00 -3.083731889724731445e+00
3.310587078684682027e+06 -1.744175910949707031e+00 9.212887763977050781e+00 -3.136404275894165039e+00
3.310587106868900824e+06 -1.725022315979003906e+00 9.184157371520996094e+00 -3.021482467651367188e+00
3.310587118769057095e+06 -1.739387512207031250e+00 9.217676162719726562e+00 -2.968810081481933594e+00
3.310587150661244988e+06 -1.720233917236328125e+00 9.203310966491699219e+00 -3.007117271423339844e+00
3.310587158834734000e+06 -1.748964309692382812e+00 9.227252960205078125e+00 -2.978386878967285156e+00
3.310587187884422019e+06 -1.744175910949707031e+00 9.208099365234375000e+00 -2.997540473937988281e+00
3.310587198824109044e+06 -1.705868721008300781e+00 9.246406555175781250e+00 -3.011905670166015625e+00
3.310587229646973778e+06 -1.705868721008300781e+00 9.222464561462402344e+00 -3.050212860107421875e+00
3.310587238889942877e+06 -1.715445518493652344e+00 9.236829757690429688e+00 -3.059789657592773438e+00
3.310587266794266179e+06 -1.729810714721679688e+00 9.232041358947753906e+00 -3.007117271423339844e+00
3.310587279097910970e+06 -1.705868721008300781e+00 9.232041358947753906e+00 -2.964021682739257812e+00
3.310587309747755062e+06 -1.691503524780273438e+00 9.222464561462402344e+00 -3.026270866394042969e+00
3.310587318749734201e+06 -1.667561531066894531e+00 9.208099365234375000e+00 -3.011905670166015625e+00
3.310587346953067929e+06 -1.677138328552246094e+00 9.203310966491699219e+00 -3.074155092239379883e+00
3.310587359031817876e+06 -1.725022315979003906e+00 9.232041358947753906e+00 -3.045424461364746094e+00
3.310587389706660993e+06 -1.686715126037597656e+00 9.232041358947753906e+00 -3.045424461364746094e+00
3.310587399027025793e+06 -1.710657119750976562e+00 9.208099365234375000e+00 -3.026270866394042969e+00
3.310587430942703038e+06 -1.705868721008300781e+00 9.184157371520996094e+00 -3.021482467651367188e+00
3.310587439123692922e+06 -1.653196215629577637e+00 9.227252960205078125e+00 -3.055001258850097656e+00
3.310587468109577894e+06 -1.710657119750976562e+00 9.193734169006347656e+00 -3.045424461364746094e+00
3.310587480282337870e+06 -1.710657119750976562e+00 9.193734169006347656e+00 -3.016694068908691406e+00
3.310587508289474063e+06 -1.720233917236328125e+00 9.208099365234375000e+00 -3.026270866394042969e+00
3.310587519146609120e+06 -1.725022315979003906e+00 9.232041358947753906e+00 -2.964021682739257812e+00
3.310587547876140103e+06 -1.720233917236328125e+00 9.227252960205078125e+00 -2.983175277709960938e+00
3.310587559195723850e+06 -1.720233917236328125e+00 9.232041358947753906e+00 -2.997540473937988281e+00
3.310587588825359009e+06 -1.686715126037597656e+00 9.208099365234375000e+00 -3.045424461364746094e+00
3.310587599254995119e+06 -1.696291923522949219e+00 9.184157371520996094e+00 -3.055001258850097656e+00
3.310587628536505159e+06 -1.696291923522949219e+00 9.227252960205078125e+00 -3.122039079666137695e+00
3.310587639271400869e+06 -1.662773132324218750e+00 9.208099365234375000e+00 -3.064578056335449219e+00
3.310587668854005169e+06 -1.691503524780273438e+00 9.217676162719726562e+00 -3.055001258850097656e+00
3.310587679076297209e+06 -1.686715126037597656e+00 9.212887763977050781e+00 -3.107673883438110352e+00
3.310587712535306811e+06 -1.677138328552246094e+00 9.217676162719726562e+00 -3.021482467651367188e+00
3.310587719607494771e+06 -1.744175910949707031e+00 9.198522567749023438e+00 -3.074155092239379883e+00
3.310587747968744952e+06 -1.720233917236328125e+00 9.193734169006347656e+00 -3.122039079666137695e+00
3.310587759366922081e+06 -1.686715126037597656e+00 9.193734169006347656e+00 -3.031059265136718750e+00
3.310587790400463156e+06 -1.696291923522949219e+00 9.212887763977050781e+00 -3.011905670166015625e+00
3.310587799421557225e+06 -1.672349929809570312e+00 9.179368972778320312e+00 -3.064578056335449219e+00
3.310587829292962793e+06 -1.638831019401550293e+00 9.217676162719726562e+00 -3.141192674636840820e+00
3.310587839296453167e+06 -1.605312228202819824e+00 9.212887763977050781e+00 -3.107673883438110352e+00
3.310587868973276112e+06 -1.610100626945495605e+00 9.217676162719726562e+00 -3.131615877151489258e+00
3.310587879491243977e+06 -1.653196215629577637e+00 9.217676162719726562e+00 -3.026270866394042969e+00
3.310587907655879855e+06 -1.686715126037597656e+00 9.232041358947753906e+00 -3.016694068908691406e+00
3.310587919517077971e+06 -1.648407816886901855e+00 9.203310966491699219e+00 -3.045424461364746094e+00
3.310587947347911075e+06 -1.681926727294921875e+00 9.217676162719726562e+00 -3.088520288467407227e+00
3.310587960723171942e+06 -1.648407816886901855e+00 9.236829757690429688e+00 -3.055001258850097656e+00
3.310587990716660861e+06 -1.643619418144226074e+00 9.217676162719726562e+00 -3.074155092239379883e+00
3.310588000769317150e+06 -1.634042620658874512e+00 9.222464561462402344e+00 -3.083731889724731445e+00
3.310588028671869077e+06 -1.643619418144226074e+00 9.232041358947753906e+00 -3.002328872680664062e+00
3.310588039445410948e+06 -1.629254221916198730e+00 9.236829757690429688e+00 -3.026270866394042969e+00
3.310588070321036037e+06 -1.686715126037597656e+00 9.222464561462402344e+00 -3.078943490982055664e+00
3.310588079474941827e+06 -1.648407816886901855e+00 9.236829757690429688e+00 -3.059789657592773438e+00
3.310588108738327865e+06 -1.653196215629577637e+00 9.212887763977050781e+00 -3.126827478408813477e+00
3.310588119835618883e+06 -1.696291923522949219e+00 9.198522567749023438e+00 -3.074155092239379883e+00
3.310588149108952843e+06 -1.686715126037597656e+00 9.217676162719726562e+00 -3.007117271423339844e+00
3.310588159767338075e+06 -1.657984733581542969e+00 9.251194953918457031e+00 -2.959233283996582031e+00
3.310588187074630056e+06 -1.619677424430847168e+00 9.217676162719726562e+00 -3.064578056335449219e+00
3.310588199804993812e+06 -1.653196215629577637e+00 9.208099365234375000e+00 -3.112462282180786133e+00
3.310588229263848159e+06 -1.605312228202819824e+00 9.198522567749023438e+00 -3.088520288467407227e+00
3.310588239831816871e+06 -1.667561531066894531e+00 9.217676162719726562e+00 -3.131615877151489258e+00
3.310588267815932166e+06 -1.638831019401550293e+00 9.179368972778320312e+00 -3.122039079666137695e+00
3.310588279865255114e+06 -1.619677424430847168e+00 9.255983352661132812e+00 -3.040636062622070312e+00
3.310588309369472787e+06 -1.638831019401550293e+00 9.212887763977050781e+00 -3.122039079666137695e+00
3.310588319935618900e+06 -1.614889025688171387e+00 9.217676162719726562e+00 -3.169923067092895508e+00
3.310588347897598054e+06 -1.638831019401550293e+00 9.222464561462402344e+00 -3.184288263320922852e+00
3.310588359934472945e+06 -1.648407816886901855e+00 9.208099365234375000e+00 -3.055001258850097656e+00
3.310588387876817025e+06 -1.667561531066894531e+00 9.212887763977050781e+00 -3.074155092239379883e+00
3.310588399976557121e+06 -1.701080322265625000e+00 9.184157371520996094e+00 -3.074155092239379883e+00
3.310588429616868962e+06 -1.691503524780273438e+00 9.203310966491699219e+00 -3.059789657592773438e+00
3.310588440040098038e+06 -1.691503524780273438e+00 9.188945770263671875e+00 -3.069366693496704102e+00
3.310588467980879825e+06 -1.643619418144226074e+00 9.232041358947753906e+00 -3.078943490982055664e+00
3.310588480132441968e+06 -1.638831019401550293e+00 9.289502143859863281e+00 -3.045424461364746094e+00
3.310588509627441876e+06 -1.619677424430847168e+00 9.246406555175781250e+00 -3.031059265136718750e+00
3.310588521210932173e+06 -1.662773132324218750e+00 9.241618156433105469e+00 -3.102885484695434570e+00
3.310588548282493837e+06 -1.619677424430847168e+00 9.212887763977050781e+00 -3.064578056335449219e+00
3.310588561423275154e+06 -1.629254221916198730e+00 9.255983352661132812e+00 -3.045424461364746094e+00
3.310588589697545860e+06 -1.610100626945495605e+00 9.241618156433105469e+00 -3.021482467651367188e+00
3.310588600197494030e+06 -1.657984733581542969e+00 9.251194953918457031e+00 -3.026270866394042969e+00
3.310588627594004851e+06 -1.638831019401550293e+00 9.255983352661132812e+00 -3.165134668350219727e+00
3.310588640243744012e+06 -1.667561531066894531e+00 9.241618156433105469e+00 -3.131615877151489258e+00
3.310588669761139899e+06 -1.672349929809570312e+00 9.203310966491699219e+00 -3.055001258850097656e+00
3.310588680418274831e+06 -1.691503524780273438e+00 9.222464561462402344e+00 -3.031059265136718750e+00
3.310588708381556906e+06 -1.720233917236328125e+00 9.227252960205078125e+00 -3.002328872680664062e+00
3.310588720313223079e+06 -1.662773132324218750e+00 9.227252960205078125e+00 -3.050212860107421875e+00
3.310588750925098080e+06 -1.667561531066894531e+00 9.222464561462402344e+00 -3.145981073379516602e+00
3.310588760121191852e+06 -1.634042620658874512e+00 9.212887763977050781e+00 -3.122039079666137695e+00
3.310588789844369050e+06 -1.643619418144226074e+00 9.227252960205078125e+00 -3.107673883438110352e+00
3.310588800182442181e+06 -1.701080322265625000e+00 9.193734169006347656e+00 -3.126827478408813477e+00
3.310588827061608899e+06 -1.686715126037597656e+00 9.217676162719726562e+00 -3.069366693496704102e+00
3.310588840209838003e+06 -1.729810714721679688e+00 9.208099365234375000e+00 -3.021482467651367188e+00
3.310588871049576905e+06 -1.734599113464355469e+00 9.193734169006347656e+00 -3.031059265136718750e+00
3.310588880455775186e+06 -1.677138328552246094e+00 9.212887763977050781e+00 -3.055001258850097656e+00
3.310588908654265106e+06 -1.686715126037597656e+00 9.217676162719726562e+00 -3.055001258850097656e+00
3.310588921665619127e+06 -1.667561531066894531e+00 9.212887763977050781e+00 -3.011905670166015625e+00
3.310588950039421208e+06 -1.686715126037597656e+00 9.193734169006347656e+00 -3.064578056335449219e+00
3.310588960527859163e+06 -1.653196215629577637e+00 9.246406555175781250e+00 -3.145981073379516602e+00
3.310588988721088041e+06 -1.667561531066894531e+00 9.208099365234375000e+00 -3.093308687210083008e+00
3.310589000556660816e+06 -1.677138328552246094e+00 9.193734169006347656e+00 -3.102885484695434570e+00
3.310589031239734031e+06 -1.672349929809570312e+00 9.188945770263671875e+00 -3.078943490982055664e+00
3.310589041785307229e+06 -1.648407816886901855e+00 9.227252960205078125e+00 -3.126827478408813477e+00
3.310589067726451904e+06 -1.677138328552246094e+00 9.179368972778320312e+00 -3.078943490982055664e+00
3.310589080669941846e+06 -1.691503524780273438e+00 9.217676162719726562e+00 -3.055001258850097656e+00
3.310589110159733798e+06 -1.720233917236328125e+00 9.227252960205078125e+00 -2.983175277709960938e+00
3.310589120670878794e+06 -1.672349929809570312e+00 9.236829757690429688e+00 -2.978386878967285156e+00
3.310589150195306167e+06 -1.705868721008300781e+00 9.193734169006347656e+00 -2.964021682739257812e+00
3.310589160730566829e+06 -1.691503524780273438e+00 9.217676162719726562e+00 -3.031059265136718750e+00
3.310589188872442115e+06 -1.677138328552246094e+00 9.203310966491699219e+00 -3.040636062622070312e+00
3.310589200730150100e+06 -1.686715126037597656e+00 9.208099365234375000e+00 -3.007117271423339844e+00
3.310589230187390000e+06 -1.662773132324218750e+00 9.251194953918457031e+00 -3.055001258850097656e+00
3.310589240775879007e+06 -1.701080322265625000e+00 9.217676162719726562e+00 -3.093308687210083008e+00
3.310589268961920869e+06 -1.629254221916198730e+00 9.222464561462402344e+00 -3.112462282180786133e+00
3.310589280942597892e+06 -1.648407816886901855e+00 9.222464561462402344e+00 -3.098097085952758789e+00
3.310589308729785960e+06 -1.677138328552246094e+00 9.193734169006347656e+00 -3.059789657592773438e+00
3.310589320876765065e+06 -1.662773132324218750e+00 9.222464561462402344e+00 -3.050212860107421875e+00
3.310589349037441891e+06 -1.638831019401550293e+00 9.227252960205078125e+00 -3.102885484695434570e+00
3.310589360701140016e+06 -1.657984733581542969e+00 9.255983352661132812e+00 -3.098097085952758789e+00
3.310589390258587897e+06 -1.686715126037597656e+00 9.212887763977050781e+00 -3.011905670166015625e+00
3.310589400752129033e+06 -1.691503524780273438e+00 9.232041358947753906e+00 -3.026270866394042969e+00
3.310589430272962898e+06 -1.672349929809570312e+00 9.232041358947753906e+00 -3.126827478408813477e+00
3.310589440772598144e+06 -1.681926727294921875e+00 9.212887763977050781e+00 -3.122039079666137695e+00
3.310589468935619108e+06 -1.667561531066894531e+00 9.227252960205078125e+00 -3.078943490982055664e+00
3.310589480768378824e+06 -1.667561531066894531e+00 9.212887763977050781e+00 -3.064578056335449219e+00
3.310589511425463017e+06 -1.715445518493652344e+00 9.227252960205078125e+00 -3.069366693496704102e+00
3.310589520822337829e+06 -1.657984733581542969e+00 9.241618156433105469e+00 -3.055001258850097656e+00
3.310589548163588159e+06 -1.681926727294921875e+00 9.246406555175781250e+00 -3.078943490982055664e+00
3.310589560846191831e+06 -1.677138328552246094e+00 9.246406555175781250e+00 -3.035847663879394531e+00
3.310589590388900135e+06 -1.729810714721679688e+00 9.232041358947753906e+00 -3.040636062622070312e+00
3.310589600882649887e+06 -1.763329505920410156e+00 9.222464561462402344e+00 -2.997540473937988281e+00
3.310589629054784775e+06 -1.715445518493652344e+00 9.227252960205078125e+00 -3.016694068908691406e+00
3.310589640933639836e+06 -1.715445518493652344e+00 9.227252960205078125e+00 -3.035847663879394531e+00
3.310589671918482985e+06 -1.734599113464355469e+00 9.217676162719726562e+00 -3.011905670166015625e+00
3.310589682304420974e+06 -1.710657119750976562e+00 9.227252960205078125e+00 -3.011905670166015625e+00
3.310589709336034954e+06 -1.729810714721679688e+00 9.217676162719726562e+00 -3.045424461364746094e+00
3.310589721295930911e+06 -1.715445518493652344e+00 9.222464561462402344e+00 -3.069366693496704102e+00
3.310589748931347858e+06 -1.734599113464355469e+00 9.203310966491699219e+00 -3.045424461364746094e+00
3.310589761351556052e+06 -1.715445518493652344e+00 9.203310966491699219e+00 -3.045424461364746094e+00
3.310589790637337137e+06 -1.725022315979003906e+00 9.217676162719726562e+00 -2.987963676452636719e+00
3.310589801359993871e+06 -1.725022315979003906e+00 9.208099365234375000e+00 -2.987963676452636719e+00
3.310589829292336944e+06 -1.672349929809570312e+00 9.217676162719726562e+00 -3.107673883438110352e+00
3.310589841363796033e+06 -1.701080322265625000e+00 9.208099365234375000e+00 -3.126827478408813477e+00
3.310589870859473012e+06 -1.677138328552246094e+00 9.179368972778320312e+00 -3.040636062622070312e+00
3.310589881390045863e+06 -1.686715126037597656e+00 9.188945770263671875e+00 -3.050212860107421875e+00
3.310589909377284814e+06 -1.710657119750976562e+00 9.208099365234375000e+00 -3.011905670166015625e+00
3.310589921247961931e+06 -1.672349929809570312e+00 9.212887763977050781e+00 -3.074155092239379883e+00
3.310589950798274949e+06 -1.662773132324218750e+00 9.203310966491699219e+00 -3.083731889724731445e+00
3.310589961272597779e+06 -1.672349929809570312e+00 9.203310966491699219e+00 -3.112462282180786133e+00
3.310589988858638797e+06 -1.691503524780273438e+00 9.236829757690429688e+00 -3.064578056335449219e+00
3.310590001505202148e+06 -1.725022315979003906e+00 9.217676162719726562e+00 -3.064578056335449219e+00
3.310590032217129134e+06 -1.715445518493652344e+00 9.188945770263671875e+00 -2.968810081481933594e+00
3.310590041571712121e+06 -1.696291923522949219e+00 9.217676162719726562e+00 -3.031059265136718750e+00
3.310590071099473163e+06 -1.725022315979003906e+00 9.236829757690429688e+00 -2.992752075195312500e+00
3.310590081393014174e+06 -1.729810714721679688e+00 9.188945770263671875e+00 -3.055001258850097656e+00
3.310590111181763932e+06 -1.629254221916198730e+00 9.217676162719726562e+00 -3.031059265136718750e+00
3.310590121443118900e+06 -1.667561531066894531e+00 9.203310966491699219e+00 -3.059789657592773438e+00
3.310590151148587000e+06 -1.696291923522949219e+00 9.208099365234375000e+00 -3.026270866394042969e+00
3.310590161472441163e+06 -1.662773132324218750e+00 9.217676162719726562e+00 -3.055001258850097656e+00
3.310590189864888787e+06 -1.677138328552246094e+00 9.212887763977050781e+00 -3.083731889724731445e+00
3.310590201510879211e+06 -1.662773132324218750e+00 9.232041358947753906e+00 -3.035847663879394531e+00
3.310590229575722944e+06 -1.710657119750976562e+00 9.227252960205078125e+00 -3.064578056335449219e+00
3.310590241762232967e+06 -1.677138328552246094e+00 9.198522567749023438e+00 -3.050212860107421875e+00
3.310590269881973043e+06 -1.729810714721679688e+00 9.227252960205078125e+00 -3.064578056335449219e+00
3.310590281752650160e+06 -1.672349929809570312e+00 9.251194953918457031e+00 -3.083731889724731445e+00
3.310590311346608214e+06 -1.701080322265625000e+00 9.193734169006347656e+00 -3.055001258850097656e+00
3.310590321823119186e+06 -1.701080322265625000e+00 9.232041358947753906e+00 -3.026270866394042969e+00
3.310590350012805779e+06 -1.710657119750976562e+00 9.208099365234375000e+00 -3.064578056335449219e+00
3.310590361875305884e+06 -1.696291923522949219e+00 9.174580574035644531e+00 -3.040636062622070312e+00
3.310590391381138936e+06 -1.681926727294921875e+00 9.217676162719726562e+00 -3.107673883438110352e+00
3.310590401709733065e+06 -1.710657119750976562e+00 9.169792175292968750e+00 -3.141192674636840820e+00
3.310590429342233110e+06 -1.715445518493652344e+00 9.203310966491699219e+00 -3.069366693496704102e+00
3.310590441745723132e+06 -1.734599113464355469e+00 9.208099365234375000e+00 -3.064578056335449219e+00
3.310590471418899950e+06 -1.725022315979003906e+00 9.222464561462402344e+00 -3.021482467651367188e+00
3.310590481791242957e+06 -1.686715126037597656e+00 9.193734169006347656e+00 -3.026270866394042969e+00
3.310590511520775035e+06 -1.715445518493652344e+00 9.227252960205078125e+00 -2.983175277709960938e+00
3.310590521813638974e+06 -1.672349929809570312e+00 9.246406555175781250e+00 -3.021482467651367188e+00
3.310590550224472769e+06 -1.634042620658874512e+00 9.179368972778320312e+00 -3.102885484695434570e+00
3.310590562053691130e+06 -1.681926727294921875e+00 9.227252960205078125e+00 -3.107673883438110352e+00
3.310590592547702137e+06 -1.638831019401550293e+00 9.212887763977050781e+00 -3.059789657592773438e+00
3.310590602111243177e+06 -1.705868721008300781e+00 9.227252960205078125e+00 -3.040636062622070312e+00
3.310590630082129035e+06 -1.691503524780273438e+00 9.184157371520996094e+00 -3.021482467651367188e+00
3.310590642227129079e+06 -1.763329505920410156e+00 9.246406555175781250e+00 -3.122039079666137695e+00
3.310590669791973196e+06 -1.725022315979003906e+00 9.188945770263671875e+00 -3.083731889724731445e+00
3.310590682172909845e+06 -1.715445518493652344e+00 9.208099365234375000e+00 -3.122039079666137695e+00
3.310590710325826891e+06 -1.648407816886901855e+00 9.217676162719726562e+00 -3.098097085952758789e+00
3.310590723337492906e+06 -1.686715126037597656e+00 9.193734169006347656e+00 -3.078943490982055664e+00
3.310590752854681108e+06 -1.662773132324218750e+00 9.236829757690429688e+00 -3.064578056335449219e+00
3.310590762281347997e+06 -1.705868721008300781e+00 9.217676162719726562e+00 -3.064578056335449219e+00
3.310590791610462125e+06 -1.734599113464355469e+00 9.208099365234375000e+00 -3.102885484695434570e+00
3.310590802261400037e+06 -1.701080322265625000e+00 9.236829757690429688e+00 -3.112462282180786133e+00
3.310590830423587002e+06 -1.705868721008300781e+00 9.217676162719726562e+00 -3.064578056335449219e+00
3.310590842319836840e+06 -1.672349929809570312e+00 9.246406555175781250e+00 -3.074155092239379883e+00
3.310590871818066109e+06 -1.686715126037597656e+00 9.236829757690429688e+00 -3.074155092239379883e+00
3.310590882373066153e+06 -1.720233917236328125e+00 9.217676162719726562e+00 -3.078943490982055664e+00
3.310590909550202079e+06 -1.734599113464355469e+00 9.203310966491699219e+00 -3.040636062622070312e+00
3.310590922382493038e+06 -1.710657119750976562e+00 9.227252960205078125e+00 -2.978386878967285156e+00
3.310590951722180936e+06 -1.734599113464355469e+00 9.236829757690429688e+00 -3.002328872680664062e+00
3.310590962472806219e+06 -1.705868721008300781e+00 9.241618156433105469e+00 -3.002328872680664062e+00
3.310590990399733186e+06 -1.710657119750976562e+00 9.217676162719726562e+00 -3.007117271423339844e+00
3.310591002569889184e+06 -1.657984733581542969e+00 9.217676162719726562e+00 -3.045424461364746094e+00
3.310591031993899029e+06 -1.691503524780273438e+00 9.227252960205078125e+00 -3.083731889724731445e+00
3.310591042515097186e+06 -1.672349929809570312e+00 9.217676162719726562e+00 -3.093308687210083008e+00
3.310591072033586912e+06 -1.705868721008300781e+00 9.246406555175781250e+00 -3.112462282180786133e+00
3.310591082553014159e+06 -1.638831019401550293e+00 9.165003776550292969e+00 -3.064578056335449219e+00
3.310591109054941218e+06 -1.739387512207031250e+00 9.313444137573242188e+00 -3.093308687210083008e+00
3.310591122588742990e+06 -1.748964309692382812e+00 9.212887763977050781e+00 -2.973598480224609375e+00
3.310591152624628972e+06 -1.715445518493652344e+00 9.188945770263671875e+00 -2.987963676452636719e+00
3.310591162620149087e+06 -1.691503524780273438e+00 9.232041358947753906e+00 -3.050212860107421875e+00
3.310591190804264043e+06 -1.705868721008300781e+00 9.212887763977050781e+00 -3.093308687210083008e+00
3.310591202679107897e+06 -1.725022315979003906e+00 9.193734169006347656e+00 -3.083731889724731445e+00
3.310591233479992952e+06 -1.744175910949707031e+00 9.227252960205078125e+00 -3.055001258850097656e+00
3.310591242511608172e+06 -1.744175910949707031e+00 9.232041358947753906e+00 -3.016694068908691406e+00
3.310591270933325868e+06 -1.739387512207031250e+00 9.232041358947753906e+00 -3.112462282180786133e+00
3.310591282544889022e+06 -1.696291923522949219e+00 9.227252960205078125e+00 -3.117250680923461914e+00
3.310591312337075826e+06 -1.701080322265625000e+00 9.198522567749023438e+00 -3.145981073379516602e+00
3.310591322609211784e+06 -1.705868721008300781e+00 9.217676162719726562e+00 -3.098097085952758789e+00
3.310591350250096992e+06 -1.705868721008300781e+00 9.217676162719726562e+00 -3.064578056335449219e+00
3.310591362630305812e+06 -1.701080322265625000e+00 9.251194953918457031e+00 -3.007117271423339844e+00
3.310591392256556079e+06 -1.672349929809570312e+00 9.227252960205078125e+00 -3.031059265136718750e+00
3.310591402690879069e+06 -1.715445518493652344e+00 9.222464561462402344e+00 -2.997540473937988281e+00
3.310591432528743055e+06 -1.701080322265625000e+00 9.251194953918457031e+00 -3.016694068908691406e+00
3.310591442952285055e+06 -1.705868721008300781e+00 9.227252960205078125e+00 -3.088520288467407227e+00
3.310591470952962060e+06 -1.696291923522949219e+00 9.203310966491699219e+00 -3.112462282180786133e+00
3.310591482753846794e+06 -1.710657119750976562e+00 9.198522567749023438e+00 -3.055001258850097656e+00
3.310591512544264086e+06 -1.710657119750976562e+00 9.184157371520996094e+00 -2.997540473937988281e+00
3.310591524107336998e+06 -1.729810714721679688e+00 9.212887763977050781e+00 -3.040636062622070312e+00
3.310591551318273880e+06 -1.725022315979003906e+00 9.227252960205078125e+00 -3.016694068908691406e+00
3.310591563011139166e+06 -1.705868721008300781e+00 9.222464561462402344e+00 -3.040636062622070312e+00
3.310591590917023830e+06 -1.705868721008300781e+00 9.222464561462402344e+00 -3.122039079666137695e+00
3.310591603077858221e+06 -1.720233917236328125e+00 9.174580574035644531e+00 -3.160346269607543945e+00
3.310591631288066041e+06 -1.705868721008300781e+00 9.212887763977050781e+00 -3.059789657592773438e+00
3.310591643083326053e+06 -1.686715126037597656e+00 9.217676162719726562e+00 -3.126827478408813477e+00
3.310591672671764158e+06 -1.672349929809570312e+00 9.184157371520996094e+00 -3.112462282180786133e+00
3.310591682938847225e+06 -1.734599113464355469e+00 9.217676162719726562e+00 -3.098097085952758789e+00
3.310591711335409898e+06 -1.696291923522949219e+00 9.198522567749023438e+00 -3.083731889724731445e+00
3.310591723507023882e+06 -1.720233917236328125e+00 9.184157371520996094e+00 -3.035847663879394531e+00
3.310591752811138984e+06 -1.744175910949707031e+00 9.232041358947753906e+00 -3.031059265136718750e+00
3.310591763014993165e+06 -1.710657119750976562e+00 9.217676162719726562e+00 -3.059789657592773438e+00
3.310591793902180158e+06 -1.753752708435058594e+00 9.203310966491699219e+00 -2.997540473937988281e+00
3.310591803067388944e+06 -1.662773132324218750e+00 9.193734169006347656e+00 -3.059789657592773438e+00
3.310591830472232774e+06 -1.686715126037597656e+00 9.198522567749023438e+00 -3.093308687210083008e+00
3.310591843083013780e+06 -1.681926727294921875e+00 9.174580574035644531e+00 -3.098097085952758789e+00
3.310591872916243039e+06 -1.710657119750976562e+00 9.193734169006347656e+00 -3.074155092239379883e+00
3.310591883134211879e+06 -1.701080322265625000e+00 9.222464561462402344e+00 -3.040636062622070312e+00
3.310591911555877887e+06 -1.667561531066894531e+00 9.232041358947753906e+00 -3.026270866394042969e+00
3.310591923177232035e+06 -1.686715126037597656e+00 9.174580574035644531e+00 -3.088520288467407227e+00
3.310591954148535151e+06 -1.681926727294921875e+00 9.208099365234375000e+00 -3.102885484695434570e+00
3.310591963205617853e+06 -1.667561531066894531e+00 9.265560150146484375e+00 -3.069366693496704102e+00
3.310591994144889060e+06 -1.681926727294921875e+00 9.241618156433105469e+00 -3.055001258850097656e+00
3.310592003269420005e+06 -1.705868721008300781e+00 9.212887763977050781e+00 -3.040636062622070312e+00
3.310592030037492979e+06 -1.696291923522949219e+00 9.184157371520996094e+00 -3.045424461364746094e+00
3.310592043643950950e+06 -1.696291923522949219e+00 9.198522567749023438e+00 -3.126827478408813477e+00
3.310592073073795065e+06 -1.691503524780273438e+00 9.203310966491699219e+00 -3.088520288467407227e+00
3.310592083721398842e+06 -1.686715126037597656e+00 9.227252960205078125e+00 -3.088520288467407227e+00
3.310592111720096786e+06 -1.691503524780273438e+00 9.169792175292968750e+00 -3.026270866394042969e+00
3.310592123528743163e+06 -1.701080322265625000e+00 9.212887763977050781e+00 -3.050212860107421875e+00
3.310592153149054851e+06 -1.720233917236328125e+00 9.174580574035644531e+00 -3.050212860107421875e+00
3.310592163605981972e+06 -1.672349929809570312e+00 9.227252960205078125e+00 -3.112462282180786133e+00
3.310592191840148997e+06 -1.657984733581542969e+00 9.208099365234375000e+00 -3.150769472122192383e+00
3.310592203429211862e+06 -1.653196215629577637e+00 9.222464561462402344e+00 -3.131615877151489258e+00
3.310592233064628206e+06 -1.648407816886901855e+00 9.198522567749023438e+00 -3.150769472122192383e+00
3.310592243762752973e+06 -1.672349929809570312e+00 9.193734169006347656e+00 -3.112462282180786133e+00
3.310592271032180171e+06 -1.657984733581542969e+00 9.208099365234375000e+00 -3.112462282180786133e+00
3.310592283687179908e+06 -1.672349929809570312e+00 9.236829757690429688e+00 -3.064578056335449219e+00
3.310592313456607051e+06 -1.653196215629577637e+00 9.212887763977050781e+00 -3.055001258850097656e+00
3.310592324864732102e+06 -1.686715126037597656e+00 9.217676162719726562e+00 -3.055001258850097656e+00
3.310592351972335950e+06 -1.605312228202819824e+00 9.246406555175781250e+00 -3.040636062622070312e+00
3.310592363794159144e+06 -1.648407816886901855e+00 9.198522567749023438e+00 -3.021482467651367188e+00
3.310592393162752967e+06 -1.629254221916198730e+00 9.232041358947753906e+00 -3.011905670166015625e+00
3.310592403831971809e+06 -1.648407816886901855e+00 9.203310966491699219e+00 -3.040636062622070312e+00
3.310592433201555163e+06 -1.638831019401550293e+00 9.227252960205078125e+00 -3.083731889724731445e+00
3.310592443848430179e+06 -1.629254221916198730e+00 9.222464561462402344e+00 -3.098097085952758789e+00
3.310592470248951111e+06 -1.576581835746765137e+00 9.208099365234375000e+00 -3.126827478408813477e+00
3.310592484878221992e+06 -1.595735430717468262e+00 9.236829757690429688e+00 -3.136404275894165039e+00
3.310592513477024157e+06 -1.605312228202819824e+00 9.222464561462402344e+00 -3.093308687210083008e+00
3.310592523944159038e+06 -1.634042620658874512e+00 9.241618156433105469e+00 -3.126827478408813477e+00
3.310592552275670227e+06 -1.614889025688171387e+00 9.265560150146484375e+00 -3.136404275894165039e+00
3.310592563971242867e+06 -1.619677424430847168e+00 9.251194953918457031e+00 -3.122039079666137695e+00
3.310592593606033828e+06 -1.605312228202819824e+00 9.232041358947753906e+00 -3.179499864578247070e+00
3.310592604015981779e+06 -1.624465823173522949e+00 9.236829757690429688e+00 -3.083731889724731445e+00
3.310592633371710777e+06 -1.681926727294921875e+00 9.227252960205078125e+00 -3.117250680923461914e+00
3.310592644029262941e+06 -1.662773132324218750e+00 9.265560150146484375e+00 -3.093308687210083008e+00
3.310592673440721817e+06 -1.681926727294921875e+00 9.246406555175781250e+00 -3.055001258850097656e+00
3.310592684197023977e+06 -1.634042620658874512e+00 9.179368972778320312e+00 -3.078943490982055664e+00
3.310592711787701119e+06 -1.638831019401550293e+00 9.212887763977050781e+00 -3.141192674636840820e+00
3.310592725262753200e+06 -1.614889025688171387e+00 9.251194953918457031e+00 -3.078943490982055664e+00
3.310592753541972023e+06 -1.657984733581542969e+00 9.222464561462402344e+00 -3.045424461364746094e+00
3.310592764201816171e+06 -1.634042620658874512e+00 9.222464561462402344e+00 -3.083731889724731445e+00
3.310592793769263197e+06 -1.662773132324218750e+00 9.222464561462402344e+00 -3.102885484695434570e+00
3.310592804009368178e+06 -1.643619418144226074e+00 9.212887763977050781e+00 -3.150769472122192383e+00
3.310592832470825873e+06 -1.696291923522949219e+00 9.236829757690429688e+00 -3.131615877151489258e+00
3.310592844233064912e+06 -1.691503524780273438e+00 9.255983352661132812e+00 -3.064578056335449219e+00
3.310592873867544811e+06 -1.681926727294921875e+00 9.212887763977050781e+00 -3.031059265136718750e+00
3.310592884316243231e+06 -1.710657119750976562e+00 9.227252960205078125e+00 -3.112462282180786133e+00
3.310592912493951153e+06 -1.672349929809570312e+00 9.212887763977050781e+00 -3.074155092239379883e+00
3.310592924312700983e+06 -1.725022315979003906e+00 9.227252960205078125e+00 -3.088520288467407227e+00
3.310592952209628187e+06 -1.725022315979003906e+00 9.203310966491699219e+00 -3.078943490982055664e+00
3.310592964349524118e+06 -1.696291923522949219e+00 9.227252960205078125e+00 -2.968810081481933594e+00
3.310592992552387994e+06 -1.715445518493652344e+00 9.227252960205078125e+00 -2.983175277709960938e+00
3.310593005360878073e+06 -1.701080322265625000e+00 9.241618156433105469e+00 -3.107673883438110352e+00
3.310593034004679881e+06 -1.720233917236328125e+00 9.208099365234375000e+00 -3.059789657592773438e+00
3.310593045382440090e+06 -1.739387512207031250e+00 9.184157371520996094e+00 -3.088520288467407227e+00
3.310593072711972054e+06 -1.744175910949707031e+00 9.188945770263671875e+00 -3.064578056335449219e+00
3.310593084290721919e+06 -1.734599113464355469e+00 9.169792175292968750e+00 -3.040636062622070312e+00
3.310593113876034040e+06 -1.734599113464355469e+00 9.193734169006347656e+00 -3.021482467651367188e+00
3.310593124328222126e+06 -1.744175910949707031e+00 9.212887763977050781e+00 -2.973598480224609375e+00
3.310593153911919799e+06 -1.701080322265625000e+00 9.208099365234375000e+00 -3.002328872680664062e+00
3.310593164936867077e+06 -1.715445518493652344e+00 9.227252960205078125e+00 -3.064578056335449219e+00
3.310593191769367084e+06 -1.710657119750976562e+00 9.227252960205078125e+00 -3.040636062622070312e+00
3.310593204389575869e+06 -1.748964309692382812e+00 9.227252960205078125e+00 -3.074155092239379883e+00
3.310593234101190232e+06 -1.705868721008300781e+00 9.212887763977050781e+00 -2.978386878967285156e+00
3.310593244564366993e+06 -1.720233917236328125e+00 9.212887763977050781e+00 -3.074155092239379883e+00
3.310593272802701220e+06 -1.715445518493652344e+00 9.232041358947753906e+00 -3.083731889724731445e+00
3.310593284619262908e+06 -1.696291923522949219e+00 9.212887763977050781e+00 -3.040636062622070312e+00
3.310593314267648850e+06 -1.739387512207031250e+00 9.184157371520996094e+00 -3.093308687210083008e+00
3.310593324511502869e+06 -1.705868721008300781e+00 9.193734169006347656e+00 -3.083731889724731445e+00
3.310593352726138197e+06 -1.710657119750976562e+00 9.227252960205078125e+00 -2.992752075195312500e+00
3.310593364756347146e+06 -1.734599113464355469e+00 9.232041358947753906e+00 -3.059789657592773438e+00
3.310593392495356966e+06 -1.681926727294921875e+00 9.236829757690429688e+00 -3.069366693496704102e+00
3.310593404766502790e+06 -1.710657119750976562e+00 9.203310966491699219e+00 -3.102885484695434570e+00
3.310593434372543823e+06 -1.691503524780273438e+00 9.227252960205078125e+00 -3.083731889724731445e+00
3.310593444811711088e+06 -1.696291923522949219e+00 9.217676162719726562e+00 -3.098097085952758789e+00
3.310593472852128092e+06 -1.705868721008300781e+00 9.241618156433105469e+00 -3.026270866394042969e+00
3.310593486050408799e+06 -1.734599113464355469e+00 9.212887763977050781e+00 -3.045424461364746094e+00
3.310593514246137813e+06 -1.734599113464355469e+00 9.222464561462402344e+00 -3.040636062622070312e+00
3.310593524913899135e+06 -1.696291923522949219e+00 9.246406555175781250e+00 -3.031059265136718750e+00
3.310593552934680134e+06 -1.686715126037597656e+00 9.212887763977050781e+00 -3.011905670166015625e+00
3.310593564922752790e+06 -1.701080322265625000e+00 9.208099365234375000e+00 -3.011905670166015625e+00
3.310593594332179986e+06 -1.681926727294921875e+00 9.246406555175781250e+00 -3.031059265136718750e+00
3.310593604955357034e+06 -1.691503524780273438e+00 9.279925346374511719e+00 -3.045424461364746094e+00
3.310593632440357003e+06 -1.672349929809570312e+00 9.232041358947753906e+00 -3.021482467651367188e+00
3.310593645018169191e+06 -1.720233917236328125e+00 9.184157371520996094e+00 -3.045424461364746094e+00
3.310593674611554947e+06 -1.701080322265625000e+00 9.217676162719726562e+00 -3.016694068908691406e+00
3.310593685049783904e+06 -1.739387512207031250e+00 9.232041358947753906e+00 -3.064578056335449219e+00
3.310593713258116972e+06 -1.758541107177734375e+00 9.198522567749023438e+00 -2.983175277709960938e+00
3.310593726264784113e+06 -1.710657119750976562e+00 9.203310966491699219e+00 -3.011905670166015625e+00
3.310593755847805180e+06 -1.758541107177734375e+00 9.217676162719726562e+00 -3.093308687210083008e+00
3.310593765123430174e+06 -1.696291923522949219e+00 9.188945770263671875e+00 -3.083731889724731445e+00
3.310593795849523041e+06 -1.720233917236328125e+00 9.246406555175781250e+00 -3.069366693496704102e+00
3.310593805217857007e+06 -1.748964309692382812e+00 9.236829757690429688e+00 -3.016694068908691406e+00
3.310593831511867233e+06 -1.734599113464355469e+00 9.193734169006347656e+00 -3.026270866394042969e+00
3.310593845205200836e+06 -1.725022315979003906e+00 9.222464561462402344e+00 -3.122039079666137695e+00
3.310593874797335826e+06 -1.748964309692382812e+00 9.184157371520996094e+00 -3.055001258850097656e+00
3.310593885237074923e+06 -1.710657119750976562e+00 9.222464561462402344e+00 -3.107673883438110352e+00
3.310593913489315193e+06 -1.725022315979003906e+00 9.217676162719726562e+00 -3.064578056335449219e+00
3.310593926470930222e+06 -1.748964309692382812e+00 9.188945770263671875e+00 -3.040636062622070312e+00
3.310593955000461079e+06 -1.777694821357727051e+00 9.217676162719726562e+00 -2.973598480224609375e+00
3.310593965331503190e+06 -1.748964309692382812e+00 9.203310966491699219e+00 -3.002328872680664062e+00
3.310593993556607049e+06 -1.758541107177734375e+00 9.227252960205078125e+00 -3.016694068908691406e+00
3.310594005332909059e+06 -1.705868721008300781e+00 9.251194953918457031e+00 -3.059789657592773438e+00
3.310594035242960788e+06 -1.734599113464355469e+00 9.208099365234375000e+00 -3.088520288467407227e+00
3.310594045374002773e+06 -1.691503524780273438e+00 9.184157371520996094e+00 -3.069366693496704102e+00
3.310594072906242218e+06 -1.696291923522949219e+00 9.232041358947753906e+00 -3.045424461364746094e+00
3.310594085425253026e+06 -1.734599113464355469e+00 9.203310966491699219e+00 -3.026270866394042969e+00
3.310594114981397986e+06 -1.734599113464355469e+00 9.275136947631835938e+00 -2.978386878967285156e+00
3.310594125468430109e+06 -1.734599113464355469e+00 9.217676162719726562e+00 -3.088520288467407227e+00
3.310594155084835831e+06 -1.725022315979003906e+00 9.212887763977050781e+00 -3.055001258850097656e+00
3.310594165502647869e+06 -1.691503524780273438e+00 9.232041358947753906e+00 -3.069366693496704102e+00
3.310594193706294056e+06 -1.691503524780273438e+00 9.203310966491699219e+00 -3.078943490982055664e+00
3.310594206685408950e+06 -1.734599113464355469e+00 9.203310966491699219e+00 -3.007117271423339844e+00
3.310594235124002211e+06 -1.643619418144226074e+00 9.174580574035644531e+00 -3.122039079666137695e+00
3.310594245566294063e+06 -1.686715126037597656e+00 9.174580574035644531e+00 -3.059789657592773438e+00
3.310594275439418852e+06 -1.744175910949707031e+00 9.198522567749023438e+00 -3.055001258850097656e+00
3.310594285609627143e+06 -1.748964309692382812e+00 9.251194953918457031e+00 -3.064578056335449219e+00
3.310594313566138037e+06 -1.696291923522949219e+00 9.222464561462402344e+00 -3.040636062622070312e+00
3.310594325659106951e+06 -1.725022315979003906e+00 9.198522567749023438e+00 -3.112462282180786133e+00
3.310594353832543828e+06 -1.720233917236328125e+00 9.246406555175781250e+00 -3.011905670166015625e+00
3.310594365678638220e+06 -1.734599113464355469e+00 9.217676162719726562e+00 -3.045424461364746094e+00
3.310594395303012803e+06 -1.710657119750976562e+00 9.265560150146484375e+00 -3.011905670166015625e+00
3.310594405733169056e+06 -1.720233917236328125e+00 9.227252960205078125e+00 -3.016694068908691406e+00
3.310594435342960991e+06 -1.696291923522949219e+00 9.208099365234375000e+00 -3.064578056335449219e+00
3.310594445744887926e+06 -1.696291923522949219e+00 9.222464561462402344e+00 -3.050212860107421875e+00
3.310594474270356819e+06 -1.696291923522949219e+00 9.246406555175781250e+00 -3.035847663879394531e+00
3.310594486082335934e+06 -1.681926727294921875e+00 9.188945770263671875e+00 -3.064578056335449219e+00
3.310594515431763139e+06 -1.696291923522949219e+00 9.246406555175781250e+00 -3.117250680923461914e+00
3.310594525871607009e+06 -1.696291923522949219e+00 9.222464561462402344e+00 -3.026270866394042969e+00
3.310594553237074986e+06 -1.734599113464355469e+00 9.232041358947753906e+00 -3.088520288467407227e+00
3.310594565925200004e+06 -1.710657119750976562e+00 9.222464561462402344e+00 -3.021482467651367188e+00
3.310594595454210881e+06 -1.739387512207031250e+00 9.188945770263671875e+00 -3.088520288467407227e+00
3.310594605909679085e+06 -1.748964309692382812e+00 9.184157371520996094e+00 -3.088520288467407227e+00
3.310594634155720938e+06 -1.715445518493652344e+00 9.222464561462402344e+00 -3.122039079666137695e+00
3.310594645943065174e+06 -1.729810714721679688e+00 9.203310966491699219e+00 -3.093308687210083008e+00
3.310594675554678775e+06 -1.715445518493652344e+00 9.203310966491699219e+00 -3.083731889724731445e+00
3.310594687361762859e+06 -1.701080322265625000e+00 9.222464561462402344e+00 -3.050212860107421875e+00
3.310594714242544025e+06 -1.758541107177734375e+00 9.169792175292968750e+00 -3.045424461364746094e+00
3.310594726049001794e+06 -1.720233917236328125e+00 9.217676162719726562e+00 -3.155557870864868164e+00
3.310594755622387864e+06 -1.667561531066894531e+00 9.198522567749023438e+00 -3.126827478408813477e+00
3.310594766085303854e+06 -1.710657119750976562e+00 9.208099365234375000e+00 -3.098097085952758789e+00
3.310594792439730838e+06 -1.734599113464355469e+00 9.217676162719726562e+00 -3.069366693496704102e+00
3.310594806276605930e+06 -1.705868721008300781e+00 9.236829757690429688e+00 -3.045424461364746094e+00
3.310594836540148128e+06 -1.696291923522949219e+00 9.217676162719726562e+00 -3.045424461364746094e+00
3.310594846110512968e+06 -1.691503524780273438e+00 9.241618156433105469e+00 -3.002328872680664062e+00
3.310594875768220983e+06 -1.691503524780273438e+00 9.232041358947753906e+00 -3.031059265136718750e+00
3.310594887489783112e+06 -1.681926727294921875e+00 9.208099365234375000e+00 -3.055001258850097656e+00
3.310594914443168789e+06 -1.672349929809570312e+00 9.212887763977050781e+00 -3.102885484695434570e+00
3.310594926262440160e+06 -1.672349929809570312e+00 9.222464561462402344e+00 -3.035847663879394531e+00
3.310594955791553948e+06 -1.710657119750976562e+00 9.227252960205078125e+00 -3.069366693496704102e+00
3.310594966288012918e+06 -1.715445518493652344e+00 9.227252960205078125e+00 -3.007117271423339844e+00
3.310594993683325127e+06 -1.725022315979003906e+00 9.212887763977050781e+00 -3.026270866394042969e+00
3.310595007512543816e+06 -1.720233917236328125e+00 9.232041358947753906e+00 -3.059789657592773438e+00
3.310595035947908182e+06 -1.667561531066894531e+00 9.212887763977050781e+00 -3.150769472122192383e+00
3.310595046370824799e+06 -1.720233917236328125e+00 9.241618156433105469e+00 -3.102885484695434570e+00
3.310595075917907991e+06 -1.672349929809570312e+00 9.212887763977050781e+00 -3.083731889724731445e+00
3.310595086385251954e+06 -1.753752708435058594e+00 9.217676162719726562e+00 -3.088520288467407227e+00
3.310595114437699784e+06 -1.691503524780273438e+00 9.227252960205078125e+00 -3.117250680923461914e+00
3.310595126218480989e+06 -1.677138328552246094e+00 9.193734169006347656e+00 -3.112462282180786133e+00
3.310595156056919135e+06 -1.720233917236328125e+00 9.212887763977050781e+00 -3.131615877151489258e+00
3.310595166275408119e+06 -1.725022315979003906e+00 9.212887763977050781e+00 -3.112462282180786133e+00
3.310595194481294136e+06 -1.744175910949707031e+00 9.188945770263671875e+00 -3.107673883438110352e+00
3.310595206294626929e+06 -1.691503524780273438e+00 9.184157371520996094e+00 -3.093308687210083008e+00
3.310595235369575210e+06 -1.739387512207031250e+00 9.179368972778320312e+00 -3.055001258850097656e+00
3.310595247665043920e+06 -1.753752708435058594e+00 9.232041358947753906e+00 -3.031059265136718750e+00
3.310595274790252093e+06 -1.715445518493652344e+00 9.208099365234375000e+00 -3.031059265136718750e+00
3.310595286621502135e+06 -1.734599113464355469e+00 9.232041358947753906e+00 -3.035847663879394531e+00
3.310595316210459918e+06 -1.681926727294921875e+00 9.222464561462402344e+00 -3.093308687210083008e+00
3.310595326658845879e+06 -1.686715126037597656e+00 9.212887763977050781e+00 -3.107673883438110352e+00
3.310595354847022798e+06 -1.677138328552246094e+00 9.203310966491699219e+00 -3.069366693496704102e+00
3.310595366684731096e+06 -1.691503524780273438e+00 9.179368972778320312e+00 -3.064578056335449219e+00
3.310595396237492096e+06 -1.672349929809570312e+00 9.203310966491699219e+00 -3.055001258850097656e+00
3.310595406708742026e+06 -1.653196215629577637e+00 9.217676162719726562e+00 -3.059789657592773438e+00
3.310595434393793810e+06 -1.705868721008300781e+00 9.179368972778320312e+00 -3.083731889724731445e+00
3.310595446712282952e+06 -1.710657119750976562e+00 9.255983352661132812e+00 -3.016694068908691406e+00
3.310595476372700185e+06 -1.729810714721679688e+00 9.188945770263671875e+00 -3.045424461364746094e+00
3.310595486775773112e+06 -1.691503524780273438e+00 9.203310966491699219e+00 -3.122039079666137695e+00
3.310595516352126841e+06 -1.701080322265625000e+00 9.232041358947753906e+00 -3.122039079666137695e+00
3.310595526850825176e+06 -1.681926727294921875e+00 9.198522567749023438e+00 -3.141192674636840820e+00
3.310595555028064176e+06 -1.672349929809570312e+00 9.193734169006347656e+00 -3.145981073379516602e+00
3.310595566845980939e+06 -1.729810714721679688e+00 9.198522567749023438e+00 -3.021482467651367188e+00
3.310595596476294100e+06 -1.720233917236328125e+00 9.222464561462402344e+00 -3.088520288467407227e+00
3.310595607846084982e+06 -1.691503524780273438e+00 9.212887763977050781e+00 -3.131615877151489258e+00
3.310595635112959892e+06 -1.705868721008300781e+00 9.198522567749023438e+00 -3.107673883438110352e+00
3.310595646913584787e+06 -1.686715126037597656e+00 9.179368972778320312e+00 -3.169923067092895508e+00
3.310595674830772914e+06 -1.686715126037597656e+00 9.193734169006347656e+00 -3.165134668350219727e+00
3.310595686958688777e+06 -1.705868721008300781e+00 9.251194953918457031e+00 -3.078943490982055664e+00
3.310595715212178882e+06 -1.720233917236328125e+00 9.246406555175781250e+00 -3.112462282180786133e+00
3.310595727416865993e+06 -1.677138328552246094e+00 9.217676162719726562e+00 -3.026270866394042969e+00
3.310595756563689094e+06 -1.672349929809570312e+00 9.208099365234375000e+00 -3.093308687210083008e+00
3.310595766881553922e+06 -1.619677424430847168e+00 9.227252960205078125e+00 -3.031059265136718750e+00
3.310595796642648056e+06 -1.638831019401550293e+00 9.212887763977050781e+00 -3.122039079666137695e+00
3.310595807378740981e+06 -1.667561531066894531e+00 9.198522567749023438e+00 -3.107673883438110352e+00
3.310595835350147914e+06 -1.610100626945495605e+00 9.265560150146484375e+00 -3.069366693496704102e+00
3.310595847231971100e+06 -1.619677424430847168e+00 9.222464561462402344e+00 -3.055001258850097656e+00
3.310595876769002061e+06 -1.648407816886901855e+00 9.236829757690429688e+00 -3.131615877151489258e+00
3.310595887363845948e+06 -1.581370234489440918e+00 9.212887763977050781e+00 -3.107673883438110352e+00
3.310595914558324963e+06 -1.629254221916198730e+00 9.203310966491699219e+00 -3.078943490982055664e+00
3.310595926996293012e+06 -1.610100626945495605e+00 9.222464561462402344e+00 -3.131615877151489258e+00
3.310595956765877083e+06 -1.610100626945495605e+00 9.222464561462402344e+00 -3.126827478408813477e+00
3.310595967036710121e+06 -1.629254221916198730e+00 9.227252960205078125e+00 -3.107673883438110352e+00
3.310595995494679082e+06 -1.638831019401550293e+00 9.203310966491699219e+00 -3.131615877151489258e+00
3.310596007095564157e+06 -1.624465823173522949e+00 9.193734169006347656e+00 -3.150769472122192383e+00
3.310596036918221042e+06 -1.648407816886901855e+00 9.232041358947753906e+00 -3.160346269607543945e+00
3.310596047092752066e+06 -1.643619418144226074e+00 9.217676162719726562e+00 -3.145981073379516602e+00
3.310596076920928899e+06 -1.648407816886901855e+00 9.188945770263671875e+00 -3.112462282180786133e+00
3.310596087478376925e+06 -1.686715126037597656e+00 9.203310966491699219e+00 -3.059789657592773438e+00
3.310596113996605854e+06 -1.691503524780273438e+00 9.208099365234375000e+00 -3.122039079666137695e+00
3.310596127500825096e+06 -1.662773132324218750e+00 9.236829757690429688e+00 -3.055001258850097656e+00
3.310596156788324937e+06 -1.667561531066894531e+00 9.179368972778320312e+00 -3.074155092239379883e+00
3.310596167425773107e+06 -1.662773132324218750e+00 9.208099365234375000e+00 -3.088520288467407227e+00
3.310596196608898230e+06 -1.653196215629577637e+00 9.227252960205078125e+00 -3.093308687210083008e+00
3.310596208599314094e+06 -1.648407816886901855e+00 9.203310966491699219e+00 -3.117250680923461914e+00
3.310596237095252145e+06 -1.643619418144226074e+00 9.232041358947753906e+00 -3.150769472122192383e+00
3.310596247909469996e+06 -1.629254221916198730e+00 9.203310966491699219e+00 -3.174711465835571289e+00
3.310596275727021974e+06 -1.638831019401550293e+00 9.222464561462402344e+00 -3.117250680923461914e+00
3.310596287854678929e+06 -1.643619418144226074e+00 9.217676162719726562e+00 -3.045424461364746094e+00
3.310596317110771779e+06 -1.600523829460144043e+00 9.193734169006347656e+00 -3.102885484695434570e+00
3.310596329240563791e+06 -1.600523829460144043e+00 9.232041358947753906e+00 -3.136404275894165039e+00
3.310596354992647190e+06 -1.619677424430847168e+00 9.208099365234375000e+00 -3.136404275894165039e+00
3.310596368590304162e+06 -1.681926727294921875e+00 9.179368972778320312e+00 -3.107673883438110352e+00
3.310596397019627038e+06 -1.657984733581542969e+00 9.212887763977050781e+00 -3.088520288467407227e+00
3.310596407647231128e+06 -1.677138328552246094e+00 9.227252960205078125e+00 -3.031059265136718750e+00
3.310596437076917849e+06 -1.634042620658874512e+00 9.222464561462402344e+00 -3.126827478408813477e+00
3.310596447640668135e+06 -1.600523829460144043e+00 9.212887763977050781e+00 -3.136404275894165039e+00
3.310596475745147094e+06 -1.629254221916198730e+00 9.222464561462402344e+00 -3.227383852005004883e+00
3.310596487546970136e+06 -1.614889025688171387e+00 9.188945770263671875e+00 -3.203441858291625977e+00
3.310596517124313861e+06 -1.624465823173522949e+00 9.222464561462402344e+00 -3.078943490982055664e+00
3.310596527563272044e+06 -1.614889025688171387e+00 9.208099365234375000e+00 -3.117250680923461914e+00
3.310596555810512044e+06 -1.624465823173522949e+00 9.208099365234375000e+00 -3.059789657592773438e+00
3.310596567618429195e+06 -1.653196215629577637e+00 9.241618156433105469e+00 -3.098097085952758789e+00
3.310596595513376873e+06 -1.614889025688171387e+00 9.251194953918457031e+00 -3.055001258850097656e+00
3.310596607657752000e+06 -1.595735430717468262e+00 9.227252960205078125e+00 -3.107673883438110352e+00
3.310596635927074123e+06 -1.610100626945495605e+00 9.275136947631835938e+00 -3.136404275894165039e+00
3.310596647682751995e+06 -1.614889025688171387e+00 9.203310966491699219e+00 -3.083731889724731445e+00
3.310596677414574195e+06 -1.653196215629577637e+00 9.227252960205078125e+00 -3.083731889724731445e+00
3.310596687939990778e+06 -1.629254221916198730e+00 9.212887763977050781e+00 -3.078943490982055664e+00
3.310596716189521831e+06 -1.614889025688171387e+00 9.217676162719726562e+00 -3.112462282180786133e+00
3.310596727999106050e+06 -1.643619418144226074e+00 9.203310966491699219e+00 -3.145981073379516602e+00
3.310596757554314099e+06 -1.629254221916198730e+00 9.212887763977050781e+00 -3.069366693496704102e+00
3.310596767797803972e+06 -1.643619418144226074e+00 9.222464561462402344e+00 -3.074155092239379883e+00
3.310596797658167779e+06 -1.648407816886901855e+00 9.188945770263671875e+00 -3.083731889724731445e+00
3.310596809321762063e+06 -1.657984733581542969e+00 9.208099365234375000e+00 -3.136404275894165039e+00
3.310596836621136870e+06 -1.657984733581542969e+00 9.203310966491699219e+00 -3.155557870864868164e+00
3.310596847885460127e+06 -1.643619418144226074e+00 9.232041358947753906e+00 -3.126827478408813477e+00
3.310596878002283163e+06 -1.653196215629577637e+00 9.184157371520996094e+00 -3.093308687210083008e+00
3.310596889288948849e+06 -1.701080322265625000e+00 9.193734169006347656e+00 -3.131615877151489258e+00
3.310596917575876229e+06 -1.667561531066894531e+00 9.255983352661132812e+00 -3.107673883438110352e+00
3.310596928164938930e+06 -1.677138328552246094e+00 9.236829757690429688e+00 -3.122039079666137695e+00
3.310596957820511889e+06 -1.653196215629577637e+00 9.246406555175781250e+00 -3.074155092239379883e+00
3.310596968224730808e+06 -1.720233917236328125e+00 9.222464561462402344e+00 -3.016694068908691406e+00
3.310596996429678053e+06 -1.696291923522949219e+00 9.227252960205078125e+00 -3.031059265136718750e+00
3.310597008247282822e+06 -1.681926727294921875e+00 9.203310966491699219e+00 -3.031059265136718750e+00
3.310597036134625785e+06 -1.672349929809570312e+00 9.222464561462402344e+00 -3.074155092239379883e+00
3.310597048064157832e+06 -1.677138328552246094e+00 9.236829757690429688e+00 -3.050212860107421875e+00
3.310597077643427998e+06 -1.667561531066894531e+00 9.265560150146484375e+00 -3.016694068908691406e+00
3.310597088222282939e+06 -1.701080322265625000e+00 9.212887763977050781e+00 -3.059789657592773438e+00
3.310597116611501202e+06 -1.710657119750976562e+00 9.227252960205078125e+00 -3.059789657592773438e+00
3.310597128160459921e+06 -1.662773132324218750e+00 9.236829757690429688e+00 -3.150769472122192383e+00
3.310597157989939209e+06 -1.686715126037597656e+00 9.222464561462402344e+00 -3.078943490982055664e+00
3.310597168221033178e+06 -1.696291923522949219e+00 9.236829757690429688e+00 -3.064578056335449219e+00
3.310597196398585103e+06 -1.734599113464355469e+00 9.198522567749023438e+00 -3.016694068908691406e+00
3.310597208241397049e+06 -1.720233917236328125e+00 9.255983352661132812e+00 -3.050212860107421875e+00
3.310597237790302839e+06 -1.677138328552246094e+00 9.246406555175781250e+00 -3.059789657592773438e+00
3.310597248203375842e+06 -1.662773132324218750e+00 9.188945770263671875e+00 -3.150769472122192383e+00
3.310597275636604987e+06 -1.681926727294921875e+00 9.232041358947753906e+00 -3.122039079666137695e+00
3.310597288249783218e+06 -1.705868721008300781e+00 9.222464561462402344e+00 -3.107673883438110352e+00
3.310597317835355178e+06 -1.715445518493652344e+00 9.212887763977050781e+00 -3.083731889724731445e+00
3.310597328473741189e+06 -1.691503524780273438e+00 9.217676162719726562e+00 -3.098097085952758789e+00
3.310597356704157777e+06 -1.691503524780273438e+00 9.198522567749023438e+00 -3.040636062622070312e+00
3.310597368567750789e+06 -1.739387512207031250e+00 9.232041358947753906e+00 -3.069366693496704102e+00
3.310597397945094854e+06 -1.696291923522949219e+00 9.227252960205078125e+00 -3.074155092239379883e+00
3.310597408582699019e+06 -1.672349929809570312e+00 9.179368972778320312e+00 -3.083731889724731445e+00
3.310597438088741153e+06 -1.672349929809570312e+00 9.193734169006347656e+00 -3.026270866394042969e+00
3.310597449777699076e+06 -1.681926727294921875e+00 9.188945770263671875e+00 -3.064578056335449219e+00
3.310597475247229915e+06 -1.662773132324218750e+00 9.236829757690429688e+00 -3.107673883438110352e+00
3.310597488476865925e+06 -1.677138328552246094e+00 9.203310966491699219e+00 -3.083731889724731445e+00
3.310597518259574194e+06 -1.653196215629577637e+00 9.232041358947753906e+00 -3.078943490982055664e+00
3.310597528508531861e+06 -1.681926727294921875e+00 9.251194953918457031e+00 -3.155557870864868164e+00
3.310597556730980054e+06 -1.691503524780273438e+00 9.217676162719726562e+00 -3.031059265136718750e+00
3.310597568860198837e+06 -1.681926727294921875e+00 9.217676162719726562e+00 -3.078943490982055664e+00
3.310597598400147166e+06 -1.643619418144226074e+00 9.232041358947753906e+00 -3.093308687210083008e+00
3.310597608751136810e+06 -1.696291923522949219e+00 9.236829757690429688e+00 -3.078943490982055664e+00
3.310597636816345155e+06 -1.677138328552246094e+00 9.232041358947753906e+00 -3.093308687210083008e+00
3.310597648609365802e+06 -1.686715126037597656e+00 9.212887763977050781e+00 -3.069366693496704102e+00
3.310597678261293098e+06 -1.696291923522949219e+00 9.203310966491699219e+00 -3.098097085952758789e+00
3.310597689809001051e+06 -1.710657119750976562e+00 9.217676162719726562e+00 -3.026270866394042969e+00
3.310597716078167781e+06 -1.710657119750976562e+00 9.222464561462402344e+00 -3.040636062622070312e+00
3.310597728675824124e+06 -1.672349929809570312e+00 9.212887763977050781e+00 -3.045424461364746094e+00
3.310597758301552851e+06 -1.715445518493652344e+00 9.203310966491699219e+00 -3.055001258850097656e+00
3.310597768736970145e+06 -1.691503524780273438e+00 9.241618156433105469e+00 -3.040636062622070312e+00
3.310597798567386810e+06 -1.667561531066894531e+00 9.208099365234375000e+00 -3.040636062622070312e+00
3.310597808768896852e+06 -1.677138328552246094e+00 9.212887763977050781e+00 -3.074155092239379883e+00
3.310597837333116215e+06 -1.681926727294921875e+00 9.222464561462402344e+00 -3.069366693496704102e+00
3.310597848999314010e+06 -1.662773132324218750e+00 9.208099365234375000e+00 -3.064578056335449219e+00
3.310597878389521968e+06 -1.686715126037597656e+00 9.208099365234375000e+00 -3.102885484695434570e+00
3.310597889052073937e+06 -1.696291923522949219e+00 9.260771751403808594e+00 -3.040636062622070312e+00
3.310597917285980191e+06 -1.720233917236328125e+00 9.198522567749023438e+00 -3.035847663879394531e+00
3.310597929297438823e+06 -1.710657119750976562e+00 9.251194953918457031e+00 -3.107673883438110352e+00
3.310597957428011112e+06 -1.677138328552246094e+00 9.212887763977050781e+00 -3.174711465835571289e+00
3.310597969130095094e+06 -1.705868721008300781e+00 9.212887763977050781e+00 -3.055001258850097656e+00
3.310597997393480036e+06 -1.691503524780273438e+00 9.236829757690429688e+00 -3.011905670166015625e+00
3.310598010349470191e+06 -1.710657119750976562e+00 9.246406555175781250e+00 -3.055001258850097656e+00
3.310598038849886041e+06 -1.705868721008300781e+00 9.222464561462402344e+00 -3.102885484695434570e+00
3.310598049266241025e+06 -1.677138328552246094e+00 9.236829757690429688e+00 -3.107673883438110352e+00
3.310598077551449183e+06 -1.681926727294921875e+00 9.198522567749023438e+00 -3.131615877151489258e+00
3.310598089096448850e+06 -1.681926727294921875e+00 9.217676162719726562e+00 -3.069366693496704102e+00
3.310598118901656941e+06 -1.715445518493652344e+00 9.227252960205078125e+00 -3.098097085952758789e+00
3.310598129120458849e+06 -1.701080322265625000e+00 9.212887763977050781e+00 -3.078943490982055664e+00
3.310598159862698987e+06 -1.677138328552246094e+00 9.217676162719726562e+00 -3.055001258850097656e+00
3.310598169395095203e+06 -1.672349929809570312e+00 9.255983352661132812e+00 -3.098097085952758789e+00
3.310598196770250797e+06 -1.715445518493652344e+00 9.188945770263671875e+00 -3.064578056335449219e+00
3.310598209377751220e+06 -1.657984733581542969e+00 9.217676162719726562e+00 -3.078943490982055664e+00
3.310598238799052779e+06 -1.686715126037597656e+00 9.198522567749023438e+00 -3.078943490982055664e+00
3.310598250587802846e+06 -1.705868721008300781e+00 9.212887763977050781e+00 -3.098097085952758789e+00
3.310598277652855031e+06 -1.696291923522949219e+00 9.222464561462402344e+00 -3.078943490982055664e+00
3.310598289518584032e+06 -1.677138328552246094e+00 9.222464561462402344e+00 -3.059789657592773438e+00
3.310598320026917849e+06 -1.677138328552246094e+00 9.212887763977050781e+00 -3.083731889724731445e+00
3.310598329504209105e+06 -1.715445518493652344e+00 9.198522567749023438e+00 -3.045424461364746094e+00
3.310598357723687775e+06 -1.681926727294921875e+00 9.208099365234375000e+00 -3.078943490982055664e+00
3.310598370681709144e+06 -1.691503524780273438e+00 9.212887763977050781e+00 -3.059789657592773438e+00
3.310598397485251073e+06 -1.662773132324218750e+00 9.208099365234375000e+00 -3.064578056335449219e+00
3.310598409590876196e+06 -1.677138328552246094e+00 9.222464561462402344e+00 -3.074155092239379883e+00
3.310598439012906980e+06 -1.691503524780273438e+00 9.217676162719726562e+00 -3.117250680923461914e+00
3.310598450563115068e+06 -1.653196215629577637e+00 9.212887763977050781e+00 -3.112462282180786133e+00
3.310598477751917206e+06 -1.662773132324218750e+00 9.203310966491699219e+00 -3.141192674636840820e+00
3.310598490623272024e+06 -1.677138328552246094e+00 9.212887763977050781e+00 -3.165134668350219727e+00
3.310598519072959200e+06 -1.691503524780273438e+00 9.222464561462402344e+00 -3.102885484695434570e+00
3.310598529529260937e+06 -1.696291923522949219e+00 9.236829757690429688e+00 -3.055001258850097656e+00
3.310598557720459066e+06 -1.729810714721679688e+00 9.193734169006347656e+00 -3.050212860107421875e+00
3.310598570686812978e+06 -1.629254221916198730e+00 9.222464561462402344e+00 -3.064578056335449219e+00
3.310598599173531868e+06 -1.701080322265625000e+00 9.184157371520996094e+00 -3.074155092239379883e+00
3.310598609609000850e+06 -1.667561531066894531e+00 9.241618156433105469e+00 -3.074155092239379883e+00
3.310598637174574193e+06 -1.672349929809570312e+00 9.193734169006347656e+00 -3.055001258850097656e+00
3.310598649629104882e+06 -1.667561531066894531e+00 9.193734169006347656e+00 -3.011905670166015625e+00
3.310598679165198933e+06 -1.696291923522949219e+00 9.222464561462402344e+00 -3.093308687210083008e+00
3.310598689639678225e+06 -1.681926727294921875e+00 9.193734169006347656e+00 -3.107673883438110352e+00
3.310598717885042075e+06 -1.691503524780273438e+00 9.198522567749023438e+00 -3.088520288467407227e+00
3.310598729688792024e+06 -1.681926727294921875e+00 9.208099365234375000e+00 -3.088520288467407227e+00
3.310598759232177865e+06 -1.725022315979003906e+00 9.241618156433105469e+00 -2.987963676452636719e+00
3.310598769701500889e+06 -1.725022315979003906e+00 9.251194953918457031e+00 -3.045424461364746094e+00
3.310598799489989877e+06 -1.657984733581542969e+00 9.208099365234375000e+00 -3.088520288467407227e+00
