3.718072925425666850e+06 5.303156971931457520e-01 -3.543418645858764648e-01 8.954314231872558594e+00
3.718072940685718786e+06 5.734112858772277832e-01 -3.591302633285522461e-01 8.949525833129882812e+00
3.718072963062907103e+06 5.781996846199035645e-01 -3.447650372982025146e-01 8.949525833129882812e+00
3.718072977101291995e+06 5.542576909065246582e-01 -3.639186620712280273e-01 8.939949035644531250e+00
3.718073006510667037e+06 5.446808934211730957e-01 -3.351882398128509521e-01 8.959102630615234375e+00
3.718073017184781842e+06 5.829881429672241211e-01 -3.830722570419311523e-01 8.887276649475097656e+00
3.718073046944417059e+06 5.638344883918762207e-01 -3.639186620712280273e-01 8.877699851989746094e+00
3.718073057184678037e+06 5.255272984504699707e-01 -3.447650372982025146e-01 8.925583839416503906e+00
3.718073085845979862e+06 5.494692921638488770e-01 -3.399766385555267334e-01 8.939949035644531250e+00
3.718073097547281999e+06 5.686228871345520020e-01 -3.399766385555267334e-01 8.949525833129882812e+00
3.718073127685979940e+06 5.734112858772277832e-01 -3.447650372982025146e-01 8.892065048217773438e+00
3.718073140181500930e+06 5.638344883918762207e-01 -3.543418645858764648e-01 8.925583839416503906e+00
3.718073164238270838e+06 5.734112858772277832e-01 -3.495534360408782959e-01 8.959102630615234375e+00
3.718073177368219011e+06 5.638344883918762207e-01 -3.543418645858764648e-01 8.935160636901855469e+00
3.718073207115302794e+06 5.542576909065246582e-01 -3.351882398128509521e-01 8.939949035644531250e+00
3.718073217408531811e+06 5.829881429672241211e-01 -3.399766385555267334e-01 8.911218643188476562e+00
3.718073245928843971e+06 5.781996846199035645e-01 -3.687070608139038086e-01 8.939949035644531250e+00
3.718073257379572839e+06 5.638344883918762207e-01 -3.351882398128509521e-01 8.935160636901855469e+00
3.718073287203895859e+06 6.021417379379272461e-01 -3.734954595565795898e-01 8.968679428100585938e+00
3.718073297404104844e+06 5.734112858772277832e-01 -3.495534360408782959e-01 8.892065048217773438e+00
3.718073326004677918e+06 5.398924946784973145e-01 -3.591302633285522461e-01 8.901641845703125000e+00
3.718073337503584102e+06 5.494692921638488770e-01 -3.591302633285522461e-01 8.973467826843261719e+00
3.718073367274312768e+06 5.973533391952514648e-01 -3.208230137825012207e-01 8.887276649475097656e+00
3.718073377529989928e+06 5.781996846199035645e-01 -3.351882398128509521e-01 8.916007041931152344e+00
3.718073405182125047e+06 5.590460896492004395e-01 -3.399766385555267334e-01 8.944737434387207031e+00
3.718073417355928104e+06 5.638344883918762207e-01 -3.447650372982025146e-01 8.916007041931152344e+00
3.718073447479886003e+06 5.829881429672241211e-01 -3.495534360408782959e-01 8.925583839416503906e+00
3.718073457757646218e+06 5.398924946784973145e-01 -3.160346150398254395e-01 8.896853446960449219e+00
3.718073487547385972e+06 5.207388401031494141e-01 -3.208230137825012207e-01 8.925583839416503906e+00
3.718073497731240001e+06 5.638344883918762207e-01 -3.399766385555267334e-01 8.949525833129882812e+00
3.718073526193895843e+06 5.781996846199035645e-01 -3.543418645858764648e-01 8.920795440673828125e+00
3.718073537472906988e+06 5.398924946784973145e-01 -3.734954595565795898e-01 8.973467826843261719e+00
3.718073567567124963e+06 5.494692921638488770e-01 -3.208230137825012207e-01 8.978256225585937500e+00
3.718073577518532053e+06 5.542576909065246582e-01 -3.351882398128509521e-01 8.935160636901855469e+00
3.718073606189156882e+06 5.303156971931457520e-01 -3.351882398128509521e-01 8.954314231872558594e+00
3.718073617548687849e+06 5.494692921638488770e-01 -4.070142805576324463e-01 8.882488250732421875e+00
3.718073645961187780e+06 5.638344883918762207e-01 -3.160346150398254395e-01 8.911218643188476562e+00
3.718073657747594174e+06 5.925649404525756836e-01 -3.639186620712280273e-01 8.925583839416503906e+00
3.718073686307594180e+06 5.829881429672241211e-01 -3.543418645858764648e-01 8.882488250732421875e+00
3.718073697797959205e+06 5.638344883918762207e-01 -3.399766385555267334e-01 8.935160636901855469e+00
3.718073727772334125e+06 5.734112858772277832e-01 -3.687070608139038086e-01 8.911218643188476562e+00
3.718073737854208797e+06 5.781996846199035645e-01 -3.495534360408782959e-01 8.978256225585937500e+00
3.718073767806969117e+06 5.542576909065246582e-01 -3.639186620712280273e-01 8.853757858276367188e+00
3.718073777896032203e+06 5.686228871345520020e-01 -3.782838582992553711e-01 8.954314231872558594e+00
3.718073806405511219e+06 5.494692921638488770e-01 -3.399766385555267334e-01 8.978256225585937500e+00
3.718073818209312856e+06 5.877765417098999023e-01 -3.399766385555267334e-01 8.877699851989746094e+00
3.718073847844833974e+06 5.351040959358215332e-01 -3.447650372982025146e-01 8.911218643188476562e+00
3.718073857774209231e+06 5.542576909065246582e-01 -3.351882398128509521e-01 8.963891029357910156e+00
3.718073885696239769e+06 5.638344883918762207e-01 -3.399766385555267334e-01 8.939949035644531250e+00
3.718073897812594194e+06 5.494692921638488770e-01 -3.591302633285522461e-01 8.954314231872558594e+00
3.718073927975197788e+06 5.829881429672241211e-01 -3.687070608139038086e-01 8.992621421813964844e+00
3.718073937868323177e+06 5.494692921638488770e-01 -3.399766385555267334e-01 8.987833023071289062e+00
3.718073966320354026e+06 5.973533391952514648e-01 -3.591302633285522461e-01 8.925583839416503906e+00
3.718073978255822789e+06 5.734112858772277832e-01 -3.687070608139038086e-01 8.944737434387207031e+00
3.718074007947593927e+06 5.638344883918762207e-01 -3.351882398128509521e-01 8.954314231872558594e+00
3.718074018029937986e+06 5.877765417098999023e-01 -3.639186620712280273e-01 8.920795440673828125e+00
3.718074047862385865e+06 5.734112858772277832e-01 -3.687070608139038086e-01 8.916007041931152344e+00
3.718074058153427206e+06 5.638344883918762207e-01 -3.543418645858764648e-01 8.935160636901855469e+00
3.718074085226499941e+06 5.542576909065246582e-01 -3.782838582992553711e-01 8.916007041931152344e+00
3.718074098220094107e+06 5.781996846199035645e-01 -3.591302633285522461e-01 8.954314231872558594e+00
3.718074127955667209e+06 5.781996846199035645e-01 -3.112462162971496582e-01 8.911218643188476562e+00
3.718074138265511021e+06 5.734112858772277832e-01 -3.591302633285522461e-01 8.973467826843261719e+00
3.718074167156239972e+06 5.494692921638488770e-01 -3.782838582992553711e-01 8.920795440673828125e+00
3.718074178565458860e+06 5.446808934211730957e-01 -3.639186620712280273e-01 8.949525833129882812e+00
3.718074208030926995e+06 5.686228871345520020e-01 -3.495534360408782959e-01 8.896853446960449219e+00
3.718074218222646043e+06 5.877765417098999023e-01 -3.447650372982025146e-01 8.920795440673828125e+00
3.718074246666655876e+06 5.686228871345520020e-01 -3.591302633285522461e-01 8.920795440673828125e+00
3.718074258245978970e+06 5.781996846199035645e-01 -3.303998410701751709e-01 8.944737434387207031e+00
3.718074288102280814e+06 5.734112858772277832e-01 -3.208230137825012207e-01 8.939949035644531250e+00
3.718074298165197950e+06 5.829881429672241211e-01 -3.639186620712280273e-01 8.925583839416503906e+00
3.718074326515926979e+06 5.734112858772277832e-01 -3.591302633285522461e-01 8.983044624328613281e+00
3.718074338311917149e+06 5.351040959358215332e-01 -3.591302633285522461e-01 8.954314231872558594e+00
3.718074368350510951e+06 5.207388401031494141e-01 -3.687070608139038086e-01 8.916007041931152344e+00
3.718074378322802018e+06 5.781996846199035645e-01 -3.591302633285522461e-01 8.968679428100585938e+00
3.718074408361551818e+06 6.404489278793334961e-01 -3.543418645858764648e-01 8.916007041931152344e+00
3.718074418374259956e+06 5.781996846199035645e-01 -3.256114423274993896e-01 8.954314231872558594e+00
3.718074447183739860e+06 5.686228871345520020e-01 -3.447650372982025146e-01 8.920795440673828125e+00
3.718074458305197768e+06 5.494692921638488770e-01 -3.447650372982025146e-01 8.944737434387207031e+00
3.718074488749676850e+06 5.303156971931457520e-01 -3.495534360408782959e-01 8.939949035644531250e+00
3.718074498920510057e+06 5.398924946784973145e-01 -3.208230137825012207e-01 8.901641845703125000e+00
3.718074527047646232e+06 5.686228871345520020e-01 -3.399766385555267334e-01 8.916007041931152344e+00
3.718074538546499796e+06 5.590460896492004395e-01 -3.495534360408782959e-01 8.935160636901855469e+00
3.718074566762072966e+06 6.021417379379272461e-01 -3.543418645858764648e-01 8.939949035644531250e+00
3.718074578473947942e+06 5.638344883918762207e-01 -3.351882398128509521e-01 8.944737434387207031e+00
3.718074607130509801e+06 5.973533391952514648e-01 -3.303998410701751709e-01 8.954314231872558594e+00
3.718074618457697798e+06 5.638344883918762207e-01 -3.447650372982025146e-01 8.939949035644531250e+00
3.718074648471448105e+06 5.590460896492004395e-01 -3.495534360408782959e-01 8.911218643188476562e+00
3.718074658681604080e+06 5.877765417098999023e-01 -3.399766385555267334e-01 8.944737434387207031e+00
3.718074687694884837e+06 5.398924946784973145e-01 -3.351882398128509521e-01 8.949525833129882812e+00
3.718074698692645878e+06 5.542576909065246582e-01 -3.256114423274993896e-01 8.901641845703125000e+00
3.718074728684625123e+06 5.494692921638488770e-01 -3.639186620712280273e-01 8.930372238159179688e+00
3.718074738704051822e+06 5.973533391952514648e-01 -3.495534360408782959e-01 8.949525833129882812e+00
3.718074769249103963e+06 5.829881429672241211e-01 -3.399766385555267334e-01 8.925583839416503906e+00
3.718074778776083142e+06 5.542576909065246582e-01 -3.447650372982025146e-01 8.968679428100585938e+00
3.718074806902384851e+06 5.111620426177978516e-01 -3.591302633285522461e-01 8.896853446960449219e+00
3.718074818781864829e+06 5.686228871345520020e-01 -3.495534360408782959e-01 8.978256225585937500e+00
3.718074848781968933e+06 5.686228871345520020e-01 -3.112462162971496582e-01 8.925583839416503906e+00
3.718074859017854091e+06 5.829881429672241211e-01 -3.495534360408782959e-01 8.959102630615234375e+00
3.718074887383009773e+06 5.829881429672241211e-01 -3.591302633285522461e-01 8.892065048217773438e+00
3.718074898914312012e+06 5.781996846199035645e-01 -3.495534360408782959e-01 8.997409820556640625e+00
3.718074928866187111e+06 5.781996846199035645e-01 -3.303998410701751709e-01 8.930372238159179688e+00
3.718074938891551923e+06 5.638344883918762207e-01 -3.399766385555267334e-01 8.959102630615234375e+00
3.718074967460666783e+06 5.638344883918762207e-01 -3.495534360408782959e-01 8.887276649475097656e+00
3.718074978771395981e+06 5.734112858772277832e-01 -3.447650372982025146e-01 8.930372238159179688e+00
3.718075007017124910e+06 5.734112858772277832e-01 -3.591302633285522461e-01 8.949525833129882812e+00
3.718075018840771168e+06 5.590460896492004395e-01 -3.495534360408782959e-01 8.939949035644531250e+00
3.718075049447020981e+06 5.494692921638488770e-01 -3.495534360408782959e-01 8.968679428100585938e+00
3.718075059015613981e+06 5.638344883918762207e-01 -3.447650372982025146e-01 8.930372238159179688e+00
3.718075088083895855e+06 5.925649404525756836e-01 -3.639186620712280273e-01 8.968679428100585938e+00
3.718075099554155953e+06 5.494692921638488770e-01 -3.399766385555267334e-01 8.944737434387207031e+00
3.718075129544625059e+06 5.686228871345520020e-01 -3.208230137825012207e-01 8.959102630615234375e+00
3.718075139110823162e+06 5.829881429672241211e-01 -3.543418645858764648e-01 8.916007041931152344e+00
3.718075167709364090e+06 5.590460896492004395e-01 -3.447650372982025146e-01 8.944737434387207031e+00
3.718075179149415810e+06 5.542576909065246582e-01 -3.687070608139038086e-01 8.973467826843261719e+00
3.718075209179259837e+06 5.255272984504699707e-01 -3.495534360408782959e-01 8.920795440673828125e+00
3.718075219187437091e+06 6.117185354232788086e-01 -3.303998410701751709e-01 8.925583839416503906e+00
3.718075246916290838e+06 5.734112858772277832e-01 -3.303998410701751709e-01 8.887276649475097656e+00
3.718075259268426802e+06 5.638344883918762207e-01 -3.639186620712280273e-01 8.939949035644531250e+00
3.718075289744364098e+06 5.494692921638488770e-01 -3.639186620712280273e-01 8.906430244445800781e+00
3.718075299757905770e+06 5.829881429672241211e-01 -3.591302633285522461e-01 8.925583839416503906e+00
3.718075328334521037e+06 5.925649404525756836e-01 -3.495534360408782959e-01 8.997409820556640625e+00
3.718075339565771166e+06 5.638344883918762207e-01 -3.447650372982025146e-01 8.954314231872558594e+00
3.718075369538895786e+06 5.638344883918762207e-01 -3.591302633285522461e-01 8.954314231872558594e+00
3.718075379621968139e+06 5.494692921638488770e-01 -3.495534360408782959e-01 8.959102630615234375e+00
3.718075409550093114e+06 5.686228871345520020e-01 -3.160346150398254395e-01 8.911218643188476562e+00
3.718075419622020796e+06 5.590460896492004395e-01 -3.303998410701751709e-01 8.944737434387207031e+00
3.718075446010250133e+06 5.638344883918762207e-01 -3.543418645858764648e-01 8.916007041931152344e+00
3.718075459665458184e+06 5.829881429672241211e-01 -3.303998410701751709e-01 8.925583839416503906e+00
3.718075489233999979e+06 5.542576909065246582e-01 -3.447650372982025146e-01 8.930372238159179688e+00
3.718075499300249852e+06 5.638344883918762207e-01 -3.447650372982025146e-01 8.877699851989746094e+00
3.718075527832332999e+06 5.686228871345520020e-01 -3.208230137825012207e-01 8.939949035644531250e+00
3.718075539319988806e+06 5.494692921638488770e-01 -3.447650372982025146e-01 8.925583839416503906e+00
3.718075569323530886e+06 5.542576909065246582e-01 -3.543418645858764648e-01 8.906430244445800781e+00
3.718075579372957814e+06 5.781996846199035645e-01 -3.495534360408782959e-01 8.920795440673828125e+00
3.718075608366707806e+06 5.734112858772277832e-01 -3.256114423274993896e-01 8.949525833129882812e+00
3.718075619829573203e+06 5.638344883918762207e-01 -3.687070608139038086e-01 8.920795440673828125e+00
3.718075649400458205e+06 5.781996846199035645e-01 -3.256114423274993896e-01 8.954314231872558594e+00
3.718075659518322907e+06 5.542576909065246582e-01 -3.399766385555267334e-01 8.896853446960449219e+00
3.718075687370874919e+06 5.494692921638488770e-01 -3.112462162971496582e-01 8.925583839416503906e+00
3.718075699663843028e+06 5.734112858772277832e-01 -3.447650372982025146e-01 8.963891029357910156e+00
3.718075729641446844e+06 6.021417379379272461e-01 -3.303998410701751709e-01 8.916007041931152344e+00
3.718075739705562126e+06 5.494692921638488770e-01 -3.399766385555267334e-01 8.911218643188476562e+00
3.718075769733946770e+06 5.686228871345520020e-01 -3.734954595565795898e-01 8.939949035644531250e+00
3.718075779798062053e+06 5.590460896492004395e-01 -3.351882398128509521e-01 8.916007041931152344e+00
3.718075808643895201e+06 5.351040959358215332e-01 -3.495534360408782959e-01 8.949525833129882812e+00
3.718075819825250190e+06 5.446808934211730957e-01 -3.112462162971496582e-01 8.944737434387207031e+00
3.718075849737228826e+06 5.686228871345520020e-01 -3.256114423274993896e-01 8.968679428100585938e+00
3.718075859878166113e+06 5.925649404525756836e-01 -3.495534360408782959e-01 8.925583839416503906e+00
3.718075888599780854e+06 5.446808934211730957e-01 -3.399766385555267334e-01 8.968679428100585938e+00
3.718075899901552126e+06 5.734112858772277832e-01 -3.639186620712280273e-01 8.978256225585937500e+00
3.718075928324780893e+06 5.542576909065246582e-01 -3.351882398128509521e-01 8.944737434387207031e+00
3.718075940190353896e+06 5.829881429672241211e-01 -3.543418645858764648e-01 8.978256225585937500e+00
3.718075968300405890e+06 5.638344883918762207e-01 -3.256114423274993896e-01 8.901641845703125000e+00
3.718075979833426885e+06 5.829881429672241211e-01 -3.303998410701751709e-01 8.944737434387207031e+00
3.718076009557281155e+06 5.398924946784973145e-01 -3.591302633285522461e-01 8.939949035644531250e+00
3.718076019790666178e+06 5.542576909065246582e-01 -3.399766385555267334e-01 8.949525833129882812e+00
3.718076048320718110e+06 5.590460896492004395e-01 -3.303998410701751709e-01 8.916007041931152344e+00
3.718076059820249211e+06 5.303156971931457520e-01 -3.639186620712280273e-01 8.987833023071289062e+00
3.718076089811863843e+06 5.351040959358215332e-01 -3.687070608139038086e-01 8.925583839416503906e+00
3.718076100036603864e+06 5.542576909065246582e-01 -3.447650372982025146e-01 8.925583839416503906e+00
3.718076130086760037e+06 5.638344883918762207e-01 -3.208230137825012207e-01 8.930372238159179688e+00
3.718076140059936792e+06 5.398924946784973145e-01 -3.639186620712280273e-01 8.920795440673828125e+00
3.718076167947228998e+06 5.494692921638488770e-01 -3.399766385555267334e-01 8.935160636901855469e+00
3.718076180120406207e+06 5.829881429672241211e-01 -3.303998410701751709e-01 8.925583839416503906e+00
3.718076210218946915e+06 5.781996846199035645e-01 -3.447650372982025146e-01 8.935160636901855469e+00
3.718076220456187148e+06 5.638344883918762207e-01 -3.591302633285522461e-01 8.868123054504394531e+00
3.718076248447332997e+06 5.542576909065246582e-01 -3.495534360408782959e-01 8.959102630615234375e+00
3.718076260506394785e+06 5.590460896492004395e-01 -3.016694188117980957e-01 8.939949035644531250e+00
3.718076290069104172e+06 5.686228871345520020e-01 -3.591302633285522461e-01 8.920795440673828125e+00
3.718076300315092783e+06 5.494692921638488770e-01 -3.351882398128509521e-01 8.935160636901855469e+00
3.718076328536760062e+06 5.781996846199035645e-01 -3.687070608139038086e-01 8.877699851989746094e+00
3.718076340296760201e+06 5.686228871345520020e-01 -3.830722570419311523e-01 8.925583839416503906e+00
3.718076368359051179e+06 5.734112858772277832e-01 -3.447650372982025146e-01 8.959102630615234375e+00
3.718076380341550801e+06 5.638344883918762207e-01 -3.591302633285522461e-01 8.935160636901855469e+00
3.718076410203530919e+06 5.781996846199035645e-01 -3.495534360408782959e-01 8.944737434387207031e+00
3.718076420207749121e+06 5.494692921638488770e-01 -3.639186620712280273e-01 8.911218643188476562e+00
3.718076448758895043e+06 5.638344883918762207e-01 -3.495534360408782959e-01 8.911218643188476562e+00
3.718076460394937079e+06 5.063736438751220703e-01 -3.687070608139038086e-01 8.920795440673828125e+00
3.718076490206499118e+06 5.686228871345520020e-01 -3.543418645858764648e-01 8.901641845703125000e+00
3.718076500690248795e+06 5.973533391952514648e-01 -3.591302633285522461e-01 8.906430244445800781e+00
3.718076528897592798e+06 5.925649404525756836e-01 -3.447650372982025146e-01 8.925583839416503906e+00
3.718076540778478142e+06 5.590460896492004395e-01 -3.256114423274993896e-01 8.916007041931152344e+00
3.718076570306446869e+06 5.829881429672241211e-01 -3.160346150398254395e-01 8.968679428100585938e+00
3.718076580817906186e+06 5.494692921638488770e-01 -3.208230137825012207e-01 8.935160636901855469e+00
3.718076608165925834e+06 5.829881429672241211e-01 -3.351882398128509521e-01 8.944737434387207031e+00
3.718076620573895052e+06 5.590460896492004395e-01 -3.447650372982025146e-01 8.978256225585937500e+00
3.718076650542437099e+06 5.734112858772277832e-01 -3.591302633285522461e-01 8.892065048217773438e+00
3.718076660614727996e+06 5.590460896492004395e-01 -3.639186620712280273e-01 8.944737434387207031e+00
3.718076690419833176e+06 5.686228871345520020e-01 -3.399766385555267334e-01 8.963891029357910156e+00
3.718076700644467957e+06 5.734112858772277832e-01 -3.639186620712280273e-01 8.949525833129882812e+00
3.718076729113114066e+06 5.494692921638488770e-01 -3.687070608139038086e-01 8.954314231872558594e+00
3.718076740913373884e+06 5.351040959358215332e-01 -3.830722570419311523e-01 8.944737434387207031e+00
3.718076770528113935e+06 5.542576909065246582e-01 -3.351882398128509521e-01 8.906430244445800781e+00
3.718076782330614049e+06 5.877765417098999023e-01 -2.968810200691223145e-01 8.916007041931152344e+00
3.718076813930092845e+06 5.686228871345520020e-01 -3.351882398128509521e-01 8.939949035644531250e+00
3.718076834450718015e+06 5.925649404525756836e-01 -3.543418645858764648e-01 8.959102630615234375e+00
3.718076862191394903e+06 5.925649404525756836e-01 -3.591302633285522461e-01 8.949525833129882812e+00
3.718076885897644795e+06 5.590460896492004395e-01 -3.543418645858764648e-01 8.968679428100585938e+00
3.718076912146603223e+06 5.734112858772277832e-01 -3.639186620712280273e-01 8.906430244445800781e+00
3.718076934535614215e+06 5.590460896492004395e-01 -3.303998410701751709e-01 8.906430244445800781e+00
3.718076964112957008e+06 5.542576909065246582e-01 -3.399766385555267334e-01 8.877699851989746094e+00
3.718076985498217866e+06 5.829881429672241211e-01 -3.256114423274993896e-01 8.935160636901855469e+00
3.718077011020769831e+06 5.877765417098999023e-01 -3.399766385555267334e-01 8.954314231872558594e+00
3.718077036948790774e+06 5.686228871345520020e-01 -3.495534360408782959e-01 8.939949035644531250e+00
3.718077061250509229e+06 5.686228871345520020e-01 -3.830722570419311523e-01 8.959102630615234375e+00
3.718077086968270130e+06 5.542576909065246582e-01 -3.639186620712280273e-01 8.896853446960449219e+00
3.718077109765562229e+06 5.829881429672241211e-01 -3.495534360408782959e-01 8.939949035644531250e+00
3.718077139423530083e+06 5.494692921638488770e-01 -3.782838582992553711e-01 8.944737434387207031e+00
3.718077160664727911e+06 5.638344883918762207e-01 -3.782838582992553711e-01 8.944737434387207031e+00
3.718077186192437075e+06 5.494692921638488770e-01 -3.399766385555267334e-01 8.925583839416503906e+00
3.718077212112071924e+06 5.351040959358215332e-01 -3.303998410701751709e-01 8.901641845703125000e+00
3.718077236712852959e+06 5.638344883918762207e-01 -4.118026793003082275e-01 8.916007041931152344e+00
3.718077262147332076e+06 5.734112858772277832e-01 -3.591302633285522461e-01 8.906430244445800781e+00
3.718077284882696811e+06 5.686228871345520020e-01 -3.543418645858764648e-01 8.925583839416503906e+00
3.718077314432801213e+06 5.255272984504699707e-01 -3.591302633285522461e-01 8.925583839416503906e+00
3.718077336295666173e+06 5.398924946784973145e-01 -3.256114423274993896e-01 8.973467826843261719e+00
3.718077361359154806e+06 6.069301366806030273e-01 -3.208230137825012207e-01 8.954314231872558594e+00
3.718077387282072101e+06 5.638344883918762207e-01 -3.734954595565795898e-01 8.925583839416503906e+00
3.718077411405249033e+06 5.638344883918762207e-01 -3.495534360408782959e-01 8.954314231872558594e+00
3.718077437325560953e+06 6.069301366806030273e-01 -3.782838582992553711e-01 8.963891029357910156e+00
3.718077460052384064e+06 5.590460896492004395e-01 -3.399766385555267334e-01 8.916007041931152344e+00
3.718077487368165981e+06 5.398924946784973145e-01 -3.639186620712280273e-01 8.925583839416503906e+00
3.718077513221186120e+06 5.446808934211730957e-01 -3.112462162971496582e-01 8.916007041931152344e+00
3.718077536518685985e+06 5.159504413604736328e-01 -3.687070608139038086e-01 8.896853446960449219e+00
3.718077562477332074e+06 5.494692921638488770e-01 -3.160346150398254395e-01 9.002198219299316406e+00
3.718077586619727779e+06 5.542576909065246582e-01 -3.830722570419311523e-01 8.954314231872558594e+00
3.718077612697852775e+06 5.734112858772277832e-01 -3.303998410701751709e-01 8.944737434387207031e+00
3.718077635390405077e+06 5.829881429672241211e-01 -3.399766385555267334e-01 8.939949035644531250e+00
3.718077662605457008e+06 5.542576909065246582e-01 -3.543418645858764648e-01 8.930372238159179688e+00
3.718077688426603097e+06 5.542576909065246582e-01 -3.303998410701751709e-01 8.987833023071289062e+00
3.718077711951082107e+06 5.590460896492004395e-01 -3.112462162971496582e-01 8.987833023071289062e+00
3.718077737716862932e+06 5.255272984504699707e-01 -3.639186620712280273e-01 8.935160636901855469e+00
3.718077761798738036e+06 5.686228871345520020e-01 -3.495534360408782959e-01 8.959102630615234375e+00
3.718077787736343220e+06 5.303156971931457520e-01 -3.591302633285522461e-01 8.992621421813964844e+00
3.718077810454831924e+06 5.686228871345520020e-01 -3.256114423274993896e-01 8.901641845703125000e+00
3.718077837770300917e+06 5.590460896492004395e-01 -3.303998410701751709e-01 8.935160636901855469e+00
3.718077863834468182e+06 5.351040959358215332e-01 -3.256114423274993896e-01 8.939949035644531250e+00
3.718077886935352813e+06 5.398924946784973145e-01 -3.399766385555267334e-01 8.916007041931152344e+00
3.718077913053425960e+06 5.638344883918762207e-01 -3.495534360408782959e-01 8.935160636901855469e+00
3.718077935574572068e+06 5.590460896492004395e-01 -3.447650372982025146e-01 8.930372238159179688e+00
3.718077964490716811e+06 5.781996846199035645e-01 -3.208230137825012207e-01 8.992621421813964844e+00
3.718077985624363180e+06 5.542576909065246582e-01 -3.447650372982025146e-01 8.939949035644531250e+00
3.718078012969310861e+06 5.734112858772277832e-01 -2.968810200691223145e-01 8.930372238159179688e+00
3.718078038807748817e+06 5.494692921638488770e-01 -3.495534360408782959e-01 8.973467826843261719e+00
3.718078062079831958e+06 5.494692921638488770e-01 -3.303998410701751709e-01 8.916007041931152344e+00
3.718078088269676082e+06 5.686228871345520020e-01 -3.447650372982025146e-01 8.997409820556640625e+00
3.718078110733895097e+06 5.494692921638488770e-01 -3.591302633285522461e-01 8.872911453247070312e+00
3.718078139440509025e+06 5.590460896492004395e-01 -3.256114423274993896e-01 8.983044624328613281e+00
3.718078160752124153e+06 5.638344883918762207e-01 -3.303998410701751709e-01 8.968679428100585938e+00
3.718078188128061127e+06 5.925649404525756836e-01 -3.303998410701751709e-01 8.963891029357910156e+00
3.718078214101758786e+06 5.398924946784973145e-01 -3.782838582992553711e-01 8.935160636901855469e+00
3.718078237467905041e+06 5.542576909065246582e-01 -3.303998410701751709e-01 8.954314231872558594e+00
3.718078263384728227e+06 5.542576909065246582e-01 -3.256114423274993896e-01 8.987833023071289062e+00
3.718078286172539927e+06 5.877765417098999023e-01 -3.303998410701751709e-01 8.954314231872558594e+00
3.718078314624779858e+06 5.686228871345520020e-01 -3.639186620712280273e-01 8.930372238159179688e+00
3.718078336139727850e+06 5.398924946784973145e-01 -3.447650372982025146e-01 8.959102630615234375e+00
3.718078363476394210e+06 5.207388401031494141e-01 -3.399766385555267334e-01 8.949525833129882812e+00
3.718078387407957111e+06 5.829881429672241211e-01 -3.495534360408782959e-01 8.978256225585937500e+00
3.718078414322956931e+06 5.734112858772277832e-01 -3.399766385555267334e-01 8.949525833129882812e+00
3.718078438559570815e+06 5.877765417098999023e-01 -3.256114423274993896e-01 8.935160636901855469e+00
3.718078461066759191e+06 5.638344883918762207e-01 -3.734954595565795898e-01 8.963891029357910156e+00
3.718078488618582021e+06 5.686228871345520020e-01 -3.303998410701751709e-01 8.939949035644531250e+00
3.718078512709467206e+06 5.638344883918762207e-01 -3.543418645858764648e-01 8.935160636901855469e+00
3.718078538542801049e+06 5.590460896492004395e-01 -3.543418645858764648e-01 8.954314231872558594e+00
3.718078562768945936e+06 6.308721303939819336e-01 -3.591302633285522461e-01 8.935160636901855469e+00
3.718078589769103099e+06 5.494692921638488770e-01 -3.687070608139038086e-01 8.939949035644531250e+00
3.718078613756550942e+06 5.638344883918762207e-01 -3.399766385555267334e-01 8.863334655761718750e+00
3.718078636812644079e+06 5.781996846199035645e-01 -3.447650372982025146e-01 8.944737434387207031e+00
3.718078663784676231e+06 5.446808934211730957e-01 -3.399766385555267334e-01 8.949525833129882812e+00
3.718078687911603134e+06 5.734112858772277832e-01 -3.543418645858764648e-01 8.944737434387207031e+00
3.718078713864102960e+06 5.829881429672241211e-01 -3.639186620712280273e-01 8.901641845703125000e+00
3.718078737773998175e+06 5.925649404525756836e-01 -3.303998410701751709e-01 8.911218643188476562e+00
3.718078764511967078e+06 5.734112858772277832e-01 -3.830722570419311523e-01 8.916007041931152344e+00
3.718078788659935817e+06 5.829881429672241211e-01 -3.351882398128509521e-01 8.935160636901855469e+00
3.718078811355457176e+06 6.117185354232788086e-01 -3.256114423274993896e-01 8.949525833129882812e+00
3.718078838688945863e+06 5.590460896492004395e-01 -3.639186620712280273e-01 8.916007041931152344e+00
3.718078862841967028e+06 5.734112858772277832e-01 -3.447650372982025146e-01 8.896853446960449219e+00
3.718078888733789790e+06 5.638344883918762207e-01 -3.687070608139038086e-01 8.930372238159179688e+00
3.718078912856706884e+06 5.781996846199035645e-01 -3.447650372982025146e-01 8.920795440673828125e+00
3.718078939835769124e+06 5.781996846199035645e-01 -3.687070608139038086e-01 8.930372238159179688e+00
3.718078962552122772e+06 5.446808934211730957e-01 -3.495534360408782959e-01 8.954314231872558594e+00
3.718078988117435947e+06 5.829881429672241211e-01 -3.543418645858764648e-01 8.935160636901855469e+00
3.718079014039988164e+06 5.686228871345520020e-01 -3.734954595565795898e-01 8.916007041931152344e+00
3.718079038488581777e+06 5.638344883918762207e-01 -3.208230137825012207e-01 8.959102630615234375e+00
3.718079064389727078e+06 5.446808934211730957e-01 -3.399766385555267334e-01 8.935160636901855469e+00
3.718079088402695954e+06 5.686228871345520020e-01 -3.878606855869293213e-01 8.978256225585937500e+00
3.718079114993790165e+06 5.638344883918762207e-01 -3.399766385555267334e-01 8.978256225585937500e+00
3.718079138238061219e+06 5.542576909065246582e-01 -3.256114423274993896e-01 8.944737434387207031e+00
3.718079163377644029e+06 5.877765417098999023e-01 -3.591302633285522461e-01 8.872911453247070312e+00
3.718079189286341891e+06 6.117185354232788086e-01 -3.782838582992553711e-01 8.901641845703125000e+00
3.718079213364207186e+06 5.303156971931457520e-01 -3.687070608139038086e-01 8.920795440673828125e+00
3.718079239349831827e+06 5.781996846199035645e-01 -3.495534360408782959e-01 8.920795440673828125e+00
3.718079263419311028e+06 5.781996846199035645e-01 -3.591302633285522461e-01 8.987833023071289062e+00
3.718079289990612771e+06 5.829881429672241211e-01 -3.687070608139038086e-01 8.920795440673828125e+00
3.718079312967540231e+06 5.590460896492004395e-01 -3.495534360408782959e-01 8.963891029357910156e+00
3.718079338390300050e+06 5.638344883918762207e-01 -3.591302633285522461e-01 8.978256225585937500e+00
3.718079364727851935e+06 5.829881429672241211e-01 -3.447650372982025146e-01 8.983044624328613281e+00
3.718079388373061083e+06 5.877765417098999023e-01 -3.447650372982025146e-01 8.949525833129882812e+00
3.718079414490404073e+06 5.734112858772277832e-01 -3.782838582992553711e-01 8.973467826843261719e+00
3.718079438597330824e+06 5.686228871345520020e-01 -3.639186620712280273e-01 8.916007041931152344e+00
3.718079462916758843e+06 5.446808934211730957e-01 -3.495534360408782959e-01 8.901641845703125000e+00
3.718079492035196163e+06 5.494692921638488770e-01 -3.399766385555267334e-01 8.920795440673828125e+00
3.718079512239259202e+06 5.877765417098999023e-01 -3.495534360408782959e-01 8.906430244445800781e+00
3.718079539919311181e+06 5.446808934211730957e-01 -3.639186620712280273e-01 8.911218643188476562e+00
3.718079564026446082e+06 5.686228871345520020e-01 -3.447650372982025146e-01 8.963891029357910156e+00
3.718079589705665130e+06 5.925649404525756836e-01 -3.016694188117980957e-01 8.978256225585937500e+00
3.718079612276705913e+06 5.638344883918762207e-01 -3.878606855869293213e-01 8.920795440673828125e+00
3.718079641805821098e+06 5.542576909065246582e-01 -3.639186620712280273e-01 8.916007041931152344e+00
3.718079663126341999e+06 5.686228871345520020e-01 -3.399766385555267334e-01 8.930372238159179688e+00
3.718079689163841773e+06 5.734112858772277832e-01 -3.399766385555267334e-01 8.944737434387207031e+00
3.718079714582019020e+06 5.829881429672241211e-01 -3.543418645858764648e-01 8.930372238159179688e+00
3.718079738692331128e+06 5.638344883918762207e-01 -3.495534360408782959e-01 8.959102630615234375e+00
3.718079764647435863e+06 5.925649404525756836e-01 -3.399766385555267334e-01 9.006986618041992188e+00
3.718079787295821123e+06 5.590460896492004395e-01 -3.303998410701751709e-01 8.911218643188476562e+00
3.718079816871811170e+06 5.686228871345520020e-01 -3.447650372982025146e-01 8.906430244445800781e+00
3.718079838301810902e+06 5.494692921638488770e-01 -3.399766385555267334e-01 8.963891029357910156e+00
3.718079863929466810e+06 5.877765417098999023e-01 -3.639186620712280273e-01 8.949525833129882812e+00
3.718079890150820836e+06 5.686228871345520020e-01 -3.495534360408782959e-01 8.992621421813964844e+00
3.718079913986394182e+06 5.734112858772277832e-01 -3.495534360408782959e-01 8.892065048217773438e+00
3.718079940025560092e+06 5.734112858772277832e-01 -3.495534360408782959e-01 8.949525833129882812e+00
3.718079962905248161e+06 5.686228871345520020e-01 -3.543418645858764648e-01 8.959102630615234375e+00
3.718079990074415226e+06 5.686228871345520020e-01 -3.447650372982025146e-01 8.959102630615234375e+00
3.718080016106394120e+06 5.446808934211730957e-01 -3.351882398128509521e-01 9.011775016784667969e+00
3.718080039168737829e+06 5.686228871345520020e-01 -3.351882398128509521e-01 8.963891029357910156e+00
3.718080065354309976e+06 5.590460896492004395e-01 -3.734954595565795898e-01 8.968679428100585938e+00
3.718080089240456000e+06 5.686228871345520020e-01 -3.303998410701751709e-01 9.002198219299316406e+00
3.718080116339467000e+06 5.686228871345520020e-01 -3.351882398128509521e-01 8.882488250732421875e+00
3.718080137846081052e+06 5.686228871345520020e-01 -3.447650372982025146e-01 8.930372238159179688e+00
3.718080165188841987e+06 5.398924946784973145e-01 -3.351882398128509521e-01 8.992621421813964844e+00
3.718080190846393816e+06 5.494692921638488770e-01 -3.399766385555267334e-01 8.983044624328613281e+00
3.718080214616445825e+06 5.686228871345520020e-01 -3.543418645858764648e-01 8.959102630615234375e+00
3.718080240290143993e+06 5.638344883918762207e-01 -3.303998410701751709e-01 8.916007041931152344e+00
3.718080264229049906e+06 6.021417379379272461e-01 -3.543418645858764648e-01 9.006986618041992188e+00
3.718080290324466769e+06 5.638344883918762207e-01 -3.543418645858764648e-01 8.925583839416503906e+00
3.718080313008894213e+06 5.638344883918762207e-01 -3.064578175544738770e-01 9.006986618041992188e+00
3.718080340627330821e+06 5.925649404525756836e-01 -3.830722570419311523e-01 8.963891029357910156e+00
3.718080366053945851e+06 5.686228871345520020e-01 -3.495534360408782959e-01 8.963891029357910156e+00
3.718080389560247771e+06 5.542576909065246582e-01 -3.064578175544738770e-01 8.954314231872558594e+00
3.718080415438476950e+06 5.590460896492004395e-01 -3.639186620712280273e-01 8.906430244445800781e+00
3.718080438163060229e+06 5.494692921638488770e-01 -3.399766385555267334e-01 8.978256225585937500e+00
3.718080466879257932e+06 5.781996846199035645e-01 -3.399766385555267334e-01 8.997409820556640625e+00
3.718080488291653804e+06 5.877765417098999023e-01 -3.399766385555267334e-01 8.925583839416503906e+00
3.718080515823736787e+06 5.542576909065246582e-01 -3.591302633285522461e-01 8.944737434387207031e+00
3.718080541817747988e+06 5.590460896492004395e-01 -3.303998410701751709e-01 8.939949035644531250e+00
3.718080564669570886e+06 5.494692921638488770e-01 -3.351882398128509521e-01 8.959102630615234375e+00
3.718080590452434961e+06 5.781996846199035645e-01 -3.399766385555267334e-01 8.916007041931152344e+00
3.718080613077123184e+06 5.734112858772277832e-01 -3.543418645858764648e-01 8.959102630615234375e+00
3.718080641821080819e+06 5.925649404525756836e-01 -3.208230137825012207e-01 8.906430244445800781e+00
3.718080663460195996e+06 5.494692921638488770e-01 -3.256114423274993896e-01 8.978256225585937500e+00
3.718080690907435026e+06 5.542576909065246582e-01 -3.399766385555267334e-01 8.954314231872558594e+00
3.718080716298997868e+06 5.877765417098999023e-01 -3.687070608139038086e-01 8.959102630615234375e+00
3.718080739624518901e+06 5.542576909065246582e-01 -3.639186620712280273e-01 8.949525833129882812e+00
3.718080765540039167e+06 5.446808934211730957e-01 -3.687070608139038086e-01 8.963891029357910156e+00
3.718080788320404012e+06 5.877765417098999023e-01 -3.399766385555267334e-01 8.882488250732421875e+00
3.718080817028529011e+06 5.590460896492004395e-01 -3.399766385555267334e-01 8.896853446960449219e+00
3.718080838289726991e+06 5.351040959358215332e-01 -2.968810200691223145e-01 8.930372238159179688e+00
3.718080866069309879e+06 5.973533391952514648e-01 -3.591302633285522461e-01 8.939949035644531250e+00
3.718080889768892899e+06 5.829881429672241211e-01 -3.495534360408782959e-01 8.944737434387207031e+00
3.718080916506705806e+06 5.829881429672241211e-01 -3.687070608139038086e-01 8.959102630615234375e+00
3.718080941144675016e+06 5.686228871345520020e-01 -3.495534360408782959e-01 8.963891029357910156e+00
3.718080963448685128e+06 5.686228871345520020e-01 -3.543418645858764648e-01 8.930372238159179688e+00
3.718080992376913782e+06 5.829881429672241211e-01 -3.351882398128509521e-01 8.949525833129882812e+00
3.718081013455819804e+06 5.781996846199035645e-01 -3.399766385555267334e-01 8.939949035644531250e+00
3.718081040796758141e+06 5.351040959358215332e-01 -3.303998410701751709e-01 8.930372238159179688e+00
3.718081064896132797e+06 6.021417379379272461e-01 -3.639186620712280273e-01 8.954314231872558594e+00
3.718081091887852177e+06 5.590460896492004395e-01 -3.830722570419311523e-01 8.930372238159179688e+00
3.718081115882278886e+06 5.781996846199035645e-01 -3.447650372982025146e-01 8.935160636901855469e+00
3.718081138577017933e+06 5.542576909065246582e-01 -3.303998410701751709e-01 8.930372238159179688e+00
3.718081166360143106e+06 5.781996846199035645e-01 -3.543418645858764648e-01 8.939949035644531250e+00
3.718081190479414072e+06 5.446808934211730957e-01 -3.256114423274993896e-01 8.973467826843261719e+00
3.718081216120767873e+06 5.398924946784973145e-01 -3.256114423274993896e-01 8.896853446960449219e+00
3.718081240538685117e+06 5.638344883918762207e-01 -3.495534360408782959e-01 8.844181060791015625e+00
3.718081266990872100e+06 5.734112858772277832e-01 -3.639186620712280273e-01 8.920795440673828125e+00
3.718081291157539003e+06 5.590460896492004395e-01 -3.160346150398254395e-01 8.983044624328613281e+00
3.718081314138893038e+06 5.446808934211730957e-01 -3.351882398128509521e-01 8.959102630615234375e+00
3.718081341662852094e+06 5.686228871345520020e-01 -3.351882398128509521e-01 8.978256225585937500e+00
3.718081365427799989e+06 5.590460896492004395e-01 -3.303998410701751709e-01 8.987833023071289062e+00
3.718081391392538790e+06 5.590460896492004395e-01 -3.399766385555267334e-01 8.949525833129882812e+00
3.718081416029465850e+06 5.638344883918762207e-01 -3.112462162971496582e-01 8.935160636901855469e+00
3.718081442074466031e+06 5.398924946784973145e-01 -3.303998410701751709e-01 8.987833023071289062e+00
3.718081465028685052e+06 5.734112858772277832e-01 -3.447650372982025146e-01 8.968679428100585938e+00
3.718081490818893071e+06 5.734112858772277832e-01 -3.303998410701751709e-01 8.944737434387207031e+00
3.718081516750560142e+06 5.351040959358215332e-01 -3.351882398128509521e-01 8.916007041931152344e+00
3.718081540614517871e+06 5.590460896492004395e-01 -3.687070608139038086e-01 8.906430244445800781e+00
3.718081566353580914e+06 5.590460896492004395e-01 -2.968810200691223145e-01 8.973467826843261719e+00
3.718081590652798768e+06 5.494692921638488770e-01 -3.399766385555267334e-01 8.901641845703125000e+00
3.718081617232590914e+06 5.494692921638488770e-01 -3.208230137825012207e-01 8.925583839416503906e+00
3.718081640511288773e+06 5.494692921638488770e-01 -3.303998410701751709e-01 8.901641845703125000e+00
3.718081665589779150e+06 5.590460896492004395e-01 -3.256114423274993896e-01 8.978256225585937500e+00
3.718081691471600905e+06 5.829881429672241211e-01 -3.303998410701751709e-01 8.892065048217773438e+00
3.718081715579413809e+06 5.446808934211730957e-01 -3.495534360408782959e-01 8.944737434387207031e+00
3.718081741494154092e+06 5.590460896492004395e-01 -3.782838582992553711e-01 8.911218643188476562e+00
3.718081765741392970e+06 5.542576909065246582e-01 -3.112462162971496582e-01 8.848969459533691406e+00
3.718081792377070058e+06 5.829881429672241211e-01 -3.256114423274993896e-01 8.978256225585937500e+00
3.718081815141236875e+06 5.446808934211730957e-01 -3.160346150398254395e-01 8.987833023071289062e+00
3.718081840668424033e+06 5.542576909065246582e-01 -3.447650372982025146e-01 8.901641845703125000e+00
3.718081866640976164e+06 5.494692921638488770e-01 -3.639186620712280273e-01 8.882488250732421875e+00
3.718081890700091142e+06 5.638344883918762207e-01 -3.303998410701751709e-01 8.920795440673828125e+00
3.718081917048736941e+06 5.686228871345520020e-01 -3.447650372982025146e-01 8.939949035644531250e+00
3.718081940795612056e+06 5.351040959358215332e-01 -3.016694188117980957e-01 8.935160636901855469e+00
3.718081967925923876e+06 5.159504413604736328e-01 -3.591302633285522461e-01 8.892065048217773438e+00
3.718081990295195021e+06 5.446808934211730957e-01 -3.303998410701751709e-01 8.944737434387207031e+00
3.718082016272331122e+06 5.973533391952514648e-01 -3.447650372982025146e-01 8.949525833129882812e+00
3.718082041782173794e+06 5.494692921638488770e-01 -3.447650372982025146e-01 8.939949035644531250e+00
3.718082066295194905e+06 5.446808934211730957e-01 -2.873041927814483643e-01 8.901641845703125000e+00
3.718082091999725904e+06 5.494692921638488770e-01 -3.112462162971496582e-01 8.954314231872558594e+00
3.718082114671704825e+06 5.686228871345520020e-01 -3.016694188117980957e-01 8.949525833129882812e+00
3.718082144253579900e+06 5.446808934211730957e-01 -3.303998410701751709e-01 8.911218643188476562e+00
3.718082165975924116e+06 5.159504413604736328e-01 -3.639186620712280273e-01 8.911218643188476562e+00
3.718082191213632934e+06 5.734112858772277832e-01 -3.351882398128509521e-01 8.959102630615234375e+00
3.718082217159830034e+06 5.542576909065246582e-01 -3.543418645858764648e-01 8.911218643188476562e+00
3.718082241069362033e+06 5.590460896492004395e-01 -3.112462162971496582e-01 8.930372238159179688e+00
3.718082266977330204e+06 5.638344883918762207e-01 -3.447650372982025146e-01 8.916007041931152344e+00
3.718082290099048987e+06 5.494692921638488770e-01 -3.399766385555267334e-01 8.920795440673828125e+00
3.718082319268632215e+06 5.829881429672241211e-01 -3.543418645858764648e-01 8.906430244445800781e+00
3.718082341080350801e+06 5.590460896492004395e-01 -3.303998410701751709e-01 8.911218643188476562e+00
3.718082366186548956e+06 5.973533391952514648e-01 -3.399766385555267334e-01 8.959102630615234375e+00
3.718082392537850887e+06 5.734112858772277832e-01 -3.303998410701751709e-01 8.963891029357910156e+00
3.718082416211600881e+06 5.925649404525756836e-01 -3.543418645858764648e-01 8.939949035644531250e+00
3.718082442147850990e+06 5.734112858772277832e-01 -3.734954595565795898e-01 8.925583839416503906e+00
3.718082465020507108e+06 5.973533391952514648e-01 -3.591302633285522461e-01 8.930372238159179688e+00
3.718082494440976065e+06 5.590460896492004395e-01 -3.734954595565795898e-01 8.877699851989746094e+00
3.718082515801704954e+06 5.494692921638488770e-01 -3.399766385555267334e-01 8.939949035644531250e+00
3.718082541347642895e+06 5.686228871345520020e-01 -3.399766385555267334e-01 8.978256225585937500e+00
3.718082567690923810e+06 5.590460896492004395e-01 -4.165911078453063965e-01 8.944737434387207031e+00
3.718082591372746974e+06 5.734112858772277832e-01 -3.208230137825012207e-01 8.949525833129882812e+00
3.718082617746756878e+06 5.590460896492004395e-01 -3.399766385555267334e-01 8.978256225585937500e+00
3.718082640032121912e+06 5.494692921638488770e-01 -3.351882398128509521e-01 8.944737434387207031e+00
3.718082667842173949e+06 5.686228871345520020e-01 -3.399766385555267334e-01 8.930372238159179688e+00
3.718082693218997214e+06 5.590460896492004395e-01 -3.399766385555267334e-01 8.925583839416503906e+00
3.718082716545038857e+06 5.542576909065246582e-01 -3.208230137825012207e-01 8.935160636901855469e+00
3.718082742583110929e+06 5.542576909065246582e-01 -3.591302633285522461e-01 8.954314231872558594e+00
3.718082766566757113e+06 5.542576909065246582e-01 -3.782838582992553711e-01 8.959102630615234375e+00
3.718082792660715990e+06 5.781996846199035645e-01 -3.591302633285522461e-01 8.916007041931152344e+00
3.718082815615455154e+06 5.686228871345520020e-01 -3.399766385555267334e-01 8.925583839416503906e+00
3.718082843030090909e+06 5.542576909065246582e-01 -3.303998410701751709e-01 8.992621421813964844e+00
3.718082868431027979e+06 5.446808934211730957e-01 -3.447650372982025146e-01 8.949525833129882812e+00
3.718082892171965912e+06 5.542576909065246582e-01 -3.399766385555267334e-01 8.983044624328613281e+00
3.718082917864413932e+06 5.686228871345520020e-01 -3.495534360408782959e-01 8.877699851989746094e+00
3.718082942287954967e+06 5.446808934211730957e-01 -3.591302633285522461e-01 8.968679428100585938e+00
3.718082967701705173e+06 5.446808934211730957e-01 -3.447650372982025146e-01 8.944737434387207031e+00
3.718082990594360977e+06 5.686228871345520020e-01 -3.495534360408782959e-01 8.939949035644531250e+00
3.718083017927485984e+06 5.351040959358215332e-01 -3.639186620712280273e-01 8.973467826843261719e+00
3.718083044036496896e+06 5.973533391952514648e-01 -3.782838582992553711e-01 8.973467826843261719e+00
3.718083066951549146e+06 5.446808934211730957e-01 -3.543418645858764648e-01 8.959102630615234375e+00
3.718083093258944806e+06 5.973533391952514648e-01 -3.256114423274993896e-01 8.968679428100585938e+00
3.718083115970820189e+06 5.542576909065246582e-01 -3.208230137825012207e-01 8.935160636901855469e+00
3.718083144758372102e+06 5.494692921638488770e-01 -3.303998410701751709e-01 8.959102630615234375e+00
3.718083165771131869e+06 5.398924946784973145e-01 -3.351882398128509521e-01 8.978256225585937500e+00
3.718083193221080117e+06 5.781996846199035645e-01 -3.495534360408782959e-01 8.944737434387207031e+00
3.718083219076756854e+06 5.686228871345520020e-01 -3.495534360408782959e-01 8.930372238159179688e+00
3.718083242254361045e+06 5.446808934211730957e-01 -3.543418645858764648e-01 8.959102630615234375e+00
3.718083268449308816e+06 5.829881429672241211e-01 -3.399766385555267334e-01 8.920795440673828125e+00
3.718083290711028036e+06 5.351040959358215332e-01 -3.351882398128509521e-01 8.930372238159179688e+00
3.718083319921080023e+06 5.781996846199035645e-01 -3.303998410701751709e-01 8.930372238159179688e+00
3.718083340945350938e+06 5.734112858772277832e-01 -3.591302633285522461e-01 8.930372238159179688e+00
3.718083368190247100e+06 5.734112858772277832e-01 -3.447650372982025146e-01 8.920795440673828125e+00
3.718083394096392207e+06 5.686228871345520020e-01 -3.591302633285522461e-01 8.887276649475097656e+00
3.718083417397330049e+06 5.638344883918762207e-01 -3.495534360408782959e-01 8.939949035644531250e+00
3.718083443653528113e+06 5.829881429672241211e-01 -3.447650372982025146e-01 8.973467826843261719e+00
3.718083466289205011e+06 5.638344883918762207e-01 -3.399766385555267334e-01 8.930372238159179688e+00
3.718083494800142013e+06 5.734112858772277832e-01 -3.160346150398254395e-01 8.930372238159179688e+00
3.718083516533736140e+06 5.781996846199035645e-01 -3.639186620712280273e-01 8.920795440673828125e+00
3.718083543438944966e+06 5.542576909065246582e-01 -3.495534360408782959e-01 8.978256225585937500e+00
3.718083567534985952e+06 5.686228871345520020e-01 -3.543418645858764648e-01 8.959102630615234375e+00
3.718083594608424231e+06 5.446808934211730957e-01 -3.303998410701751709e-01 8.987833023071289062e+00
3.718083618337433785e+06 5.686228871345520020e-01 -3.399766385555267334e-01 8.916007041931152344e+00
3.718083641276964918e+06 5.446808934211730957e-01 -3.256114423274993896e-01 8.906430244445800781e+00
3.718083668454726227e+06 5.829881429672241211e-01 -3.974374830722808838e-01 8.949525833129882812e+00
3.718083698189569172e+06 5.877765417098999023e-01 -3.687070608139038086e-01 8.939949035644531250e+00
3.718083718374725897e+06 5.398924946784973145e-01 -3.639186620712280273e-01 8.887276649475097656e+00
3.718083742672486231e+06 5.829881429672241211e-01 -3.543418645858764648e-01 8.944737434387207031e+00
3.718083769253528211e+06 5.398924946784973145e-01 -3.064578175544738770e-01 8.930372238159179688e+00
3.718083794115454890e+06 5.542576909065246582e-01 -3.734954595565795898e-01 8.930372238159179688e+00
3.718083816317277960e+06 5.781996846199035645e-01 -3.256114423274993896e-01 8.963891029357910156e+00
3.718083843649048824e+06 5.590460896492004395e-01 -3.543418645858764648e-01 8.916007041931152344e+00
3.718083868256339803e+06 5.542576909065246582e-01 -3.734954595565795898e-01 8.954314231872558594e+00
3.718083893724308815e+06 5.542576909065246582e-01 -3.687070608139038086e-01 8.930372238159179688e+00
3.718083918358787894e+06 5.494692921638488770e-01 -3.830722570419311523e-01 8.973467826843261719e+00
3.718083944568267092e+06 6.021417379379272461e-01 -3.687070608139038086e-01 8.925583839416503906e+00
3.718083969073892105e+06 5.686228871345520020e-01 -3.543418645858764648e-01 8.925583839416503906e+00
3.718083991315403022e+06 5.638344883918762207e-01 -3.543418645858764648e-01 8.954314231872558594e+00
3.718084018659777939e+06 5.398924946784973145e-01 -3.208230137825012207e-01 8.973467826843261719e+00
3.718084042972068768e+06 5.638344883918762207e-01 -3.447650372982025146e-01 8.959102630615234375e+00
3.718084068866287824e+06 5.446808934211730957e-01 -3.208230137825012207e-01 8.916007041931152344e+00
3.718084093015141785e+06 5.398924946784973145e-01 -3.543418645858764648e-01 8.954314231872558594e+00
3.718084120017902926e+06 5.734112858772277832e-01 -3.495534360408782959e-01 8.939949035644531250e+00
3.718084142525714822e+06 5.781996846199035645e-01 -3.208230137825012207e-01 8.944737434387207031e+00
3.718084168068007100e+06 5.734112858772277832e-01 -2.873041927814483643e-01 8.935160636901855469e+00
3.718084194303683937e+06 5.638344883918762207e-01 -3.303998410701751709e-01 8.973467826843261719e+00
3.718084218564101029e+06 5.590460896492004395e-01 -3.399766385555267334e-01 8.968679428100585938e+00
3.718084244351339992e+06 5.686228871345520020e-01 -3.495534360408782959e-01 8.901641845703125000e+00
3.718084268227797933e+06 5.494692921638488770e-01 -3.447650372982025146e-01 8.949525833129882812e+00
3.718084295240715146e+06 5.734112858772277832e-01 -3.830722570419311523e-01 8.930372238159179688e+00
3.718084317759412806e+06 5.590460896492004395e-01 -3.160346150398254395e-01 8.906430244445800781e+00
3.718084343162746169e+06 5.829881429672241211e-01 -3.208230137825012207e-01 8.939949035644531250e+00
3.718084369212016929e+06 5.829881429672241211e-01 -3.399766385555267334e-01 8.944737434387207031e+00
3.718084393368058838e+06 5.734112858772277832e-01 -3.447650372982025146e-01 8.911218643188476562e+00
3.718084419614620972e+06 5.781996846199035645e-01 -3.543418645858764648e-01 8.992621421813964844e+00
3.718084443211600184e+06 5.686228871345520020e-01 -3.351882398128509521e-01 8.978256225585937500e+00
3.718084470163788181e+06 5.877765417098999023e-01 -3.495534360408782959e-01 8.954314231872558594e+00
3.718084492947693914e+06 5.638344883918762207e-01 -3.351882398128509521e-01 8.868123054504394531e+00
3.718084518758006860e+06 5.829881429672241211e-01 -3.351882398128509521e-01 8.949525833129882812e+00
3.718084544400454964e+06 5.734112858772277832e-01 -3.256114423274993896e-01 8.892065048217773438e+00
3.718084568903943989e+06 5.686228871345520020e-01 -3.303998410701751709e-01 8.877699851989746094e+00
3.718084594265922904e+06 5.734112858772277832e-01 -3.495534360408782959e-01 8.935160636901855469e+00
3.718084618570350111e+06 5.494692921638488770e-01 -3.256114423274993896e-01 8.930372238159179688e+00
3.718084643087955192e+06 5.925649404525756836e-01 -3.447650372982025146e-01 8.963891029357910156e+00
3.718084672275455203e+06 5.638344883918762207e-01 -3.399766385555267334e-01 8.920795440673828125e+00
3.718084692011496052e+06 5.351040959358215332e-01 -3.495534360408782959e-01 8.906430244445800781e+00
3.718084719350922853e+06 5.494692921638488770e-01 -3.351882398128509521e-01 8.954314231872558594e+00
3.718084743467797991e+06 5.398924946784973145e-01 -3.543418645858764648e-01 8.978256225585937500e+00
3.718084769538007211e+06 5.494692921638488770e-01 -3.256114423274993896e-01 8.944737434387207031e+00
3.718084792097693775e+06 5.734112858772277832e-01 -3.543418645858764648e-01 8.930372238159179688e+00
3.718084821650402155e+06 5.925649404525756836e-01 -3.447650372982025146e-01 8.916007041931152344e+00
3.718084843050453812e+06 5.638344883918762207e-01 -3.495534360408782959e-01 8.935160636901855469e+00
3.718084868592381943e+06 5.638344883918762207e-01 -3.447650372982025146e-01 8.930372238159179688e+00
3.718084894941965118e+06 5.494692921638488770e-01 -3.447650372982025146e-01 8.911218643188476562e+00
3.718084918777069077e+06 5.638344883918762207e-01 -3.639186620712280273e-01 8.944737434387207031e+00
3.718084944992381148e+06 5.542576909065246582e-01 -3.208230137825012207e-01 8.911218643188476562e+00
3.718084967411965132e+06 5.542576909065246582e-01 -3.543418645858764648e-01 8.959102630615234375e+00
3.718084996902953833e+06 5.638344883918762207e-01 -3.495534360408782959e-01 8.963891029357910156e+00
3.718085018282642122e+06 5.686228871345520020e-01 -3.543418645858764648e-01 8.882488250732421875e+00
3.718085043928631116e+06 5.781996846199035645e-01 -3.447650372982025146e-01 8.935160636901855469e+00
3.718085069951496087e+06 5.638344883918762207e-01 -3.687070608139038086e-01 8.901641845703125000e+00
3.718085093856391963e+06 5.686228871345520020e-01 -3.064578175544738770e-01 8.978256225585937500e+00
3.718085119727016892e+06 5.351040959358215332e-01 -3.208230137825012207e-01 8.949525833129882812e+00
3.718085142419569194e+06 5.446808934211730957e-01 -3.399766385555267334e-01 8.944737434387207031e+00
3.718085169958057813e+06 5.973533391952514648e-01 -3.447650372982025146e-01 8.959102630615234375e+00
3.718085195772746112e+06 5.542576909065246582e-01 -3.447650372982025146e-01 8.906430244445800781e+00
3.718085219265506137e+06 5.542576909065246582e-01 -3.543418645858764648e-01 8.973467826843261719e+00
3.718085244915246032e+06 5.781996846199035645e-01 -3.543418645858764648e-01 8.968679428100585938e+00
3.718085269196860958e+06 5.255272984504699707e-01 -3.208230137825012207e-01 8.930372238159179688e+00
3.718085295139986090e+06 5.398924946784973145e-01 -3.687070608139038086e-01 8.978256225585937500e+00
3.718085318160141818e+06 5.686228871345520020e-01 -3.303998410701751709e-01 8.935160636901855469e+00
3.718085345144984778e+06 5.542576909065246582e-01 -3.303998410701751709e-01 8.959102630615234375e+00
3.718085370997068938e+06 5.446808934211730957e-01 -3.447650372982025146e-01 8.863334655761718750e+00
3.718085394570298027e+06 5.638344883918762207e-01 -3.303998410701751709e-01 8.983044624328613281e+00
3.718085420471183024e+06 5.494692921638488770e-01 -3.160346150398254395e-01 8.892065048217773438e+00
3.718085444360557944e+06 6.212953329086303711e-01 -3.447650372982025146e-01 8.944737434387207031e+00
3.718085470291651785e+06 5.494692921638488770e-01 -3.208230137825012207e-01 8.949525833129882812e+00
3.718085493243683130e+06 5.590460896492004395e-01 -3.543418645858764648e-01 8.930372238159179688e+00
3.718085520326234866e+06 6.021417379379272461e-01 -3.543418645858764648e-01 8.954314231872558594e+00
3.718085546466391999e+06 5.638344883918762207e-01 -3.447650372982025146e-01 8.911218643188476562e+00
3.718085569477797952e+06 5.734112858772277832e-01 -3.543418645858764648e-01 8.896853446960449219e+00
3.718085595672276802e+06 5.542576909065246582e-01 -3.447650372982025146e-01 8.935160636901855469e+00
3.718085618138683029e+06 5.686228871345520020e-01 -3.591302633285522461e-01 8.935160636901855469e+00
3.718085646687068976e+06 5.973533391952514648e-01 -3.447650372982025146e-01 8.949525833129882812e+00
3.718085668143578805e+06 5.494692921638488770e-01 -3.495534360408782959e-01 8.935160636901855469e+00
3.718085695505454205e+06 5.781996846199035645e-01 -3.303998410701751709e-01 8.925583839416503906e+00
3.718085721332172863e+06 5.781996846199035645e-01 -3.639186620712280273e-01 8.954314231872558594e+00
3.718085744822225068e+06 5.925649404525756836e-01 -3.447650372982025146e-01 8.959102630615234375e+00
3.718085770422433037e+06 5.686228871345520020e-01 -3.351882398128509521e-01 8.939949035644531250e+00
3.718085793071079068e+06 5.877765417098999023e-01 -3.303998410701751709e-01 8.920795440673828125e+00
3.718085821802016813e+06 5.590460896492004395e-01 -3.543418645858764648e-01 8.916007041931152344e+00
3.718085843115662225e+06 5.494692921638488770e-01 -3.495534360408782959e-01 8.906430244445800781e+00
3.718085870505662169e+06 5.829881429672241211e-01 -3.447650372982025146e-01 8.930372238159179688e+00
3.718085896285453811e+06 5.781996846199035645e-01 -3.447650372982025146e-01 8.939949035644531250e+00
3.718085919589880854e+06 5.446808934211730957e-01 -3.399766385555267334e-01 9.002198219299316406e+00
3.718085945493527222e+06 5.494692921638488770e-01 -3.303998410701751709e-01 8.944737434387207031e+00
3.718085968370871153e+06 5.590460896492004395e-01 -3.399766385555267334e-01 8.939949035644531250e+00
3.718085997129880823e+06 5.686228871345520020e-01 -3.256114423274993896e-01 8.954314231872558594e+00
3.718086018458735198e+06 5.446808934211730957e-01 -3.160346150398254395e-01 8.954314231872558594e+00
3.718086046032588929e+06 5.351040959358215332e-01 -3.399766385555267334e-01 8.920795440673828125e+00
3.718086071839569137e+06 5.542576909065246582e-01 -3.447650372982025146e-01 8.925583839416503906e+00
3.718086094948370941e+06 5.686228871345520020e-01 -3.351882398128509521e-01 8.987833023071289062e+00
3.718086120883319061e+06 5.686228871345520020e-01 -3.495534360408782959e-01 8.949525833129882812e+00
3.718086143891911954e+06 5.638344883918762207e-01 -3.639186620712280273e-01 8.939949035644531250e+00
3.718086172580766026e+06 5.638344883918762207e-01 -3.303998410701751709e-01 8.930372238159179688e+00
3.718086193641130812e+06 5.877765417098999023e-01 -3.112462162971496582e-01 8.911218643188476562e+00
3.718086220811234787e+06 5.494692921638488770e-01 -3.591302633285522461e-01 8.959102630615234375e+00
3.718086244899463840e+06 5.781996846199035645e-01 -3.687070608139038086e-01 8.973467826843261719e+00
3.718086271641027182e+06 5.542576909065246582e-01 -3.399766385555267334e-01 8.939949035644531250e+00
3.718086296045140829e+06 5.542576909065246582e-01 -3.447650372982025146e-01 8.906430244445800781e+00
3.718086318697850220e+06 5.829881429672241211e-01 -3.639186620712280273e-01 8.872911453247070312e+00
3.718086346053109970e+06 5.877765417098999023e-01 -3.399766385555267334e-01 8.935160636901855469e+00
3.718086370458891150e+06 5.734112858772277832e-01 -3.495534360408782959e-01 8.892065048217773438e+00
3.718086396402485203e+06 5.829881429672241211e-01 -3.256114423274993896e-01 8.944737434387207031e+00
3.718086420227798168e+06 5.590460896492004395e-01 -3.351882398128509521e-01 8.968679428100585938e+00
3.718086447044359986e+06 5.781996846199035645e-01 -3.639186620712280273e-01 8.935160636901855469e+00
3.718086471270036884e+06 5.781996846199035645e-01 -3.495534360408782959e-01 8.858546257019042969e+00
3.718086493964516092e+06 5.446808934211730957e-01 -3.830722570419311523e-01 8.920795440673828125e+00
3.718086521553058177e+06 5.781996846199035645e-01 -3.639186620712280273e-01 8.925583839416503906e+00
3.718086545418214053e+06 5.686228871345520020e-01 -3.734954595565795898e-01 8.963891029357910156e+00
3.718086571341286879e+06 5.829881429672241211e-01 -3.351882398128509521e-01 8.954314231872558594e+00
3.718086595434567891e+06 5.638344883918762207e-01 -3.351882398128509521e-01 8.963891029357910156e+00
3.718086622035350185e+06 6.021417379379272461e-01 -3.303998410701751709e-01 8.944737434387207031e+00
3.718086644972641021e+06 5.542576909065246582e-01 -3.208230137825012207e-01 8.920795440673828125e+00
3.718086670537745114e+06 5.494692921638488770e-01 -3.256114423274993896e-01 8.896853446960449219e+00
3.718086696443891153e+06 5.734112858772277832e-01 -3.878606855869293213e-01 8.916007041931152344e+00
3.718086720419464167e+06 5.734112858772277832e-01 -3.160346150398254395e-01 8.911218643188476562e+00
3.718086746341026854e+06 5.734112858772277832e-01 -3.303998410701751709e-01 8.939949035644531250e+00
3.718086770422536880e+06 5.781996846199035645e-01 -3.543418645858764648e-01 8.930372238159179688e+00
3.718086797150454018e+06 5.494692921638488770e-01 -3.303998410701751709e-01 8.949525833129882812e+00
3.718086819946807809e+06 5.734112858772277832e-01 -3.639186620712280273e-01 8.973467826843261719e+00
3.718086845635402016e+06 6.069301366806030273e-01 -3.639186620712280273e-01 8.920795440673828125e+00
3.718086871641078964e+06 5.781996846199035645e-01 -3.543418645858764648e-01 8.949525833129882812e+00
3.718086895749308169e+06 5.829881429672241211e-01 -3.399766385555267334e-01 8.930372238159179688e+00
3.718086921673735138e+06 5.494692921638488770e-01 -3.447650372982025146e-01 8.930372238159179688e+00
3.718086946066391189e+06 5.734112858772277832e-01 -3.351882398128509521e-01 8.916007041931152344e+00
3.718086972714046948e+06 5.351040959358215332e-01 -3.543418645858764648e-01 8.911218643188476562e+00
3.718086995353317820e+06 5.590460896492004395e-01 -3.447650372982025146e-01 8.906430244445800781e+00
3.718087021472640801e+06 5.734112858772277832e-01 -3.782838582992553711e-01 8.968679428100585938e+00
3.718087047139985021e+06 5.734112858772277832e-01 -3.303998410701751709e-01 8.954314231872558594e+00
3.718087070919463877e+06 5.638344883918762207e-01 -3.399766385555267334e-01 8.939949035644531250e+00
3.718087096826026216e+06 5.542576909065246582e-01 -3.687070608139038086e-01 8.925583839416503906e+00
3.718087121029046830e+06 6.117185354232788086e-01 -3.303998410701751709e-01 8.939949035644531250e+00
3.718087147719984874e+06 5.542576909065246582e-01 -3.495534360408782959e-01 8.925583839416503906e+00
3.718087170319151133e+06 5.255272984504699707e-01 -3.303998410701751709e-01 8.935160636901855469e+00
3.718087195811911952e+06 5.446808934211730957e-01 -3.639186620712280273e-01 8.930372238159179688e+00
3.718087221716443077e+06 5.542576909065246582e-01 -3.208230137825012207e-01 8.906430244445800781e+00
3.718087245841703843e+06 5.925649404525756836e-01 -3.447650372982025146e-01 8.954314231872558594e+00
3.718087271806234960e+06 5.973533391952514648e-01 -3.303998410701751709e-01 8.949525833129882812e+00
3.718087296315765940e+06 5.590460896492004395e-01 -3.639186620712280273e-01 8.944737434387207031e+00
3.718087320394515991e+06 5.781996846199035645e-01 -3.256114423274993896e-01 8.920795440673828125e+00
3.718087349485661834e+06 5.590460896492004395e-01 -3.543418645858764648e-01 8.939949035644531250e+00
3.718087369985921774e+06 5.446808934211730957e-01 -3.447650372982025146e-01 8.987833023071289062e+00
3.718087396885922179e+06 5.829881429672241211e-01 -3.303998410701751709e-01 8.978256225585937500e+00
3.718087421043474227e+06 5.590460896492004395e-01 -3.112462162971496582e-01 8.906430244445800781e+00
3.718087447366131004e+06 5.925649404525756836e-01 -3.591302633285522461e-01 8.930372238159179688e+00
3.718087469639568124e+06 5.638344883918762207e-01 -3.687070608139038086e-01 8.978256225585937500e+00
3.718087499238994904e+06 5.734112858772277832e-01 -3.256114423274993896e-01 8.887276649475097656e+00
3.718087520609202795e+06 5.877765417098999023e-01 -3.687070608139038086e-01 8.944737434387207031e+00
3.718087546558213886e+06 5.781996846199035645e-01 -3.399766385555267334e-01 8.959102630615234375e+00
3.718087572089932859e+06 5.686228871345520020e-01 -3.303998410701751709e-01 8.882488250732421875e+00
3.718087596651547123e+06 5.829881429672241211e-01 -3.734954595565795898e-01 8.954314231872558594e+00
3.718087622524098959e+06 5.829881429672241211e-01 -3.160346150398254395e-01 8.930372238159179688e+00
3.718087644825088792e+06 5.398924946784973145e-01 -3.543418645858764648e-01 8.935160636901855469e+00
3.718087674402067903e+06 5.590460896492004395e-01 -3.447650372982025146e-01 8.868123054504394531e+00
3.718087696020870004e+06 5.781996846199035645e-01 -3.543418645858764648e-01 8.939949035644531250e+00
3.718087721341338940e+06 5.303156971931457520e-01 -3.830722570419311523e-01 8.925583839416503906e+00
3.718087747238629963e+06 5.398924946784973145e-01 -3.543418645858764648e-01 8.930372238159179688e+00
3.718087771344671957e+06 5.829881429672241211e-01 -3.160346150398254395e-01 8.959102630615234375e+00
3.718087797291650902e+06 5.686228871345520020e-01 -3.351882398128509521e-01 8.916007041931152344e+00
3.718087819981703069e+06 5.494692921638488770e-01 -3.495534360408782959e-01 8.987833023071289062e+00
3.718087847343422007e+06 5.877765417098999023e-01 -3.591302633285522461e-01 8.968679428100585938e+00
3.718087873358056881e+06 5.542576909065246582e-01 -3.495534360408782959e-01 8.959102630615234375e+00
3.718087896609620191e+06 5.494692921638488770e-01 -3.351882398128509521e-01 8.939949035644531250e+00
3.718087922835296951e+06 5.686228871345520020e-01 -3.782838582992553711e-01 8.935160636901855469e+00
3.718087946593734901e+06 5.877765417098999023e-01 -3.303998410701751709e-01 8.973467826843261719e+00
3.718087972621963825e+06 5.781996846199035645e-01 -3.495534360408782959e-01 8.949525833129882812e+00
3.718087995599046815e+06 5.542576909065246582e-01 -3.303998410701751709e-01 8.987833023071289062e+00
3.718088022968943231e+06 5.590460896492004395e-01 -3.112462162971496582e-01 8.935160636901855469e+00
3.718088048531077802e+06 5.781996846199035645e-01 -3.447650372982025146e-01 8.920795440673828125e+00
3.718088071698681917e+06 5.829881429672241211e-01 -3.351882398128509521e-01 8.939949035644531250e+00
3.718088098269931972e+06 5.734112858772277832e-01 -3.543418645858764648e-01 8.911218643188476562e+00
3.718088121953161899e+06 5.638344883918762207e-01 -3.543418645858764648e-01 8.896853446960449219e+00
3.718088148093369789e+06 6.069301366806030273e-01 -3.160346150398254395e-01 8.959102630615234375e+00
3.718088170410921797e+06 5.398924946784973145e-01 -3.495534360408782959e-01 8.963891029357910156e+00
3.718088197707693093e+06 5.781996846199035645e-01 -3.399766385555267334e-01 8.925583839416503906e+00
3.718088223673839122e+06 5.734112858772277832e-01 -3.495534360408782959e-01 8.949525833129882812e+00
3.718088246832952835e+06 5.734112858772277832e-01 -3.303998410701751709e-01 8.920795440673828125e+00
3.718088272770192940e+06 5.686228871345520020e-01 -3.351882398128509521e-01 8.973467826843261719e+00
3.718088295438942965e+06 5.590460896492004395e-01 -3.543418645858764648e-01 8.925583839416503906e+00
3.718088324216181878e+06 5.829881429672241211e-01 -3.878606855869293213e-01 8.901641845703125000e+00
3.718088345644931775e+06 5.686228871345520020e-01 -3.639186620712280273e-01 8.906430244445800781e+00
3.718088373273994774e+06 5.542576909065246582e-01 -3.303998410701751709e-01 8.930372238159179688e+00
3.718088398711546790e+06 5.686228871345520020e-01 -3.256114423274993896e-01 8.916007041931152344e+00
3.718088422081390861e+06 5.590460896492004395e-01 -3.591302633285522461e-01 8.925583839416503906e+00
3.718088448331078049e+06 5.638344883918762207e-01 -3.639186620712280273e-01 8.925583839416503906e+00
3.718088471062432043e+06 5.542576909065246582e-01 -3.303998410701751709e-01 8.939949035644531250e+00
3.718088499368682038e+06 5.973533391952514648e-01 -3.878606855869293213e-01 8.930372238159179688e+00
3.718088521090244874e+06 5.686228871345520020e-01 -3.303998410701751709e-01 8.959102630615234375e+00
3.718088548031494953e+06 5.303156971931457520e-01 -3.495534360408782959e-01 8.916007041931152344e+00
3.718088573858266231e+06 5.973533391952514648e-01 -3.447650372982025146e-01 8.920795440673828125e+00
3.718088597472328227e+06 5.590460896492004395e-01 -3.926490843296051025e-01 8.930372238159179688e+00
3.718088623077952769e+06 5.686228871345520020e-01 -3.447650372982025146e-01 8.949525833129882812e+00
3.718088645940348972e+06 5.734112858772277832e-01 -3.734954595565795898e-01 8.949525833129882812e+00
3.718088674691182096e+06 5.638344883918762207e-01 -3.399766385555267334e-01 8.949525833129882812e+00
3.718088695989567786e+06 5.686228871345520020e-01 -3.351882398128509521e-01 8.968679428100585938e+00
3.718088723164462950e+06 5.734112858772277832e-01 -3.447650372982025146e-01 8.944737434387207031e+00
3.718088747346702963e+06 5.446808934211730957e-01 -3.208230137825012207e-01 8.959102630615234375e+00
3.718088774047797080e+06 5.590460896492004395e-01 -3.303998410701751709e-01 8.983044624328613281e+00
3.718088798384880181e+06 5.351040959358215332e-01 -3.543418645858764648e-01 8.983044624328613281e+00
3.718088820947223809e+06 5.781996846199035645e-01 -3.639186620712280273e-01 8.911218643188476562e+00
3.718088848576910794e+06 5.494692921638488770e-01 -3.591302633285522461e-01 8.916007041931152344e+00
3.718088872380713001e+06 5.590460896492004395e-01 -3.543418645858764648e-01 8.963891029357910156e+00
3.718088898327483796e+06 5.638344883918762207e-01 -3.591302633285522461e-01 8.935160636901855469e+00
3.718088922895036172e+06 6.021417379379272461e-01 -3.687070608139038086e-01 8.906430244445800781e+00
3.718088949183160905e+06 5.494692921638488770e-01 -3.687070608139038086e-01 8.949525833129882812e+00
3.718088973558370024e+06 5.734112858772277832e-01 -3.351882398128509521e-01 8.949525833129882812e+00
3.718088996119619813e+06 5.925649404525756836e-01 -3.351882398128509521e-01 8.939949035644531250e+00
3.718089023854150902e+06 5.829881429672241211e-01 -3.399766385555267334e-01 8.978256225585937500e+00
3.718089047551703174e+06 5.638344883918762207e-01 -3.447650372982025146e-01 8.911218643188476562e+00
3.718089073947223835e+06 5.781996846199035645e-01 -3.351882398128509521e-01 8.920795440673828125e+00
3.718089097609566990e+06 5.925649404525756836e-01 -3.303998410701751709e-01 8.911218643188476562e+00
3.718089124495088123e+06 5.446808934211730957e-01 -3.256114423274993896e-01 8.939949035644531250e+00
3.718089148742275778e+06 5.494692921638488770e-01 -3.495534360408782959e-01 8.925583839416503906e+00
3.718089171453005169e+06 5.686228871345520020e-01 -3.687070608139038086e-01 8.920795440673828125e+00
3.718089198769358918e+06 5.351040959358215332e-01 -3.447650372982025146e-01 8.973467826843261719e+00
3.718089222759150900e+06 5.781996846199035645e-01 -3.495534360408782959e-01 8.896853446960449219e+00
3.718089248693265021e+06 5.638344883918762207e-01 -3.112462162971496582e-01 8.930372238159179688e+00
3.718089272773733828e+06 5.638344883918762207e-01 -3.351882398128509521e-01 8.925583839416503906e+00
3.718089299987640232e+06 5.734112858772277832e-01 -3.160346150398254395e-01 8.959102630615234375e+00
3.718089322313056793e+06 5.590460896492004395e-01 -3.734954595565795898e-01 8.987833023071289062e+00
3.718089348311807029e+06 5.638344883918762207e-01 -3.687070608139038086e-01 8.963891029357910156e+00
3.718089373804254923e+06 5.542576909065246582e-01 -3.782838582992553711e-01 8.925583839416503906e+00
3.718089398385035805e+06 5.542576909065246582e-01 -3.447650372982025146e-01 8.925583839416503906e+00
3.718089423823213205e+06 5.638344883918762207e-01 -3.639186620712280273e-01 8.944737434387207031e+00
3.718089448401703034e+06 5.590460896492004395e-01 -3.208230137825012207e-01 8.978256225585937500e+00
3.718089474713786040e+06 5.781996846199035645e-01 -3.447650372982025146e-01 8.949525833129882812e+00
3.718089497942015063e+06 5.829881429672241211e-01 -3.351882398128509521e-01 8.978256225585937500e+00
3.718089523063785862e+06 5.303156971931457520e-01 -3.447650372982025146e-01 8.925583839416503906e+00
3.718089548947847914e+06 5.590460896492004395e-01 -3.495534360408782959e-01 8.925583839416503906e+00
3.718089573506859131e+06 5.781996846199035645e-01 -3.495534360408782959e-01 8.949525833129882812e+00
3.718089599018733948e+06 5.734112858772277832e-01 -3.399766385555267334e-01 8.959102630615234375e+00
3.718089623535661027e+06 5.542576909065246582e-01 -3.495534360408782959e-01 8.944737434387207031e+00
3.718089650028630160e+06 5.925649404525756836e-01 -3.734954595565795898e-01 8.935160636901855469e+00
3.718089672698005103e+06 5.542576909065246582e-01 -3.543418645858764648e-01 8.978256225585937500e+00
3.718089698201963212e+06 5.494692921638488770e-01 -3.495534360408782959e-01 8.944737434387207031e+00
3.718089724127380177e+06 5.734112858772277832e-01 -3.591302633285522461e-01 8.925583839416503906e+00
3.718089748258004896e+06 5.542576909065246582e-01 -3.591302633285522461e-01 8.901641845703125000e+00
3.718089774170504883e+06 5.351040959358215332e-01 -3.495534360408782959e-01 8.944737434387207031e+00
3.718089798316494096e+06 5.925649404525756836e-01 -4.022258818149566650e-01 8.997409820556640625e+00
3.718089823262588121e+06 5.734112858772277832e-01 -3.399766385555267334e-01 8.901641845703125000e+00
3.718089852041077800e+06 5.494692921638488770e-01 -3.256114423274993896e-01 8.930372238159179688e+00
3.718089871940035839e+06 5.734112858772277832e-01 -3.687070608139038086e-01 8.968679428100585938e+00
3.718089899746806826e+06 5.590460896492004395e-01 -3.447650372982025146e-01 8.935160636901855469e+00
3.718089923409931827e+06 5.686228871345520020e-01 -3.543418645858764648e-01 8.944737434387207031e+00
3.718089949795087799e+06 5.686228871345520020e-01 -3.495534360408782959e-01 8.949525833129882812e+00
3.718089972053577192e+06 5.638344883918762207e-01 -3.399766385555267334e-01 8.959102630615234375e+00
3.718090002051025163e+06 5.255272984504699707e-01 -3.112462162971496582e-01 8.925583839416503906e+00
3.718090022997899912e+06 5.494692921638488770e-01 -3.160346150398254395e-01 8.992621421813964844e+00
3.718090048966025002e+06 5.877765417098999023e-01 -3.447650372982025146e-01 8.954314231872558594e+00
3.718090074469566811e+06 5.398924946784973145e-01 -3.303998410701751709e-01 8.920795440673828125e+00
3.718090098701963201e+06 5.734112858772277832e-01 -3.447650372982025146e-01 8.930372238159179688e+00
3.718090124522067141e+06 5.973533391952514648e-01 -3.303998410701751709e-01 8.959102630615234375e+00
3.718090147636129055e+06 5.159504413604736328e-01 -3.543418645858764648e-01 8.954314231872558594e+00
3.718090176765399985e+06 5.446808934211730957e-01 -3.639186620712280273e-01 8.935160636901855469e+00
3.718090198604358826e+06 5.734112858772277832e-01 -3.591302633285522461e-01 8.930372238159179688e+00
3.718090223720660899e+06 5.734112858772277832e-01 -3.351882398128509521e-01 8.916007041931152344e+00
3.718090249632119201e+06 5.877765417098999023e-01 -3.160346150398254395e-01 8.939949035644531250e+00
3.718090274202640168e+06 5.973533391952514648e-01 -3.543418645858764648e-01 8.896853446960449219e+00
3.718090300116181839e+06 6.021417379379272461e-01 -3.399766385555267334e-01 8.916007041931152344e+00
3.718090322376545984e+06 5.590460896492004395e-01 -3.447650372982025146e-01 8.954314231872558594e+00
3.718090351983473171e+06 5.734112858772277832e-01 -3.639186620712280273e-01 8.906430244445800781e+00
3.718090372053786181e+06 5.590460896492004395e-01 -3.543418645858764648e-01 8.930372238159179688e+00
3.718090400594566949e+06 5.303156971931457520e-01 -3.591302633285522461e-01 8.944737434387207031e+00
3.718090425221077166e+06 5.398924946784973145e-01 -3.256114423274993896e-01 8.939949035644531250e+00
3.718090448907951824e+06 5.398924946784973145e-01 -3.543418645858764648e-01 8.939949035644531250e+00
3.718090475006545894e+06 5.494692921638488770e-01 -3.543418645858764648e-01 8.963891029357910156e+00
3.718090497561286204e+06 5.973533391952514648e-01 -3.303998410701751709e-01 8.963891029357910156e+00
3.718090524909983855e+06 5.686228871345520020e-01 -3.256114423274993896e-01 8.925583839416503906e+00
3.718090551149774808e+06 5.590460896492004395e-01 -3.399766385555267334e-01 8.944737434387207031e+00
3.718090574047379196e+06 5.734112858772277832e-01 -3.256114423274993896e-01 8.901641845703125000e+00
3.718090600418524817e+06 5.877765417098999023e-01 -3.447650372982025146e-01 8.954314231872558594e+00
3.718090624075348023e+06 5.590460896492004395e-01 -3.830722570419311523e-01 8.944737434387207031e+00
3.718090650462118909e+06 5.590460896492004395e-01 -3.687070608139038086e-01 8.935160636901855469e+00
3.718090672737067100e+06 5.925649404525756836e-01 -3.303998410701751709e-01 8.939949035644531250e+00
3.718090700093213003e+06 5.398924946784973145e-01 -3.351882398128509521e-01 8.949525833129882812e+00
3.718090725915973075e+06 5.446808934211730957e-01 -3.351882398128509521e-01 8.959102630615234375e+00
3.718090749283420853e+06 6.021417379379272461e-01 -3.495534360408782959e-01 8.949525833129882812e+00
3.718090775140088052e+06 5.638344883918762207e-01 -3.687070608139038086e-01 8.949525833129882812e+00
3.718090799284618814e+06 5.734112858772277832e-01 -3.256114423274993896e-01 8.973467826843261719e+00
3.718090823928525206e+06 5.494692921638488770e-01 -3.303998410701751709e-01 8.935160636901855469e+00
3.718090849452379160e+06 5.590460896492004395e-01 -3.351882398128509521e-01 8.887276649475097656e+00
3.718090875677275006e+06 5.781996846199035645e-01 -3.639186620712280273e-01 8.954314231872558594e+00
3.718090901223159861e+06 5.734112858772277832e-01 -3.830722570419311523e-01 8.968679428100585938e+00
3.718090924877692014e+06 6.069301366806030273e-01 -3.399766385555267334e-01 8.944737434387207031e+00
3.718090950369410217e+06 5.686228871345520020e-01 -3.208230137825012207e-01 8.906430244445800781e+00
3.718090973239202052e+06 5.638344883918762207e-01 -3.351882398128509521e-01 8.949525833129882812e+00
3.718091001974671148e+06 5.829881429672241211e-01 -3.303998410701751709e-01 8.935160636901855469e+00
3.718091023105503991e+06 5.542576909065246582e-01 -3.782838582992553711e-01 8.901641845703125000e+00
3.718091050612431020e+06 5.590460896492004395e-01 -3.734954595565795898e-01 8.916007041931152344e+00
3.718091076318994164e+06 5.877765417098999023e-01 -3.782838582992553711e-01 8.935160636901855469e+00
3.718091099764150102e+06 5.638344883918762207e-01 -3.160346150398254395e-01 8.925583839416503906e+00
3.718091125951545779e+06 5.686228871345520020e-01 -3.256114423274993896e-01 8.973467826843261719e+00
3.718091148421285208e+06 5.638344883918762207e-01 -3.208230137825012207e-01 8.916007041931152344e+00
3.718091177162170876e+06 5.255272984504699707e-01 -3.351882398128509521e-01 8.959102630615234375e+00
3.718091198808889836e+06 5.686228871345520020e-01 -3.256114423274993896e-01 8.930372238159179688e+00
3.718091225803525187e+06 5.398924946784973145e-01 -3.399766385555267334e-01 8.939949035644531250e+00
3.718091251914409921e+06 6.117185354232788086e-01 -3.543418645858764648e-01 8.872911453247070312e+00
3.718091275235608220e+06 5.255272984504699707e-01 -3.687070608139038086e-01 8.916007041931152344e+00
3.718091300852586981e+06 5.781996846199035645e-01 -3.591302633285522461e-01 8.973467826843261719e+00
3.718091323575295974e+06 5.494692921638488770e-01 -3.591302633285522461e-01 8.930372238159179688e+00
3.718091352636754047e+06 5.734112858772277832e-01 -3.543418645858764648e-01 8.892065048217773438e+00
3.718091373698576819e+06 5.398924946784973145e-01 -3.543418645858764648e-01 8.959102630615234375e+00
3.718091401290399954e+06 5.734112858772277832e-01 -3.734954595565795898e-01 8.920795440673828125e+00
3.718091425064201932e+06 5.398924946784973145e-01 -3.399766385555267334e-01 8.949525833129882812e+00
3.718091452141284943e+06 6.069301366806030273e-01 -3.639186620712280273e-01 8.920795440673828125e+00
3.718091476073836908e+06 5.973533391952514648e-01 -3.351882398128509521e-01 8.911218643188476562e+00
3.718091498578212224e+06 5.734112858772277832e-01 -3.591302633285522461e-01 8.939949035644531250e+00
3.718091526069045998e+06 5.590460896492004395e-01 -3.399766385555267334e-01 8.992621421813964844e+00
3.718091550251806155e+06 5.494692921638488770e-01 -3.687070608139038086e-01 8.916007041931152344e+00
3.718091576445555780e+06 5.542576909065246582e-01 -3.495534360408782959e-01 8.896853446960449219e+00
3.718091600067744032e+06 5.686228871345520020e-01 -3.303998410701751709e-01 8.973467826843261719e+00
3.718091627294410020e+06 5.973533391952514648e-01 -3.543418645858764648e-01 8.906430244445800781e+00
3.718091651188473217e+06 5.686228871345520020e-01 -2.968810200691223145e-01 8.896853446960449219e+00
3.718091674168680795e+06 5.781996846199035645e-01 -3.351882398128509521e-01 8.920795440673828125e+00
3.718091701247065794e+06 5.781996846199035645e-01 -3.303998410701751709e-01 8.954314231872558594e+00
3.718091725625347812e+06 5.829881429672241211e-01 -3.351882398128509521e-01 8.925583839416503906e+00
3.718091751290034968e+06 5.638344883918762207e-01 -3.399766385555267334e-01 8.944737434387207031e+00
3.718091775411702227e+06 5.590460896492004395e-01 -3.543418645858764648e-01 8.949525833129882812e+00
3.718091802124722861e+06 5.734112858772277832e-01 -3.064578175544738770e-01 8.920795440673828125e+00
3.718091826323525049e+06 5.686228871345520020e-01 -3.208230137825012207e-01 8.930372238159179688e+00
3.718091849315035157e+06 5.494692921638488770e-01 -3.303998410701751709e-01 8.930372238159179688e+00
3.718091876405712217e+06 5.686228871345520020e-01 -3.064578175544738770e-01 8.949525833129882812e+00
3.718091900852378923e+06 6.021417379379272461e-01 -3.543418645858764648e-01 8.939949035644531250e+00
3.718091926907586865e+06 5.542576909065246582e-01 -3.064578175544738770e-01 8.983044624328613281e+00
3.718091950638525188e+06 5.925649404525756836e-01 -2.920926213264465332e-01 8.906430244445800781e+00
