3.291012975454698782e+06 1.280897855758666992e-01 -2.011129409074783325e-01 9.021351814270019531e+00
3.291012994892720133e+06 1.759738177061080933e-01 -1.675941199064254761e-01 8.892065048217773438e+00
3.291013016622459982e+06 1.663970202207565308e-01 -1.340752989053726196e-01 8.954314231872558594e+00
3.291013035506783053e+06 1.280897855758666992e-01 -1.244984865188598633e-01 8.939949035644531250e+00
3.291013064473710023e+06 1.328781992197036743e-01 -1.532289087772369385e-01 8.872911453247070312e+00
3.291013075864387210e+06 1.376665979623794556e-01 -1.388636976480484009e-01 8.906430244445800781e+00
3.291013104729439132e+06 1.472434103488922119e-01 -1.244984865188598633e-01 8.896853446960449219e+00
3.291013115189646836e+06 1.137245818972587585e-01 -1.388636976480484009e-01 8.825027465820312500e+00
3.291013142856677994e+06 1.233013868331909180e-01 -1.244984865188598633e-01 8.935160636901855469e+00
3.291013155269543175e+06 1.759738177061080933e-01 -1.388636976480484009e-01 8.930372238159179688e+00
3.291013185164073948e+06 1.376665979623794556e-01 -1.340752989053726196e-01 8.863334655761718750e+00
3.291013195980479941e+06 1.424549967050552368e-01 -1.101332753896713257e-01 8.925583839416503906e+00
3.291013223805637099e+06 1.520318090915679932e-01 -1.149216815829277039e-01 8.911218643188476562e+00
3.291013236197303049e+06 1.472434103488922119e-01 -6.224924325942993164e-02 8.906430244445800781e+00
3.291013265489335172e+06 1.759738177061080933e-01 -1.101332753896713257e-01 8.892065048217773438e+00
3.291013275391626172e+06 1.616086214780807495e-01 -1.005564704537391663e-01 8.882488250732421875e+00
3.291013304043814074e+06 1.568202078342437744e-01 -1.723825186491012573e-01 8.944737434387207031e+00
3.291013315653710160e+06 1.328781992197036743e-01 -1.963245421648025513e-01 8.906430244445800781e+00
3.291013343551053200e+06 1.616086214780807495e-01 -1.388636976480484009e-01 8.892065048217773438e+00
3.291013355456261896e+06 1.520318090915679932e-01 -1.580173075199127197e-01 8.887276649475097656e+00
3.291013385842720047e+06 1.520318090915679932e-01 -1.628057211637496948e-01 8.959102630615234375e+00
3.291013395477146842e+06 1.424549967050552368e-01 -1.149216815829277039e-01 8.916007041931152344e+00
3.291013423956052866e+06 1.520318090915679932e-01 -1.292868852615356445e-01 8.954314231872558594e+00
3.291013435643814038e+06 1.233013868331909180e-01 -1.197100877761840820e-01 8.906430244445800781e+00
3.291013465415637009e+06 1.089361757040023804e-01 -9.576806426048278809e-02 8.848969459533691406e+00
3.291013475601001177e+06 1.520318090915679932e-01 -1.580173075199127197e-01 8.872911453247070312e+00
3.291013504212616012e+06 1.520318090915679932e-01 -1.340752989053726196e-01 8.892065048217773438e+00
3.291013515597302932e+06 1.568202078342437744e-01 -1.532289087772369385e-01 8.920795440673828125e+00
3.291013545442667790e+06 1.855506300926208496e-01 -1.436520963907241821e-01 8.935160636901855469e+00
3.291013555639334023e+06 1.376665979623794556e-01 -9.576806426048278809e-02 8.959102630615234375e+00
3.291013583248970099e+06 1.376665979623794556e-01 -1.197100877761840820e-01 8.968679428100585938e+00
3.291013595869855024e+06 1.424549967050552368e-01 -1.244984865188598633e-01 8.920795440673828125e+00
3.291013625542980153e+06 1.568202078342437744e-01 -1.388636976480484009e-01 8.930372238159179688e+00
3.291013635700168088e+06 1.137245818972587585e-01 -1.436520963907241821e-01 8.911218643188476562e+00
3.291013664150010794e+06 1.376665979623794556e-01 -1.580173075199127197e-01 8.892065048217773438e+00
3.291013675755220000e+06 1.233013868331909180e-01 -1.149216815829277039e-01 8.963891029357910156e+00
3.291013705606313888e+06 1.616086214780807495e-01 -6.224924325942993164e-02 8.916007041931152344e+00
3.291013715782927815e+06 9.935937076807022095e-02 -8.619125932455062866e-02 8.906430244445800781e+00
3.291013745681990869e+06 8.978256583213806152e-02 -7.182604819536209106e-02 9.030928611755371094e+00
3.291013755855480209e+06 1.520318090915679932e-01 -1.101332753896713257e-01 8.868123054504394531e+00
3.291013782542303205e+06 1.616086214780807495e-01 -5.746084079146385193e-02 8.911218643188476562e+00
3.291013796089802869e+06 1.663970202207565308e-01 -1.292868852615356445e-01 8.925583839416503906e+00
3.291013826157043222e+06 1.663970202207565308e-01 -1.244984865188598633e-01 8.892065048217773438e+00
3.291013836094491184e+06 1.616086214780807495e-01 -1.628057211637496948e-01 8.930372238159179688e+00
3.291013864400271792e+06 1.759738177061080933e-01 -1.053448766469955444e-01 8.906430244445800781e+00
3.291013876337095164e+06 1.376665979623794556e-01 -1.292868852615356445e-01 8.939949035644531250e+00
3.291013906209229957e+06 1.185129806399345398e-01 -1.005564704537391663e-01 8.916007041931152344e+00
3.291013916008656844e+06 1.711854189634323120e-01 -9.576806426048278809e-02 8.939949035644531250e+00
3.291013944600949064e+06 1.520318090915679932e-01 -1.197100877761840820e-01 8.882488250732421875e+00
3.291013956034333911e+06 1.903390288352966309e-01 -1.340752989053726196e-01 8.872911453247070312e+00
3.291013985931938048e+06 1.855506300926208496e-01 -1.340752989053726196e-01 8.844181060791015625e+00
3.291013996095688082e+06 1.568202078342437744e-01 -1.388636976480484009e-01 8.911218643188476562e+00
3.291014023717823904e+06 1.472434103488922119e-01 -1.244984865188598633e-01 8.887276649475097656e+00
3.291014036343760788e+06 1.424549967050552368e-01 -1.053448766469955444e-01 8.944737434387207031e+00
3.291014066170115955e+06 1.089361757040023804e-01 -1.340752989053726196e-01 8.906430244445800781e+00
3.291014076333500911e+06 1.520318090915679932e-01 -1.197100877761840820e-01 8.916007041931152344e+00
3.291014106078656856e+06 1.520318090915679932e-01 -1.101332753896713257e-01 8.892065048217773438e+00
3.291014116436209064e+06 1.376665979623794556e-01 -1.484405100345611572e-01 8.892065048217773438e+00
3.291014144770062994e+06 1.616086214780807495e-01 -1.244984865188598633e-01 8.944737434387207031e+00
3.291014156367146876e+06 1.616086214780807495e-01 -1.244984865188598633e-01 8.877699851989746094e+00
3.291014186306573916e+06 1.855506300926208496e-01 -1.436520963907241821e-01 8.877699851989746094e+00
3.291014196477510966e+06 1.376665979623794556e-01 -1.244984865188598633e-01 8.863334655761718750e+00
3.291014224856677931e+06 1.424549967050552368e-01 -1.388636976480484009e-01 8.906430244445800781e+00
3.291014236519074067e+06 1.759738177061080933e-01 -1.053448766469955444e-01 8.920795440673828125e+00
3.291014264612198807e+06 1.137245818972587585e-01 -1.053448766469955444e-01 8.896853446960449219e+00
3.291014276372614782e+06 1.137245818972587585e-01 -1.292868852615356445e-01 8.911218643188476562e+00
3.291014304921157192e+06 1.280897855758666992e-01 -1.244984865188598633e-01 8.930372238159179688e+00
3.291014316726574209e+06 1.089361757040023804e-01 -1.101332753896713257e-01 8.882488250732421875e+00
3.291014346485062968e+06 1.328781992197036743e-01 -1.244984865188598633e-01 8.858546257019042969e+00
3.291014356801000889e+06 1.568202078342437744e-01 -1.436520963907241821e-01 8.939949035644531250e+00
3.291014386677511036e+06 1.424549967050552368e-01 -9.097966551780700684e-02 8.892065048217773438e+00
3.291014396653917152e+06 1.280897855758666992e-01 -1.484405100345611572e-01 8.916007041931152344e+00
3.291014425268865190e+06 1.280897855758666992e-01 -9.097966551780700684e-02 8.892065048217773438e+00
3.291014436860376038e+06 1.663970202207565308e-01 -1.532289087772369385e-01 8.906430244445800781e+00
3.291014466754594818e+06 1.711854189634323120e-01 -1.532289087772369385e-01 8.939949035644531250e+00
3.291014476922250818e+06 1.233013868331909180e-01 -1.292868852615356445e-01 8.930372238159179688e+00
3.291014504553709179e+06 1.137245818972587585e-01 -9.576806426048278809e-02 8.882488250732421875e+00
3.291014516914541833e+06 1.855506300926208496e-01 -1.197100877761840820e-01 8.872911453247070312e+00
3.291014546849593986e+06 1.137245818972587585e-01 -1.149216815829277039e-01 8.896853446960449219e+00
3.291014557013916783e+06 1.233013868331909180e-01 -1.197100877761840820e-01 8.858546257019042969e+00
3.291014585505114868e+06 1.328781992197036743e-01 -9.576806426048278809e-02 8.863334655761718750e+00
3.291014596906677820e+06 1.424549967050552368e-01 -1.053448766469955444e-01 8.920795440673828125e+00
3.291014626907511149e+06 1.328781992197036743e-01 -1.197100877761840820e-01 8.906430244445800781e+00
3.291014637057824060e+06 1.185129806399345398e-01 -1.436520963907241821e-01 8.949525833129882812e+00
3.291014665505948942e+06 1.616086214780807495e-01 -9.097966551780700684e-02 8.916007041931152344e+00
3.291014677087510936e+06 1.233013868331909180e-01 -8.619125932455062866e-02 8.920795440673828125e+00
3.291014707023291849e+06 1.185129806399345398e-01 -1.436520963907241821e-01 8.959102630615234375e+00
3.291014717112563085e+06 1.711854189634323120e-01 -1.149216815829277039e-01 8.896853446960449219e+00
3.291014743842458818e+06 1.759738177061080933e-01 -1.484405100345611572e-01 8.935160636901855469e+00
3.291014757213656791e+06 1.520318090915679932e-01 -1.101332753896713257e-01 8.896853446960449219e+00
3.291014786933812778e+06 1.568202078342437744e-01 -1.292868852615356445e-01 8.887276649475097656e+00
3.291014796840636060e+06 1.616086214780807495e-01 -1.149216815829277039e-01 8.906430244445800781e+00
3.291014826917928178e+06 1.137245818972587585e-01 -1.292868852615356445e-01 8.992621421813964844e+00
3.291014837045636028e+06 1.568202078342437744e-01 -1.436520963907241821e-01 8.829815864562988281e+00
3.291014865527667105e+06 1.424549967050552368e-01 -1.388636976480484009e-01 8.892065048217773438e+00
3.291014876948084217e+06 1.328781992197036743e-01 -1.005564704537391663e-01 8.892065048217773438e+00
3.291014906796053052e+06 1.233013868331909180e-01 -1.149216815829277039e-01 8.925583839416503906e+00
3.291014916943605058e+06 1.520318090915679932e-01 -1.532289087772369385e-01 8.887276649475097656e+00
3.291014944668864831e+06 1.472434103488922119e-01 -1.244984865188598633e-01 8.863334655761718750e+00
3.291014957129281946e+06 1.328781992197036743e-01 -1.197100877761840820e-01 8.916007041931152344e+00
3.291014987015115097e+06 1.759738177061080933e-01 -1.388636976480484009e-01 8.901641845703125000e+00
3.291014997182928026e+06 1.376665979623794556e-01 -1.340752989053726196e-01 8.949525833129882812e+00
3.291015026868292131e+06 1.520318090915679932e-01 -1.197100877761840820e-01 8.930372238159179688e+00
3.291015037161312997e+06 1.472434103488922119e-01 -1.197100877761840820e-01 8.887276649475097656e+00
3.291015065689282026e+06 1.711854189634323120e-01 -1.149216815829277039e-01 8.930372238159179688e+00
3.291015077263395768e+06 1.472434103488922119e-01 -9.097966551780700684e-02 8.983044624328613281e+00
3.291015107143240049e+06 1.520318090915679932e-01 -1.436520963907241821e-01 8.906430244445800781e+00
3.291015117316938005e+06 1.568202078342437744e-01 -1.053448766469955444e-01 8.978256225585937500e+00
3.291015145763083827e+06 1.376665979623794556e-01 -1.340752989053726196e-01 8.877699851989746094e+00
3.291015157330167014e+06 1.472434103488922119e-01 -9.097966551780700684e-02 8.920795440673828125e+00
3.291015185488813091e+06 1.137245818972587585e-01 -9.576806426048278809e-02 8.863334655761718750e+00
3.291015197181261145e+06 1.376665979623794556e-01 -1.388636976480484009e-01 8.872911453247070312e+00
3.291015225842354819e+06 1.568202078342437744e-01 -1.101332753896713257e-01 8.896853446960449219e+00
3.291015237601105124e+06 1.903390288352966309e-01 -1.340752989053726196e-01 8.944737434387207031e+00
3.291015267501364928e+06 1.663970202207565308e-01 -1.101332753896713257e-01 8.887276649475097656e+00
3.291015277683708817e+06 1.424549967050552368e-01 -1.101332753896713257e-01 8.911218643188476562e+00
3.291015306103709154e+06 1.759738177061080933e-01 -1.436520963907241821e-01 8.949525833129882812e+00
3.291015317510739900e+06 1.616086214780807495e-01 -1.388636976480484009e-01 8.954314231872558594e+00
3.291015347473448142e+06 1.520318090915679932e-01 -1.244984865188598633e-01 8.906430244445800781e+00
3.291015357840322889e+06 1.759738177061080933e-01 -1.197100877761840820e-01 8.892065048217773438e+00
3.291015385350115132e+06 1.280897855758666992e-01 -1.197100877761840820e-01 8.887276649475097656e+00
3.291015397774542216e+06 1.424549967050552368e-01 -1.532289087772369385e-01 8.911218643188476562e+00
3.291015427638812922e+06 1.280897855758666992e-01 -1.292868852615356445e-01 8.925583839416503906e+00
3.291015437826000154e+06 1.376665979623794556e-01 -1.340752989053726196e-01 8.887276649475097656e+00
3.291015467719020788e+06 1.999158412218093872e-01 -1.484405100345611572e-01 8.882488250732421875e+00
3.291015477680999786e+06 1.041477769613265991e-01 -1.532289087772369385e-01 8.906430244445800781e+00
3.291015506311208941e+06 1.520318090915679932e-01 -1.436520963907241821e-01 8.911218643188476562e+00
3.291015517830896191e+06 1.424549967050552368e-01 -8.619125932455062866e-02 8.916007041931152344e+00
3.291015547781105153e+06 1.568202078342437744e-01 -1.244984865188598633e-01 8.920795440673828125e+00
3.291015557563344017e+06 1.376665979623794556e-01 -1.388636976480484009e-01 8.892065048217773438e+00
3.291015586189438123e+06 1.472434103488922119e-01 -9.576806426048278809e-02 8.896853446960449219e+00
3.291015597644020803e+06 1.472434103488922119e-01 -1.484405100345611572e-01 8.911218643188476562e+00
3.291015625799229834e+06 1.137245818972587585e-01 -1.580173075199127197e-01 8.906430244445800781e+00
3.291015637649281882e+06 1.185129806399345398e-01 -1.340752989053726196e-01 8.916007041931152344e+00
3.291015666110062972e+06 1.376665979623794556e-01 -1.292868852615356445e-01 8.925583839416503906e+00
3.291015677677718922e+06 1.424549967050552368e-01 -1.292868852615356445e-01 8.939949035644531250e+00
3.291015707589176949e+06 1.520318090915679932e-01 -1.388636976480484009e-01 8.949525833129882812e+00
3.291015717944438104e+06 1.233013868331909180e-01 -1.197100877761840820e-01 8.872911453247070312e+00
3.291015747637562919e+06 1.711854189634323120e-01 -1.292868852615356445e-01 8.892065048217773438e+00
3.291015757740219124e+06 1.568202078342437744e-01 -1.149216815829277039e-01 8.858546257019042969e+00
3.291015786439698189e+06 1.568202078342437744e-01 -1.388636976480484009e-01 8.944737434387207031e+00
3.291015798004958779e+06 1.424549967050552368e-01 -1.149216815829277039e-01 8.916007041931152344e+00
3.291015827673656866e+06 1.472434103488922119e-01 -1.197100877761840820e-01 8.925583839416503906e+00
3.291015838048552163e+06 1.568202078342437744e-01 -1.244984865188598633e-01 8.906430244445800781e+00
3.291015865661676973e+06 1.711854189634323120e-01 -1.149216815829277039e-01 8.872911453247070312e+00
3.291015877976364922e+06 1.616086214780807495e-01 -1.388636976480484009e-01 8.901641845703125000e+00
3.291015908134594094e+06 1.568202078342437744e-01 -1.436520963907241821e-01 8.887276649475097656e+00
3.291015917903135996e+06 1.472434103488922119e-01 -1.292868852615356445e-01 8.911218643188476562e+00
3.291015946709906217e+06 1.807622313499450684e-01 -1.197100877761840820e-01 8.877699851989746094e+00
3.291015958447562996e+06 1.472434103488922119e-01 -1.197100877761840820e-01 8.858546257019042969e+00
3.291015988023396116e+06 1.280897855758666992e-01 -2.011129409074783325e-01 9.021351814270019531e+00
3.291015998336833902e+06 1.759738177061080933e-01 -1.675941199064254761e-01 8.892065048217773438e+00
3.291016026530011091e+06 1.663970202207565308e-01 -1.340752989053726196e-01 8.954314231872558594e+00
3.291016038344489876e+06 1.280897855758666992e-01 -1.244984865188598633e-01 8.939949035644531250e+00
3.291016067962510977e+06 1.328781992197036743e-01 -1.532289087772369385e-01 8.872911453247070312e+00
3.291016078458551783e+06 1.376665979623794556e-01 -1.388636976480484009e-01 8.906430244445800781e+00
3.291016104886624962e+06 1.472434103488922119e-01 -1.244984865188598633e-01 8.896853446960449219e+00
3.291016118278551847e+06 1.137245818972587585e-01 -1.388636976480484009e-01 8.825027465820312500e+00
3.291016148038761225e+06 1.233013868331909180e-01 -1.244984865188598633e-01 8.935160636901855469e+00
3.291016158511260990e+06 1.759738177061080933e-01 -1.388636976480484009e-01 8.930372238159179688e+00
3.291016188126365189e+06 1.376665979623794556e-01 -1.340752989053726196e-01 8.863334655761718750e+00
3.291016198522198014e+06 1.424549967050552368e-01 -1.101332753896713257e-01 8.925583839416503906e+00
3.291016226877926849e+06 1.520318090915679932e-01 -1.149216815829277039e-01 8.911218643188476562e+00
3.291016238521989901e+06 1.472434103488922119e-01 -6.224924325942993164e-02 8.906430244445800781e+00
3.291016268354957923e+06 1.759738177061080933e-01 -1.101332753896713257e-01 8.892065048217773438e+00
3.291016278741781134e+06 1.616086214780807495e-01 -1.005564704537391663e-01 8.882488250732421875e+00
3.291016306183082983e+06 1.568202078342437744e-01 -1.723825186491012573e-01 8.944737434387207031e+00
3.291016318531103898e+06 1.328781992197036743e-01 -1.963245421648025513e-01 8.906430244445800781e+00
3.291016348064593971e+06 1.616086214780807495e-01 -1.388636976480484009e-01 8.892065048217773438e+00
3.291016358337458223e+06 1.520318090915679932e-01 -1.580173075199127197e-01 8.887276649475097656e+00
3.291016388075948227e+06 1.520318090915679932e-01 -1.628057211637496948e-01 8.959102630615234375e+00
3.291016398360530846e+06 1.424549967050552368e-01 -1.149216815829277039e-01 8.916007041931152344e+00
3.291016426905271132e+06 1.520318090915679932e-01 -1.292868852615356445e-01 8.954314231872558594e+00
3.291016438630322926e+06 1.233013868331909180e-01 -1.197100877761840820e-01 8.906430244445800781e+00
3.291016468363707885e+06 1.089361757040023804e-01 -9.576806426048278809e-02 8.848969459533691406e+00
3.291016478424542118e+06 1.520318090915679932e-01 -1.580173075199127197e-01 8.872911453247070312e+00
3.291016506958708167e+06 1.520318090915679932e-01 -1.340752989053726196e-01 8.892065048217773438e+00
3.291016518476312049e+06 1.568202078342437744e-01 -1.532289087772369385e-01 8.920795440673828125e+00
3.291016546657405794e+06 1.855506300926208496e-01 -1.436520963907241821e-01 8.935160636901855469e+00
3.291016558702666778e+06 1.376665979623794556e-01 -9.576806426048278809e-02 8.959102630615234375e+00
3.291016586981364992e+06 1.376665979623794556e-01 -1.197100877761840820e-01 8.968679428100585938e+00
3.291016598718135152e+06 1.424549967050552368e-01 -1.244984865188598633e-01 8.920795440673828125e+00
3.291016628487042151e+06 1.568202078342437744e-01 -1.388636976480484009e-01 8.930372238159179688e+00
3.291016638758291956e+06 1.137245818972587585e-01 -1.436520963907241821e-01 8.911218643188476562e+00
3.291016667108083144e+06 1.376665979623794556e-01 -1.580173075199127197e-01 8.892065048217773438e+00
3.291016678637667093e+06 1.233013868331909180e-01 -1.149216815829277039e-01 8.963891029357910156e+00
3.291016708538603969e+06 1.616086214780807495e-01 -6.224924325942993164e-02 8.916007041931152344e+00
3.291016718771573156e+06 9.935937076807022095e-02 -8.619125932455062866e-02 8.906430244445800781e+00
3.291016746189333033e+06 8.978256583213806152e-02 -7.182604819536209106e-02 9.030928611755371094e+00
3.291016758705114014e+06 1.520318090915679932e-01 -1.101332753896713257e-01 8.868123054504394531e+00
3.291016788377666846e+06 1.616086214780807495e-01 -5.746084079146385193e-02 8.911218643188476562e+00
3.291016798759020865e+06 1.663970202207565308e-01 -1.292868852615356445e-01 8.925583839416503906e+00
3.291016828415844124e+06 1.663970202207565308e-01 -1.244984865188598633e-01 8.892065048217773438e+00
3.291016838769124821e+06 1.616086214780807495e-01 -1.628057211637496948e-01 8.930372238159179688e+00
3.291016867114020977e+06 1.759738177061080933e-01 -1.053448766469955444e-01 8.906430244445800781e+00
3.291016878816832788e+06 1.376665979623794556e-01 -1.292868852615356445e-01 8.939949035644531250e+00
3.291016908790947869e+06 1.185129806399345398e-01 -1.005564704537391663e-01 8.916007041931152344e+00
3.291016919261937030e+06 1.711854189634323120e-01 -9.576806426048278809e-02 8.939949035644531250e+00
3.291016947187927086e+06 1.520318090915679932e-01 -1.197100877761840820e-01 8.882488250732421875e+00
3.291016958908447996e+06 1.903390288352966309e-01 -1.340752989053726196e-01 8.872911453247070312e+00
3.291016986937146168e+06 1.855506300926208496e-01 -1.340752989053726196e-01 8.844181060791015625e+00
3.291016999354072846e+06 1.568202078342437744e-01 -1.388636976480484009e-01 8.911218643188476562e+00
3.291017027687562164e+06 1.472434103488922119e-01 -1.244984865188598633e-01 8.887276649475097656e+00
3.291017039198603947e+06 1.424549967050552368e-01 -1.053448766469955444e-01 8.944737434387207031e+00
3.291017068925322965e+06 1.089361757040023804e-01 -1.340752989053726196e-01 8.906430244445800781e+00
3.291017079403134994e+06 1.520318090915679932e-01 -1.197100877761840820e-01 8.916007041931152344e+00
3.291017109093239065e+06 1.520318090915679932e-01 -1.101332753896713257e-01 8.892065048217773438e+00
3.291017119394177105e+06 1.376665979623794556e-01 -1.484405100345611572e-01 8.892065048217773438e+00
3.291017147808500100e+06 1.616086214780807495e-01 -1.244984865188598633e-01 8.944737434387207031e+00
3.291017159315375146e+06 1.616086214780807495e-01 -1.244984865188598633e-01 8.877699851989746094e+00
3.291017189037979115e+06 1.855506300926208496e-01 -1.436520963907241821e-01 8.877699851989746094e+00
3.291017199505687226e+06 1.376665979623794556e-01 -1.244984865188598633e-01 8.863334655761718750e+00
3.291017226682926994e+06 1.424549967050552368e-01 -1.388636976480484009e-01 8.906430244445800781e+00
3.291017239409072790e+06 1.759738177061080933e-01 -1.053448766469955444e-01 8.920795440673828125e+00
3.291017269162198063e+06 1.137245818972587585e-01 -1.053448766469955444e-01 8.896853446960449219e+00
3.291017279553915840e+06 1.137245818972587585e-01 -1.292868852615356445e-01 8.911218643188476562e+00
3.291017308092718013e+06 1.280897855758666992e-01 -1.244984865188598633e-01 8.930372238159179688e+00
3.291017319433447905e+06 1.089361757040023804e-01 -1.101332753896713257e-01 8.882488250732421875e+00
3.291017349000166170e+06 1.328781992197036743e-01 -1.244984865188598633e-01 8.858546257019042969e+00
3.291017359297458082e+06 1.568202078342437744e-01 -1.436520963907241821e-01 8.939949035644531250e+00
3.291017389500583056e+06 1.424549967050552368e-01 -9.097966551780700684e-02 8.892065048217773438e+00
3.291017399561415892e+06 1.280897855758666992e-01 -1.484405100345611572e-01 8.916007041931152344e+00
3.291017426169229206e+06 1.280897855758666992e-01 -9.097966551780700684e-02 8.892065048217773438e+00
3.291017439599229023e+06 1.663970202207565308e-01 -1.532289087772369385e-01 8.906430244445800781e+00
3.291017469326156192e+06 1.711854189634323120e-01 -1.532289087772369385e-01 8.939949035644531250e+00
3.291017479596207850e+06 1.233013868331909180e-01 -1.292868852615356445e-01 8.930372238159179688e+00
3.291017508116936777e+06 1.137245818972587585e-01 -9.576806426048278809e-02 8.882488250732421875e+00
3.291017519813395105e+06 1.855506300926208496e-01 -1.197100877761840820e-01 8.872911453247070312e+00
3.291017549353030976e+06 1.137245818972587585e-01 -1.149216815829277039e-01 8.896853446960449219e+00
3.291017559843291063e+06 1.233013868331909180e-01 -1.197100877761840820e-01 8.858546257019042969e+00
3.291017588394540828e+06 1.328781992197036743e-01 -9.576806426048278809e-02 8.863334655761718750e+00
3.291017599956000224e+06 1.424549967050552368e-01 -1.053448766469955444e-01 8.920795440673828125e+00
3.291017629629749805e+06 1.328781992197036743e-01 -1.197100877761840820e-01 8.906430244445800781e+00
3.291017639939437155e+06 1.185129806399345398e-01 -1.436520963907241821e-01 8.949525833129882812e+00
3.291017667371260002e+06 1.616086214780807495e-01 -9.097966551780700684e-02 8.916007041931152344e+00
3.291017679966832977e+06 1.233013868331909180e-01 -8.619125932455062866e-02 8.920795440673828125e+00
3.291017709643134847e+06 1.185129806399345398e-01 -1.436520963907241821e-01 8.959102630615234375e+00
3.291017720046051778e+06 1.711854189634323120e-01 -1.149216815829277039e-01 8.896853446960449219e+00
3.291017749910218176e+06 1.759738177061080933e-01 -1.484405100345611572e-01 8.935160636901855469e+00
3.291017759875686839e+06 1.520318090915679932e-01 -1.101332753896713257e-01 8.896853446960449219e+00
3.291017788040895015e+06 1.568202078342437744e-01 -1.292868852615356445e-01 8.887276649475097656e+00
3.291017799917770084e+06 1.616086214780807495e-01 -1.149216815829277039e-01 8.906430244445800781e+00
3.291017829462144990e+06 1.137245818972587585e-01 -1.292868852615356445e-01 8.992621421813964844e+00
3.291017839911520015e+06 1.568202078342437744e-01 -1.436520963907241821e-01 8.829815864562988281e+00
3.291017868297353853e+06 1.424549967050552368e-01 -1.388636976480484009e-01 8.892065048217773438e+00
3.291017879788760096e+06 1.328781992197036743e-01 -1.005564704537391663e-01 8.892065048217773438e+00
3.291017907770842779e+06 1.233013868331909180e-01 -1.149216815829277039e-01 8.925583839416503906e+00
3.291017919800531119e+06 1.520318090915679932e-01 -1.532289087772369385e-01 8.887276649475097656e+00
3.291017948172510136e+06 1.472434103488922119e-01 -1.244984865188598633e-01 8.863334655761718750e+00
3.291017959845635109e+06 1.328781992197036743e-01 -1.197100877761840820e-01 8.916007041931152344e+00
3.291017989595583174e+06 1.759738177061080933e-01 -1.388636976480484009e-01 8.901641845703125000e+00
3.291017999908811878e+06 1.376665979623794556e-01 -1.340752989053726196e-01 8.949525833129882812e+00
3.291018028448656201e+06 1.520318090915679932e-01 -1.197100877761840820e-01 8.930372238159179688e+00
3.291018039938343223e+06 1.472434103488922119e-01 -1.197100877761840820e-01 8.887276649475097656e+00
3.291018069855894893e+06 1.711854189634323120e-01 -1.149216815829277039e-01 8.930372238159179688e+00
3.291018079953499138e+06 1.472434103488922119e-01 -9.097966551780700684e-02 8.983044624328613281e+00
3.291018107670687139e+06 1.520318090915679932e-01 -1.436520963907241821e-01 8.906430244445800781e+00
3.291018120023135096e+06 1.568202078342437744e-01 -1.053448766469955444e-01 8.978256225585937500e+00
3.291018153016989119e+06 1.376665979623794556e-01 -1.340752989053726196e-01 8.877699851989746094e+00
3.291018160039228853e+06 1.472434103488922119e-01 -9.097966551780700684e-02 8.920795440673828125e+00
3.291018189945374150e+06 1.137245818972587585e-01 -9.576806426048278809e-02 8.863334655761718750e+00
3.291018200081207789e+06 1.376665979623794556e-01 -1.388636976480484009e-01 8.872911453247070312e+00
3.291018228708031122e+06 1.568202078342437744e-01 -1.101332753896713257e-01 8.896853446960449219e+00
3.291018240297717974e+06 1.903390288352966309e-01 -1.340752989053726196e-01 8.944737434387207031e+00
3.291018270056780893e+06 1.663970202207565308e-01 -1.101332753896713257e-01 8.887276649475097656e+00
3.291018280367926229e+06 1.424549967050552368e-01 -1.101332753896713257e-01 8.911218643188476562e+00
3.291018308772458229e+06 1.759738177061080933e-01 -1.436520963907241821e-01 8.949525833129882812e+00
3.291018320427925792e+06 1.616086214780807495e-01 -1.388636976480484009e-01 8.954314231872558594e+00
3.291018348308708053e+06 1.520318090915679932e-01 -1.244984865188598633e-01 8.906430244445800781e+00
3.291018360246260185e+06 1.759738177061080933e-01 -1.197100877761840820e-01 8.892065048217773438e+00
3.291018390009385068e+06 1.280897855758666992e-01 -1.197100877761840820e-01 8.887276649475097656e+00
3.291018400469228160e+06 1.424549967050552368e-01 -1.532289087772369385e-01 8.911218643188476562e+00
3.291018428885687143e+06 1.280897855758666992e-01 -1.292868852615356445e-01 8.925583839416503906e+00
3.291018440526363906e+06 1.376665979623794556e-01 -1.340752989053726196e-01 8.887276649475097656e+00
3.291018470044489019e+06 1.999158412218093872e-01 -1.484405100345611572e-01 8.882488250732421875e+00
3.291018480613083113e+06 1.041477769613265991e-01 -1.532289087772369385e-01 8.906430244445800781e+00
3.291018509021571837e+06 1.520318090915679932e-01 -1.436520963907241821e-01 8.911218643188476562e+00
3.291018520744957961e+06 1.424549967050552368e-01 -8.619125932455062866e-02 8.916007041931152344e+00
3.291018550527770072e+06 1.568202078342437744e-01 -1.244984865188598633e-01 8.920795440673828125e+00
3.291018560613708105e+06 1.376665979623794556e-01 -1.388636976480484009e-01 8.892065048217773438e+00
3.291018588159123901e+06 1.472434103488922119e-01 -9.576806426048278809e-02 8.896853446960449219e+00
3.291018600942717865e+06 1.472434103488922119e-01 -1.484405100345611572e-01 8.911218643188476562e+00
3.291018630393864121e+06 1.137245818972587585e-01 -1.580173075199127197e-01 8.906430244445800781e+00
3.291018640899696853e+06 1.185129806399345398e-01 -1.340752989053726196e-01 8.916007041931152344e+00
3.291018669030217919e+06 1.376665979623794556e-01 -1.292868852615356445e-01 8.925583839416503906e+00
3.291018680932978168e+06 1.424549967050552368e-01 -1.292868852615356445e-01 8.939949035644531250e+00
3.291018710858238861e+06 1.520318090915679932e-01 -1.388636976480484009e-01 8.949525833129882812e+00
3.291018721010270063e+06 1.233013868331909180e-01 -1.197100877761840820e-01 8.872911453247070312e+00
3.291018750542457215e+06 1.711854189634323120e-01 -1.292868852615356445e-01 8.892065048217773438e+00
3.291018760953759775e+06 1.568202078342437744e-01 -1.149216815829277039e-01 8.858546257019042969e+00
3.291018787655218039e+06 1.568202078342437744e-01 -1.388636976480484009e-01 8.944737434387207031e+00
3.291018801040322054e+06 1.424549967050552368e-01 -1.149216815829277039e-01 8.916007041931152344e+00
3.291018830848968122e+06 1.472434103488922119e-01 -1.197100877761840820e-01 8.925583839416503906e+00
3.291018841123654973e+06 1.568202078342437744e-01 -1.244984865188598633e-01 8.906430244445800781e+00
3.291018869447873905e+06 1.711854189634323120e-01 -1.149216815829277039e-01 8.872911453247070312e+00
3.291018881118499208e+06 1.616086214780807495e-01 -1.388636976480484009e-01 8.901641845703125000e+00
3.291018910924020223e+06 1.568202078342437744e-01 -1.436520963907241821e-01 8.887276649475097656e+00
3.291018921165530104e+06 1.472434103488922119e-01 -1.292868852615356445e-01 8.911218643188476562e+00
3.291018949352717958e+06 1.807622313499450684e-01 -1.197100877761840820e-01 8.877699851989746094e+00
3.291018961216102820e+06 1.472434103488922119e-01 -1.197100877761840820e-01 8.858546257019042969e+00
3.291018990860790946e+06 1.280897855758666992e-01 -2.011129409074783325e-01 9.021351814270019531e+00
3.291019001244957093e+06 1.759738177061080933e-01 -1.675941199064254761e-01 8.892065048217773438e+00
3.291019028434436768e+06 1.663970202207565308e-01 -1.340752989053726196e-01 8.954314231872558594e+00
3.291019041093239095e+06 1.280897855758666992e-01 -1.244984865188598633e-01 8.939949035644531250e+00
3.291019070712092798e+06 1.328781992197036743e-01 -1.532289087772369385e-01 8.872911453247070312e+00
3.291019080991364084e+06 1.376665979623794556e-01 -1.388636976480484009e-01 8.906430244445800781e+00
3.291019111108915880e+06 1.472434103488922119e-01 -1.244984865188598633e-01 8.896853446960449219e+00
3.291019121331624221e+06 1.137245818972587585e-01 -1.388636976480484009e-01 8.825027465820312500e+00
3.291019149788082112e+06 1.233013868331909180e-01 -1.244984865188598633e-01 8.935160636901855469e+00
3.291019161383864004e+06 1.759738177061080933e-01 -1.388636976480484009e-01 8.930372238159179688e+00
3.291019191207977943e+06 1.376665979623794556e-01 -1.340752989053726196e-01 8.863334655761718750e+00
3.291019201277561020e+06 1.424549967050552368e-01 -1.101332753896713257e-01 8.925583839416503906e+00
3.291019229447822087e+06 1.520318090915679932e-01 -1.149216815829277039e-01 8.911218643188476562e+00
3.291019241258081980e+06 1.472434103488922119e-01 -6.224924325942993164e-02 8.906430244445800781e+00
3.291019269425321836e+06 1.759738177061080933e-01 -1.101332753896713257e-01 8.892065048217773438e+00
3.291019281157249119e+06 1.616086214780807495e-01 -1.005564704537391663e-01 8.882488250732421875e+00
3.291019309716103133e+06 1.568202078342437744e-01 -1.723825186491012573e-01 8.944737434387207031e+00
3.291019321188081987e+06 1.328781992197036743e-01 -1.963245421648025513e-01 8.906430244445800781e+00
3.291019351005477831e+06 1.616086214780807495e-01 -1.388636976480484009e-01 8.892065048217773438e+00
3.291019361249331851e+06 1.520318090915679932e-01 -1.580173075199127197e-01 8.887276649475097656e+00
3.291019389816624112e+06 1.520318090915679932e-01 -1.628057211637496948e-01 8.959102630615234375e+00
3.291019401244176086e+06 1.424549967050552368e-01 -1.149216815829277039e-01 8.916007041931152344e+00
3.291019431217040867e+06 1.520318090915679932e-01 -1.292868852615356445e-01 8.954314231872558594e+00
3.291019441460060887e+06 1.233013868331909180e-01 -1.197100877761840820e-01 8.906430244445800781e+00
3.291019471239748877e+06 1.089361757040023804e-01 -9.576806426048278809e-02 8.848969459533691406e+00
3.291019481476258952e+06 1.520318090915679932e-01 -1.580173075199127197e-01 8.872911453247070312e+00
3.291019509075373877e+06 1.520318090915679932e-01 -1.340752989053726196e-01 8.892065048217773438e+00
3.291019521539331879e+06 1.568202078342437744e-01 -1.532289087772369385e-01 8.920795440673828125e+00
3.291019551334748976e+06 1.855506300926208496e-01 -1.436520963907241821e-01 8.935160636901855469e+00
3.291019561599331908e+06 1.376665979623794556e-01 -9.576806426048278809e-02 8.959102630615234375e+00
3.291019589966832194e+06 1.376665979623794556e-01 -1.197100877761840820e-01 8.968679428100585938e+00
3.291019601842456963e+06 1.424549967050552368e-01 -1.244984865188598633e-01 8.920795440673828125e+00
3.291019631681884173e+06 1.568202078342437744e-01 -1.388636976480484009e-01 8.930372238159179688e+00
3.291019641895999201e+06 1.137245818972587585e-01 -1.436520963907241821e-01 8.911218643188476562e+00
3.291019670244175941e+06 1.376665979623794556e-01 -1.580173075199127197e-01 8.892065048217773438e+00
3.291019681721935980e+06 1.233013868331909180e-01 -1.149216815829277039e-01 8.963891029357910156e+00
3.291019709802196827e+06 1.616086214780807495e-01 -6.224924325942993164e-02 8.916007041931152344e+00
3.291019721792717930e+06 9.935937076807022095e-02 -8.619125932455062866e-02 8.906430244445800781e+00
3.291019751519904938e+06 8.978256583213806152e-02 -7.182604819536209106e-02 9.030928611755371094e+00
3.291019761740164831e+06 1.520318090915679932e-01 -1.101332753896713257e-01 8.868123054504394531e+00
3.291019790105374064e+06 1.616086214780807495e-01 -5.746084079146385193e-02 8.911218643188476562e+00
3.291019801792249084e+06 1.663970202207565308e-01 -1.292868852615356445e-01 8.925583839416503906e+00
3.291019831598133780e+06 1.663970202207565308e-01 -1.244984865188598633e-01 8.892065048217773438e+00
3.291019841803289950e+06 1.616086214780807495e-01 -1.628057211637496948e-01 8.930372238159179688e+00
3.291019870231831912e+06 1.759738177061080933e-01 -1.053448766469955444e-01 8.906430244445800781e+00
3.291019881874539889e+06 1.376665979623794556e-01 -1.292868852615356445e-01 8.939949035644531250e+00
3.291019911670894828e+06 1.185129806399345398e-01 -1.005564704537391663e-01 8.916007041931152344e+00
3.291019921915322077e+06 1.711854189634323120e-01 -9.576806426048278809e-02 8.939949035644531250e+00
3.291019949450374115e+06 1.520318090915679932e-01 -1.197100877761840820e-01 8.882488250732421875e+00
3.291019961953029968e+06 1.903390288352966309e-01 -1.340752989053726196e-01 8.872911453247070312e+00
3.291019991768654902e+06 1.855506300926208496e-01 -1.340752989053726196e-01 8.844181060791015625e+00
3.291020001991727855e+06 1.568202078342437744e-01 -1.388636976480484009e-01 8.911218643188476562e+00
3.291020030360581819e+06 1.472434103488922119e-01 -1.244984865188598633e-01 8.887276649475097656e+00
3.291020042004123796e+06 1.424549967050552368e-01 -1.053448766469955444e-01 8.944737434387207031e+00
3.291020071824383922e+06 1.089361757040023804e-01 -1.340752989053726196e-01 8.906430244445800781e+00
3.291020082054331899e+06 1.520318090915679932e-01 -1.197100877761840820e-01 8.916007041931152344e+00
3.291020111882822122e+06 1.520318090915679932e-01 -1.101332753896713257e-01 8.892065048217773438e+00
3.291020122095373925e+06 1.376665979623794556e-01 -1.484405100345611572e-01 8.892065048217773438e+00
3.291020148817300797e+06 1.616086214780807495e-01 -1.244984865188598633e-01 8.944737434387207031e+00
3.291020162165633868e+06 1.616086214780807495e-01 -1.244984865188598633e-01 8.877699851989746094e+00
3.291020191941883881e+06 1.855506300926208496e-01 -1.436520963907241821e-01 8.877699851989746094e+00
3.291020202331258915e+06 1.376665979623794556e-01 -1.244984865188598633e-01 8.863334655761718750e+00
3.291020230577405076e+06 1.424549967050552368e-01 -1.388636976480484009e-01 8.906430244445800781e+00
3.291020242133550812e+06 1.759738177061080933e-01 -1.053448766469955444e-01 8.920795440673828125e+00
3.291020272052039858e+06 1.137245818972587585e-01 -1.053448766469955444e-01 8.896853446960449219e+00
3.291020282371310983e+06 1.137245818972587585e-01 -1.292868852615356445e-01 8.911218643188476562e+00
3.291020310639591888e+06 1.280897855758666992e-01 -1.244984865188598633e-01 8.930372238159179688e+00
3.291020322301779874e+06 1.089361757040023804e-01 -1.101332753896713257e-01 8.882488250732421875e+00
3.291020352261310909e+06 1.328781992197036743e-01 -1.244984865188598633e-01 8.858546257019042969e+00
3.291020362293133978e+06 1.568202078342437744e-01 -1.436520963907241821e-01 8.939949035644531250e+00
3.291020389936883934e+06 1.424549967050552368e-01 -9.097966551780700684e-02 8.892065048217773438e+00
3.291020402581831906e+06 1.280897855758666992e-01 -1.484405100345611572e-01 8.916007041931152344e+00
3.291020432203290053e+06 1.280897855758666992e-01 -9.097966551780700684e-02 8.892065048217773438e+00
3.291020442365738098e+06 1.663970202207565308e-01 -1.532289087772369385e-01 8.906430244445800781e+00
3.291020472165789921e+06 1.711854189634323120e-01 -1.532289087772369385e-01 8.939949035644531250e+00
3.291020482442457229e+06 1.233013868331909180e-01 -1.292868852615356445e-01 8.930372238159179688e+00
3.291020510856362991e+06 1.137245818972587585e-01 -9.576806426048278809e-02 8.882488250732421875e+00
3.291020522498237900e+06 1.855506300926208496e-01 -1.197100877761840820e-01 8.872911453247070312e+00
3.291020552294019144e+06 1.137245818972587585e-01 -1.149216815829277039e-01 8.896853446960449219e+00
3.291020562510061078e+06 1.233013868331909180e-01 -1.197100877761840820e-01 8.858546257019042969e+00
3.291020590914436150e+06 1.328781992197036743e-01 -9.576806426048278809e-02 8.863334655761718750e+00
3.291020602560373023e+06 1.424549967050552368e-01 -1.053448766469955444e-01 8.920795440673828125e+00
3.291020630620529875e+06 1.328781992197036743e-01 -1.197100877761840820e-01 8.906430244445800781e+00
3.291020642616780009e+06 1.185129806399345398e-01 -1.436520963907241821e-01 8.949525833129882812e+00
3.291020670993863139e+06 1.616086214780807495e-01 -9.097966551780700684e-02 8.916007041931152344e+00
3.291020682832248043e+06 1.233013868331909180e-01 -8.619125932455062866e-02 8.920795440673828125e+00
3.291020712441883981e+06 1.185129806399345398e-01 -1.436520963907241821e-01 8.959102630615234375e+00
3.291020722494175192e+06 1.711854189634323120e-01 -1.149216815829277039e-01 8.896853446960449219e+00
3.291020751058810856e+06 1.759738177061080933e-01 -1.484405100345611572e-01 8.935160636901855469e+00
3.291020762883654796e+06 1.520318090915679932e-01 -1.101332753896713257e-01 8.896853446960449219e+00
3.291020792491311207e+06 1.568202078342437744e-01 -1.292868852615356445e-01 8.887276649475097656e+00
3.291020802863290068e+06 1.616086214780807495e-01 -1.149216815829277039e-01 8.906430244445800781e+00
3.291020832608081866e+06 1.137245818972587585e-01 -1.292868852615356445e-01 8.992621421813964844e+00
3.291020842938289978e+06 1.568202078342437744e-01 -1.436520963907241821e-01 8.829815864562988281e+00
3.291020870342873037e+06 1.424549967050552368e-01 -1.388636976480484009e-01 8.892065048217773438e+00
3.291020883018497843e+06 1.328781992197036743e-01 -1.005564704537391663e-01 8.892065048217773438e+00
3.291020912611780223e+06 1.233013868331909180e-01 -1.149216815829277039e-01 8.925583839416503906e+00
3.291020923019799870e+06 1.520318090915679932e-01 -1.532289087772369385e-01 8.887276649475097656e+00
3.291020951689957175e+06 1.472434103488922119e-01 -1.244984865188598633e-01 8.863334655761718750e+00
3.291020963483707048e+06 1.328781992197036743e-01 -1.197100877761840820e-01 8.916007041931152344e+00
3.291020992731779814e+06 1.759738177061080933e-01 -1.388636976480484009e-01 8.901641845703125000e+00
3.291021003057039808e+06 1.376665979623794556e-01 -1.340752989053726196e-01 8.949525833129882812e+00
3.291021031350842211e+06 1.520318090915679932e-01 -1.197100877761840820e-01 8.930372238159179688e+00
3.291021042998082004e+06 1.472434103488922119e-01 -1.197100877761840820e-01 8.887276649475097656e+00
3.291021070902872831e+06 1.711854189634323120e-01 -1.149216815829277039e-01 8.930372238159179688e+00
3.291021083236832172e+06 1.472434103488922119e-01 -9.097966551780700684e-02 8.983044624328613281e+00
3.291021113047143910e+06 1.520318090915679932e-01 -1.436520963907241821e-01 8.906430244445800781e+00
3.291021123031467199e+06 1.568202078342437744e-01 -1.053448766469955444e-01 8.978256225585937500e+00
3.291021151635425165e+06 1.376665979623794556e-01 -1.340752989053726196e-01 8.877699851989746094e+00
3.291021163234175183e+06 1.472434103488922119e-01 -9.097966551780700684e-02 8.920795440673828125e+00
3.291021192732300144e+06 1.137245818972587585e-01 -9.576806426048278809e-02 8.863334655761718750e+00
3.291021203138654120e+06 1.376665979623794556e-01 -1.388636976480484009e-01 8.872911453247070312e+00
3.291021231603289954e+06 1.568202078342437744e-01 -1.101332753896713257e-01 8.896853446960449219e+00
3.291021243283133954e+06 1.903390288352966309e-01 -1.340752989053726196e-01 8.944737434387207031e+00
3.291021273233185988e+06 1.663970202207565308e-01 -1.101332753896713257e-01 8.887276649475097656e+00
3.291021283495842014e+06 1.424549967050552368e-01 -1.101332753896713257e-01 8.911218643188476562e+00
3.291021311028342228e+06 1.759738177061080933e-01 -1.436520963907241821e-01 8.949525833129882812e+00
3.291021323504799977e+06 1.616086214780807495e-01 -1.388636976480484009e-01 8.954314231872558594e+00
3.291021353304644115e+06 1.520318090915679932e-01 -1.244984865188598633e-01 8.906430244445800781e+00
3.291021363344330806e+06 1.759738177061080933e-01 -1.197100877761840820e-01 8.892065048217773438e+00
3.291021391845060978e+06 1.280897855758666992e-01 -1.197100877761840820e-01 8.887276649475097656e+00
3.291021403502196074e+06 1.424549967050552368e-01 -1.532289087772369385e-01 8.911218643188476562e+00
3.291021433160738088e+06 1.280897855758666992e-01 -1.292868852615356445e-01 8.925583839416503906e+00
3.291021443594122771e+06 1.376665979623794556e-01 -1.340752989053726196e-01 8.887276649475097656e+00
3.291021473246622831e+06 1.999158412218093872e-01 -1.484405100345611572e-01 8.882488250732421875e+00
3.291021483455216978e+06 1.041477769613265991e-01 -1.532289087772369385e-01 8.906430244445800781e+00
3.291021510387247894e+06 1.520318090915679932e-01 -1.436520963907241821e-01 8.911218643188476562e+00
3.291021523457455914e+06 1.424549967050552368e-01 -8.619125932455062866e-02 8.916007041931152344e+00
3.291021553093863185e+06 1.568202078342437744e-01 -1.244984865188598633e-01 8.920795440673828125e+00
3.291021563495581038e+06 1.376665979623794556e-01 -1.388636976480484009e-01 8.892065048217773438e+00
3.291021591737613082e+06 1.472434103488922119e-01 -9.576806426048278809e-02 8.896853446960449219e+00
3.291021603391205892e+06 1.472434103488922119e-01 -1.484405100345611572e-01 8.911218643188476562e+00
3.291021633164383005e+06 1.137245818972587585e-01 -1.580173075199127197e-01 8.906430244445800781e+00
3.291021643541519064e+06 1.185129806399345398e-01 -1.340752989053726196e-01 8.916007041931152344e+00
3.291021672010007780e+06 1.376665979623794556e-01 -1.292868852615356445e-01 8.925583839416503906e+00
3.291021683632820845e+06 1.424549967050552368e-01 -1.292868852615356445e-01 8.939949035644531250e+00
3.291021713387039956e+06 1.520318090915679932e-01 -1.388636976480484009e-01 8.949525833129882812e+00
3.291021723667769227e+06 1.233013868331909180e-01 -1.197100877761840820e-01 8.872911453247070312e+00
3.291021751171101816e+06 1.711854189634323120e-01 -1.292868852615356445e-01 8.892065048217773438e+00
3.291021763655477203e+06 1.568202078342437744e-01 -1.149216815829277039e-01 8.858546257019042969e+00
3.291021793539330829e+06 1.568202078342437744e-01 -1.388636976480484009e-01 8.944737434387207031e+00
3.291021803749800194e+06 1.424549967050552368e-01 -1.149216815829277039e-01 8.916007041931152344e+00
3.291021833543080837e+06 1.472434103488922119e-01 -1.197100877761840820e-01 8.925583839416503906e+00
3.291021843836622778e+06 1.568202078342437744e-01 -1.244984865188598633e-01 8.906430244445800781e+00
3.291021872124591842e+06 1.711854189634323120e-01 -1.149216815829277039e-01 8.872911453247070312e+00
3.291021884006779175e+06 1.616086214780807495e-01 -1.388636976480484009e-01 8.901641845703125000e+00
3.291021913599071093e+06 1.568202078342437744e-01 -1.436520963907241821e-01 8.887276649475097656e+00
3.291021923808133230e+06 1.472434103488922119e-01 -1.292868852615356445e-01 8.911218643188476562e+00
3.291021952237456106e+06 1.807622313499450684e-01 -1.197100877761840820e-01 8.877699851989746094e+00
3.291021963877507951e+06 1.472434103488922119e-01 -1.197100877761840820e-01 8.858546257019042969e+00
3.291021991972144227e+06 1.280897855758666992e-01 -2.011129409074783325e-01 9.021351814270019531e+00
3.291022003914540168e+06 1.759738177061080933e-01 -1.675941199064254761e-01 8.892065048217773438e+00
3.291022032302611973e+06 1.663970202207565308e-01 -1.340752989053726196e-01 8.954314231872558594e+00
3.291022043944955803e+06 1.280897855758666992e-01 -1.244984865188598633e-01 8.939949035644531250e+00
3.291022073815321084e+06 1.328781992197036743e-01 -1.532289087772369385e-01 8.872911453247070312e+00
3.291022084042508155e+06 1.376665979623794556e-01 -1.388636976480484009e-01 8.906430244445800781e+00
3.291022112448342144e+06 1.472434103488922119e-01 -1.244984865188598633e-01 8.896853446960449219e+00
3.291022124112247955e+06 1.137245818972587585e-01 -1.388636976480484009e-01 8.825027465820312500e+00
3.291022153901674785e+06 1.233013868331909180e-01 -1.244984865188598633e-01 8.935160636901855469e+00
3.291022164119695779e+06 1.759738177061080933e-01 -1.388636976480484009e-01 8.930372238159179688e+00
3.291022193722872995e+06 1.376665979623794556e-01 -1.340752989053726196e-01 8.863334655761718750e+00
3.291022204286674969e+06 1.424549967050552368e-01 -1.101332753896713257e-01 8.925583839416503906e+00
3.291022231557455845e+06 1.520318090915679932e-01 -1.149216815829277039e-01 8.911218643188476562e+00
3.291022243995529134e+06 1.472434103488922119e-01 -6.224924325942993164e-02 8.906430244445800781e+00
3.291022274008966982e+06 1.759738177061080933e-01 -1.101332753896713257e-01 8.892065048217773438e+00
3.291022284249539021e+06 1.616086214780807495e-01 -1.005564704537391663e-01 8.882488250732421875e+00
3.291022312609695829e+06 1.568202078342437744e-01 -1.723825186491012573e-01 8.944737434387207031e+00
3.291022324285111856e+06 1.328781992197036743e-01 -1.963245421648025513e-01 8.906430244445800781e+00
3.291022354042559862e+06 1.616086214780807495e-01 -1.388636976480484009e-01 8.892065048217773438e+00
3.291022364127351902e+06 1.520318090915679932e-01 -1.580173075199127197e-01 8.887276649475097656e+00
3.291022392669382971e+06 1.520318090915679932e-01 -1.628057211637496948e-01 8.959102630615234375e+00
3.291022404304070864e+06 1.424549967050552368e-01 -1.149216815829277039e-01 8.916007041931152344e+00
3.291022432212091051e+06 1.520318090915679932e-01 -1.292868852615356445e-01 8.954314231872558594e+00
3.291022444525477011e+06 1.233013868331909180e-01 -1.197100877761840820e-01 8.906430244445800781e+00
3.291022474177403841e+06 1.089361757040023804e-01 -9.576806426048278809e-02 8.848969459533691406e+00
3.291022484393029008e+06 1.520318090915679932e-01 -1.580173075199127197e-01 8.872911453247070312e+00
3.291022512831883039e+06 1.520318090915679932e-01 -1.340752989053726196e-01 8.892065048217773438e+00
3.291022524568601977e+06 1.568202078342437744e-01 -1.532289087772369385e-01 8.920795440673828125e+00
3.291022554183810018e+06 1.855506300926208496e-01 -1.436520963907241821e-01 8.935160636901855469e+00
3.291022564502925146e+06 1.376665979623794556e-01 -9.576806426048278809e-02 8.959102630615234375e+00
3.291022592800893821e+06 1.376665979623794556e-01 -1.197100877761840820e-01 8.968679428100585938e+00
3.291022604503132869e+06 1.424549967050552368e-01 -1.244984865188598633e-01 8.920795440673828125e+00
3.291022634320111945e+06 1.568202078342437744e-01 -1.388636976480484009e-01 8.930372238159179688e+00
3.291022644692716189e+06 1.137245818972587585e-01 -1.436520963907241821e-01 8.911218643188476562e+00
3.291022672144955955e+06 1.376665979623794556e-01 -1.580173075199127197e-01 8.892065048217773438e+00
3.291022684748184867e+06 1.233013868331909180e-01 -1.149216815829277039e-01 8.963891029357910156e+00
3.291022714403185062e+06 1.616086214780807495e-01 -6.224924325942993164e-02 8.916007041931152344e+00
3.291022724651049823e+06 9.935937076807022095e-02 -8.619125932455062866e-02 8.906430244445800781e+00
3.291022754504486918e+06 8.978256583213806152e-02 -7.182604819536209106e-02 9.030928611755371094e+00
3.291022764731050003e+06 1.520318090915679932e-01 -1.101332753896713257e-01 8.868123054504394531e+00
3.291022792899278924e+06 1.616086214780807495e-01 -5.746084079146385193e-02 8.911218643188476562e+00
3.291022804858184885e+06 1.663970202207565308e-01 -1.292868852615356445e-01 8.925583839416503906e+00
3.291022834624696057e+06 1.663970202207565308e-01 -1.244984865188598633e-01 8.892065048217773438e+00
3.291022844732873142e+06 1.616086214780807495e-01 -1.628057211637496948e-01 8.930372238159179688e+00
3.291022871430736966e+06 1.759738177061080933e-01 -1.053448766469955444e-01 8.906430244445800781e+00
3.291022884811831173e+06 1.376665979623794556e-01 -1.292868852615356445e-01 8.939949035644531250e+00
3.291022914631309919e+06 1.185129806399345398e-01 -1.005564704537391663e-01 8.916007041931152344e+00
3.291022924869018141e+06 1.711854189634323120e-01 -9.576806426048278809e-02 8.939949035644531250e+00
3.291022953185840975e+06 1.520318090915679932e-01 -1.197100877761840820e-01 8.882488250732421875e+00
3.291022964886518195e+06 1.903390288352966309e-01 -1.340752989053726196e-01 8.872911453247070312e+00
3.291022994594279211e+06 1.855506300926208496e-01 -1.340752989053726196e-01 8.844181060791015625e+00
3.291023004951934796e+06 1.568202078342437744e-01 -1.388636976480484009e-01 8.911218643188476562e+00
3.291023033331986982e+06 1.472434103488922119e-01 -1.244984865188598633e-01 8.887276649475097656e+00
3.291023044771518093e+06 1.424549967050552368e-01 -1.053448766469955444e-01 8.944737434387207031e+00
3.291023074630059768e+06 1.089361757040023804e-01 -1.340752989053726196e-01 8.906430244445800781e+00
3.291023084770841058e+06 1.520318090915679932e-01 -1.197100877761840820e-01 8.916007041931152344e+00
3.291023112567611970e+06 1.520318090915679932e-01 -1.101332753896713257e-01 8.892065048217773438e+00
3.291023125055164099e+06 1.376665979623794556e-01 -1.484405100345611572e-01 8.892065048217773438e+00
3.291023154596361797e+06 1.616086214780807495e-01 -1.244984865188598633e-01 8.944737434387207031e+00
3.291023164930268191e+06 1.616086214780807495e-01 -1.244984865188598633e-01 8.877699851989746094e+00
3.291023195126309991e+06 1.855506300926208496e-01 -1.436520963907241821e-01 8.877699851989746094e+00
3.291023204915060196e+06 1.376665979623794556e-01 -1.244984865188598633e-01 8.863334655761718750e+00
3.291023233626621775e+06 1.424549967050552368e-01 -1.388636976480484009e-01 8.906430244445800781e+00
3.291023245146883186e+06 1.759738177061080933e-01 -1.053448766469955444e-01 8.920795440673828125e+00
3.291023274968809914e+06 1.137245818972587585e-01 -1.053448766469955444e-01 8.896853446960449219e+00
3.291023285425007809e+06 1.137245818972587585e-01 -1.292868852615356445e-01 8.911218643188476562e+00
3.291023313699018210e+06 1.280897855758666992e-01 -1.244984865188598633e-01 8.930372238159179688e+00
3.291023325205841102e+06 1.089361757040023804e-01 -1.101332753896713257e-01 8.882488250732421875e+00
3.291023353293810040e+06 1.328781992197036743e-01 -1.244984865188598633e-01 8.858546257019042969e+00
3.291023365035580937e+06 1.568202078342437744e-01 -1.436520963907241821e-01 8.939949035644531250e+00
3.291023393806102220e+06 1.424549967050552368e-01 -9.097966551780700684e-02 8.892065048217773438e+00
3.291023405301154125e+06 1.280897855758666992e-01 -1.484405100345611572e-01 8.916007041931152344e+00
3.291023435277611949e+06 1.280897855758666992e-01 -9.097966551780700684e-02 8.892065048217773438e+00
3.291023445499694906e+06 1.663970202207565308e-01 -1.532289087772369385e-01 8.906430244445800781e+00
3.291023475476154126e+06 1.711854189634323120e-01 -1.532289087772369385e-01 8.939949035644531250e+00
3.291023485544227064e+06 1.233013868331909180e-01 -1.292868852615356445e-01 8.930372238159179688e+00
3.291023513731048908e+06 1.137245818972587585e-01 -9.576806426048278809e-02 8.882488250732421875e+00
3.291023525405632798e+06 1.855506300926208496e-01 -1.197100877761840820e-01 8.872911453247070312e+00
3.291023555020736996e+06 1.137245818972587585e-01 -1.149216815829277039e-01 8.896853446960449219e+00
3.291023565234642942e+06 1.233013868331909180e-01 -1.197100877761840820e-01 8.858546257019042969e+00
3.291023592885944992e+06 1.328781992197036743e-01 -9.576806426048278809e-02 8.863334655761718750e+00
3.291023605292975903e+06 1.424549967050552368e-01 -1.053448766469955444e-01 8.920795440673828125e+00
3.291023635129122064e+06 1.328781992197036743e-01 -1.197100877761840820e-01 8.906430244445800781e+00
3.291023645375840832e+06 1.185129806399345398e-01 -1.436520963907241821e-01 8.949525833129882812e+00
3.291023673700267915e+06 1.616086214780807495e-01 -9.097966551780700684e-02 8.916007041931152344e+00
3.291023685369330924e+06 1.233013868331909180e-01 -8.619125932455062866e-02 8.920795440673828125e+00
3.291023715390685014e+06 1.185129806399345398e-01 -1.436520963907241821e-01 8.959102630615234375e+00
3.291023725417559966e+06 1.711854189634323120e-01 -1.149216815829277039e-01 8.896853446960449219e+00
3.291023754026882816e+06 1.759738177061080933e-01 -1.484405100345611572e-01 8.935160636901855469e+00
3.291023765480841044e+06 1.520318090915679932e-01 -1.101332753896713257e-01 8.896853446960449219e+00
3.291023795290164184e+06 1.568202078342437744e-01 -1.292868852615356445e-01 8.887276649475097656e+00
3.291023805863340851e+06 1.616086214780807495e-01 -1.149216815829277039e-01 8.906430244445800781e+00
3.291023832167455927e+06 1.137245818972587585e-01 -1.292868852615356445e-01 8.992621421813964844e+00
3.291023845746725798e+06 1.568202078342437744e-01 -1.436520963907241821e-01 8.829815864562988281e+00
3.291023875555789098e+06 1.424549967050552368e-01 -1.388636976480484009e-01 8.892065048217773438e+00
3.291023885801517870e+06 1.328781992197036743e-01 -1.005564704537391663e-01 8.892065048217773438e+00
3.291023915597924031e+06 1.233013868331909180e-01 -1.149216815829277039e-01 8.925583839416503906e+00
3.291023925859590992e+06 1.520318090915679932e-01 -1.532289087772369385e-01 8.887276649475097656e+00
3.291023954609278124e+06 1.472434103488922119e-01 -1.244984865188598633e-01 8.863334655761718750e+00
3.291023965761257801e+06 1.328781992197036743e-01 -1.197100877761840820e-01 8.916007041931152344e+00
3.291023995585944969e+06 1.759738177061080933e-01 -1.388636976480484009e-01 8.901641845703125000e+00
3.291024005661048926e+06 1.376665979623794556e-01 -1.340752989053726196e-01 8.949525833129882812e+00
3.291024033391205128e+06 1.520318090915679932e-01 -1.197100877761840820e-01 8.930372238159179688e+00
3.291024045682976022e+06 1.472434103488922119e-01 -1.197100877761840820e-01 8.887276649475097656e+00
3.291024075706882868e+06 1.711854189634323120e-01 -1.149216815829277039e-01 8.930372238159179688e+00
3.291024085906257853e+06 1.472434103488922119e-01 -9.097966551780700684e-02 8.983044624328613281e+00
3.291024115691465791e+06 1.520318090915679932e-01 -1.436520963907241821e-01 8.906430244445800781e+00
3.291024125953080133e+06 1.568202078342437744e-01 -1.053448766469955444e-01 8.978256225585937500e+00
3.291024154152194969e+06 1.376665979623794556e-01 -1.340752989053726196e-01 8.877699851989746094e+00
3.291024166135163978e+06 1.472434103488922119e-01 -9.097966551780700684e-02 8.920795440673828125e+00
3.291024195630216040e+06 1.137245818972587585e-01 -9.576806426048278809e-02 8.863334655761718750e+00
3.291024205850007012e+06 1.376665979623794556e-01 -1.388636976480484009e-01 8.872911453247070312e+00
3.291024234224069864e+06 1.568202078342437744e-01 -1.101332753896713257e-01 8.896853446960449219e+00
3.291024246097768191e+06 1.903390288352966309e-01 -1.340752989053726196e-01 8.944737434387207031e+00
3.291024273946309928e+06 1.663970202207565308e-01 -1.101332753896713257e-01 8.887276649475097656e+00
3.291024286105424166e+06 1.424549967050552368e-01 -1.101332753896713257e-01 8.911218643188476562e+00
3.291024314749278128e+06 1.759738177061080933e-01 -1.436520963907241821e-01 8.949525833129882812e+00
3.291024326127768029e+06 1.616086214780807495e-01 -1.388636976480484009e-01 8.954314231872558594e+00
3.291024355993548874e+06 1.520318090915679932e-01 -1.244984865188598633e-01 8.906430244445800781e+00
3.291024366159746889e+06 1.759738177061080933e-01 -1.197100877761840820e-01 8.892065048217773438e+00
3.291024394516778179e+06 1.280897855758666992e-01 -1.197100877761840820e-01 8.887276649475097656e+00
3.291024406205215957e+06 1.424549967050552368e-01 -1.532289087772369385e-01 8.911218643188476562e+00
3.291024436003601179e+06 1.280897855758666992e-01 -1.292868852615356445e-01 8.925583839416503906e+00
3.291024446252767928e+06 1.376665979623794556e-01 -1.340752989053726196e-01 8.887276649475097656e+00
3.291024473638445139e+06 1.999158412218093872e-01 -1.484405100345611572e-01 8.882488250732421875e+00
3.291024486305112019e+06 1.041477769613265991e-01 -1.532289087772369385e-01 8.906430244445800781e+00
3.291024515898340847e+06 1.520318090915679932e-01 -1.436520963907241821e-01 8.911218643188476562e+00
3.291024526351465844e+06 1.424549967050552368e-01 -8.619125932455062866e-02 8.916007041931152344e+00
3.291024555990527850e+06 1.568202078342437744e-01 -1.244984865188598633e-01 8.920795440673828125e+00
3.291024566396153066e+06 1.376665979623794556e-01 -1.388636976480484009e-01 8.892065048217773438e+00
3.291024594629799016e+06 1.472434103488922119e-01 -9.576806426048278809e-02 8.896853446960449219e+00
3.291024606289747171e+06 1.472434103488922119e-01 -1.484405100345611572e-01 8.911218643188476562e+00
3.291024636217195075e+06 1.137245818972587585e-01 -1.580173075199127197e-01 8.906430244445800781e+00
3.291024646446986124e+06 1.185129806399345398e-01 -1.340752989053726196e-01 8.916007041931152344e+00
3.291024674654643051e+06 1.376665979623794556e-01 -1.292868852615356445e-01 8.925583839416503906e+00
3.291024686399591155e+06 1.424549967050552368e-01 -1.292868852615356445e-01 8.939949035644531250e+00
3.291024714539642911e+06 1.520318090915679932e-01 -1.388636976480484009e-01 8.949525833129882812e+00
3.291024726541934069e+06 1.233013868331909180e-01 -1.197100877761840820e-01 8.872911453247070312e+00
3.291024754946674220e+06 1.711854189634323120e-01 -1.292868852615356445e-01 8.892065048217773438e+00
3.291024766530476045e+06 1.568202078342437744e-01 -1.149216815829277039e-01 8.858546257019042969e+00
3.291024796368184034e+06 1.568202078342437744e-01 -1.388636976480484009e-01 8.944737434387207031e+00
3.291024806404694915e+06 1.424549967050552368e-01 -1.149216815829277039e-01 8.916007041931152344e+00
3.291024836381778121e+06 1.472434103488922119e-01 -1.197100877761840820e-01 8.925583839416503906e+00
3.291024846469277982e+06 1.568202078342437744e-01 -1.244984865188598633e-01 8.906430244445800781e+00
3.291024875037090853e+06 1.711854189634323120e-01 -1.149216815829277039e-01 8.872911453247070312e+00
3.291024886490528006e+06 1.616086214780807495e-01 -1.388636976480484009e-01 8.901641845703125000e+00
3.291024916461205110e+06 1.568202078342437744e-01 -1.436520963907241821e-01 8.887276649475097656e+00
3.291024926537351217e+06 1.472434103488922119e-01 -1.292868852615356445e-01 8.911218643188476562e+00
3.291024954254695214e+06 1.807622313499450684e-01 -1.197100877761840820e-01 8.877699851989746094e+00
3.291024966604225803e+06 1.472434103488922119e-01 -1.197100877761840820e-01 8.858546257019042969e+00
3.291024996557246894e+06 1.280897855758666992e-01 -2.011129409074783325e-01 9.021351814270019531e+00
3.291025006767611019e+06 1.759738177061080933e-01 -1.675941199064254761e-01 8.892065048217773438e+00
3.291025035260476172e+06 1.663970202207565308e-01 -1.340752989053726196e-01 8.954314231872558594e+00
3.291025046688393224e+06 1.280897855758666992e-01 -1.244984865188598633e-01 8.939949035644531250e+00
3.291025076697872020e+06 1.328781992197036743e-01 -1.532289087772369385e-01 8.872911453247070312e+00
3.291025086931725964e+06 1.376665979623794556e-01 -1.388636976480484009e-01 8.906430244445800781e+00
3.291025116677662823e+06 1.472434103488922119e-01 -1.244984865188598633e-01 8.896853446960449219e+00
3.291025126761049032e+06 1.137245818972587585e-01 -1.388636976480484009e-01 8.825027465820312500e+00
3.291025153626204934e+06 1.233013868331909180e-01 -1.244984865188598633e-01 8.935160636901855469e+00
3.291025166801309213e+06 1.759738177061080933e-01 -1.388636976480484009e-01 8.930372238159179688e+00
3.291025196797768120e+06 1.376665979623794556e-01 -1.340752989053726196e-01 8.863334655761718750e+00
3.291025206854382064e+06 1.424549967050552368e-01 -1.101332753896713257e-01 8.925583839416503906e+00
3.291025235424747225e+06 1.520318090915679932e-01 -1.149216815829277039e-01 8.911218643188476562e+00
3.291025247101570014e+06 1.472434103488922119e-01 -6.224924325942993164e-02 8.906430244445800781e+00
3.291025276905476116e+06 1.759738177061080933e-01 -1.101332753896713257e-01 8.892065048217773438e+00
3.291025287114746869e+06 1.616086214780807495e-01 -1.005564704537391663e-01 8.882488250732421875e+00
3.291025315296517219e+06 1.568202078342437744e-01 -1.723825186491012573e-01 8.944737434387207031e+00
3.291025327158497181e+06 1.328781992197036743e-01 -1.963245421648025513e-01 8.906430244445800781e+00
3.291025356752194930e+06 1.616086214780807495e-01 -1.388636976480484009e-01 8.892065048217773438e+00
3.291025367184955161e+06 1.520318090915679932e-01 -1.580173075199127197e-01 8.887276649475097656e+00
3.291025394613131881e+06 1.520318090915679932e-01 -1.628057211637496948e-01 8.959102630615234375e+00
3.291025407212872058e+06 1.424549967050552368e-01 -1.149216815829277039e-01 8.916007041931152344e+00
3.291025437027350999e+06 1.520318090915679932e-01 -1.292868852615356445e-01 8.954314231872558594e+00
3.291025447274538223e+06 1.233013868331909180e-01 -1.197100877761840820e-01 8.906430244445800781e+00
3.291025477060684003e+06 1.089361757040023804e-01 -9.576806426048278809e-02 8.848969459533691406e+00
3.291025487297403160e+06 1.520318090915679932e-01 -1.580173075199127197e-01 8.872911453247070312e+00
3.291025515657403041e+06 1.520318090915679932e-01 -1.340752989053726196e-01 8.892065048217773438e+00
3.291025527349694166e+06 1.568202078342437744e-01 -1.532289087772369385e-01 8.920795440673828125e+00
3.291025556949121878e+06 1.855506300926208496e-01 -1.436520963907241821e-01 8.935160636901855469e+00
3.291025567312141880e+06 1.376665979623794556e-01 -9.576806426048278809e-02 8.959102630615234375e+00
3.291025595579382032e+06 1.376665979623794556e-01 -1.197100877761840820e-01 8.968679428100585938e+00
3.291025607398080174e+06 1.424549967050552368e-01 -1.244984865188598633e-01 8.920795440673828125e+00
3.291025635269694030e+06 1.568202078342437744e-01 -1.388636976480484009e-01 8.930372238159179688e+00
3.291025647450110875e+06 1.137245818972587585e-01 -1.436520963907241821e-01 8.911218643188476562e+00
3.291025675595424138e+06 1.376665979623794556e-01 -1.580173075199127197e-01 8.892065048217773438e+00
3.291025687266257126e+06 1.233013868331909180e-01 -1.149216815829277039e-01 8.963891029357910156e+00
3.291025717037871014e+06 1.616086214780807495e-01 -6.224924325942993164e-02 8.916007041931152344e+00
3.291025727284851018e+06 9.935937076807022095e-02 -8.619125932455062866e-02 8.906430244445800781e+00
3.291025755954069085e+06 8.978256583213806152e-02 -7.182604819536209106e-02 9.030928611755371094e+00
3.291025767314537894e+06 1.520318090915679932e-01 -1.101332753896713257e-01 8.868123054504394531e+00
3.291025797140371054e+06 1.616086214780807495e-01 -5.746084079146385193e-02 8.911218643188476562e+00
3.291025807362923864e+06 1.663970202207565308e-01 -1.292868852615356445e-01 8.925583839416503906e+00
3.291025835105475970e+06 1.663970202207565308e-01 -1.244984865188598633e-01 8.892065048217773438e+00
3.291025847572611179e+06 1.616086214780807495e-01 -1.628057211637496948e-01 8.930372238159179688e+00
3.291025877427819185e+06 1.759738177061080933e-01 -1.053448766469955444e-01 8.906430244445800781e+00
3.291025887639225926e+06 1.376665979623794556e-01 -1.292868852615356445e-01 8.939949035644531250e+00
3.291025917386257090e+06 1.185129806399345398e-01 -1.005564704537391663e-01 8.916007041931152344e+00
3.291025927683131769e+06 1.711854189634323120e-01 -9.576806426048278809e-02 8.939949035644531250e+00
3.291025956031048205e+06 1.520318090915679932e-01 -1.197100877761840820e-01 8.882488250732421875e+00
3.291025967559434008e+06 1.903390288352966309e-01 -1.340752989053726196e-01 8.872911453247070312e+00
3.291025997579381801e+06 1.855506300926208496e-01 -1.340752989053726196e-01 8.844181060791015625e+00
3.291026007602662779e+06 1.568202078342437744e-01 -1.388636976480484009e-01 8.911218643188476562e+00
3.291026036206413060e+06 1.472434103488922119e-01 -1.244984865188598633e-01 8.887276649475097656e+00
3.291026047651465051e+06 1.424549967050552368e-01 -1.053448766469955444e-01 8.944737434387207031e+00
3.291026075916308910e+06 1.089361757040023804e-01 -1.340752989053726196e-01 8.906430244445800781e+00
3.291026087884693872e+06 1.520318090915679932e-01 -1.197100877761840820e-01 8.916007041931152344e+00
3.291026116240162868e+06 1.520318090915679932e-01 -1.101332753896713257e-01 8.892065048217773438e+00
3.291026127950632013e+06 1.376665979623794556e-01 -1.484405100345611572e-01 8.892065048217773438e+00
3.291026157679537777e+06 1.616086214780807495e-01 -1.244984865188598633e-01 8.944737434387207031e+00
3.291026167940579820e+06 1.616086214780807495e-01 -1.244984865188598633e-01 8.877699851989746094e+00
3.291026197748235893e+06 1.855506300926208496e-01 -1.436520963907241821e-01 8.877699851989746094e+00
3.291026208000996150e+06 1.376665979623794556e-01 -1.244984865188598633e-01 8.863334655761718750e+00
3.291026236396517139e+06 1.424549967050552368e-01 -1.388636976480484009e-01 8.906430244445800781e+00
3.291026248045058921e+06 1.759738177061080933e-01 -1.053448766469955444e-01 8.920795440673828125e+00
3.291026278117819224e+06 1.137245818972587585e-01 -1.053448766469955444e-01 8.896853446960449219e+00
3.291026288116569165e+06 1.137245818972587585e-01 -1.292868852615356445e-01 8.911218643188476562e+00
3.291026315448808949e+06 1.280897855758666992e-01 -1.244984865188598633e-01 8.930372238159179688e+00
3.291026328194850124e+06 1.089361757040023804e-01 -1.101332753896713257e-01 8.882488250732421875e+00
3.291026357868132181e+06 1.328781992197036743e-01 -1.244984865188598633e-01 8.858546257019042969e+00
3.291026367989798076e+06 1.568202078342437744e-01 -1.436520963907241821e-01 8.939949035644531250e+00
3.291026396540370770e+06 1.424549967050552368e-01 -9.097966551780700684e-02 8.892065048217773438e+00
3.291026408255788032e+06 1.280897855758666992e-01 -1.484405100345611572e-01 8.916007041931152344e+00
3.291026437814277131e+06 1.280897855758666992e-01 -9.097966551780700684e-02 8.892065048217773438e+00
3.291026448222974781e+06 1.663970202207565308e-01 -1.532289087772369385e-01 8.906430244445800781e+00
3.291026478075631894e+06 1.711854189634323120e-01 -1.532289087772369385e-01 8.939949035644531250e+00
3.291026488231151830e+06 1.233013868331909180e-01 -1.292868852615356445e-01 8.930372238159179688e+00
3.291026514905163087e+06 1.137245818972587585e-01 -9.576806426048278809e-02 8.882488250732421875e+00
3.291026528252922930e+06 1.855506300926208496e-01 -1.197100877761840820e-01 8.872911453247070312e+00
3.291026557874694001e+06 1.137245818972587585e-01 -1.149216815829277039e-01 8.896853446960449219e+00
3.291026568125526886e+06 1.233013868331909180e-01 -1.197100877761840820e-01 8.858546257019042969e+00
3.291026596776933875e+06 1.328781992197036743e-01 -9.576806426048278809e-02 8.863334655761718750e+00
3.291026614589016885e+06 1.424549967050552368e-01 -1.053448766469955444e-01 8.920795440673828125e+00
3.291026637989642099e+06 1.328781992197036743e-01 -1.197100877761840820e-01 8.906430244445800781e+00
3.291026648243809119e+06 1.185129806399345398e-01 -1.436520963907241821e-01 8.949525833129882812e+00
3.291026676571100019e+06 1.616086214780807495e-01 -9.097966551780700684e-02 8.916007041931152344e+00
3.291026688266099896e+06 1.233013868331909180e-01 -8.619125932455062866e-02 8.920795440673828125e+00
3.291026718444381841e+06 1.185129806399345398e-01 -1.436520963907241821e-01 8.959102630615234375e+00
3.291026728338132147e+06 1.711854189634323120e-01 -1.149216815829277039e-01 8.896853446960449219e+00
3.291026755821724888e+06 1.759738177061080933e-01 -1.484405100345611572e-01 8.935160636901855469e+00
3.291026768347715028e+06 1.520318090915679932e-01 -1.101332753896713257e-01 8.896853446960449219e+00
3.291026798346204218e+06 1.568202078342437744e-01 -1.292868852615356445e-01 8.887276649475097656e+00
3.291026808371047955e+06 1.616086214780807495e-01 -1.149216815829277039e-01 8.906430244445800781e+00
3.291026838178444188e+06 1.137245818972587585e-01 -1.292868852615356445e-01 8.992621421813964844e+00
3.291026848399485927e+06 1.568202078342437744e-01 -1.436520963907241821e-01 8.829815864562988281e+00
3.291026876744589768e+06 1.424549967050552368e-01 -1.388636976480484009e-01 8.892065048217773438e+00
3.291026888418703806e+06 1.328781992197036743e-01 -1.005564704537391663e-01 8.892065048217773438e+00
3.291026918499901891e+06 1.233013868331909180e-01 -1.149216815829277039e-01 8.925583839416503906e+00
3.291026928614901844e+06 1.520318090915679932e-01 -1.532289087772369385e-01 8.887276649475097656e+00
3.291026957040735986e+06 1.472434103488922119e-01 -1.244984865188598633e-01 8.863334655761718750e+00
3.291026968790630810e+06 1.328781992197036743e-01 -1.197100877761840820e-01 8.916007041931152344e+00
3.291026996856047772e+06 1.759738177061080933e-01 -1.388636976480484009e-01 8.901641845703125000e+00
3.291027008771413006e+06 1.376665979623794556e-01 -1.340752989053726196e-01 8.949525833129882812e+00
3.291027037166099995e+06 1.520318090915679932e-01 -1.197100877761840820e-01 8.930372238159179688e+00
3.291027048871465027e+06 1.472434103488922119e-01 -1.197100877761840820e-01 8.887276649475097656e+00
3.291027078415371012e+06 1.711854189634323120e-01 -1.149216815829277039e-01 8.930372238159179688e+00
3.291027088840215001e+06 1.472434103488922119e-01 -9.097966551780700684e-02 8.983044624328613281e+00
3.291027117455631029e+06 1.520318090915679932e-01 -1.436520963907241821e-01 8.906430244445800781e+00
3.291027128903547768e+06 1.568202078342437744e-01 -1.053448766469955444e-01 8.978256225585937500e+00
3.291027158485474996e+06 1.376665979623794556e-01 -1.340752989053726196e-01 8.877699851989746094e+00
3.291027168912506197e+06 1.472434103488922119e-01 -9.097966551780700684e-02 8.920795440673828125e+00
3.291027198552402202e+06 1.137245818972587585e-01 -9.576806426048278809e-02 8.863334655761718750e+00
3.291027208935892209e+06 1.376665979623794556e-01 -1.388636976480484009e-01 8.872911453247070312e+00
3.291027236739120912e+06 1.568202078342437744e-01 -1.101332753896713257e-01 8.896853446960449219e+00
3.291027249150319025e+06 1.903390288352966309e-01 -1.340752989053726196e-01 8.944737434387207031e+00
3.291027278632245958e+06 1.663970202207565308e-01 -1.101332753896713257e-01 8.887276649475097656e+00
3.291027288840996101e+06 1.424549967050552368e-01 -1.101332753896713257e-01 8.911218643188476562e+00
3.291027317387870979e+06 1.759738177061080933e-01 -1.436520963907241821e-01 8.949525833129882812e+00
3.291027329065163154e+06 1.616086214780807495e-01 -1.388636976480484009e-01 8.954314231872558594e+00
3.291027358937506098e+06 1.520318090915679932e-01 -1.244984865188598633e-01 8.906430244445800781e+00
3.291027369210475124e+06 1.759738177061080933e-01 -1.197100877761840820e-01 8.892065048217773438e+00
3.291027397499953862e+06 1.280897855758666992e-01 -1.197100877761840820e-01 8.887276649475097656e+00
3.291027409118182957e+06 1.424549967050552368e-01 -1.532289087772369385e-01 8.911218643188476562e+00
3.291027437299641781e+06 1.280897855758666992e-01 -1.292868852615356445e-01 8.925583839416503906e+00
3.291027448988495860e+06 1.376665979623794556e-01 -1.340752989053726196e-01 8.887276649475097656e+00
3.291027479095944203e+06 1.999158412218093872e-01 -1.484405100345611572e-01 8.882488250732421875e+00
3.291027489051099867e+06 1.041477769613265991e-01 -1.532289087772369385e-01 8.906430244445800781e+00
3.291027517597610131e+06 1.520318090915679932e-01 -1.436520963907241821e-01 8.911218643188476562e+00
3.291027529074694030e+06 1.424549967050552368e-01 -8.619125932455062866e-02 8.916007041931152344e+00
3.291027559078964870e+06 1.568202078342437744e-01 -1.244984865188598633e-01 8.920795440673828125e+00
3.291027569110996090e+06 1.376665979623794556e-01 -1.388636976480484009e-01 8.892065048217773438e+00
3.291027597731203772e+06 1.472434103488922119e-01 -9.576806426048278809e-02 8.896853446960449219e+00
3.291027609327870887e+06 1.472434103488922119e-01 -1.484405100345611572e-01 8.911218643188476562e+00
3.291027638967766892e+06 1.137245818972587585e-01 -1.580173075199127197e-01 8.906430244445800781e+00
3.291027649202453904e+06 1.185129806399345398e-01 -1.340752989053726196e-01 8.916007041931152344e+00
3.291027676956776995e+06 1.376665979623794556e-01 -1.292868852615356445e-01 8.925583839416503906e+00
3.291027689427506179e+06 1.424549967050552368e-01 -1.292868852615356445e-01 8.939949035644531250e+00
3.291027719215162098e+06 1.520318090915679932e-01 -1.388636976480484009e-01 8.949525833129882812e+00
3.291027729277714156e+06 1.233013868331909180e-01 -1.197100877761840820e-01 8.872911453247070312e+00
3.291027757890266832e+06 1.711854189634323120e-01 -1.292868852615356445e-01 8.892065048217773438e+00
3.291027769306255970e+06 1.568202078342437744e-01 -1.149216815829277039e-01 8.858546257019042969e+00
3.291027799113964196e+06 1.568202078342437744e-01 -1.388636976480484009e-01 8.944737434387207031e+00
3.291027809312922880e+06 1.424549967050552368e-01 -1.149216815829277039e-01 8.916007041931152344e+00
3.291027839346569031e+06 1.472434103488922119e-01 -1.197100877761840820e-01 8.925583839416503906e+00
3.291027849381932989e+06 1.568202078342437744e-01 -1.244984865188598633e-01 8.906430244445800781e+00
3.291027876227089204e+06 1.711854189634323120e-01 -1.149216815829277039e-01 8.872911453247070312e+00
3.291027889605944045e+06 1.616086214780807495e-01 -1.388636976480484009e-01 8.901641845703125000e+00
3.291027919384432957e+06 1.568202078342437744e-01 -1.436520963907241821e-01 8.887276649475097656e+00
3.291027929652194027e+06 1.472434103488922119e-01 -1.292868852615356445e-01 8.911218643188476562e+00
3.291027957992766052e+06 1.807622313499450684e-01 -1.197100877761840820e-01 8.877699851989746094e+00
3.291027969675891101e+06 1.472434103488922119e-01 -1.197100877761840820e-01 8.858546257019042969e+00
3.291027999300735071e+06 1.280897855758666992e-01 -2.011129409074783325e-01 9.021351814270019531e+00
3.291028009718963876e+06 1.759738177061080933e-01 -1.675941199064254761e-01 8.892065048217773438e+00
3.291028038043078966e+06 1.663970202207565308e-01 -1.340752989053726196e-01 8.954314231872558594e+00
3.291028049768391065e+06 1.280897855758666992e-01 -1.244984865188598633e-01 8.939949035644531250e+00
3.291028079572454095e+06 1.328781992197036743e-01 -1.532289087772369385e-01 8.872911453247070312e+00
3.291028089626829140e+06 1.376665979623794556e-01 -1.388636976480484009e-01 8.906430244445800781e+00
3.291028117364798207e+06 1.472434103488922119e-01 -1.244984865188598633e-01 8.896853446960449219e+00
3.291028129861515947e+06 1.137245818972587585e-01 -1.388636976480484009e-01 8.825027465820312500e+00
3.291028159452505875e+06 1.233013868331909180e-01 -1.244984865188598633e-01 8.935160636901855469e+00
3.291028169688338879e+06 1.759738177061080933e-01 -1.388636976480484009e-01 8.930372238159179688e+00
3.291028199491464067e+06 1.376665979623794556e-01 -1.340752989053726196e-01 8.863334655761718750e+00
3.291028209766672924e+06 1.424549967050552368e-01 -1.101332753896713257e-01 8.925583839416503906e+00
3.291028238087765872e+06 1.520318090915679932e-01 -1.149216815829277039e-01 8.911218643188476562e+00
3.291028249854537193e+06 1.472434103488922119e-01 -6.224924325942993164e-02 8.906430244445800781e+00
3.291028279583860189e+06 1.759738177061080933e-01 -1.101332753896713257e-01 8.892065048217773438e+00
3.291028289843130857e+06 1.616086214780807495e-01 -1.005564704537391663e-01 8.882488250732421875e+00
3.291028318167923018e+06 1.568202078342437744e-01 -1.723825186491012573e-01 8.944737434387207031e+00
3.291028329895786941e+06 1.328781992197036743e-01 -1.963245421648025513e-01 8.906430244445800781e+00
3.291028357924432959e+06 1.616086214780807495e-01 -1.388636976480484009e-01 8.892065048217773438e+00
3.291028369855734985e+06 1.520318090915679932e-01 -1.580173075199127197e-01 8.887276649475097656e+00
3.291028398461204022e+06 1.520318090915679932e-01 -1.628057211637496948e-01 8.959102630615234375e+00
3.291028409924640786e+06 1.424549967050552368e-01 -1.149216815829277039e-01 8.916007041931152344e+00
3.291028440000630915e+06 1.520318090915679932e-01 -1.292868852615356445e-01 8.954314231872558594e+00
3.291028450188443065e+06 1.233013868331909180e-01 -1.197100877761840820e-01 8.906430244445800781e+00
3.291028478562140837e+06 1.089361757040023804e-01 -9.576806426048278809e-02 8.848969459533691406e+00
3.291028490237975027e+06 1.520318090915679932e-01 -1.580173075199127197e-01 8.872911453247070312e+00
3.291028519807505887e+06 1.520318090915679932e-01 -1.340752989053726196e-01 8.892065048217773438e+00
3.291028530216204002e+06 1.568202078342437744e-01 -1.532289087772369385e-01 8.920795440673828125e+00
3.291028560105994809e+06 1.855506300926208496e-01 -1.436520963907241821e-01 8.935160636901855469e+00
3.291028570284277201e+06 1.376665979623794556e-01 -9.576806426048278809e-02 8.959102630615234375e+00
3.291028597888443153e+06 1.376665979623794556e-01 -1.197100877761840820e-01 8.968679428100585938e+00
3.291028610299796797e+06 1.424549967050552368e-01 -1.244984865188598633e-01 8.920795440673828125e+00
3.291028640219432767e+06 1.568202078342437744e-01 -1.388636976480484009e-01 8.930372238159179688e+00
3.291028650366724934e+06 1.137245818972587585e-01 -1.436520963907241821e-01 8.911218643188476562e+00
3.291028678751360159e+06 1.376665979623794556e-01 -1.580173075199127197e-01 8.892065048217773438e+00
3.291028690386307891e+06 1.233013868331909180e-01 -1.149216815829277039e-01 8.963891029357910156e+00
3.291028720144016203e+06 1.616086214780807495e-01 -6.224924325942993164e-02 8.916007041931152344e+00
3.291028730411047116e+06 9.935937076807022095e-02 -8.619125932455062866e-02 8.906430244445800781e+00
3.291028758619381115e+06 8.978256583213806152e-02 -7.182604819536209106e-02 9.030928611755371094e+00
3.291028770467661787e+06 1.520318090915679932e-01 -1.101332753896713257e-01 8.868123054504394531e+00
3.291028798494171817e+06 1.616086214780807495e-01 -5.746084079146385193e-02 8.911218643188476562e+00
3.291028810484277084e+06 1.663970202207565308e-01 -1.292868852615356445e-01 8.925583839416503906e+00
3.291028840343443211e+06 1.663970202207565308e-01 -1.244984865188598633e-01 8.892065048217773438e+00
3.291028850336411968e+06 1.616086214780807495e-01 -1.628057211637496948e-01 8.930372238159179688e+00
3.291028878948599100e+06 1.759738177061080933e-01 -1.053448766469955444e-01 8.906430244445800781e+00
3.291028890571098775e+06 1.376665979623794556e-01 -1.292868852615356445e-01 8.939949035644531250e+00
3.291028920331829228e+06 1.185129806399345398e-01 -1.005564704537391663e-01 8.916007041931152344e+00
3.291028930622973945e+06 1.711854189634323120e-01 -9.576806426048278809e-02 8.939949035644531250e+00
3.291028959053494968e+06 1.520318090915679932e-01 -1.197100877761840820e-01 8.882488250732421875e+00
3.291028970641723834e+06 1.903390288352966309e-01 -1.340752989053726196e-01 8.872911453247070312e+00
