3.588322790845177136e+06 2.669534981250762939e-01 -1.963245421648025513e-01 8.959102630615234375e+00
3.588322823736270890e+06 2.334346622228622437e-01 -2.442085742950439453e-01 8.963891029357910156e+00
3.588322830725802109e+06 2.094926536083221436e-01 -3.160346150398254395e-01 8.968679428100585938e+00
3.588322857302988879e+06 1.759738177061080933e-01 -3.495534360408782959e-01 8.973467826843261719e+00
3.588322870550280903e+06 1.807622313499450684e-01 -3.639186620712280273e-01 8.920795440673828125e+00
3.588322900636790786e+06 1.520318090915679932e-01 -3.064578175544738770e-01 8.954314231872558594e+00
3.588322910584187135e+06 2.286462634801864624e-01 -3.016694188117980957e-01 9.011775016784667969e+00
3.588322939172884915e+06 2.334346622228622437e-01 -2.537853717803955078e-01 8.983044624328613281e+00
3.588322951133875176e+06 2.765302956104278564e-01 -2.154781520366668701e-01 8.987833023071289062e+00
3.588322980664759874e+06 2.717418968677520752e-01 -2.154781520366668701e-01 8.930372238159179688e+00
3.588322990689499769e+06 2.334346622228622437e-01 -1.771709322929382324e-01 8.939949035644531250e+00
3.588323019908926915e+06 2.190694510936737061e-01 -3.016694188117980957e-01 8.949525833129882812e+00
3.588323030735698063e+06 2.190694510936737061e-01 -3.064578175544738770e-01 9.021351814270019531e+00
3.588323060779186897e+06 1.472434103488922119e-01 -3.351882398128509521e-01 8.973467826843261719e+00
3.588323070828875061e+06 1.520318090915679932e-01 -3.495534360408782959e-01 8.968679428100585938e+00
3.588323098528250121e+06 1.903390288352966309e-01 -2.920926213264465332e-01 9.002198219299316406e+00
3.588323111165177077e+06 1.855506300926208496e-01 -2.777273952960968018e-01 8.939949035644531250e+00
3.588323140825280920e+06 2.477998733520507812e-01 -2.154781520366668701e-01 8.983044624328613281e+00
3.588323150838561822e+06 2.717418968677520752e-01 -2.154781520366668701e-01 8.963891029357910156e+00
3.588323179407415912e+06 2.621650993824005127e-01 -2.202665507793426514e-01 9.002198219299316406e+00
3.588323190918040927e+06 2.573766708374023438e-01 -2.298433631658554077e-01 8.911218643188476562e+00
3.588323221043665893e+06 2.094926536083221436e-01 -2.585737705230712891e-01 8.954314231872558594e+00
3.588323230957989115e+06 2.142810523509979248e-01 -2.825157940387725830e-01 8.978256225585937500e+00
3.588323260903197806e+06 1.759738177061080933e-01 -3.112462162971496582e-01 8.954314231872558594e+00
3.588323271080593113e+06 2.094926536083221436e-01 -3.351882398128509521e-01 9.011775016784667969e+00
3.588323297969759908e+06 1.999158412218093872e-01 -2.825157940387725830e-01 8.954314231872558594e+00
3.588323311391739175e+06 1.999158412218093872e-01 -2.777273952960968018e-01 8.983044624328613281e+00
3.588323341274811886e+06 2.430114746093750000e-01 -2.489969730377197266e-01 8.978256225585937500e+00
3.588323351412519813e+06 2.861070930957794189e-01 -1.963245421648025513e-01 8.954314231872558594e+00
3.588323380009291228e+06 2.621650993824005127e-01 -2.202665507793426514e-01 8.896853446960449219e+00
3.588323391487259883e+06 2.525882720947265625e-01 -2.154781520366668701e-01 8.978256225585937500e+00
3.588323421239864081e+06 2.238578647375106812e-01 -2.585737705230712891e-01 8.954314231872558594e+00
3.588323431522833183e+06 2.382230758666992188e-01 -2.537853717803955078e-01 8.944737434387207031e+00
3.588323459840905853e+06 1.807622313499450684e-01 -3.495534360408782959e-01 8.944737434387207031e+00
3.588323471532000229e+06 1.663970202207565308e-01 -3.543418645858764648e-01 8.925583839416503906e+00
3.588323501187936869e+06 2.094926536083221436e-01 -2.873041927814483643e-01 8.973467826843261719e+00
3.588323511227520183e+06 1.903390288352966309e-01 -3.064578175544738770e-01 8.944737434387207031e+00
3.588323539241009858e+06 2.190694510936737061e-01 -2.729389965534210205e-01 9.002198219299316406e+00
3.588323551579343155e+06 2.573766708374023438e-01 -2.011129409074783325e-01 8.949525833129882812e+00
3.588323581373406108e+06 2.286462634801864624e-01 -2.298433631658554077e-01 8.968679428100585938e+00
3.588323591725384817e+06 2.286462634801864624e-01 -2.346317619085311890e-01 8.978256225585937500e+00
3.588323621620437130e+06 2.238578647375106812e-01 -2.442085742950439453e-01 8.944737434387207031e+00
3.588323631694083102e+06 2.477998733520507812e-01 -3.256114423274993896e-01 8.997409820556640625e+00
3.588323660240905825e+06 2.142810523509979248e-01 -3.591302633285522461e-01 8.935160636901855469e+00
3.588323671747520100e+06 1.616086214780807495e-01 -3.160346150398254395e-01 8.916007041931152344e+00
3.588323701671009883e+06 1.855506300926208496e-01 -3.208230137825012207e-01 8.959102630615234375e+00
3.588323711870696861e+06 2.238578647375106812e-01 -3.112462162971496582e-01 8.949525833129882812e+00
3.588323740204031114e+06 2.286462634801864624e-01 -2.681505978107452393e-01 8.882488250732421875e+00
3.588323751797364093e+06 2.382230758666992188e-01 -2.633621990680694580e-01 8.968679428100585938e+00
3.588323779830540996e+06 2.621650993824005127e-01 -2.633621990680694580e-01 8.997409820556640625e+00
3.588323791872416157e+06 2.525882720947265625e-01 -2.298433631658554077e-01 9.016563415527343750e+00
3.588323820038874168e+06 2.382230758666992188e-01 -2.442085742950439453e-01 8.987833023071289062e+00
3.588323831737468019e+06 2.094926536083221436e-01 -2.873041927814483643e-01 8.973467826843261719e+00
3.588323861673822161e+06 1.999158412218093872e-01 -2.968810200691223145e-01 8.968679428100585938e+00
3.588323871791530866e+06 1.855506300926208496e-01 -2.777273952960968018e-01 8.954314231872558594e+00
3.588323900279915892e+06 2.142810523509979248e-01 -3.016694188117980957e-01 8.925583839416503906e+00
3.588323911811790895e+06 2.142810523509979248e-01 -2.825157940387725830e-01 8.939949035644531250e+00
3.588323941690437030e+06 2.047042399644851685e-01 -2.681505978107452393e-01 8.997409820556640625e+00
3.588323951778510120e+06 2.334346622228622437e-01 -2.537853717803955078e-01 8.963891029357910156e+00
3.588323981785437092e+06 2.382230758666992188e-01 -1.675941199064254761e-01 9.006986618041992188e+00
3.588323991804447025e+06 2.908954918384552002e-01 -2.202665507793426514e-01 8.973467826843261719e+00
3.588324019534186926e+06 2.621650993824005127e-01 -2.346317619085311890e-01 8.968679428100585938e+00
3.588324031895541120e+06 2.430114746093750000e-01 -2.585737705230712891e-01 8.983044624328613281e+00
3.588324061845385004e+06 2.477998733520507812e-01 -3.064578175544738770e-01 8.954314231872558594e+00
3.588324071945800912e+06 2.142810523509979248e-01 -3.160346150398254395e-01 8.954314231872558594e+00
3.588324100477937143e+06 1.663970202207565308e-01 -3.112462162971496582e-01 8.954314231872558594e+00
3.588324111926739104e+06 1.903390288352966309e-01 -3.016694188117980957e-01 8.983044624328613281e+00
3.588324141891791020e+06 2.094926536083221436e-01 -2.777273952960968018e-01 8.939949035644531250e+00
3.588324151986062061e+06 2.477998733520507812e-01 -2.873041927814483643e-01 8.916007041931152344e+00
3.588324180529967882e+06 2.621650993824005127e-01 -2.298433631658554077e-01 8.939949035644531250e+00
3.588324192006894853e+06 2.382230758666992188e-01 -2.202665507793426514e-01 8.944737434387207031e+00
3.588324220118144993e+06 2.621650993824005127e-01 -2.346317619085311890e-01 8.949525833129882812e+00
3.588324231890072115e+06 2.094926536083221436e-01 -2.298433631658554077e-01 8.930372238159179688e+00
3.588324261849447154e+06 2.286462634801864624e-01 -2.681505978107452393e-01 8.968679428100585938e+00
3.588324271914239042e+06 1.903390288352966309e-01 -3.208230137825012207e-01 8.925583839416503906e+00
3.588324300444082823e+06 1.711854189634323120e-01 -3.399766385555267334e-01 8.959102630615234375e+00
3.588324311928248964e+06 1.520318090915679932e-01 -3.351882398128509521e-01 8.973467826843261719e+00
3.588324341917781159e+06 2.094926536083221436e-01 -2.968810200691223145e-01 8.935160636901855469e+00
3.588324352134656161e+06 2.142810523509979248e-01 -2.537853717803955078e-01 8.949525833129882812e+00
3.588324380732832942e+06 2.430114746093750000e-01 -2.346317619085311890e-01 8.916007041931152344e+00
3.588324392369967885e+06 2.861070930957794189e-01 -2.106897532939910889e-01 8.983044624328613281e+00
3.588324422382572200e+06 2.669534981250762939e-01 -1.819593310356140137e-01 8.939949035644531250e+00
3.588324432451635133e+06 2.142810523509979248e-01 -2.442085742950439453e-01 8.949525833129882812e+00
3.588324452451635152e+06 2.286462634801864624e-01 -2.920926213264465332e-01 8.963891029357910156e+00
3.588324479557989165e+06 2.286462634801864624e-01 -2.920926213264465332e-01 8.963891029357910156e+00
3.588324483053769916e+06 1.999158412218093872e-01 -3.303998410701751709e-01 8.997409820556640625e+00
3.588324502463301178e+06 1.855506300926208496e-01 -3.016694188117980957e-01 8.935160636901855469e+00
3.588324512479083147e+06 1.855506300926208496e-01 -3.447650372982025146e-01 8.968679428100585938e+00
3.588324542274395004e+06 1.807622313499450684e-01 -3.112462162971496582e-01 8.968679428100585938e+00
3.588324552504864056e+06 2.238578647375106812e-01 -2.825157940387725830e-01 8.978256225585937500e+00
3.588324580753874034e+06 2.669534981250762939e-01 -2.729389965534210205e-01 8.963891029357910156e+00
3.588324594044238795e+06 2.813186943531036377e-01 -2.250549644231796265e-01 8.954314231872558594e+00
3.588324622510801069e+06 2.334346622228622437e-01 -2.059013396501541138e-01 8.959102630615234375e+00
3.588324632652884815e+06 2.669534981250762939e-01 -2.154781520366668701e-01 8.944737434387207031e+00
3.588324659285956994e+06 2.142810523509979248e-01 -3.016694188117980957e-01 8.925583839416503906e+00
3.588324672690644860e+06 1.855506300926208496e-01 -3.016694188117980957e-01 8.968679428100585938e+00
3.588324702609760221e+06 1.855506300926208496e-01 -3.016694188117980957e-01 8.968679428100585938e+00
3.588324712709811982e+06 1.759738177061080933e-01 -2.920926213264465332e-01 8.963891029357910156e+00
3.588324741282572038e+06 1.759738177061080933e-01 -3.112462162971496582e-01 8.983044624328613281e+00
3.588324752568926197e+06 2.190694510936737061e-01 -2.681505978107452393e-01 8.944737434387207031e+00
3.588324782749550883e+06 2.813186943531036377e-01 -2.777273952960968018e-01 8.939949035644531250e+00
3.588324792567831930e+06 2.286462634801864624e-01 -2.154781520366668701e-01 8.968679428100585938e+00
3.588324821418509819e+06 2.669534981250762939e-01 -2.442085742950439453e-01 8.930372238159179688e+00
3.588324832647936884e+06 2.430114746093750000e-01 -2.011129409074783325e-01 8.925583839416503906e+00
3.588324862606530078e+06 2.142810523509979248e-01 -2.729389965534210205e-01 8.963891029357910156e+00
3.588324872850749176e+06 2.142810523509979248e-01 -2.825157940387725830e-01 8.968679428100585938e+00
3.588324900421895087e+06 1.999158412218093872e-01 -3.208230137825012207e-01 8.978256225585937500e+00
3.588324912901477888e+06 2.190694510936737061e-01 -3.447650372982025146e-01 8.954314231872558594e+00
3.588324942766477820e+06 2.094926536083221436e-01 -3.447650372982025146e-01 8.925583839416503906e+00
3.588324952805749141e+06 2.334346622228622437e-01 -2.681505978107452393e-01 8.973467826843261719e+00
3.588324982746114023e+06 2.334346622228622437e-01 -2.825157940387725830e-01 8.906430244445800781e+00
3.588324992796062026e+06 2.334346622228622437e-01 -2.442085742950439453e-01 8.939949035644531250e+00
3.588325021347103175e+06 2.430114746093750000e-01 -2.202665507793426514e-01 8.939949035644531250e+00
3.588325032875436824e+06 2.765302956104278564e-01 -2.202665507793426514e-01 8.959102630615234375e+00
3.588325062763926107e+06 2.286462634801864624e-01 -2.442085742950439453e-01 8.987833023071289062e+00
3.588325072872207034e+06 2.286462634801864624e-01 -2.537853717803955078e-01 8.944737434387207031e+00
3.588325101441218052e+06 2.430114746093750000e-01 -2.920926213264465332e-01 8.954314231872558594e+00
3.588325112926060800e+06 2.094926536083221436e-01 -3.112462162971496582e-01 8.949525833129882812e+00
3.588325141116843093e+06 1.663970202207565308e-01 -2.825157940387725830e-01 8.935160636901855469e+00
3.588325152946894988e+06 1.951274424791336060e-01 -3.064578175544738770e-01 8.944737434387207031e+00
3.588325181319082156e+06 2.047042399644851685e-01 -2.873041927814483643e-01 8.954314231872558594e+00
3.588325192797832191e+06 2.477998733520507812e-01 -2.681505978107452393e-01 8.887276649475097656e+00
3.588325223305279855e+06 2.382230758666992188e-01 -2.106897532939910889e-01 9.006986618041992188e+00
3.588325232845541090e+06 2.525882720947265625e-01 -2.250549644231796265e-01 8.920795440673828125e+00
3.588325262823405210e+06 2.765302956104278564e-01 -2.442085742950439453e-01 8.901641845703125000e+00
3.588325272868770175e+06 2.286462634801864624e-01 -2.777273952960968018e-01 8.925583839416503906e+00
3.588325301421112847e+06 2.190694510936737061e-01 -2.825157940387725830e-01 8.925583839416503906e+00
3.588325312909082044e+06 1.759738177061080933e-01 -3.064578175544738770e-01 8.963891029357910156e+00
3.588325343078926206e+06 1.903390288352966309e-01 -3.495534360408782959e-01 8.930372238159179688e+00
3.588325353337468114e+06 2.047042399644851685e-01 -2.825157940387725830e-01 8.949525833129882812e+00
3.588325381203300785e+06 1.568202078342437744e-01 -2.825157940387725830e-01 8.978256225585937500e+00
3.588325393488353118e+06 2.286462634801864624e-01 -2.298433631658554077e-01 8.939949035644531250e+00
3.588325422997362912e+06 2.813186943531036377e-01 -2.011129409074783325e-01 8.968679428100585938e+00
3.588325433191217948e+06 2.717418968677520752e-01 -2.346317619085311890e-01 8.935160636901855469e+00
3.588325461977154948e+06 2.142810523509979248e-01 -2.346317619085311890e-01 8.954314231872558594e+00
3.588325473490645178e+06 2.190694510936737061e-01 -3.016694188117980957e-01 8.944737434387207031e+00
3.588325503265697043e+06 2.094926536083221436e-01 -3.208230137825012207e-01 8.992621421813964844e+00
3.588325513411425985e+06 1.663970202207565308e-01 -2.968810200691223145e-01 8.944737434387207031e+00
3.588325543534394819e+06 1.855506300926208496e-01 -3.543418645858764648e-01 8.935160636901855469e+00
3.588325553368092980e+06 2.334346622228622437e-01 -2.873041927814483643e-01 8.935160636901855469e+00
3.588325580378404818e+06 2.382230758666992188e-01 -2.681505978107452393e-01 8.968679428100585938e+00
3.588325593970957212e+06 2.813186943531036377e-01 -2.106897532939910889e-01 8.959102630615234375e+00
3.588325623517206870e+06 2.621650993824005127e-01 -2.489969730377197266e-01 8.963891029357910156e+00
3.588325633459602948e+06 2.430114746093750000e-01 -2.250549644231796265e-01 8.949525833129882812e+00
3.588325662050435785e+06 2.477998733520507812e-01 -2.681505978107452393e-01 8.901641845703125000e+00
3.588325673752571922e+06 2.094926536083221436e-01 -3.399766385555267334e-01 8.944737434387207031e+00
3.588325703235697001e+06 2.094926536083221436e-01 -2.968810200691223145e-01 8.978256225585937500e+00
3.588325713547468185e+06 1.855506300926208496e-01 -3.351882398128509521e-01 8.916007041931152344e+00
3.588325741895176005e+06 2.286462634801864624e-01 -2.968810200691223145e-01 8.973467826843261719e+00
3.588325753515644930e+06 2.142810523509979248e-01 -2.777273952960968018e-01 8.949525833129882812e+00
3.588325783199395053e+06 2.621650993824005127e-01 -2.059013396501541138e-01 8.916007041931152344e+00
3.588325793369967025e+06 2.477998733520507812e-01 -2.106897532939910889e-01 8.978256225585937500e+00
3.588325821173248813e+06 2.238578647375106812e-01 -1.963245421648025513e-01 8.911218643188476562e+00
3.588325833432259038e+06 2.094926536083221436e-01 -2.968810200691223145e-01 8.963891029357910156e+00
3.588325863402467221e+06 2.094926536083221436e-01 -2.777273952960968018e-01 8.963891029357910156e+00
3.588325873449290171e+06 2.286462634801864624e-01 -3.256114423274993896e-01 8.935160636901855469e+00
3.588325903446895070e+06 1.711854189634323120e-01 -3.064578175544738770e-01 8.992621421813964844e+00
3.588325913685384206e+06 1.903390288352966309e-01 -2.633621990680694580e-01 8.954314231872558594e+00
3.588325942039499059e+06 2.190694510936737061e-01 -2.825157940387725830e-01 8.925583839416503906e+00
3.588325953538509086e+06 2.765302956104278564e-01 -2.394201755523681641e-01 8.983044624328613281e+00
3.588325983506477904e+06 2.669534981250762939e-01 -2.537853717803955078e-01 8.944737434387207031e+00
3.588325993721737992e+06 2.382230758666992188e-01 -2.442085742950439453e-01 8.983044624328613281e+00
3.588326022174966987e+06 2.382230758666992188e-01 -3.208230137825012207e-01 8.959102630615234375e+00
3.588326033777363133e+06 1.807622313499450684e-01 -2.920926213264465332e-01 8.939949035644531250e+00
3.588326061858613044e+06 2.142810523509979248e-01 -3.112462162971496582e-01 8.935160636901855469e+00
3.588326073814862873e+06 1.663970202207565308e-01 -2.825157940387725830e-01 9.011775016784667969e+00
3.588326102209550794e+06 2.142810523509979248e-01 -2.681505978107452393e-01 8.949525833129882812e+00
3.588326113860279787e+06 2.621650993824005127e-01 -2.394201755523681641e-01 8.992621421813964844e+00
3.588326143640123773e+06 2.573766708374023438e-01 -2.346317619085311890e-01 8.944737434387207031e+00
3.588326153902519029e+06 2.861070930957794189e-01 -2.346317619085311890e-01 8.987833023071289062e+00
3.588326182254966814e+06 2.238578647375106812e-01 -2.346317619085311890e-01 8.968679428100585938e+00
3.588326193790905178e+06 2.142810523509979248e-01 -2.825157940387725830e-01 8.925583839416503906e+00
3.588326223618820775e+06 2.047042399644851685e-01 -2.920926213264465332e-01 8.939949035644531250e+00
3.588326233813352883e+06 2.142810523509979248e-01 -2.968810200691223145e-01 9.016563415527343750e+00
3.588326263610852882e+06 1.855506300926208496e-01 -3.303998410701751709e-01 8.944737434387207031e+00
3.588326273832884151e+06 2.382230758666992188e-01 -2.729389965534210205e-01 8.978256225585937500e+00
3.588326301416425966e+06 2.382230758666992188e-01 -2.585737705230712891e-01 8.892065048217773438e+00
3.588326313887414988e+06 2.334346622228622437e-01 -2.394201755523681641e-01 8.983044624328613281e+00
3.588326343699289951e+06 2.573766708374023438e-01 -2.729389965534210205e-01 8.963891029357910156e+00
3.588326353883509059e+06 2.334346622228622437e-01 -2.920926213264465332e-01 8.916007041931152344e+00
3.588326382324186154e+06 2.142810523509979248e-01 -2.777273952960968018e-01 8.939949035644531250e+00
3.588326394141321070e+06 2.047042399644851685e-01 -3.160346150398254395e-01 8.959102630615234375e+00
3.588326423969759140e+06 1.807622313499450684e-01 -2.968810200691223145e-01 8.925583839416503906e+00
3.588326434171113186e+06 1.999158412218093872e-01 -2.873041927814483643e-01 8.939949035644531250e+00
3.588326462589289993e+06 2.142810523509979248e-01 -2.825157940387725830e-01 8.930372238159179688e+00
3.588326474201686215e+06 2.525882720947265625e-01 -2.729389965534210205e-01 8.963891029357910156e+00
3.588326502317466773e+06 2.669534981250762939e-01 -2.633621990680694580e-01 8.968679428100585938e+00
3.588326514224186074e+06 2.238578647375106812e-01 -2.442085742950439453e-01 8.930372238159179688e+00
3.588326544064758811e+06 2.238578647375106812e-01 -2.681505978107452393e-01 8.973467826843261719e+00
3.588326554180540144e+06 2.142810523509979248e-01 -2.873041927814483643e-01 8.978256225585937500e+00
3.588326582701060921e+06 1.855506300926208496e-01 -2.968810200691223145e-01 8.930372238159179688e+00
3.588326594322883990e+06 2.142810523509979248e-01 -3.112462162971496582e-01 8.968679428100585938e+00
3.588326624028091785e+06 2.094926536083221436e-01 -2.968810200691223145e-01 8.949525833129882812e+00
3.588326634552206844e+06 2.094926536083221436e-01 -2.777273952960968018e-01 8.973467826843261719e+00
3.588326662920956966e+06 2.334346622228622437e-01 -2.442085742950439453e-01 9.011775016784667969e+00
3.588326674621685874e+06 2.717418968677520752e-01 -2.250549644231796265e-01 8.949525833129882812e+00
3.588326704254603013e+06 2.094926536083221436e-01 -2.537853717803955078e-01 8.997409820556640625e+00
3.588326714469966944e+06 2.238578647375106812e-01 -2.489969730377197266e-01 8.963891029357910156e+00
3.588326742081320845e+06 2.094926536083221436e-01 -2.873041927814483643e-01 8.949525833129882812e+00
3.588326754530228209e+06 1.999158412218093872e-01 -2.873041927814483643e-01 8.959102630615234375e+00
3.588326784374967217e+06 1.951274424791336060e-01 -2.633621990680694580e-01 8.954314231872558594e+00
3.588326794665122870e+06 1.999158412218093872e-01 -2.777273952960968018e-01 8.983044624328613281e+00
3.588326822765436023e+06 2.238578647375106812e-01 -2.537853717803955078e-01 8.949525833129882812e+00
3.588326834543664940e+06 2.573766708374023438e-01 -2.394201755523681641e-01 8.963891029357910156e+00
3.588326864365539979e+06 2.477998733520507812e-01 -2.154781520366668701e-01 8.968679428100585938e+00
3.588326874620592222e+06 2.430114746093750000e-01 -2.633621990680694580e-01 8.973467826843261719e+00
3.588326904410799965e+06 1.903390288352966309e-01 -2.585737705230712891e-01 8.959102630615234375e+00
3.588326914622832090e+06 2.142810523509979248e-01 -2.873041927814483643e-01 8.954314231872558594e+00
3.588326941316165030e+06 1.855506300926208496e-01 -2.777273952960968018e-01 8.978256225585937500e+00
3.588326954652154818e+06 2.047042399644851685e-01 -2.729389965534210205e-01 8.968679428100585938e+00
3.588326984479758888e+06 2.238578647375106812e-01 -2.920926213264465332e-01 8.872911453247070312e+00
3.588326994525540154e+06 2.525882720947265625e-01 -2.633621990680694580e-01 8.954314231872558594e+00
3.588327023108717054e+06 2.142810523509979248e-01 -2.537853717803955078e-01 8.949525833129882812e+00
3.588327034582259133e+06 2.382230758666992188e-01 -2.681505978107452393e-01 8.949525833129882812e+00
3.588327064566581976e+06 2.286462634801864624e-01 -2.250549644231796265e-01 8.920795440673828125e+00
3.588327074604081921e+06 2.238578647375106812e-01 -2.537853717803955078e-01 8.925583839416503906e+00
3.588327103211320937e+06 2.334346622228622437e-01 -2.873041927814483643e-01 8.983044624328613281e+00
3.588327114808872808e+06 1.951274424791336060e-01 -2.968810200691223145e-01 8.973467826843261719e+00
3.588327144460279029e+06 2.382230758666992188e-01 -2.585737705230712891e-01 8.954314231872558594e+00
3.588327154917050153e+06 2.094926536083221436e-01 -2.537853717803955078e-01 8.978256225585937500e+00
3.588327182356738020e+06 2.142810523509979248e-01 -2.537853717803955078e-01 8.978256225585937500e+00
3.588327194792311173e+06 2.094926536083221436e-01 -2.489969730377197266e-01 8.963891029357910156e+00
3.588327224596528802e+06 2.190694510936737061e-01 -2.298433631658554077e-01 9.002198219299316406e+00
3.588327234805226792e+06 2.525882720947265625e-01 -2.681505978107452393e-01 8.959102630615234375e+00
3.588327264551217202e+06 2.142810523509979248e-01 -2.920926213264465332e-01 8.959102630615234375e+00
3.588327274826946203e+06 1.903390288352966309e-01 -2.920926213264465332e-01 8.954314231872558594e+00
3.588327303197205998e+06 1.999158412218093872e-01 -3.064578175544738770e-01 8.968679428100585938e+00
3.588327314818455838e+06 1.999158412218093872e-01 -2.681505978107452393e-01 8.978256225585937500e+00
3.588327344663195778e+06 2.094926536083221436e-01 -2.729389965534210205e-01 8.935160636901855469e+00
3.588327355031164829e+06 2.047042399644851685e-01 -2.442085742950439453e-01 8.916007041931152344e+00
3.588327383468195796e+06 2.334346622228622437e-01 -2.681505978107452393e-01 8.963891029357910156e+00
3.588327395098716952e+06 2.334346622228622437e-01 -2.585737705230712891e-01 8.930372238159179688e+00
3.588327423162519000e+06 1.903390288352966309e-01 -2.394201755523681641e-01 8.983044624328613281e+00
3.588327435646009166e+06 2.190694510936737061e-01 -2.729389965534210205e-01 9.002198219299316406e+00
3.588327463588351849e+06 1.951274424791336060e-01 -3.016694188117980957e-01 8.987833023071289062e+00
3.588327475196477026e+06 2.142810523509979248e-01 -2.968810200691223145e-01 8.920795440673828125e+00
3.588327504962882958e+06 2.047042399644851685e-01 -2.729389965534210205e-01 8.997409820556640625e+00
3.588327515206060838e+06 2.477998733520507812e-01 -2.968810200691223145e-01 8.959102630615234375e+00
3.588327545053924900e+06 2.382230758666992188e-01 -2.489969730377197266e-01 8.978256225585937500e+00
3.588327555226738099e+06 2.334346622228622437e-01 -2.633621990680694580e-01 8.920795440673828125e+00
3.588327583483144175e+06 2.525882720947265625e-01 -2.729389965534210205e-01 8.954314231872558594e+00
3.588327595100278966e+06 2.621650993824005127e-01 -3.064578175544738770e-01 8.954314231872558594e+00
3.588327625124602113e+06 2.286462634801864624e-01 -2.825157940387725830e-01 8.906430244445800781e+00
3.588327635147518944e+06 2.190694510936737061e-01 -2.777273952960968018e-01 8.930372238159179688e+00
3.588327662903508171e+06 2.142810523509979248e-01 -2.920926213264465332e-01 8.968679428100585938e+00
3.588327675351528917e+06 1.999158412218093872e-01 -2.873041927814483643e-01 8.992621421813964844e+00
3.588327705207675230e+06 2.573766708374023438e-01 -2.681505978107452393e-01 8.949525833129882812e+00
3.588327715460070875e+06 2.430114746093750000e-01 -2.442085742950439453e-01 8.992621421813964844e+00
3.588327743872363120e+06 2.238578647375106812e-01 -2.250549644231796265e-01 8.882488250732421875e+00
3.588327755440852139e+06 2.477998733520507812e-01 -2.585737705230712891e-01 8.973467826843261719e+00
3.588327785294966772e+06 2.286462634801864624e-01 -2.873041927814483643e-01 8.939949035644531250e+00
3.588327795308664907e+06 2.382230758666992188e-01 -2.968810200691223145e-01 8.892065048217773438e+00
3.588327823832935188e+06 2.334346622228622437e-01 -2.777273952960968018e-01 8.954314231872558594e+00
3.588327835371424910e+06 1.759738177061080933e-01 -2.777273952960968018e-01 8.992621421813964844e+00
3.588327865966320969e+06 2.238578647375106812e-01 -2.729389965534210205e-01 8.935160636901855469e+00
3.588327875428560190e+06 2.142810523509979248e-01 -2.825157940387725830e-01 8.968679428100585938e+00
3.588327905263456050e+06 2.621650993824005127e-01 -2.777273952960968018e-01 8.949525833129882812e+00
3.588327915443404112e+06 2.286462634801864624e-01 -2.633621990680694580e-01 8.963891029357910156e+00
3.588327945757622831e+06 2.142810523509979248e-01 -2.585737705230712891e-01 8.906430244445800781e+00
3.588327955736580770e+06 2.190694510936737061e-01 -2.346317619085311890e-01 9.006986618041992188e+00
3.588327985312778968e+06 2.238578647375106812e-01 -2.585737705230712891e-01 8.944737434387207031e+00
3.588327995740644168e+06 1.951274424791336060e-01 -2.729389965534210205e-01 8.925583839416503906e+00
3.588328024161528796e+06 1.999158412218093872e-01 -2.681505978107452393e-01 8.978256225585937500e+00
3.588328035749341827e+06 2.382230758666992188e-01 -2.585737705230712891e-01 8.978256225585937500e+00
3.588328065661842003e+06 1.903390288352966309e-01 -2.681505978107452393e-01 8.963891029357910156e+00
3.588328075843507890e+06 2.190694510936737061e-01 -2.633621990680694580e-01 8.983044624328613281e+00
3.588328103388664778e+06 2.477998733520507812e-01 -2.537853717803955078e-01 8.954314231872558594e+00
3.588328115850695875e+06 2.238578647375106812e-01 -2.442085742950439453e-01 9.002198219299316406e+00
3.588328145484810229e+06 1.903390288352966309e-01 -2.489969730377197266e-01 8.968679428100585938e+00
3.588328155846217182e+06 2.047042399644851685e-01 -2.920926213264465332e-01 8.954314231872558594e+00
3.588328185727727134e+06 2.047042399644851685e-01 -3.064578175544738770e-01 8.944737434387207031e+00
3.588328195931373164e+06 1.999158412218093872e-01 -3.064578175544738770e-01 8.944737434387207031e+00
3.588328224326788913e+06 2.190694510936737061e-01 -2.777273952960968018e-01 8.968679428100585938e+00
3.588328235961581115e+06 2.047042399644851685e-01 -2.537853717803955078e-01 8.968679428100585938e+00
3.588328265551737044e+06 2.286462634801864624e-01 -2.489969730377197266e-01 8.973467826843261719e+00
3.588328275774236768e+06 2.286462634801864624e-01 -2.633621990680694580e-01 9.011775016784667969e+00
3.588328304437778890e+06 2.094926536083221436e-01 -2.633621990680694580e-01 8.872911453247070312e+00
3.588328316012830939e+06 2.525882720947265625e-01 -2.777273952960968018e-01 8.949525833129882812e+00
3.588328344290383160e+06 2.190694510936737061e-01 -3.112462162971496582e-01 9.021351814270019531e+00
3.588328357940070797e+06 2.430114746093750000e-01 -3.064578175544738770e-01 8.944737434387207031e+00
3.588328384281580802e+06 2.430114746093750000e-01 -2.873041927814483643e-01 8.963891029357910156e+00
3.588328395851685200e+06 2.430114746093750000e-01 -2.585737705230712891e-01 8.939949035644531250e+00
3.588328425991788972e+06 2.238578647375106812e-01 -2.537853717803955078e-01 8.959102630615234375e+00
3.588328435902987141e+06 2.621650993824005127e-01 -2.585737705230712891e-01 8.992621421813964844e+00
3.588328464557935018e+06 2.382230758666992188e-01 -2.442085742950439453e-01 8.973467826843261719e+00
3.588328476071164012e+06 2.525882720947265625e-01 -2.681505978107452393e-01 8.954314231872558594e+00
3.588328505874184892e+06 2.382230758666992188e-01 -2.777273952960968018e-01 8.954314231872558594e+00
3.588328516264602076e+06 2.142810523509979248e-01 -2.633621990680694580e-01 8.949525833129882812e+00
3.588328543917883188e+06 2.142810523509979248e-01 -2.873041927814483643e-01 8.968679428100585938e+00
3.588328556291476823e+06 1.855506300926208496e-01 -2.873041927814483643e-01 8.949525833129882812e+00
3.588328586380017921e+06 2.094926536083221436e-01 -2.585737705230712891e-01 8.987833023071289062e+00
3.588328596308716107e+06 2.334346622228622437e-01 -2.442085742950439453e-01 8.983044624328613281e+00
3.588328626204185188e+06 2.382230758666992188e-01 -2.537853717803955078e-01 8.949525833129882812e+00
3.588328636357726995e+06 2.382230758666992188e-01 -2.681505978107452393e-01 8.925583839416503906e+00
3.588328664824497886e+06 2.334346622228622437e-01 -2.537853717803955078e-01 8.987833023071289062e+00
3.588328676536112092e+06 2.430114746093750000e-01 -2.585737705230712891e-01 8.944737434387207031e+00
3.588328706310955808e+06 2.142810523509979248e-01 -3.064578175544738770e-01 8.997409820556640625e+00
3.588328716475226916e+06 2.286462634801864624e-01 -2.968810200691223145e-01 8.916007041931152344e+00
3.588328745201840997e+06 2.142810523509979248e-01 -2.873041927814483643e-01 9.002198219299316406e+00
3.588328756497831084e+06 2.094926536083221436e-01 -2.585737705230712891e-01 8.954314231872558594e+00
3.588328784635696094e+06 2.573766708374023438e-01 -2.633621990680694580e-01 8.963891029357910156e+00
3.588328796293559950e+06 2.142810523509979248e-01 -2.729389965534210205e-01 8.944737434387207031e+00
3.588328824744758196e+06 2.334346622228622437e-01 -2.777273952960968018e-01 8.939949035644531250e+00
3.588328836344966199e+06 2.238578647375106812e-01 -2.633621990680694580e-01 8.901641845703125000e+00
3.588328866175331175e+06 2.142810523509979248e-01 -2.920926213264465332e-01 8.925583839416503906e+00
3.588328876317726914e+06 2.286462634801864624e-01 -2.585737705230712891e-01 8.959102630615234375e+00
3.588328906208090950e+06 2.094926536083221436e-01 -2.920926213264465332e-01 8.968679428100585938e+00
3.588328916347413789e+06 2.190694510936737061e-01 -2.681505978107452393e-01 8.968679428100585938e+00
3.588328944831789006e+06 1.855506300926208496e-01 -2.633621990680694580e-01 8.925583839416503906e+00
3.588328956401164178e+06 2.430114746093750000e-01 -2.489969730377197266e-01 8.949525833129882812e+00
3.588328986284445040e+06 2.142810523509979248e-01 -2.729389965534210205e-01 8.920795440673828125e+00
3.588328996433403809e+06 2.621650993824005127e-01 -2.442085742950439453e-01 8.983044624328613281e+00
3.588329024110538885e+06 2.382230758666992188e-01 -2.729389965534210205e-01 8.925583839416503906e+00
3.588329036467569880e+06 2.238578647375106812e-01 -2.873041927814483643e-01 8.935160636901855469e+00
3.588329066332309972e+06 2.094926536083221436e-01 -2.537853717803955078e-01 8.939949035644531250e+00
3.588329076537726913e+06 2.094926536083221436e-01 -2.585737705230712891e-01 8.963891029357910156e+00
3.588329105006476864e+06 2.286462634801864624e-01 -2.633621990680694580e-01 8.954314231872558594e+00
3.588329116543977056e+06 2.190694510936737061e-01 -2.681505978107452393e-01 9.016563415527343750e+00
3.588329146447882988e+06 2.238578647375106812e-01 -2.729389965534210205e-01 8.925583839416503906e+00
3.588329156575539149e+06 2.286462634801864624e-01 -2.825157940387725830e-01 8.935160636901855469e+00
3.588329186462361831e+06 2.238578647375106812e-01 -2.585737705230712891e-01 8.944737434387207031e+00
3.588329196634601802e+06 1.951274424791336060e-01 -2.681505978107452393e-01 8.963891029357910156e+00
3.588329223548977170e+06 2.430114746093750000e-01 -2.681505978107452393e-01 8.863334655761718750e+00
3.588329236849080771e+06 2.238578647375106812e-01 -2.968810200691223145e-01 8.935160636901855469e+00
3.588329266774081159e+06 2.573766708374023438e-01 -2.394201755523681641e-01 8.757989883422851562e+00
3.588329276926372200e+06 1.951274424791336060e-01 -2.442085742950439453e-01 8.935160636901855469e+00
3.588329305221320130e+06 1.903390288352966309e-01 -2.633621990680694580e-01 9.006986618041992188e+00
3.588329317284028977e+06 2.286462634801864624e-01 -2.825157940387725830e-01 8.939949035644531250e+00
3.588329346680746879e+06 2.047042399644851685e-01 -3.208230137825012207e-01 8.944737434387207031e+00
3.588329356840590946e+06 2.190694510936737061e-01 -2.633621990680694580e-01 8.925583839416503906e+00
3.588329385319237132e+06 2.238578647375106812e-01 -2.298433631658554077e-01 8.935160636901855469e+00
3.588329396806008182e+06 2.477998733520507812e-01 -2.489969730377197266e-01 8.959102630615234375e+00
3.588329426933298819e+06 2.286462634801864624e-01 -2.489969730377197266e-01 8.954314231872558594e+00
3.588329437060434837e+06 2.382230758666992188e-01 -2.585737705230712891e-01 8.939949035644531250e+00
3.588329464666008018e+06 2.286462634801864624e-01 -2.633621990680694580e-01 8.925583839416503906e+00
3.588329477084549144e+06 2.190694510936737061e-01 -2.681505978107452393e-01 8.920795440673828125e+00
3.588329506957986858e+06 2.238578647375106812e-01 -2.968810200691223145e-01 8.916007041931152344e+00
3.588329517350434791e+06 2.142810523509979248e-01 -3.256114423274993896e-01 8.992621421813964844e+00
3.588329547040279023e+06 2.286462634801864624e-01 -2.489969730377197266e-01 8.963891029357910156e+00
3.588329557214913890e+06 2.525882720947265625e-01 -2.489969730377197266e-01 8.968679428100585938e+00
3.588329585697310045e+06 2.525882720947265625e-01 -2.537853717803955078e-01 8.939949035644531250e+00
3.588329597189133056e+06 2.430114746093750000e-01 -2.537853717803955078e-01 8.911218643188476562e+00
3.588329627127309795e+06 1.855506300926208496e-01 -2.968810200691223145e-01 8.930372238159179688e+00
3.588329637248976156e+06 1.855506300926208496e-01 -2.968810200691223145e-01 8.916007041931152344e+00
3.588329665508299135e+06 1.759738177061080933e-01 -3.208230137825012207e-01 8.930372238159179688e+00
3.588329677305174060e+06 1.855506300926208496e-01 -3.112462162971496582e-01 8.920795440673828125e+00
3.588329705428923946e+06 1.855506300926208496e-01 -2.777273952960968018e-01 8.935160636901855469e+00
3.588329717308246996e+06 2.430114746093750000e-01 -2.059013396501541138e-01 8.906430244445800781e+00
3.588329745831632987e+06 2.861070930957794189e-01 -2.154781520366668701e-01 8.949525833129882812e+00
3.588329757352205925e+06 2.717418968677520752e-01 -2.346317619085311890e-01 8.925583839416503906e+00
3.588329787221528124e+06 2.717418968677520752e-01 -2.585737705230712891e-01 8.925583839416503906e+00
3.588329797209706157e+06 2.238578647375106812e-01 -2.968810200691223145e-01 8.968679428100585938e+00
3.588329825858559925e+06 1.999158412218093872e-01 -3.351882398128509521e-01 8.901641845703125000e+00
3.588329837436215952e+06 1.855506300926208496e-01 -3.208230137825012207e-01 8.935160636901855469e+00
3.588329867334392853e+06 1.663970202207565308e-01 -2.777273952960968018e-01 8.925583839416503906e+00
3.588329877479809802e+06 2.142810523509979248e-01 -2.442085742950439453e-01 8.963891029357910156e+00
3.588329907302152831e+06 2.430114746093750000e-01 -2.011129409074783325e-01 8.954314231872558594e+00
3.588329917504133191e+06 2.573766708374023438e-01 -1.963245421648025513e-01 8.944737434387207031e+00
3.588329945183508098e+06 2.573766708374023438e-01 -2.489969730377197266e-01 8.939949035644531250e+00
3.588329957549079787e+06 2.525882720947265625e-01 -2.633621990680694580e-01 8.949525833129882812e+00
3.588329987457205076e+06 2.142810523509979248e-01 -2.777273952960968018e-01 8.935160636901855469e+00
3.588329997601372190e+06 1.424549967050552368e-01 -3.016694188117980957e-01 8.896853446960449219e+00
3.588330026095591020e+06 1.616086214780807495e-01 -3.303998410701751709e-01 8.916007041931152344e+00
3.588330037642205134e+06 1.903390288352966309e-01 -2.968810200691223145e-01 8.935160636901855469e+00
3.588330067495538853e+06 2.477998733520507812e-01 -2.777273952960968018e-01 8.906430244445800781e+00
3.588330077660955023e+06 2.669534981250762939e-01 -2.777273952960968018e-01 8.896853446960449219e+00
3.588330105956164189e+06 2.765302956104278564e-01 -1.915361285209655762e-01 8.963891029357910156e+00
3.588330117512049153e+06 2.334346622228622437e-01 -2.250549644231796265e-01 8.973467826843261719e+00
3.588330145671007223e+06 2.430114746093750000e-01 -2.777273952960968018e-01 8.930372238159179688e+00
3.588330157561840955e+06 1.951274424791336060e-01 -2.920926213264465332e-01 8.920795440673828125e+00
3.588330187440278009e+06 1.711854189634323120e-01 -3.351882398128509521e-01 8.944737434387207031e+00
3.588330197572518140e+06 2.190694510936737061e-01 -3.112462162971496582e-01 8.935160636901855469e+00
3.588330226269809995e+06 2.238578647375106812e-01 -2.825157940387725830e-01 8.939949035644531250e+00
3.588330237801319920e+06 2.525882720947265625e-01 -2.585737705230712891e-01 8.925583839416503906e+00
3.588330267697987147e+06 2.477998733520507812e-01 -2.059013396501541138e-01 8.939949035644531250e+00
3.588330277871060185e+06 2.525882720947265625e-01 -2.154781520366668701e-01 8.978256225585937500e+00
3.588330306361163966e+06 2.286462634801864624e-01 -2.202665507793426514e-01 8.973467826843261719e+00
3.588330317941892892e+06 2.286462634801864624e-01 -2.394201755523681641e-01 8.872911453247070312e+00
3.588330347843455151e+06 2.190694510936737061e-01 -3.112462162971496582e-01 8.959102630615234375e+00
3.588330357994601130e+06 1.903390288352966309e-01 -3.160346150398254395e-01 8.901641845703125000e+00
3.588330385423507076e+06 1.903390288352966309e-01 -2.873041927814483643e-01 8.916007041931152344e+00
3.588330398006111849e+06 1.807622313499450684e-01 -3.016694188117980957e-01 8.959102630615234375e+00
3.588330427736841142e+06 2.525882720947265625e-01 -2.681505978107452393e-01 8.882488250732421875e+00
3.588330438039965928e+06 2.525882720947265625e-01 -2.202665507793426514e-01 8.992621421813964844e+00
3.588330466382621787e+06 2.765302956104278564e-01 -2.154781520366668701e-01 8.954314231872558594e+00
3.588330478114601225e+06 2.477998733520507812e-01 -2.442085742950439453e-01 8.959102630615234375e+00
3.588330507784393150e+06 2.047042399644851685e-01 -2.585737705230712891e-01 8.954314231872558594e+00
3.588330518147934228e+06 2.190694510936737061e-01 -2.873041927814483643e-01 8.968679428100585938e+00
3.588330547921841033e+06 2.094926536083221436e-01 -3.160346150398254395e-01 8.978256225585937500e+00
3.588330558196424041e+06 1.568202078342437744e-01 -2.968810200691223145e-01 8.935160636901855469e+00
3.588330584920798894e+06 2.238578647375106812e-01 -2.681505978107452393e-01 8.930372238159179688e+00
3.588330598188403063e+06 2.238578647375106812e-01 -2.681505978107452393e-01 8.944737434387207031e+00
3.588330628091059159e+06 2.621650993824005127e-01 -2.154781520366668701e-01 8.963891029357910156e+00
3.588330638373558875e+06 2.286462634801864624e-01 -2.489969730377197266e-01 8.920795440673828125e+00
3.588330666538090911e+06 2.334346622228622437e-01 -2.633621990680694580e-01 8.978256225585937500e+00
3.588330678096110933e+06 2.238578647375106812e-01 -2.537853717803955078e-01 8.925583839416503906e+00
3.588330708246892784e+06 1.999158412218093872e-01 -3.160346150398254395e-01 8.963891029357910156e+00
3.588330718326893169e+06 1.711854189634323120e-01 -2.633621990680694580e-01 8.968679428100585938e+00
3.588330746902308892e+06 1.903390288352966309e-01 -2.873041927814483643e-01 8.925583839416503906e+00
3.588330758377986029e+06 1.903390288352966309e-01 -2.729389965534210205e-01 8.925583839416503906e+00
3.588330788252777886e+06 2.573766708374023438e-01 -2.298433631658554077e-01 8.930372238159179688e+00
3.588330798202360980e+06 2.717418968677520752e-01 -2.394201755523681641e-01 8.935160636901855469e+00
3.588330826154549140e+06 2.430114746093750000e-01 -2.298433631658554077e-01 8.983044624328613281e+00
3.588330838248923887e+06 2.382230758666992188e-01 -2.729389965534210205e-01 8.930372238159179688e+00
3.588330868115537800e+06 1.855506300926208496e-01 -2.442085742950439453e-01 8.997409820556640625e+00
3.588330878499288112e+06 1.855506300926208496e-01 -2.777273952960968018e-01 8.896853446960449219e+00
3.588330908337674104e+06 2.094926536083221436e-01 -3.160346150398254395e-01 8.930372238159179688e+00
3.588330918511684053e+06 2.047042399644851685e-01 -3.112462162971496582e-01 8.997409820556640625e+00
3.588330947014756966e+06 2.094926536083221436e-01 -2.825157940387725830e-01 8.987833023071289062e+00
3.588330958554652985e+06 2.477998733520507812e-01 -2.442085742950439453e-01 8.901641845703125000e+00
3.588330988457830157e+06 2.669534981250762939e-01 -2.298433631658554077e-01 8.959102630615234375e+00
3.588330998571893200e+06 2.190694510936737061e-01 -2.298433631658554077e-01 8.939949035644531250e+00
3.588331027079287916e+06 2.094926536083221436e-01 -2.585737705230712891e-01 8.944737434387207031e+00
3.588331038437725976e+06 1.855506300926208496e-01 -2.681505978107452393e-01 8.954314231872558594e+00
3.588331066910122056e+06 1.807622313499450684e-01 -2.968810200691223145e-01 8.887276649475097656e+00
3.588331078477674164e+06 2.142810523509979248e-01 -2.681505978107452393e-01 8.959102630615234375e+00
3.588331106974340044e+06 2.238578647375106812e-01 -3.351882398128509521e-01 8.978256225585937500e+00
3.588331118536476046e+06 2.334346622228622437e-01 -2.873041927814483643e-01 8.963891029357910156e+00
3.588331148397308774e+06 2.573766708374023438e-01 -2.442085742950439453e-01 8.930372238159179688e+00
3.588331158554445021e+06 5.063736438751220703e-01 -1.101332753896713257e-01 9.136273384094238281e+00
3.588331188407621812e+06 3.052607178688049316e-01 -1.915361285209655762e-01 9.030928611755371094e+00
3.588331198543351144e+06 1.795651204884052277e-02 -4.165911078453063965e-01 8.949525833129882812e+00
3.588331227490589954e+06 -1.161187812685966492e-01 -5.554547905921936035e-01 9.102754592895507812e+00
3.588331238590954803e+06 6.105214357376098633e-02 -5.315127968788146973e-01 9.107542991638183594e+00
3.588331268502882216e+06 2.477998733520507812e-01 -3.303998410701751709e-01 8.963891029357910156e+00
3.588331278637830168e+06 3.531447649002075195e-01 -1.005564704537391663e-01 8.916007041931152344e+00
3.588331306503455155e+06 4.728548228740692139e-01 9.576806798577308655e-03 8.968679428100585938e+00
3.588331318900382146e+06 5.063736438751220703e-01 7.661445438861846924e-02 8.887276649475097656e+00
3.588331348608506843e+06 4.537012279033660889e-01 -7.182604819536209106e-02 9.002198219299316406e+00
3.588331359692881815e+06 2.238578647375106812e-01 -2.346317619085311890e-01 8.997409820556640625e+00
3.588331387202205136e+06 8.379706181585788727e-03 -4.070142805576324463e-01 8.935160636901855469e+00
3.588331398778559174e+06 -5.865794047713279724e-02 -5.267243981361389160e-01 9.002198219299316406e+00
3.588331428648089990e+06 5.147533491253852844e-02 -5.650315880775451660e-01 8.906430244445800781e+00
3.588331438798037823e+06 1.855506300926208496e-01 -5.075707435607910156e-01 9.011775016784667969e+00
3.588331467479860876e+06 2.286462634801864624e-01 -3.064578175544738770e-01 8.882488250732421875e+00
3.588331479013714939e+06 2.956839203834533691e-01 -9.576806426048278809e-02 8.920795440673828125e+00
3.588331508888506796e+06 4.010287821292877197e-01 3.351882472634315491e-02 8.911218643188476562e+00
3.588331519046527799e+06 4.537012279033660889e-01 -6.703764945268630981e-02 8.963891029357910156e+00
3.588331545843455009e+06 3.962403833866119385e-01 -2.202665507793426514e-01 8.901641845703125000e+00
3.588331559094600845e+06 1.616086214780807495e-01 -4.213795065879821777e-01 8.930372238159179688e+00
3.588331588977100793e+06 2.753331884741783142e-02 -4.836287498474121094e-01 8.992621421813964844e+00
3.588331598945850972e+06 5.147533491253852844e-02 -4.644751250743865967e-01 8.954314231872558594e+00
3.588331628828975838e+06 8.499415963888168335e-02 -4.022258818149566650e-01 8.997409820556640625e+00
3.588331639169808943e+06 1.855506300926208496e-01 -2.920926213264465332e-01 8.997409820556640625e+00
3.588331667672516778e+06 2.573766708374023438e-01 -1.532289087772369385e-01 8.959102630615234375e+00
3.588331679025902878e+06 3.196259140968322754e-01 -1.005564704537391663e-01 8.992621421813964844e+00
3.588331709059443790e+06 4.106055796146392822e-01 -8.140286058187484741e-02 8.949525833129882812e+00
3.588331719255120959e+06 3.866635859012603760e-01 -1.819593310356140137e-01 8.968679428100585938e+00
3.588331746680589858e+06 2.956839203834533691e-01 -3.016694188117980957e-01 8.954314231872558594e+00
3.588331759259027895e+06 8.978256583213806152e-02 -3.543418645858764648e-01 8.906430244445800781e+00
3.588331789155017119e+06 -1.077390741556882858e-02 -4.213795065879821777e-01 8.949525833129882812e+00
3.588331799284080043e+06 8.020575344562530518e-02 -3.782838582992553711e-01 8.916007041931152344e+00
3.588331829017100856e+06 2.238578647375106812e-01 -3.495534360408782959e-01 8.911218643188476562e+00
3.588331839370746166e+06 3.052607178688049316e-01 -2.250549644231796265e-01 8.963891029357910156e+00
3.588331867720693815e+06 3.387795388698577881e-01 -1.628057211637496948e-01 8.983044624328613281e+00
3.588331879376683850e+06 3.292027413845062256e-01 -9.576806426048278809e-02 8.978256225585937500e+00
3.588331909099131823e+06 3.435679376125335693e-01 -1.484405100345611572e-01 8.978256225585937500e+00
3.588331919424131978e+06 2.573766708374023438e-01 -2.394201755523681641e-01 8.987833023071289062e+00
3.588331947741787881e+06 1.376665979623794556e-01 -3.303998410701751709e-01 8.939949035644531250e+00
3.588331959477465134e+06 7.062894850969314575e-02 -4.022258818149566650e-01 9.026140213012695312e+00
3.588331987695850898e+06 4.668693244457244873e-02 -4.548983275890350342e-01 8.959102630615234375e+00
3.588331999473715201e+06 1.855506300926208496e-01 -4.261679053306579590e-01 9.016563415527343750e+00
3.588332027915433981e+06 2.717418968677520752e-01 -3.495534360408782959e-01 8.968679428100585938e+00
3.588332039533089846e+06 3.244143426418304443e-01 -1.963245421648025513e-01 8.992621421813964844e+00
3.588332069245017134e+06 2.956839203834533691e-01 -1.053448766469955444e-01 8.973467826843261719e+00
3.588332079418090172e+06 3.148375153541564941e-01 -1.197100877761840820e-01 8.963891029357910156e+00
3.588332107876371127e+06 2.621650993824005127e-01 -2.106897532939910889e-01 8.939949035644531250e+00
3.588332119413819164e+06 2.094926536083221436e-01 -2.968810200691223145e-01 8.949525833129882812e+00
3.588332149331422988e+06 1.711854189634323120e-01 -3.830722570419311523e-01 8.935160636901855469e+00
3.588332159467516933e+06 1.520318090915679932e-01 -4.070142805576324463e-01 8.987833023071289062e+00
3.588332189325069077e+06 1.280897855758666992e-01 -3.974374830722808838e-01 9.002198219299316406e+00
3.588332199505330063e+06 2.238578647375106812e-01 -3.160346150398254395e-01 8.920795440673828125e+00
3.588332227322204970e+06 2.430114746093750000e-01 -2.154781520366668701e-01 8.872911453247070312e+00
3.588332239711319096e+06 2.621650993824005127e-01 -1.532289087772369385e-01 8.954314231872558594e+00
3.588332269613245968e+06 2.765302956104278564e-01 -1.675941199064254761e-01 8.916007041931152344e+00
3.588332279776371084e+06 2.765302956104278564e-01 -2.202665507793426514e-01 8.935160636901855469e+00
3.588332308286579791e+06 2.669534981250762939e-01 -3.064578175544738770e-01 8.896853446960449219e+00
3.588332319812620990e+06 2.047042399644851685e-01 -3.495534360408782959e-01 8.935160636901855469e+00
3.588332349702099804e+06 1.089361757040023804e-01 -3.687070608139038086e-01 8.949525833129882812e+00
3.588332359891475178e+06 1.041477769613265991e-01 -3.208230137825012207e-01 8.983044624328613281e+00
3.588332388347777072e+06 2.047042399644851685e-01 -2.537853717803955078e-01 8.944737434387207031e+00
3.588332399895329960e+06 2.765302956104278564e-01 -2.011129409074783325e-01 8.959102630615234375e+00
3.588332428032100201e+06 3.196259140968322754e-01 -2.202665507793426514e-01 8.959102630615234375e+00
3.588332440354965162e+06 3.292027413845062256e-01 -2.346317619085311890e-01 8.997409820556640625e+00
3.588332469881787896e+06 2.717418968677520752e-01 -1.867477297782897949e-01 8.939949035644531250e+00
3.588332479969704989e+06 2.669534981250762939e-01 -2.920926213264465332e-01 8.954314231872558594e+00
3.588332508476370946e+06 2.094926536083221436e-01 -3.016694188117980957e-01 9.002198219299316406e+00
3.588332519988766871e+06 1.185129806399345398e-01 -3.303998410701751709e-01 8.944737434387207031e+00
3.588332549889704213e+06 1.568202078342437744e-01 -3.543418645858764648e-01 8.954314231872558594e+00
3.588332560065276921e+06 2.047042399644851685e-01 -3.208230137825012207e-01 8.992621421813964844e+00
3.588332588513663039e+06 2.525882720947265625e-01 -2.777273952960968018e-01 8.973467826843261719e+00
3.588332599894912913e+06 3.100491166114807129e-01 -2.298433631658554077e-01 8.925583839416503906e+00
3.588332629787986167e+06 2.765302956104278564e-01 -2.059013396501541138e-01 8.930372238159179688e+00
3.588332639931579120e+06 2.238578647375106812e-01 -2.011129409074783325e-01 8.939949035644531250e+00
3.588332667579235975e+06 2.286462634801864624e-01 -2.633621990680694580e-01 9.074024200439453125e+00
3.588332679962465074e+06 2.334346622228622437e-01 -2.681505978107452393e-01 8.882488250732421875e+00
3.588332709875590168e+06 2.047042399644851685e-01 -3.447650372982025146e-01 8.930372238159179688e+00
3.588332720000797883e+06 2.382230758666992188e-01 -3.112462162971496582e-01 8.906430244445800781e+00
3.588332748508559074e+06 2.430114746093750000e-01 -3.303998410701751709e-01 8.978256225585937500e+00
3.588332760032360908e+06 3.244143426418304443e-01 -2.968810200691223145e-01 9.040505409240722656e+00
3.588332790284235962e+06 3.292027413845062256e-01 -2.537853717803955078e-01 9.222464561462402344e+00
3.588332800440329127e+06 3.627215623855590820e-01 -2.059013396501541138e-01 8.901641845703125000e+00
3.588332830259651877e+06 2.190694510936737061e-01 -1.915361285209655762e-01 8.882488250732421875e+00
3.588332840486162808e+06 2.142810523509979248e-01 -2.920926213264465332e-01 9.217676162719726562e+00
3.588332867074599955e+06 2.334346622228622437e-01 -3.064578175544738770e-01 8.935160636901855469e+00
3.588332880192828830e+06 2.382230758666992188e-01 -3.208230137825012207e-01 8.944737434387207031e+00
3.588332910276111215e+06 2.717418968677520752e-01 -3.208230137825012207e-01 8.949525833129882812e+00
3.588332920438142028e+06 1.185129806399345398e-01 -3.543418645858764648e-01 8.925583839416503906e+00
3.588332948899182957e+06 2.190694510936737061e-01 -2.537853717803955078e-01 8.935160636901855469e+00
3.588332960629651789e+06 2.621650993824005127e-01 -2.394201755523681641e-01 8.987833023071289062e+00
3.588332990378974937e+06 2.765302956104278564e-01 -2.202665507793426514e-01 8.935160636901855469e+00
3.588333000754340086e+06 2.430114746093750000e-01 -2.202665507793426514e-01 8.959102630615234375e+00
3.588333029053193983e+06 2.238578647375106812e-01 -2.633621990680694580e-01 8.920795440673828125e+00
3.588333040804027114e+06 2.238578647375106812e-01 -2.968810200691223145e-01 9.030928611755371094e+00
3.588333070270277094e+06 1.855506300926208496e-01 -2.873041927814483643e-01 8.896853446960449219e+00
3.588333080399704166e+06 1.759738177061080933e-01 -2.825157940387725830e-01 8.949525833129882812e+00
3.588333108067829162e+06 1.711854189634323120e-01 -3.016694188117980957e-01 8.939949035644531250e+00
3.588333120430537965e+06 1.520318090915679932e-01 -2.825157940387725830e-01 8.987833023071289062e+00
3.588333150284547824e+06 2.477998733520507812e-01 -2.825157940387725830e-01 8.963891029357910156e+00
3.588333160475225188e+06 2.525882720947265625e-01 -2.873041927814483643e-01 8.916007041931152344e+00
3.588333190295016859e+06 2.430114746093750000e-01 -2.537853717803955078e-01 9.006986618041992188e+00
3.588333200469078962e+06 2.573766708374023438e-01 -2.394201755523681641e-01 8.954314231872558594e+00
3.588333228955694009e+06 2.238578647375106812e-01 -2.537853717803955078e-01 8.925583839416503906e+00
3.588333240500173066e+06 1.951274424791336060e-01 -3.016694188117980957e-01 8.925583839416503906e+00
3.588333270471631084e+06 1.951274424791336060e-01 -3.351882398128509521e-01 8.963891029357910156e+00
3.588333280741057824e+06 2.190694510936737061e-01 -2.968810200691223145e-01 8.916007041931152344e+00
3.588333309226682875e+06 2.142810523509979248e-01 -2.777273952960968018e-01 8.959102630615234375e+00
3.588333320798090193e+06 2.430114746093750000e-01 -2.537853717803955078e-01 8.959102630615234375e+00
3.588333348949703854e+06 2.669534981250762939e-01 -2.202665507793426514e-01 8.930372238159179688e+00
3.588333360820693895e+06 2.238578647375106812e-01 -2.202665507793426514e-01 8.983044624328613281e+00
3.588333389314704109e+06 2.286462634801864624e-01 -2.585737705230712891e-01 8.949525833129882812e+00
3.588333400863610208e+06 2.286462634801864624e-01 -2.633621990680694580e-01 8.939949035644531250e+00
3.588333430703298189e+06 2.190694510936737061e-01 -2.968810200691223145e-01 8.968679428100585938e+00
3.588333441010590177e+06 2.142810523509979248e-01 -3.112462162971496582e-01 8.968679428100585938e+00
3.588333469381215051e+06 1.999158412218093872e-01 -2.729389965534210205e-01 9.002198219299316406e+00
3.588333481159340125e+06 2.286462634801864624e-01 -2.777273952960968018e-01 8.949525833129882812e+00
3.588333511071214918e+06 2.334346622228622437e-01 -2.729389965534210205e-01 8.935160636901855469e+00
3.588333521478036884e+06 2.430114746093750000e-01 -2.489969730377197266e-01 8.911218643188476562e+00
3.588333550975433085e+06 2.477998733520507812e-01 -2.442085742950439453e-01 8.954314231872558594e+00
3.588333561271319166e+06 2.573766708374023438e-01 -2.729389965534210205e-01 8.983044624328613281e+00
3.588333588906892110e+06 2.430114746093750000e-01 -2.633621990680694580e-01 8.896853446960449219e+00
3.588333601103818975e+06 2.382230758666992188e-01 -3.016694188117980957e-01 8.925583839416503906e+00
3.588333630794600118e+06 1.711854189634323120e-01 -2.873041927814483643e-01 8.983044624328613281e+00
3.588333640937412158e+06 1.999158412218093872e-01 -3.208230137825012207e-01 8.925583839416503906e+00
3.588333669619548135e+06 2.047042399644851685e-01 -2.873041927814483643e-01 8.954314231872558594e+00
3.588333681123349816e+06 2.142810523509979248e-01 -2.346317619085311890e-01 8.939949035644531250e+00
3.588333711044183001e+06 2.573766708374023438e-01 -2.537853717803955078e-01 8.983044624328613281e+00
3.588333721187517047e+06 2.621650993824005127e-01 -2.346317619085311890e-01 8.968679428100585938e+00
3.588333749628453981e+06 2.525882720947265625e-01 -2.537853717803955078e-01 8.963891029357910156e+00
3.588333761218089145e+06 2.430114746093750000e-01 -2.729389965534210205e-01 8.930372238159179688e+00
3.588333789350381121e+06 2.238578647375106812e-01 -2.681505978107452393e-01 8.973467826843261719e+00
3.588333801245953888e+06 2.094926536083221436e-01 -2.729389965534210205e-01 8.963891029357910156e+00
3.588333831129130907e+06 2.142810523509979248e-01 -2.729389965534210205e-01 8.935160636901855469e+00
3.588333841257568914e+06 2.142810523509979248e-01 -2.585737705230712891e-01 8.963891029357910156e+00
3.588333869740536902e+06 2.142810523509979248e-01 -2.825157940387725830e-01 8.963891029357910156e+00
3.588333881308036856e+06 2.573766708374023438e-01 -2.729389965534210205e-01 8.968679428100585938e+00
3.588333911220693961e+06 2.525882720947265625e-01 -2.920926213264465332e-01 8.944737434387207031e+00
3.588333921351682860e+06 2.190694510936737061e-01 -2.489969730377197266e-01 8.954314231872558594e+00
3.588333949841526803e+06 2.525882720947265625e-01 -2.442085742950439453e-01 8.954314231872558594e+00
3.588333961395069025e+06 2.142810523509979248e-01 -2.585737705230712891e-01 8.901641845703125000e+00
3.588333991252881009e+06 1.951274424791336060e-01 -3.112462162971496582e-01 8.954314231872558594e+00
3.588334001437047962e+06 2.142810523509979248e-01 -2.873041927814483643e-01 8.963891029357910156e+00
3.588334028897672892e+06 2.525882720947265625e-01 -2.777273952960968018e-01 8.963891029357910156e+00
3.588334041269287001e+06 2.621650993824005127e-01 -2.777273952960968018e-01 8.954314231872558594e+00
3.588334071226579137e+06 2.430114746093750000e-01 -2.442085742950439453e-01 8.939949035644531250e+00
3.588334082250277046e+06 2.525882720947265625e-01 -2.825157940387725830e-01 8.930372238159179688e+00
3.588334109735485166e+06 2.286462634801864624e-01 -2.394201755523681641e-01 8.954314231872558594e+00
3.588334121346422937e+06 2.382230758666992188e-01 -2.394201755523681641e-01 8.930372238159179688e+00
3.588334151151839178e+06 2.094926536083221436e-01 -2.825157940387725830e-01 8.978256225585937500e+00
3.588334161585224792e+06 1.999158412218093872e-01 -2.920926213264465332e-01 8.968679428100585938e+00
3.588334191394026857e+06 2.382230758666992188e-01 -3.160346150398254395e-01 8.896853446960449219e+00
3.588334201574651990e+06 2.142810523509979248e-01 -2.825157940387725830e-01 8.968679428100585938e+00
3.588334228276214097e+06 2.430114746093750000e-01 -2.920926213264465332e-01 8.896853446960449219e+00
3.588334241646005772e+06 2.238578647375106812e-01 -2.537853717803955078e-01 8.930372238159179688e+00
3.588334271468975116e+06 2.238578647375106812e-01 -2.154781520366668701e-01 8.935160636901855469e+00
3.588334281690902077e+06 2.334346622228622437e-01 -2.585737705230712891e-01 8.973467826843261719e+00
3.588334310104494914e+06 2.286462634801864624e-01 -2.825157940387725830e-01 8.968679428100585938e+00
3.588334321728453971e+06 2.621650993824005127e-01 -2.777273952960968018e-01 8.983044624328613281e+00
3.588334351582777221e+06 2.382230758666992188e-01 -3.112462162971496582e-01 8.973467826843261719e+00
3.588334361774235032e+06 2.142810523509979248e-01 -2.777273952960968018e-01 8.992621421813964844e+00
3.588334390160954092e+06 2.477998733520507812e-01 -3.112462162971496582e-01 8.911218643188476562e+00
3.588334401770692784e+06 2.477998733520507812e-01 -2.681505978107452393e-01 8.892065048217773438e+00
3.588334431626630947e+06 2.430114746093750000e-01 -2.729389965534210205e-01 8.944737434387207031e+00
3.588334444020016119e+06 2.190694510936737061e-01 -2.968810200691223145e-01 8.944737434387207031e+00
3.588334469432463869e+06 2.286462634801864624e-01 -2.920926213264465332e-01 8.973467826843261719e+00
3.588334481895588804e+06 2.430114746093750000e-01 -2.585737705230712891e-01 8.944737434387207031e+00
3.588334511699494906e+06 2.621650993824005127e-01 -2.825157940387725830e-01 8.939949035644531250e+00
3.588334521920588799e+06 2.334346622228622437e-01 -2.920926213264465332e-01 8.911218643188476562e+00
3.588334551723713987e+06 2.334346622228622437e-01 -2.585737705230712891e-01 8.954314231872558594e+00
3.588334561950224917e+06 2.094926536083221436e-01 -2.585737705230712891e-01 8.973467826843261719e+00
3.588334590370744932e+06 2.525882720947265625e-01 -2.873041927814483643e-01 8.887276649475097656e+00
3.588334601865484845e+06 2.813186943531036377e-01 -2.394201755523681641e-01 8.930372238159179688e+00
3.588334632009286899e+06 2.430114746093750000e-01 -2.298433631658554077e-01 8.935160636901855469e+00
3.588334642046527006e+06 2.334346622228622437e-01 -2.681505978107452393e-01 8.968679428100585938e+00
3.588334670331942849e+06 2.430114746093750000e-01 -2.489969730377197266e-01 8.954314231872558594e+00
3.588334681931369938e+06 2.956839203834533691e-01 -2.489969730377197266e-01 8.911218643188476562e+00
3.588334710232515819e+06 2.238578647375106812e-01 -2.585737705230712891e-01 8.877699851989746094e+00
3.588334722192151938e+06 2.717418968677520752e-01 -2.729389965534210205e-01 8.968679428100585938e+00
3.588334750585589092e+06 2.717418968677520752e-01 -2.825157940387725830e-01 8.959102630615234375e+00
3.588334762213036884e+06 1.487996339797973633e+00 -2.825157940387725830e-01 8.757989883422851562e+00
3.588334792105797213e+06 1.756146907806396484e+00 -5.650315880775451660e-01 8.877699851989746094e+00
3.588334802254964132e+06 8.978256583213806152e-02 -6.177040338516235352e-01 8.810662269592285156e+00
3.588334832153506111e+06 1.133654475212097168e+00 -3.639186620712280273e-01 9.054870605468750000e+00
3.588334842277098913e+06 -2.406172752380371094e-01 -6.895300745964050293e-01 9.030928611755371094e+00
3.588334870767776854e+06 -1.164779186248779297e+00 -5.698199868202209473e-01 8.949525833129882812e+00
3.588334882316110190e+06 -3.890577852725982666e-01 -5.746084079146385193e-02 9.040505409240722656e+00
3.588334912180641200e+06 6.308721303939819336e-01 -1.292868852615356445e-01 8.949525833129882812e+00
3.588334922362360172e+06 5.590460896492004395e-01 -3.495534360408782959e-01 8.987833023071289062e+00
3.588334949949860107e+06 5.781996846199035645e-01 -3.160346150398254395e-01 8.978256225585937500e+00
3.588334962424443103e+06 8.367735147476196289e-01 -3.543418645858764648e-01 8.925583839416503906e+00
3.588334992465433199e+06 7.170634269714355469e-01 -5.506663918495178223e-01 8.973467826843261719e+00
3.588335002443140838e+06 8.750807046890258789e-01 -6.560112833976745605e-01 8.844181060791015625e+00
3.588335030957985204e+06 -1.209071874618530273e-01 -8.140285611152648926e-01 9.141061782836914062e+00
3.588335042578348890e+06 -5.386953800916671753e-02 -5.363011956214904785e-01 9.131484985351562500e+00
3.588335072221422102e+06 8.978256583213806152e-02 -6.177040338516235352e-01 8.825027465820312500e+00
3.588335082457464188e+06 -4.465186297893524170e-01 -6.033388376235961914e-01 8.997409820556640625e+00
3.588335112261318136e+06 6.404489278793334961e-01 -3.878606855869293213e-01 9.121908187866210938e+00
3.588335122458192986e+06 4.297592043876647949e-01 -7.661445438861846924e-02 8.738836288452148438e+00
3.588335149092619773e+06 5.973533391952514648e-01 2.489969730377197266e-01 8.504204750061035156e+00
3.588335162540380843e+06 5.494692921638488770e-01 4.644751250743865967e-01 8.738836288452148438e+00
3.588335192233974114e+06 5.111620426177978516e-01 3.351882398128509521e-01 8.073247909545898438e+00
3.588335202401839197e+06 -8.104372620582580566e-01 3.495534360408782959e-01 9.399636268615722656e+00
3.588335231026735157e+06 2.142810523509979248e-01 9.576807022094726562e-01 9.476250648498535156e+00
3.588335242574964184e+06 -4.129997789859771729e-01 9.097966551780700684e-01 9.016563415527343750e+00
3.588335272506995127e+06 3.914519846439361572e-01 -2.250549644231796265e-01 9.145850181579589844e+00
3.588335282602568157e+06 3.531447649002075195e-01 -2.059013396501541138e-01 8.896853446960449219e+00
3.588335311131421942e+06 4.010287821292877197e-01 -2.202665507793426514e-01 8.992621421813964844e+00
3.588335322623766027e+06 3.770867586135864258e-01 -2.394201755523681641e-01 8.906430244445800781e+00
3.588335352565693203e+06 3.818751573562622070e-01 -2.250549644231796265e-01 8.939949035644531250e+00
3.588335362618140876e+06 3.004723191261291504e-01 -2.202665507793426514e-01 8.949525833129882812e+00
3.588335390392671805e+06 3.818751573562622070e-01 -2.585737705230712891e-01 8.973467826843261719e+00
3.588335402616473846e+06 3.770867586135864258e-01 -1.532289087772369385e-01 8.863334655761718750e+00
3.588335432641162071e+06 2.382230758666992188e-01 -2.346317619085311890e-01 8.939949035644531250e+00
3.588335442669860087e+06 3.052607178688049316e-01 -2.346317619085311890e-01 8.978256225585937500e+00
3.588335472703297157e+06 3.339911401271820068e-01 -2.346317619085311890e-01 8.949525833129882812e+00
3.588335482702984940e+06 3.531447649002075195e-01 -2.106897532939910889e-01 8.949525833129882812e+00
3.588335511360641103e+06 3.148375153541564941e-01 -2.059013396501541138e-01 8.983044624328613281e+00
3.588335522738557775e+06 3.483563363552093506e-01 -2.250549644231796265e-01 8.916007041931152344e+00
3.588335552731942851e+06 3.004723191261291504e-01 -2.346317619085311890e-01 8.963891029357910156e+00
3.588335562966942787e+06 2.956839203834533691e-01 -2.202665507793426514e-01 8.968679428100585938e+00
3.588335591387046967e+06 3.100491166114807129e-01 -2.346317619085311890e-01 8.939949035644531250e+00
3.588335603185067885e+06 3.435679376125335693e-01 -2.059013396501541138e-01 8.954314231872558594e+00
3.588335630976891145e+06 3.627215623855590820e-01 -2.106897532939910889e-01 8.978256225585937500e+00
3.588335642864495050e+06 3.292027413845062256e-01 -2.154781520366668701e-01 8.916007041931152344e+00
3.588335671486839186e+06 3.148375153541564941e-01 -2.537853717803955078e-01 8.968679428100585938e+00
3.588335682921578176e+06 3.052607178688049316e-01 -2.298433631658554077e-01 8.944737434387207031e+00
3.588335712671318091e+06 3.435679376125335693e-01 -2.298433631658554077e-01 8.973467826843261719e+00
3.588335723084912170e+06 1.951274424791336060e-01 -2.585737705230712891e-01 8.925583839416503906e+00
3.588335751530745067e+06 4.189852997660636902e-02 -2.633621990680694580e-01 9.078812599182128906e+00
3.588335763123348821e+06 -1.681926727294921875e+00 -3.878606855869293213e-01 8.920795440673828125e+00
3.588335792817620095e+06 -1.538274645805358887e+00 -3.591302633285522461e-01 8.916007041931152344e+00
3.588335803173556924e+06 3.025073766708374023e+00 1.436521019786596298e-02 8.896853446960449219e+00
3.588335832862359006e+06 1.866280198097229004e+00 -2.250549644231796265e-01 9.006986618041992188e+00
3.588335843198662158e+06 3.387795388698577881e-01 -2.298433631658554077e-01 9.026140213012695312e+00
3.588335870852619875e+06 2.908954918384552002e-01 -2.394201755523681641e-01 9.069235801696777344e+00
3.588335883287515957e+06 2.956839203834533691e-01 -2.011129409074783325e-01 8.920795440673828125e+00
3.588335912913817912e+06 2.861070930957794189e-01 -2.633621990680694580e-01 8.954314231872558594e+00
3.588335925020641182e+06 3.052607178688049316e-01 -2.059013396501541138e-01 8.954314231872558594e+00
3.588335951532672159e+06 3.196259140968322754e-01 -2.202665507793426514e-01 8.963891029357910156e+00
3.588335963353661820e+06 3.339911401271820068e-01 -2.489969730377197266e-01 9.021351814270019531e+00
3.588335993004390970e+06 2.908954918384552002e-01 -2.394201755523681641e-01 8.911218643188476562e+00
3.588336003210952971e+06 3.148375153541564941e-01 -2.585737705230712891e-01 8.911218643188476562e+00
3.588336031640224159e+06 3.435679376125335693e-01 -2.489969730377197266e-01 8.887276649475097656e+00
3.588336043206109200e+06 3.196259140968322754e-01 -2.298433631658554077e-01 8.987833023071289062e+00
3.588336071319338866e+06 3.292027413845062256e-01 -2.585737705230712891e-01 8.930372238159179688e+00
3.588336083243870176e+06 3.052607178688049316e-01 -2.346317619085311890e-01 8.973467826843261719e+00
3.588336113070953172e+06 3.435679376125335693e-01 -2.202665507793426514e-01 8.992621421813964844e+00
3.588336123488035984e+06 2.669534981250762939e-01 -2.633621990680694580e-01 8.944737434387207031e+00
3.588336151906421874e+06 3.387795388698577881e-01 -2.202665507793426514e-01 8.901641845703125000e+00
3.588336163529494777e+06 2.573766708374023438e-01 -2.250549644231796265e-01 8.930372238159179688e+00
3.588336193347619846e+06 2.525882720947265625e-01 -2.394201755523681641e-01 8.887276649475097656e+00
3.588336203548401129e+06 2.669534981250762939e-01 -2.346317619085311890e-01 8.896853446960449219e+00
3.588336232015587855e+06 2.717418968677520752e-01 -2.442085742950439453e-01 8.992621421813964844e+00
3.588336243621890899e+06 3.052607178688049316e-01 -2.202665507793426514e-01 8.925583839416503906e+00
3.588336273423349019e+06 2.238578647375106812e-01 -2.633621990680694580e-01 9.035717010498046875e+00
3.588336283472463023e+06 2.430114746093750000e-01 -2.537853717803955078e-01 8.949525833129882812e+00
3.588336311052463017e+06 -9.217676520347595215e-02 -3.639186620712280273e-01 8.911218643188476562e+00
3.588336323481318075e+06 -5.865794047713279724e-02 -2.920926213264465332e-01 8.930372238159179688e+00
3.588336353290848900e+06 2.669534981250762939e-01 -2.346317619085311890e-01 8.935160636901855469e+00
3.588336363726370037e+06 5.446808934211730957e-01 -1.484405100345611572e-01 8.963891029357910156e+00
3.588336391892775893e+06 4.345476031303405762e-01 -1.963245421648025513e-01 8.963891029357910156e+00
3.588336403540016152e+06 2.525882720947265625e-01 -3.112462162971496582e-01 8.973467826843261719e+00
3.588336433333401103e+06 1.903390288352966309e-01 -3.639186620712280273e-01 8.997409820556640625e+00
3.588336443997776136e+06 2.525882720947265625e-01 -3.591302633285522461e-01 8.944737434387207031e+00
3.588336473413036205e+06 3.148375153541564941e-01 -3.208230137825012207e-01 8.973467826843261719e+00
3.588336484008817933e+06 2.669534981250762939e-01 -3.687070608139038086e-01 8.949525833129882812e+00
3.588336510284129996e+06 2.334346622228622437e-01 -3.303998410701751709e-01 8.911218643188476562e+00
3.588336524085015059e+06 2.525882720947265625e-01 -3.543418645858764648e-01 8.944737434387207031e+00
3.588336553874806967e+06 1.903390288352966309e-01 -3.112462162971496582e-01 9.006986618041992188e+00
3.588336563672724180e+06 1.759738177061080933e-01 -1.963245421648025513e-01 8.939949035644531250e+00
3.588336592569130007e+06 1.424549967050552368e-01 -2.346317619085311890e-01 8.916007041931152344e+00
3.588336603710067924e+06 1.568202078342437744e-01 -1.197100877761840820e-01 8.959102630615234375e+00
3.588336633710172027e+06 1.041477769613265991e-01 -1.675941199064254761e-01 8.916007041931152344e+00
3.588336643919390161e+06 3.591302549466490746e-03 -2.585737705230712891e-01 8.968679428100585938e+00
3.588336672195483930e+06 -1.556231081485748291e-02 -2.298433631658554077e-01 8.987833023071289062e+00
3.588336683789078146e+06 6.584054976701736450e-02 -1.915361285209655762e-01 8.954314231872558594e+00
3.588336713625797071e+06 2.238578647375106812e-01 -2.154781520366668701e-01 8.973467826843261719e+00
3.588336723821837921e+06 3.004723191261291504e-01 -2.298433631658554077e-01 8.959102630615234375e+00
3.588336751444130205e+06 2.621650993824005127e-01 -2.442085742950439453e-01 8.997409820556640625e+00
3.588336763876161072e+06 2.382230758666992188e-01 -2.489969730377197266e-01 8.954314231872558594e+00
3.588336793663349003e+06 3.004723191261291504e-01 -2.825157940387725830e-01 8.930372238159179688e+00
3.588336803902203217e+06 1.472434103488922119e-01 -3.160346150398254395e-01 8.983044624328613281e+00
3.588336833721213043e+06 1.424549967050552368e-01 -3.016694188117980957e-01 8.954314231872558594e+00
3.588336843942098785e+06 3.579331636428833008e-01 -2.298433631658554077e-01 8.959102630615234375e+00
3.588336872902671807e+06 2.190694510936737061e-01 -2.729389965534210205e-01 8.987833023071289062e+00
3.588336884412358981e+06 4.153940081596374512e-01 -2.059013396501541138e-01 9.011775016784667969e+00
3.588336914230172057e+06 4.393360018730163574e-01 -1.580173075199127197e-01 8.973467826843261719e+00
3.588336924424338154e+06 5.255272984504699707e-01 -1.388636976480484009e-01 8.959102630615234375e+00
3.588336952430901118e+06 3.435679376125335693e-01 -2.298433631658554077e-01 8.987833023071289062e+00
3.588336964152776171e+06 4.297592043876647949e-01 -2.059013396501541138e-01 8.963891029357910156e+00
3.588336992161212955e+06 2.765302956104278564e-01 -2.106897532939910889e-01 8.959102630615234375e+00
3.588337004215172026e+06 1.999158412218093872e-01 -2.681505978107452393e-01 8.949525833129882812e+00
3.588337032541682012e+06 1.568202078342437744e-01 -2.585737705230712891e-01 8.978256225585937500e+00
3.588337044137462974e+06 1.568202078342437744e-01 -2.394201755523681641e-01 8.944737434387207031e+00
3.588337074125691783e+06 2.190694510936737061e-01 -2.250549644231796265e-01 9.030928611755371094e+00
3.588337084316057153e+06 2.813186943531036377e-01 -2.154781520366668701e-01 8.944737434387207031e+00
3.588337112766368780e+06 3.004723191261291504e-01 -2.442085742950439453e-01 8.987833023071289062e+00
3.588337124409703072e+06 4.249708056449890137e-01 -2.011129409074783325e-01 8.930372238159179688e+00
3.588337154092723969e+06 3.435679376125335693e-01 -1.819593310356140137e-01 8.963891029357910156e+00
3.588337164412202779e+06 2.477998733520507812e-01 -2.442085742950439453e-01 9.026140213012695312e+00
3.588337194700328168e+06 2.813186943531036377e-01 -1.867477297782897949e-01 8.978256225585937500e+00
3.588337204993505031e+06 2.765302956104278564e-01 -1.819593310356140137e-01 8.944737434387207031e+00
3.588337232044911012e+06 2.382230758666992188e-01 -1.867477297782897949e-01 9.002198219299316406e+00
3.588337244352670852e+06 2.477998733520507812e-01 -2.106897532939910889e-01 9.002198219299316406e+00
3.588337274301682133e+06 2.573766708374023438e-01 -2.585737705230712891e-01 8.944737434387207031e+00
3.588337284533295780e+06 2.382230758666992188e-01 -2.298433631658554077e-01 8.954314231872558594e+00
3.588337312966369092e+06 2.382230758666992188e-01 -2.106897532939910889e-01 8.959102630615234375e+00
3.588337324552983977e+06 1.807622313499450684e-01 -2.154781520366668701e-01 9.026140213012695312e+00
3.588337354822411202e+06 1.855506300926208496e-01 -2.585737705230712891e-01 8.968679428100585938e+00
3.588337364611526020e+06 2.094926536083221436e-01 -2.059013396501541138e-01 8.968679428100585938e+00
3.588337393435691949e+06 2.477998733520507812e-01 -2.442085742950439453e-01 8.987833023071289062e+00
3.588337404633140191e+06 2.717418968677520752e-01 -2.825157940387725830e-01 8.987833023071289062e+00
3.588337433221525978e+06 2.430114746093750000e-01 -2.394201755523681641e-01 8.968679428100585938e+00
3.588337444682097994e+06 2.382230758666992188e-01 -2.106897532939910889e-01 8.987833023071289062e+00
3.588337474978609011e+06 1.855506300926208496e-01 -2.442085742950439453e-01 8.954314231872558594e+00
3.588337484723764937e+06 2.190694510936737061e-01 -1.963245421648025513e-01 8.983044624328613281e+00
3.588337513574441895e+06 2.094926536083221436e-01 -2.298433631658554077e-01 9.035717010498046875e+00
3.588337525465588085e+06 2.286462634801864624e-01 -2.873041927814483643e-01 8.949525833129882812e+00
3.588337554573399946e+06 2.286462634801864624e-01 -2.537853717803955078e-01 9.030928611755371094e+00
3.588337564801161177e+06 2.477998733520507812e-01 -2.777273952960968018e-01 8.992621421813964844e+00
3.588337593095066957e+06 2.190694510936737061e-01 -2.442085742950439453e-01 8.968679428100585938e+00
3.588337604701941833e+06 1.999158412218093872e-01 -2.106897532939910889e-01 8.925583839416503906e+00
3.588337634657515213e+06 1.663970202207565308e-01 -2.202665507793426514e-01 8.987833023071289062e+00
3.588337644726421218e+06 2.190694510936737061e-01 -2.346317619085311890e-01 9.011775016784667969e+00
3.588337672474389896e+06 1.759738177061080933e-01 -2.394201755523681641e-01 8.954314231872558594e+00
3.588337684903347865e+06 1.328781992197036743e-01 -3.447650372982025146e-01 9.026140213012695312e+00
3.588337715240953024e+06 -3.950432687997817993e-02 -4.357447028160095215e-01 9.011775016784667969e+00
3.588337724978243932e+06 1.520318090915679932e-01 -3.399766385555267334e-01 8.987833023071289062e+00
3.588337755279493984e+06 2.765302956104278564e-01 -2.394201755523681641e-01 8.973467826843261719e+00
3.588337765009182040e+06 3.675099611282348633e-01 -1.292868852615356445e-01 9.030928611755371094e+00
3.588337793911109213e+06 2.956839203834533691e-01 -1.484405100345611572e-01 8.992621421813964844e+00
3.588337805650223047e+06 2.525882720947265625e-01 -2.011129409074783325e-01 8.968679428100585938e+00
3.588337835121786222e+06 2.190694510936737061e-01 -1.819593310356140137e-01 9.016563415527343750e+00
3.588337845539337955e+06 2.238578647375106812e-01 -2.681505978107452393e-01 8.992621421813964844e+00
3.588337871652254835e+06 2.142810523509979248e-01 -2.633621990680694580e-01 9.026140213012695312e+00
3.588337885129910894e+06 1.999158412218093872e-01 -2.873041927814483643e-01 9.016563415527343750e+00
3.588337914771317039e+06 1.807622313499450684e-01 -2.250549644231796265e-01 9.016563415527343750e+00
3.588337925028765108e+06 1.424549967050552368e-01 -2.537853717803955078e-01 9.006986618041992188e+00
3.588337953544389922e+06 2.238578647375106812e-01 -2.346317619085311890e-01 9.011775016784667969e+00
3.588337965024963021e+06 2.286462634801864624e-01 -2.346317619085311890e-01 8.992621421813964844e+00
3.588337994840484113e+06 2.573766708374023438e-01 -1.580173075199127197e-01 8.973467826843261719e+00
3.588338005602826830e+06 2.525882720947265625e-01 -2.106897532939910889e-01 8.963891029357910156e+00
3.588338034085691907e+06 1.999158412218093872e-01 -2.298433631658554077e-01 9.045293807983398438e+00
3.588338045426264871e+06 2.238578647375106812e-01 -2.968810200691223145e-01 8.992621421813964844e+00
3.588338075072932057e+06 1.999158412218093872e-01 -2.250549644231796265e-01 9.011775016784667969e+00
3.588338085158557165e+06 1.903390288352966309e-01 -2.825157940387725830e-01 9.002198219299316406e+00
3.588338112876369152e+06 2.382230758666992188e-01 -2.394201755523681641e-01 9.040505409240722656e+00
3.588338125162723009e+06 2.190694510936737061e-01 -2.489969730377197266e-01 8.963891029357910156e+00
3.588338155173817184e+06 2.190694510936737061e-01 -1.963245421648025513e-01 9.040505409240722656e+00
3.588338165670170914e+06 2.286462634801864624e-01 -1.963245421648025513e-01 9.021351814270019531e+00
3.588338195228816941e+06 2.190694510936737061e-01 -2.346317619085311890e-01 8.992621421813964844e+00
3.588338205279389862e+06 1.807622313499450684e-01 -2.346317619085311890e-01 8.944737434387207031e+00
3.588338233657150064e+06 2.190694510936737061e-01 -2.585737705230712891e-01 9.011775016784667969e+00
3.588338245287253987e+06 2.047042399644851685e-01 -2.920926213264465332e-01 9.035717010498046875e+00
3.588338275153452065e+06 2.525882720947265625e-01 -2.633621990680694580e-01 8.968679428100585938e+00
3.588338285314545967e+06 2.190694510936737061e-01 -2.585737705230712891e-01 8.983044624328613281e+00
3.588338314158088062e+06 2.142810523509979248e-01 -2.489969730377197266e-01 8.997409820556640625e+00
3.588338325366577134e+06 2.238578647375106812e-01 -2.154781520366668701e-01 8.987833023071289062e+00
3.588338353897566907e+06 2.238578647375106812e-01 -2.298433631658554077e-01 8.963891029357910156e+00
3.588338365561317187e+06 2.382230758666992188e-01 -2.250549644231796265e-01 9.011775016784667969e+00
3.588338393828243949e+06 1.999158412218093872e-01 -2.154781520366668701e-01 8.959102630615234375e+00
3.588338405434805900e+06 2.286462634801864624e-01 -2.346317619085311890e-01 9.002198219299316406e+00
3.588338435268451925e+06 2.477998733520507812e-01 -2.537853717803955078e-01 8.992621421813964844e+00
3.588338445935899857e+06 2.190694510936737061e-01 -2.250549644231796265e-01 8.978256225585937500e+00
3.588338475286994129e+06 2.190694510936737061e-01 -2.346317619085311890e-01 8.992621421813964844e+00
3.588338485573192127e+06 1.855506300926208496e-01 -1.915361285209655762e-01 8.978256225585937500e+00
3.588338513941213023e+06 2.238578647375106812e-01 -1.819593310356140137e-01 8.992621421813964844e+00
3.588338525552098174e+06 2.047042399644851685e-01 -2.442085742950439453e-01 8.987833023071289062e+00
3.588338555389701854e+06 1.951274424791336060e-01 -1.867477297782897949e-01 8.992621421813964844e+00
3.588338565601055976e+06 2.430114746093750000e-01 -2.298433631658554077e-01 9.011775016784667969e+00
3.588338593183556106e+06 2.238578647375106812e-01 -2.298433631658554077e-01 8.959102630615234375e+00
3.588338605629962869e+06 1.711854189634323120e-01 -2.537853717803955078e-01 8.997409820556640625e+00
3.588338635598191991e+06 2.047042399644851685e-01 -2.442085742950439453e-01 9.064447402954101562e+00
3.588338645684598014e+06 1.903390288352966309e-01 -2.825157940387725830e-01 9.002198219299316406e+00
3.588338674076941796e+06 2.382230758666992188e-01 -2.394201755523681641e-01 8.997409820556640625e+00
3.588338685721265152e+06 1.711854189634323120e-01 -1.867477297782897949e-01 8.949525833129882812e+00
3.588338715537462849e+06 2.430114746093750000e-01 -2.106897532939910889e-01 8.935160636901855469e+00
3.588338725734076928e+06 2.525882720947265625e-01 -2.298433631658554077e-01 9.002198219299316406e+00
3.588338755574076902e+06 2.286462634801864624e-01 -2.489969730377197266e-01 9.011775016784667969e+00
3.588338765810378827e+06 2.142810523509979248e-01 -2.537853717803955078e-01 8.963891029357910156e+00
