3.618997076687141787e+06 8.020575344562530518e-02 -1.388636976480484009e-01 8.935160636901855469e+00
3.618997100367766805e+06 4.189852997660636902e-02 -1.388636976480484009e-01 8.944737434387207031e+00
3.618997126103600953e+06 4.189852997660636902e-02 -1.101332753896713257e-01 8.954314231872558594e+00
3.618997153125579935e+06 6.105214357376098633e-02 -1.436520963907241821e-01 8.959102630615234375e+00
3.618997177018496208e+06 5.626374110579490662e-02 -1.532289087772369385e-01 8.949525833129882812e+00
3.618997203779642005e+06 6.584054976701736450e-02 -1.771709322929382324e-01 8.930372238159179688e+00
3.618997228525684215e+06 5.147533491253852844e-02 -1.244984865188598633e-01 8.911218643188476562e+00
3.618997250825162977e+06 6.105214357376098633e-02 -1.388636976480484009e-01 8.944737434387207031e+00
3.618997278097297996e+06 7.062894850969314575e-02 -1.101332753896713257e-01 8.983044624328613281e+00
3.618997302183965221e+06 1.795651204884052277e-02 -1.388636976480484009e-01 8.968679428100585938e+00
3.618997327966672834e+06 6.105214357376098633e-02 -1.292868852615356445e-01 9.030928611755371094e+00
3.618997352187455166e+06 8.978256583213806152e-02 -1.388636976480484009e-01 8.916007041931152344e+00
3.618997378916725051e+06 6.105214357376098633e-02 -1.388636976480484009e-01 8.944737434387207031e+00
3.618997403162141796e+06 5.626374110579490662e-02 -1.580173075199127197e-01 8.954314231872558594e+00
3.618997426023860928e+06 4.668693244457244873e-02 -1.532289087772369385e-01 8.930372238159179688e+00
3.618997453067454975e+06 5.626374110579490662e-02 -1.580173075199127197e-01 8.935160636901855469e+00
3.618997477183391806e+06 9.457096457481384277e-02 -1.388636976480484009e-01 8.935160636901855469e+00
3.618997503100111149e+06 3.232172131538391113e-02 -1.723825186491012573e-01 9.006986618041992188e+00
3.618997527164121158e+06 8.499415963888168335e-02 -1.340752989053726196e-01 8.892065048217773438e+00
3.618997553903339896e+06 5.626374110579490662e-02 -1.484405100345611572e-01 8.963891029357910156e+00
3.618997578107141890e+06 5.626374110579490662e-02 -1.532289087772369385e-01 8.920795440673828125e+00
3.618997600982870907e+06 3.591302549466490746e-03 -1.388636976480484009e-01 8.973467826843261719e+00
3.618997628110267222e+06 3.711012750864028931e-02 -1.580173075199127197e-01 8.930372238159179688e+00
3.618997652318860870e+06 7.541735470294952393e-02 -1.963245421648025513e-01 8.925583839416503906e+00
3.618997678220422938e+06 6.105214357376098633e-02 -1.388636976480484009e-01 8.930372238159179688e+00
3.618997702354693785e+06 5.626374110579490662e-02 -1.197100877761840820e-01 8.959102630615234375e+00
3.618997729079485871e+06 6.105214357376098633e-02 -1.436520963907241821e-01 8.911218643188476562e+00
3.618997751914537977e+06 7.062894850969314575e-02 -1.197100877761840820e-01 8.949525833129882812e+00
3.618997777469797991e+06 6.584054976701736450e-02 -1.436520963907241821e-01 8.925583839416503906e+00
3.618997803311725147e+06 3.232172131538391113e-02 -1.532289087772369385e-01 8.920795440673828125e+00
3.618997827487453818e+06 4.668693244457244873e-02 -1.628057211637496948e-01 8.949525833129882812e+00
3.618997853382818867e+06 6.105214357376098633e-02 -1.436520963907241821e-01 8.983044624328613281e+00
3.618997877315526828e+06 6.584054976701736450e-02 -1.340752989053726196e-01 8.901641845703125000e+00
3.618997904264120851e+06 7.541735470294952393e-02 -1.580173075199127197e-01 8.983044624328613281e+00
3.618997927141620778e+06 9.935937076807022095e-02 -1.771709322929382324e-01 8.963891029357910156e+00
3.618997952596152201e+06 8.020575344562530518e-02 -1.723825186491012573e-01 8.935160636901855469e+00
3.618997978565578815e+06 5.626374110579490662e-02 -1.436520963907241821e-01 8.954314231872558594e+00
3.618998002463288140e+06 7.541735470294952393e-02 -1.388636976480484009e-01 8.935160636901855469e+00
3.618998028341256082e+06 6.105214357376098633e-02 -1.436520963907241821e-01 9.006986618041992188e+00
3.618998052512871101e+06 2.753331884741783142e-02 -1.197100877761840820e-01 8.987833023071289062e+00
3.618998079198130872e+06 5.626374110579490662e-02 -1.292868852615356445e-01 8.997409820556640625e+00
3.618998102225840092e+06 7.541735470294952393e-02 -1.197100877761840820e-01 8.978256225585937500e+00
3.618998127750058193e+06 5.147533491253852844e-02 -1.388636976480484009e-01 8.930372238159179688e+00
3.618998153676777147e+06 7.062894850969314575e-02 -9.097966551780700684e-02 8.939949035644531250e+00
3.618998177622974850e+06 7.541735470294952393e-02 -1.436520963907241821e-01 9.006986618041992188e+00
3.618998203561204020e+06 5.626374110579490662e-02 -1.675941199064254761e-01 8.949525833129882812e+00
3.618998227728651837e+06 4.668693244457244873e-02 -1.292868852615356445e-01 8.911218643188476562e+00
3.618998254429068882e+06 8.020575344562530518e-02 -1.388636976480484009e-01 8.959102630615234375e+00
3.618998277601516806e+06 6.105214357376098633e-02 -1.532289087772369385e-01 8.944737434387207031e+00
3.618998303148913197e+06 8.499415963888168335e-02 -1.628057211637496948e-01 8.920795440673828125e+00
3.618998328843756113e+06 7.541735470294952393e-02 -1.436520963907241821e-01 8.983044624328613281e+00
3.618998353241621051e+06 1.137245818972587585e-01 -1.292868852615356445e-01 8.944737434387207031e+00
3.618998379122037906e+06 4.668693244457244873e-02 -1.244984865188598633e-01 8.978256225585937500e+00
3.618998403343026992e+06 6.584054976701736450e-02 -1.484405100345611572e-01 8.944737434387207031e+00
3.618998427399121225e+06 4.668693244457244873e-02 -1.675941199064254761e-01 8.963891029357910156e+00
3.618998456159485038e+06 4.668693244457244873e-02 -1.436520963907241821e-01 8.920795440673828125e+00
3.618998476591255981e+06 7.062894850969314575e-02 -1.484405100345611572e-01 8.973467826843261719e+00
3.618998503857246134e+06 4.668693244457244873e-02 -1.628057211637496948e-01 8.954314231872558594e+00
3.618998528334902134e+06 6.584054976701736450e-02 -1.244984865188598633e-01 8.954314231872558594e+00
3.618998554086360149e+06 4.668693244457244873e-02 -1.580173075199127197e-01 8.887276649475097656e+00
3.618998576698078774e+06 6.105214357376098633e-02 -1.197100877761840820e-01 8.959102630615234375e+00
3.618998606418911833e+06 4.668693244457244873e-02 -1.580173075199127197e-01 8.954314231872558594e+00
3.618998628083807882e+06 5.147533491253852844e-02 -1.436520963907241821e-01 8.963891029357910156e+00
3.618998653356777038e+06 7.062894850969314575e-02 -1.436520963907241821e-01 8.901641845703125000e+00
3.618998679199589882e+06 3.711012750864028931e-02 -1.292868852615356445e-01 8.997409820556640625e+00
3.618998703350162134e+06 5.626374110579490662e-02 -1.628057211637496948e-01 8.978256225585937500e+00
3.618998729229380842e+06 6.105214357376098633e-02 -1.484405100345611572e-01 8.920795440673828125e+00
3.618998752312453929e+06 6.584054976701736450e-02 -1.005564704537391663e-01 8.935160636901855469e+00
3.618998781489902176e+06 8.020575344562530518e-02 -1.244984865188598633e-01 8.939949035644531250e+00
3.618998803136256058e+06 7.062894850969314575e-02 -1.292868852615356445e-01 8.920795440673828125e+00
3.618998828677142039e+06 6.584054976701736450e-02 -1.675941199064254761e-01 8.959102630615234375e+00
3.618998854776048101e+06 9.935937076807022095e-02 -1.244984865188598633e-01 8.935160636901855469e+00
3.618998878345996141e+06 5.147533491253852844e-02 -1.484405100345611572e-01 8.983044624328613281e+00
3.618998904599746224e+06 6.584054976701736450e-02 -1.244984865188598633e-01 8.963891029357910156e+00
3.618998927406984847e+06 7.541735470294952393e-02 -1.436520963907241821e-01 8.887276649475097656e+00
3.618998954711515922e+06 4.189852997660636902e-02 -1.340752989053726196e-01 8.973467826843261719e+00
3.618998980384069029e+06 8.978256583213806152e-02 -1.340752989053726196e-01 8.896853446960449219e+00
3.618999003486307804e+06 9.457096457481384277e-02 -1.484405100345611572e-01 8.973467826843261719e+00
3.618999029579172842e+06 4.189852997660636902e-02 -1.244984865188598633e-01 8.949525833129882812e+00
3.618999053719745949e+06 5.626374110579490662e-02 -1.436520963907241821e-01 8.935160636901855469e+00
3.618999079770682845e+06 8.978256583213806152e-02 -1.292868852615356445e-01 8.944737434387207031e+00
3.618999102201308124e+06 3.711012750864028931e-02 -1.580173075199127197e-01 8.968679428100585938e+00
3.618999129428859800e+06 7.541735470294952393e-02 -1.580173075199127197e-01 8.920795440673828125e+00
3.618999155302037019e+06 7.541735470294952393e-02 -1.675941199064254761e-01 8.954314231872558594e+00
3.618999178639588878e+06 3.232172131538391113e-02 -1.292868852615356445e-01 8.935160636901855469e+00
3.618999204490317963e+06 9.457096457481384277e-02 -1.149216815829277039e-01 8.949525833129882812e+00
3.618999228651932906e+06 4.189852997660636902e-02 -1.436520963907241821e-01 8.906430244445800781e+00
3.618999254988912027e+06 6.584054976701736450e-02 -1.388636976480484009e-01 8.930372238159179688e+00
3.618999277311204001e+06 3.711012750864028931e-02 -1.484405100345611572e-01 8.916007041931152344e+00
3.618999304579121061e+06 2.274491637945175171e-02 -1.532289087772369385e-01 8.939949035644531250e+00
3.618999330617246218e+06 8.978256583213806152e-02 -1.340752989053726196e-01 8.949525833129882812e+00
3.618999353959276807e+06 6.105214357376098633e-02 -1.197100877761840820e-01 8.954314231872558594e+00
3.618999380279692821e+06 6.584054976701736450e-02 -1.532289087772369385e-01 8.930372238159179688e+00
3.618999402476463933e+06 6.584054976701736450e-02 -1.532289087772369385e-01 8.997409820556640625e+00
3.618999431241672952e+06 6.105214357376098633e-02 -1.436520963907241821e-01 8.949525833129882812e+00
3.618999452483600006e+06 9.935937076807022095e-02 -1.340752989053726196e-01 8.939949035644531250e+00
3.618999479738859925e+06 4.189852997660636902e-02 -1.628057211637496948e-01 8.877699851989746094e+00
3.618999505830578972e+06 5.147533491253852844e-02 -1.340752989053726196e-01 8.987833023071289062e+00
3.618999529615005944e+06 5.626374110579490662e-02 -1.580173075199127197e-01 8.978256225585937500e+00
3.618999555258494802e+06 9.935937076807022095e-02 -1.484405100345611572e-01 8.930372238159179688e+00
3.618999577835994773e+06 6.584054976701736450e-02 -1.388636976480484009e-01 8.973467826843261719e+00
3.618999606503755786e+06 6.584054976701736450e-02 -1.484405100345611572e-01 8.954314231872558594e+00
3.618999627923027147e+06 3.711012750864028931e-02 -1.628057211637496948e-01 8.992621421813964844e+00
3.618999655169276986e+06 5.147533491253852844e-02 -1.484405100345611572e-01 8.944737434387207031e+00
3.618999680812350009e+06 8.499415963888168335e-02 -1.532289087772369385e-01 8.925583839416503906e+00
3.618999704348808154e+06 7.062894850969314575e-02 -1.532289087772369385e-01 8.925583839416503906e+00
3.618999730101984926e+06 7.062894850969314575e-02 -1.580173075199127197e-01 8.973467826843261719e+00
3.618999753001985140e+06 7.062894850969314575e-02 -1.819593310356140137e-01 8.963891029357910156e+00
3.618999781434171833e+06 7.062894850969314575e-02 -1.436520963907241821e-01 8.901641845703125000e+00
3.618999803092661779e+06 8.020575344562530518e-02 -1.484405100345611572e-01 8.968679428100585938e+00
3.618999830179119948e+06 7.062894850969314575e-02 -1.580173075199127197e-01 8.925583839416503906e+00
3.618999854297921993e+06 7.541735470294952393e-02 -1.532289087772369385e-01 8.997409820556640625e+00
3.618999881292921957e+06 8.020575344562530518e-02 -1.484405100345611572e-01 8.983044624328613281e+00
3.618999905395838898e+06 6.105214357376098633e-02 -1.723825186491012573e-01 8.916007041931152344e+00
3.618999928289277013e+06 7.541735470294952393e-02 -1.436520963907241821e-01 8.954314231872558594e+00
3.618999955352506135e+06 6.105214357376098633e-02 -1.388636976480484009e-01 9.011775016784667969e+00
3.618999979337714147e+06 5.626374110579490662e-02 -1.436520963907241821e-01 8.954314231872558594e+00
3.619000005228546914e+06 9.457096457481384277e-02 -1.436520963907241821e-01 8.887276649475097656e+00
3.619000029792348854e+06 5.147533491253852844e-02 -1.244984865188598633e-01 8.963891029357910156e+00
3.619000056048651226e+06 5.626374110579490662e-02 -1.580173075199127197e-01 8.944737434387207031e+00
3.619000080515109934e+06 6.584054976701736450e-02 -1.484405100345611572e-01 8.935160636901855469e+00
3.619000103311984800e+06 1.185129806399345398e-01 -1.675941199064254761e-01 8.978256225585937500e+00
3.619000130311619956e+06 7.062894850969314575e-02 -1.915361285209655762e-01 8.935160636901855469e+00
3.619000155109172221e+06 7.541735470294952393e-02 -1.532289087772369385e-01 8.949525833129882812e+00
3.619000180379954167e+06 6.105214357376098633e-02 -1.532289087772369385e-01 8.968679428100585938e+00
3.619000204928442836e+06 2.274491637945175171e-02 -1.628057211637496948e-01 8.987833023071289062e+00
3.619000231298755854e+06 8.020575344562530518e-02 -1.340752989053726196e-01 8.978256225585937500e+00
3.619000255466411822e+06 6.105214357376098633e-02 -1.388636976480484009e-01 8.973467826843261719e+00
3.619000278277713805e+06 4.189852997660636902e-02 -1.244984865188598633e-01 8.959102630615234375e+00
3.619000305640421808e+06 7.062894850969314575e-02 -1.436520963907241821e-01 9.002198219299316406e+00
3.619000330044015776e+06 6.105214357376098633e-02 -1.675941199064254761e-01 8.935160636901855469e+00
3.619000355535683222e+06 8.499415963888168335e-02 -1.675941199064254761e-01 8.968679428100585938e+00
3.619000379670110065e+06 7.541735470294952393e-02 -1.388636976480484009e-01 9.002198219299316406e+00
3.619000406573494896e+06 3.711012750864028931e-02 -1.532289087772369385e-01 8.959102630615234375e+00
3.619000429254745133e+06 4.668693244457244873e-02 -1.340752989053726196e-01 8.954314231872558594e+00
3.619000454938755836e+06 4.668693244457244873e-02 -1.149216815829277039e-01 8.954314231872558594e+00
3.619000480820110068e+06 7.062894850969314575e-02 -1.292868852615356445e-01 8.978256225585937500e+00
3.619000504865370225e+06 5.626374110579490662e-02 -1.484405100345611572e-01 9.011775016784667969e+00
3.619000531055266038e+06 8.978256583213806152e-02 -1.532289087772369385e-01 8.963891029357910156e+00
3.619000555100526195e+06 6.584054976701736450e-02 -1.340752989053726196e-01 8.935160636901855469e+00
3.619000581726567820e+06 8.499415963888168335e-02 -1.484405100345611572e-01 8.954314231872558594e+00
3.619000604442297015e+06 8.978256583213806152e-02 -1.244984865188598633e-01 8.935160636901855469e+00
3.619000630148339085e+06 5.147533491253852844e-02 -1.292868852615356445e-01 9.026140213012695312e+00
3.619000655852558091e+06 5.626374110579490662e-02 -1.388636976480484009e-01 8.968679428100585938e+00
3.619000680012558121e+06 6.105214357376098633e-02 -1.436520963907241821e-01 8.959102630615234375e+00
3.619000707239275798e+06 6.105214357376098633e-02 -1.340752989053726196e-01 8.939949035644531250e+00
3.619000730864171870e+06 8.978256583213806152e-02 -1.340752989053726196e-01 8.963891029357910156e+00
3.619000759123912081e+06 7.541735470294952393e-02 -1.436520963907241821e-01 8.978256225585937500e+00
3.619000779595891014e+06 7.541735470294952393e-02 -1.532289087772369385e-01 8.987833023071289062e+00
3.619000805388912093e+06 6.105214357376098633e-02 -1.340752989053726196e-01 8.930372238159179688e+00
3.619000831253860146e+06 5.626374110579490662e-02 -1.580173075199127197e-01 8.935160636901855469e+00
3.619000855411724187e+06 3.711012750864028931e-02 -1.532289087772369385e-01 8.930372238159179688e+00
3.619000881197141018e+06 6.105214357376098633e-02 -1.340752989053726196e-01 8.963891029357910156e+00
3.619000905475421809e+06 5.626374110579490662e-02 -1.197100877761840820e-01 8.939949035644531250e+00
3.619000929778650869e+06 8.978256583213806152e-02 -1.723825186491012573e-01 8.944737434387207031e+00
3.619000958459068090e+06 7.062894850969314575e-02 -1.244984865188598633e-01 8.906430244445800781e+00
3.619000979160213843e+06 7.541735470294952393e-02 -1.723825186491012573e-01 8.987833023071289062e+00
3.619001006326775998e+06 5.626374110579490662e-02 -1.436520963907241821e-01 8.944737434387207031e+00
3.619001030332869850e+06 5.626374110579490662e-02 -1.532289087772369385e-01 8.935160636901855469e+00
3.619001056396463886e+06 6.584054976701736450e-02 -1.053448766469955444e-01 8.968679428100585938e+00
3.619001079246358946e+06 5.626374110579490662e-02 -1.388636976480484009e-01 8.949525833129882812e+00
3.619001108611776028e+06 7.062894850969314575e-02 -1.436520963907241821e-01 8.935160636901855469e+00
3.619001129972089082e+06 5.626374110579490662e-02 -1.771709322929382324e-01 8.939949035644531250e+00
3.619001155630995054e+06 7.541735470294952393e-02 -1.436520963907241821e-01 8.963891029357910156e+00
3.619001181330630090e+06 7.541735470294952393e-02 -1.580173075199127197e-01 8.949525833129882812e+00
3.619001205530161038e+06 1.795651204884052277e-02 -1.005564704537391663e-01 8.939949035644531250e+00
3.619001231367921922e+06 6.584054976701736450e-02 -1.340752989053726196e-01 8.978256225585937500e+00
3.619001254188495222e+06 5.626374110579490662e-02 -1.580173075199127197e-01 8.973467826843261719e+00
3.619001283622661140e+06 3.711012750864028931e-02 -1.340752989053726196e-01 8.939949035644531250e+00
3.619001305125265848e+06 8.499415963888168335e-02 -1.532289087772369385e-01 8.954314231872558594e+00
3.619001330594692845e+06 6.584054976701736450e-02 -1.388636976480484009e-01 8.920795440673828125e+00
3.619001356481620111e+06 3.232172131538391113e-02 -1.292868852615356445e-01 8.944737434387207031e+00
3.619001380787869915e+06 3.711012750864028931e-02 -1.532289087772369385e-01 8.930372238159179688e+00
3.619001406669640914e+06 8.499415963888168335e-02 -1.388636976480484009e-01 9.002198219299316406e+00
3.619001429540838115e+06 9.935937076807022095e-02 -1.340752989053726196e-01 8.992621421813964844e+00
3.619001456777505111e+06 7.541735470294952393e-02 -1.149216815829277039e-01 8.930372238159179688e+00
3.619001482603495009e+06 7.062894850969314575e-02 -1.484405100345611572e-01 9.006986618041992188e+00
3.619001505969692953e+06 7.062894850969314575e-02 -1.388636976480484009e-01 8.925583839416503906e+00
3.619001531856776215e+06 6.105214357376098633e-02 -1.436520963907241821e-01 8.973467826843261719e+00
3.619001556015629787e+06 5.147533491253852844e-02 -1.388636976480484009e-01 8.968679428100585938e+00
3.619001581933963113e+06 3.232172131538391113e-02 -1.340752989053726196e-01 8.963891029357910156e+00
3.619001604708859231e+06 9.457096457481384277e-02 -1.244984865188598633e-01 8.959102630615234375e+00
3.619001632029693108e+06 7.062894850969314575e-02 -1.675941199064254761e-01 9.021351814270019531e+00
3.619001657595004886e+06 5.147533491253852844e-02 -1.388636976480484009e-01 8.954314231872558594e+00
3.619001681159744971e+06 4.189852997660636902e-02 -1.580173075199127197e-01 8.939949035644531250e+00
3.619001706956306938e+06 6.584054976701736450e-02 -1.484405100345611572e-01 8.963891029357910156e+00
3.619001731220942922e+06 8.020575344562530518e-02 -1.436520963907241821e-01 8.911218643188476562e+00
3.619001756856672000e+06 8.020575344562530518e-02 -1.005564704537391663e-01 8.968679428100585938e+00
3.619001779906827956e+06 6.584054976701736450e-02 -1.388636976480484009e-01 8.911218643188476562e+00
3.619001807095733937e+06 7.062894850969314575e-02 -1.771709322929382324e-01 8.935160636901855469e+00
3.619001832757921889e+06 1.041477769613265991e-01 -1.244984865188598633e-01 8.920795440673828125e+00
3.619001856301879976e+06 4.189852997660636902e-02 -1.197100877761840820e-01 8.992621421813964844e+00
3.619001882302764803e+06 5.626374110579490662e-02 -1.484405100345611572e-01 8.911218643188476562e+00
3.619001906192712951e+06 8.020575344562530518e-02 -1.292868852615356445e-01 8.954314231872558594e+00
3.619001930878962856e+06 8.499415963888168335e-02 -1.340752989053726196e-01 8.949525833129882812e+00
3.619001956425317097e+06 5.147533491253852844e-02 -1.244984865188598633e-01 8.978256225585937500e+00
3.619001982324901037e+06 7.541735470294952393e-02 -1.436520963907241821e-01 8.968679428100585938e+00
3.619002008061566856e+06 5.626374110579490662e-02 -1.388636976480484009e-01 8.968679428100585938e+00
3.619002031429587863e+06 9.457096457481384277e-02 -1.292868852615356445e-01 8.968679428100585938e+00
3.619002057193650864e+06 5.147533491253852844e-02 -1.484405100345611572e-01 8.954314231872558594e+00
3.619002080071724020e+06 6.105214357376098633e-02 -1.484405100345611572e-01 8.997409820556640625e+00
3.619002108530994039e+06 6.105214357376098633e-02 -1.675941199064254761e-01 8.949525833129882812e+00
3.619002129993963055e+06 9.457096457481384277e-02 -1.149216815829277039e-01 8.963891029357910156e+00
3.619002157198599074e+06 5.626374110579490662e-02 -1.388636976480484009e-01 8.911218643188476562e+00
3.619002183233337943e+06 5.626374110579490662e-02 -1.723825186491012573e-01 8.968679428100585938e+00
3.619002206896724179e+06 7.062894850969314575e-02 -1.340752989053726196e-01 8.949525833129882812e+00
3.619002232303233817e+06 8.978256583213806152e-02 -1.388636976480484009e-01 8.954314231872558594e+00
3.619002255455994047e+06 5.626374110579490662e-02 -1.532289087772369385e-01 8.978256225585937500e+00
3.619002283732139971e+06 2.753331884741783142e-02 -1.675941199064254761e-01 8.939949035644531250e+00
3.619002305187296122e+06 7.062894850969314575e-02 -1.723825186491012573e-01 8.911218643188476562e+00
3.619002332633337937e+06 3.711012750864028931e-02 -1.197100877761840820e-01 8.968679428100585938e+00
3.619002358420941979e+06 5.626374110579490662e-02 -1.292868852615356445e-01 8.954314231872558594e+00
3.619002381590057164e+06 6.105214357376098633e-02 -1.436520963907241821e-01 8.944737434387207031e+00
3.619002407679640222e+06 8.020575344562530518e-02 -1.436520963907241821e-01 8.987833023071289062e+00
3.619002430492660962e+06 5.626374110579490662e-02 -1.532289087772369385e-01 8.987833023071289062e+00
3.619002459030108992e+06 8.499415963888168335e-02 -1.388636976480484009e-01 8.906430244445800781e+00
3.619002480559953023e+06 7.541735470294952393e-02 -1.532289087772369385e-01 8.901641845703125000e+00
3.619002507748181932e+06 9.935937076807022095e-02 -1.628057211637496948e-01 8.925583839416503906e+00
3.619002531936880201e+06 8.020575344562530518e-02 -1.101332753896713257e-01 8.920795440673828125e+00
3.619002558432505000e+06 9.935937076807022095e-02 -1.723825186491012573e-01 8.954314231872558594e+00
3.619002582807036117e+06 3.711012750864028931e-02 -1.292868852615356445e-01 8.935160636901855469e+00
3.619002605612765066e+06 5.626374110579490662e-02 -1.484405100345611572e-01 8.944737434387207031e+00
3.619002633067401126e+06 5.626374110579490662e-02 -1.532289087772369385e-01 8.954314231872558594e+00
3.619002657275786158e+06 7.541735470294952393e-02 -1.436520963907241821e-01 8.935160636901855469e+00
3.619002682753338013e+06 7.541735470294952393e-02 -1.244984865188598633e-01 8.939949035644531250e+00
3.619002707188703120e+06 6.584054976701736450e-02 -1.484405100345611572e-01 8.949525833129882812e+00
3.619002734050212894e+06 7.541735470294952393e-02 -1.484405100345611572e-01 8.925583839416503906e+00
3.619002758073493838e+06 8.978256583213806152e-02 -1.771709322929382324e-01 8.920795440673828125e+00
3.619002780869795941e+06 7.062894850969314575e-02 -1.436520963907241821e-01 8.939949035644531250e+00
3.619002808070004918e+06 7.062894850969314575e-02 -1.340752989053726196e-01 8.925583839416503906e+00
3.619002832275525201e+06 8.020575344562530518e-02 -1.436520963907241821e-01 8.963891029357910156e+00
3.619002858117816970e+06 6.584054976701736450e-02 -1.340752989053726196e-01 8.949525833129882812e+00
3.619002882293962874e+06 7.062894850969314575e-02 -1.292868852615356445e-01 8.930372238159179688e+00
3.619002909008963034e+06 7.541735470294952393e-02 -1.149216815829277039e-01 8.935160636901855469e+00
3.619002933179952204e+06 8.499415963888168335e-02 -1.580173075199127197e-01 8.949525833129882812e+00
3.619002955990786199e+06 3.711012750864028931e-02 -1.101332753896713257e-01 8.992621421813964844e+00
3.619002983245681971e+06 6.584054976701736450e-02 -1.628057211637496948e-01 8.901641845703125000e+00
3.619003007420993876e+06 6.105214357376098633e-02 -1.292868852615356445e-01 8.973467826843261719e+00
3.619003033134379890e+06 5.147533491253852844e-02 -1.484405100345611572e-01 8.935160636901855469e+00
3.619003058256098069e+06 7.541735470294952393e-02 -1.628057211637496948e-01 8.930372238159179688e+00
3.619003083977140021e+06 1.328781992197036743e-01 -1.484405100345611572e-01 8.992621421813964844e+00
3.619003109127087984e+06 6.105214357376098633e-02 -1.771709322929382324e-01 8.963891029357910156e+00
3.619003131045212969e+06 9.457096457481384277e-02 -1.244984865188598633e-01 8.920795440673828125e+00
3.619003158413859084e+06 7.062894850969314575e-02 -1.244984865188598633e-01 8.973467826843261719e+00
3.619003183565733954e+06 8.020575344562530518e-02 -1.388636976480484009e-01 8.939949035644531250e+00
3.619003208348650020e+06 5.147533491253852844e-02 -1.149216815829277039e-01 8.892065048217773438e+00
3.619003232636359055e+06 8.020575344562530518e-02 -1.292868852615356445e-01 8.954314231872558594e+00
3.619003260126358829e+06 4.668693244457244873e-02 -1.292868852615356445e-01 8.978256225585937500e+00
3.619003282227504067e+06 6.584054976701736450e-02 -1.628057211637496948e-01 8.939949035644531250e+00
3.619003308738389984e+06 8.020575344562530518e-02 -1.436520963907241821e-01 8.944737434387207031e+00
3.619003333835421130e+06 8.499415963888168335e-02 -1.484405100345611572e-01 8.939949035644531250e+00
3.619003358761097770e+06 7.541735470294952393e-02 -1.340752989053726196e-01 8.963891029357910156e+00
3.619003383489274886e+06 3.232172131538391113e-02 -1.388636976480484009e-01 8.939949035644531250e+00
3.619003407655003946e+06 5.147533491253852844e-02 -1.388636976480484009e-01 8.944737434387207031e+00
3.619003434900577180e+06 5.147533491253852844e-02 -1.723825186491012573e-01 8.949525833129882812e+00
3.619003457663286012e+06 6.584054976701736450e-02 -1.149216815829277039e-01 8.968679428100585938e+00
3.619003482918962836e+06 6.584054976701736450e-02 -1.867477297782897949e-01 8.925583839416503906e+00
3.619003509001879022e+06 8.020575344562530518e-02 -1.388636976480484009e-01 8.983044624328613281e+00
3.619003532942504156e+06 7.541735470294952393e-02 -1.101332753896713257e-01 8.935160636901855469e+00
3.619003559053494129e+06 5.626374110579490662e-02 -1.292868852615356445e-01 8.954314231872558594e+00
3.619003582945785951e+06 6.584054976701736450e-02 -1.149216815829277039e-01 8.944737434387207031e+00
3.619003607523702085e+06 6.105214357376098633e-02 -1.532289087772369385e-01 8.930372238159179688e+00
3.619003636328076944e+06 7.062894850969314575e-02 -1.388636976480484009e-01 8.949525833129882812e+00
3.619003656708180904e+06 8.020575344562530518e-02 -1.436520963907241821e-01 8.949525833129882812e+00
3.619003684936723206e+06 7.062894850969314575e-02 -1.388636976480484009e-01 8.968679428100585938e+00
3.619003708108546212e+06 6.584054976701736450e-02 -1.532289087772369385e-01 8.963891029357910156e+00
3.619003734001774807e+06 8.020575344562530518e-02 -1.388636976480484009e-01 8.959102630615234375e+00
3.619003759148702025e+06 8.020575344562530518e-02 -1.484405100345611572e-01 8.920795440673828125e+00
3.619003782638962846e+06 4.668693244457244873e-02 -1.484405100345611572e-01 8.963891029357910156e+00
3.619003811029378790e+06 6.584054976701736450e-02 -1.149216815829277039e-01 8.954314231872558594e+00
3.619003831841982901e+06 5.626374110579490662e-02 -1.436520963907241821e-01 8.939949035644531250e+00
3.619003859069170896e+06 7.541735470294952393e-02 -1.244984865188598633e-01 8.925583839416503906e+00
3.619003883264900185e+06 6.584054976701736450e-02 -1.340752989053726196e-01 8.949525833129882812e+00
3.619003909150993917e+06 7.062894850969314575e-02 -1.388636976480484009e-01 9.002198219299316406e+00
3.619003931752400007e+06 7.062894850969314575e-02 -1.388636976480484009e-01 8.997409820556640625e+00
3.619003961245264858e+06 9.935937076807022095e-02 -1.340752989053726196e-01 8.949525833129882812e+00
3.619003982837503776e+06 4.668693244457244873e-02 -1.628057211637496948e-01 8.925583839416503906e+00
3.619004008383546025e+06 8.020575344562530518e-02 -1.388636976480484009e-01 8.944737434387207031e+00
3.619004034096982796e+06 5.626374110579490662e-02 -1.388636976480484009e-01 8.973467826843261719e+00
3.619004058301461861e+06 8.499415963888168335e-02 -1.771709322929382324e-01 8.939949035644531250e+00
3.619004084119744133e+06 5.626374110579490662e-02 -1.628057211637496948e-01 8.963891029357910156e+00
3.619004107956409920e+06 6.584054976701736450e-02 -1.388636976480484009e-01 8.949525833129882812e+00
3.619004134179796092e+06 7.062894850969314575e-02 -1.532289087772369385e-01 9.011775016784667969e+00
3.619004159994639922e+06 9.457096457481384277e-02 -1.532289087772369385e-01 8.968679428100585938e+00
3.619004183707348071e+06 5.626374110579490662e-02 -1.436520963907241821e-01 8.911218643188476562e+00
3.619004210250004195e+06 6.584054976701736450e-02 -1.436520963907241821e-01 8.968679428100585938e+00
3.619004233877711929e+06 8.499415963888168335e-02 -1.292868852615356445e-01 8.930372238159179688e+00
3.619004259906879161e+06 4.189852997660636902e-02 -1.532289087772369385e-01 8.983044624328613281e+00
3.619004282611879054e+06 8.020575344562530518e-02 -1.675941199064254761e-01 8.983044624328613281e+00
3.619004309374796227e+06 5.147533491253852844e-02 -1.292868852615356445e-01 8.920795440673828125e+00
3.619004335393753834e+06 6.584054976701736450e-02 -1.244984865188598633e-01 8.949525833129882812e+00
3.619004358757555950e+06 6.105214357376098633e-02 -1.053448766469955444e-01 8.959102630615234375e+00
3.619004384836202022e+06 8.020575344562530518e-02 -1.244984865188598633e-01 8.954314231872558594e+00
3.619004408770368900e+06 3.711012750864028931e-02 -1.244984865188598633e-01 8.944737434387207031e+00
3.619004435832034796e+06 9.457096457481384277e-02 -1.771709322929382324e-01 8.963891029357910156e+00
3.619004457644274924e+06 6.105214357376098633e-02 -1.340752989053726196e-01 8.978256225585937500e+00
3.619004484869586769e+06 6.584054976701736450e-02 -1.340752989053726196e-01 8.973467826843261719e+00
3.619004510746982880e+06 6.584054976701736450e-02 -1.340752989053726196e-01 8.930372238159179688e+00
3.619004534096254036e+06 7.062894850969314575e-02 -1.628057211637496948e-01 8.935160636901855469e+00
3.619004559839744121e+06 6.105214357376098633e-02 -1.436520963907241821e-01 8.968679428100585938e+00
3.619004582622556016e+06 3.711012750864028931e-02 -1.484405100345611572e-01 8.978256225585937500e+00
3.619004611430159770e+06 4.189852997660636902e-02 -1.436520963907241821e-01 8.911218643188476562e+00
3.619004632659690920e+06 6.584054976701736450e-02 -1.580173075199127197e-01 8.939949035644531250e+00
3.619004659917400219e+06 1.041477769613265991e-01 -1.484405100345611572e-01 8.959102630615234375e+00
3.619004685744117945e+06 6.105214357376098633e-02 -1.340752989053726196e-01 8.930372238159179688e+00
3.619004709860004019e+06 8.499415963888168335e-02 -1.340752989053726196e-01 8.949525833129882812e+00
3.619004735137295909e+06 7.062894850969314575e-02 -1.340752989053726196e-01 8.973467826843261719e+00
3.619004757750993129e+06 4.668693244457244873e-02 -9.576806426048278809e-02 8.949525833129882812e+00
3.619004786319014151e+06 4.668693244457244873e-02 -1.532289087772369385e-01 8.963891029357910156e+00
3.619004808742451947e+06 7.062894850969314575e-02 -1.771709322929382324e-01 8.992621421813964844e+00
3.619004834996566176e+06 4.668693244457244873e-02 -1.340752989053726196e-01 8.949525833129882812e+00
3.619004860898961779e+06 7.541735470294952393e-02 -1.532289087772369385e-01 8.949525833129882812e+00
3.619004884206150193e+06 7.541735470294952393e-02 -1.292868852615356445e-01 8.939949035644531250e+00
3.619004909912555944e+06 6.584054976701736450e-02 -1.101332753896713257e-01 8.925583839416503906e+00
3.619004932874691207e+06 5.626374110579490662e-02 -1.340752989053726196e-01 8.968679428100585938e+00
3.619004961328336969e+06 5.626374110579490662e-02 -1.388636976480484009e-01 8.935160636901855469e+00
3.619004982777243014e+06 8.499415963888168335e-02 -1.580173075199127197e-01 8.983044624328613281e+00
3.619005010033077095e+06 5.147533491253852844e-02 -1.771709322929382324e-01 8.925583839416503906e+00
3.619005035870628897e+06 7.062894850969314575e-02 -1.580173075199127197e-01 8.882488250732421875e+00
3.619005059208388906e+06 6.105214357376098633e-02 -1.340752989053726196e-01 8.954314231872558594e+00
3.619005085256253835e+06 7.062894850969314575e-02 -1.771709322929382324e-01 8.939949035644531250e+00
3.619005107902607881e+06 8.499415963888168335e-02 -1.532289087772369385e-01 8.920795440673828125e+00
3.619005135300940834e+06 1.041477769613265991e-01 -1.101332753896713257e-01 8.973467826843261719e+00
3.619005159658805933e+06 6.584054976701736450e-02 -1.771709322929382324e-01 8.911218643188476562e+00
3.619005185501461849e+06 9.935937076807022095e-02 -1.388636976480484009e-01 8.963891029357910156e+00
3.619005209732919931e+06 8.020575344562530518e-02 -1.340752989053726196e-01 8.954314231872558594e+00
3.619005236577190924e+06 4.668693244457244873e-02 -1.244984865188598633e-01 8.983044624328613281e+00
3.619005260681150015e+06 5.626374110579490662e-02 -1.340752989053726196e-01 8.949525833129882812e+00
3.619005283490212169e+06 5.147533491253852844e-02 -1.340752989053726196e-01 8.973467826843261719e+00
3.619005310439118184e+06 8.020575344562530518e-02 -1.484405100345611572e-01 8.944737434387207031e+00
3.619005334731565788e+06 6.584054976701736450e-02 -1.197100877761840820e-01 8.963891029357910156e+00
3.619005360583128873e+06 6.584054976701736450e-02 -1.436520963907241821e-01 8.959102630615234375e+00
3.619005384781097062e+06 8.978256583213806152e-02 -1.292868852615356445e-01 9.030928611755371094e+00
3.619005411354170181e+06 6.584054976701736450e-02 -1.915361285209655762e-01 8.963891029357910156e+00
3.619005435836669989e+06 8.020575344562530518e-02 -1.197100877761840820e-01 8.978256225585937500e+00
3.619005458659327123e+06 5.626374110579490662e-02 -1.484405100345611572e-01 8.992621421813964844e+00
3.619005485846097115e+06 5.626374110579490662e-02 -1.388636976480484009e-01 8.911218643188476562e+00
3.619005510012867860e+06 9.457096457481384277e-02 -1.723825186491012573e-01 8.959102630615234375e+00
3.619005535903754178e+06 7.541735470294952393e-02 -1.436520963907241821e-01 8.997409820556640625e+00
3.619005560182868037e+06 2.753331884741783142e-02 -1.532289087772369385e-01 8.925583839416503906e+00
3.619005586799222045e+06 2.274491637945175171e-02 -1.484405100345611572e-01 8.911218643188476562e+00
3.619005612015523948e+06 3.711012750864028931e-02 -1.388636976480484009e-01 8.944737434387207031e+00
3.619005633921462111e+06 4.668693244457244873e-02 -1.340752989053726196e-01 8.944737434387207031e+00
3.619005661096044816e+06 8.020575344562530518e-02 -1.388636976480484009e-01 9.006986618041992188e+00
3.619005684827764053e+06 6.584054976701736450e-02 -1.723825186491012573e-01 8.959102630615234375e+00
3.619005711105419789e+06 5.147533491253852844e-02 -1.292868852615356445e-01 8.944737434387207031e+00
3.619005735838597175e+06 7.062894850969314575e-02 -1.484405100345611572e-01 8.954314231872558594e+00
3.619005761850888841e+06 8.020575344562530518e-02 -1.244984865188598633e-01 8.944737434387207031e+00
3.619005784687920008e+06 9.935937076807022095e-02 -1.197100877761840820e-01 8.983044624328613281e+00
3.619005810112295207e+06 5.147533491253852844e-02 -1.292868852615356445e-01 8.987833023071289062e+00
3.619005835806252901e+06 6.584054976701736450e-02 -1.675941199064254761e-01 8.930372238159179688e+00
3.619005860185420141e+06 9.457096457481384277e-02 -1.388636976480484009e-01 8.963891029357910156e+00
3.619005885832087137e+06 7.541735470294952393e-02 -1.197100877761840820e-01 8.973467826843261719e+00
3.619005910193858203e+06 8.499415963888168335e-02 -1.436520963907241821e-01 9.011775016784667969e+00
3.619005936872242950e+06 1.137245818972587585e-01 -1.532289087772369385e-01 8.949525833129882812e+00
3.619005959551617969e+06 5.147533491253852844e-02 -1.197100877761840820e-01 8.949525833129882812e+00
3.619005985117659904e+06 3.711012750864028931e-02 -1.580173075199127197e-01 8.935160636901855469e+00
3.619006011057659984e+06 4.668693244457244873e-02 -1.532289087772369385e-01 8.973467826843261719e+00
3.619006035122294910e+06 5.147533491253852844e-02 -1.197100877761840820e-01 8.920795440673828125e+00
3.619006061029170174e+06 5.626374110579490662e-02 -1.532289087772369385e-01 8.954314231872558594e+00
3.619006085165836848e+06 8.499415963888168335e-02 -1.340752989053726196e-01 8.944737434387207031e+00
3.619006111863910221e+06 8.020575344562530518e-02 -1.292868852615356445e-01 8.987833023071289062e+00
3.619006134719795082e+06 6.584054976701736450e-02 -1.388636976480484009e-01 8.892065048217773438e+00
3.619006160246774089e+06 6.584054976701736450e-02 -1.244984865188598633e-01 9.011775016784667969e+00
3.619006186298962217e+06 8.978256583213806152e-02 -1.484405100345611572e-01 8.963891029357910156e+00
3.619006210575316101e+06 8.978256583213806152e-02 -1.244984865188598633e-01 8.968679428100585938e+00
3.619006236349535175e+06 4.668693244457244873e-02 -1.244984865188598633e-01 8.959102630615234375e+00
3.619006260546774138e+06 4.189852997660636902e-02 -1.340752989053726196e-01 8.983044624328613281e+00
3.619006284857660066e+06 8.020575344562530518e-02 -1.292868852615356445e-01 8.906430244445800781e+00
3.619006313437139150e+06 7.062894850969314575e-02 -1.628057211637496948e-01 8.925583839416503906e+00
3.619006334072660189e+06 8.020575344562530518e-02 -1.340752989053726196e-01 8.968679428100585938e+00
3.619006361280316021e+06 6.584054976701736450e-02 -1.340752989053726196e-01 9.021351814270019531e+00
3.619006386422711890e+06 6.105214357376098633e-02 -1.244984865188598633e-01 8.916007041931152344e+00
3.619006411400367972e+06 5.147533491253852844e-02 -1.436520963907241821e-01 8.983044624328613281e+00
3.619006434145888779e+06 7.541735470294952393e-02 -1.532289087772369385e-01 8.983044624328613281e+00
3.619006464542919770e+06 5.147533491253852844e-02 -1.580173075199127197e-01 8.987833023071289062e+00
3.619006485035679769e+06 5.147533491253852844e-02 -1.675941199064254761e-01 8.949525833129882812e+00
3.619006511952554807e+06 5.147533491253852844e-02 -1.436520963907241821e-01 8.963891029357910156e+00
3.619006536661201157e+06 7.062894850969314575e-02 -1.388636976480484009e-01 8.973467826843261719e+00
3.619006561801305041e+06 6.105214357376098633e-02 -1.723825186491012573e-01 8.963891029357910156e+00
3.619006586501045153e+06 8.020575344562530518e-02 -1.771709322929382324e-01 8.949525833129882812e+00
3.619006609516825993e+06 8.499415963888168335e-02 -1.628057211637496948e-01 8.901641845703125000e+00
3.619006638948597014e+06 6.584054976701736450e-02 -1.580173075199127197e-01 8.973467826843261719e+00
3.619006660282555036e+06 6.105214357376098633e-02 -1.819593310356140137e-01 8.959102630615234375e+00
3.619006686971460935e+06 8.978256583213806152e-02 -1.532289087772369385e-01 9.026140213012695312e+00
3.619006711632503197e+06 7.541735470294952393e-02 -1.580173075199127197e-01 8.973467826843261719e+00
3.619006736169065814e+06 7.062894850969314575e-02 -1.197100877761840820e-01 8.973467826843261719e+00
3.619006762314221822e+06 5.147533491253852844e-02 -1.675941199064254761e-01 8.959102630615234375e+00
3.619006784567190800e+06 8.499415963888168335e-02 -1.580173075199127197e-01 8.954314231872558594e+00
3.619006811772711109e+06 8.020575344562530518e-02 -1.723825186491012573e-01 8.973467826843261719e+00
3.619006837980940938e+06 8.499415963888168335e-02 -1.244984865188598633e-01 8.949525833129882812e+00
3.619006861165732145e+06 5.626374110579490662e-02 -1.484405100345611572e-01 8.954314231872558594e+00
3.619006887079847045e+06 6.584054976701736450e-02 -1.436520963907241821e-01 8.992621421813964844e+00
3.619006911301877815e+06 7.541735470294952393e-02 -1.197100877761840820e-01 8.949525833129882812e+00
3.619006937129221857e+06 8.020575344562530518e-02 -1.340752989053726196e-01 8.954314231872558594e+00
3.619006959928908851e+06 4.668693244457244873e-02 -1.388636976480484009e-01 8.930372238159179688e+00
3.619006987004951108e+06 6.584054976701736450e-02 -1.436520963907241821e-01 8.992621421813964844e+00
3.619007013720836025e+06 7.541735470294952393e-02 -1.244984865188598633e-01 8.978256225585937500e+00
3.619007036106774118e+06 8.978256583213806152e-02 -1.388636976480484009e-01 8.987833023071289062e+00
3.619007062939533964e+06 7.541735470294952393e-02 -1.292868852615356445e-01 8.935160636901855469e+00
3.619007086319847032e+06 2.753331884741783142e-02 -1.197100877761840820e-01 8.954314231872558594e+00
3.619007112024378031e+06 8.020575344562530518e-02 -1.292868852615356445e-01 8.920795440673828125e+00
3.619007134821045212e+06 5.147533491253852844e-02 -1.580173075199127197e-01 8.949525833129882812e+00
3.619007162056460977e+06 2.753331884741783142e-02 -1.340752989053726196e-01 8.997409820556640625e+00
3.619007187890471891e+06 5.147533491253852844e-02 -1.197100877761840820e-01 8.925583839416503906e+00
3.619007211290420033e+06 1.795651204884052277e-02 -1.388636976480484009e-01 8.968679428100585938e+00
3.619007237319273874e+06 5.147533491253852844e-02 -1.292868852615356445e-01 8.949525833129882812e+00
3.619007260149951093e+06 8.020575344562530518e-02 -1.532289087772369385e-01 8.944737434387207031e+00
3.619007288638024125e+06 3.232172131538391113e-02 -1.628057211637496948e-01 8.935160636901855469e+00
3.619007310062711127e+06 7.062894850969314575e-02 -1.532289087772369385e-01 8.939949035644531250e+00
3.619007337257294916e+06 5.626374110579490662e-02 -1.244984865188598633e-01 8.978256225585937500e+00
3.619007363084950950e+06 4.668693244457244873e-02 -1.532289087772369385e-01 8.925583839416503906e+00
3.619007386436408851e+06 7.541735470294952393e-02 -1.436520963907241821e-01 8.983044624328613281e+00
3.619007412316617090e+06 5.626374110579490662e-02 -1.292868852615356445e-01 8.930372238159179688e+00
3.619007435290784109e+06 9.457096457481384277e-02 -1.484405100345611572e-01 8.939949035644531250e+00
3.619007463881201111e+06 5.147533491253852844e-02 -1.532289087772369385e-01 8.978256225585937500e+00
3.619007486287241802e+06 4.668693244457244873e-02 -1.819593310356140137e-01 8.959102630615234375e+00
3.619007513396201190e+06 7.062894850969314575e-02 -1.628057211637496948e-01 8.954314231872558594e+00
3.619007538269533776e+06 5.626374110579490662e-02 -1.675941199064254761e-01 8.997409820556640625e+00
3.619007561619898770e+06 7.541735470294952393e-02 -1.723825186491012573e-01 8.968679428100585938e+00
3.619007587656721938e+06 4.189852997660636902e-02 -1.340752989053726196e-01 8.939949035644531250e+00
3.619007610474012792e+06 7.062894850969314575e-02 -1.388636976480484009e-01 8.949525833129882812e+00
3.619007639054222032e+06 9.935937076807022095e-02 -1.580173075199127197e-01 8.944737434387207031e+00
3.619007660548388027e+06 6.584054976701736450e-02 -1.340752989053726196e-01 8.949525833129882812e+00
3.619007687770158984e+06 4.189852997660636902e-02 -1.197100877761840820e-01 8.949525833129882812e+00
3.619007711749065202e+06 7.541735470294952393e-02 -1.628057211637496948e-01 8.968679428100585938e+00
3.619007738632918801e+06 7.541735470294952393e-02 -1.244984865188598633e-01 8.968679428100585938e+00
3.619007763794638216e+06 7.062894850969314575e-02 -1.292868852615356445e-01 9.006986618041992188e+00
3.619007785625158809e+06 5.626374110579490662e-02 -1.340752989053726196e-01 8.992621421813964844e+00
3.619007812735524029e+06 1.089361757040023804e-01 -1.436520963907241821e-01 8.978256225585937500e+00
3.619007837035731878e+06 6.584054976701736450e-02 -1.244984865188598633e-01 8.963891029357910156e+00
3.619007862924742047e+06 7.541735470294952393e-02 -1.340752989053726196e-01 8.916007041931152344e+00
3.619007887145002838e+06 7.062894850969314575e-02 -1.197100877761840820e-01 8.906430244445800781e+00
3.619007913754689973e+06 7.541735470294952393e-02 -1.532289087772369385e-01 8.997409820556640625e+00
3.619007937985992059e+06 7.541735470294952393e-02 -1.484405100345611572e-01 8.944737434387207031e+00
3.619007960653856862e+06 6.584054976701736450e-02 -1.484405100345611572e-01 8.959102630615234375e+00
3.619007987871826161e+06 2.274491637945175171e-02 -1.388636976480484009e-01 8.944737434387207031e+00
3.619008012004845776e+06 8.020575344562530518e-02 -1.292868852615356445e-01 8.968679428100585938e+00
3.619008037901252974e+06 6.105214357376098633e-02 -1.436520963907241821e-01 8.983044624328613281e+00
3.619008062245314941e+06 1.316810958087444305e-02 -1.867477297782897949e-01 8.987833023071289062e+00
3.619008089730783831e+06 8.978256583213806152e-02 -1.149216815829277039e-01 8.963891029357910156e+00
3.619008113204169087e+06 9.935937076807022095e-02 -1.244984865188598633e-01 8.954314231872558594e+00
3.619008135761565063e+06 6.105214357376098633e-02 -1.340752989053726196e-01 8.954314231872558594e+00
3.619008163007867057e+06 7.541735470294952393e-02 -1.244984865188598633e-01 8.959102630615234375e+00
3.619008187190210912e+06 6.584054976701736450e-02 -1.340752989053726196e-01 8.935160636901855469e+00
3.619008214210003149e+06 5.626374110579490662e-02 -1.292868852615356445e-01 8.939949035644531250e+00
3.619008238494272809e+06 6.105214357376098633e-02 -1.292868852615356445e-01 8.973467826843261719e+00
3.619008264067815151e+06 6.584054976701736450e-02 -1.580173075199127197e-01 8.916007041931152344e+00
3.619008286816982087e+06 1.795651204884052277e-02 -1.436520963907241821e-01 8.992621421813964844e+00
3.619008312371877953e+06 2.753331884741783142e-02 -1.484405100345611572e-01 8.954314231872558594e+00
3.619008338260626886e+06 5.626374110579490662e-02 -1.580173075199127197e-01 8.896853446960449219e+00
3.619008362687398214e+06 4.189852997660636902e-02 -1.149216815829277039e-01 9.002198219299316406e+00
3.619008388529012911e+06 5.626374110579490662e-02 -1.340752989053726196e-01 8.963891029357910156e+00
3.619008412724116817e+06 6.105214357376098633e-02 -1.484405100345611572e-01 8.949525833129882812e+00
3.619008440098388121e+06 8.978256583213806152e-02 -1.292868852615356445e-01 8.968679428100585938e+00
3.619008462237970904e+06 5.147533491253852844e-02 -1.532289087772369385e-01 8.916007041931152344e+00
3.619008487701721024e+06 3.232172131538391113e-02 -1.867477297782897949e-01 8.896853446960449219e+00
3.619008513633595780e+06 7.541735470294952393e-02 -1.292868852615356445e-01 8.983044624328613281e+00
3.619008537743232213e+06 6.105214357376098633e-02 -1.197100877761840820e-01 8.920795440673828125e+00
3.619008563650107011e+06 3.591302549466490746e-03 -1.292868852615356445e-01 8.954314231872558594e+00
3.619008587816564832e+06 6.584054976701736450e-02 -1.149216815829277039e-01 8.973467826843261719e+00
3.619008614547763020e+06 9.457096457481384277e-02 -1.436520963907241821e-01 8.944737434387207031e+00
3.619008637606773060e+06 6.105214357376098633e-02 -1.388636976480484009e-01 8.963891029357910156e+00
3.619008662900678813e+06 5.626374110579490662e-02 -1.388636976480484009e-01 8.992621421813964844e+00
3.619008688764898106e+06 8.978256583213806152e-02 -1.244984865188598633e-01 8.930372238159179688e+00
3.619008712962346151e+06 7.541735470294952393e-02 -1.532289087772369385e-01 8.978256225585937500e+00
3.619008738786668982e+06 1.089361757040023804e-01 -1.340752989053726196e-01 9.006986618041992188e+00
3.619008762879013084e+06 6.105214357376098633e-02 -1.580173075199127197e-01 8.973467826843261719e+00
3.619008789701460861e+06 8.020575344562530518e-02 -1.628057211637496948e-01 8.930372238159179688e+00
3.619008812315836083e+06 5.626374110579490662e-02 -1.580173075199127197e-01 8.954314231872558594e+00
3.619008838022241835e+06 7.541735470294952393e-02 -1.292868852615356445e-01 8.954314231872558594e+00
3.619008863942502066e+06 5.626374110579490662e-02 -1.436520963907241821e-01 8.920795440673828125e+00
3.619008888095418923e+06 5.626374110579490662e-02 -1.580173075199127197e-01 8.887276649475097656e+00
3.619008913809272926e+06 8.978256583213806152e-02 -1.149216815829277039e-01 8.987833023071289062e+00
3.619008939074324910e+06 -5.985504016280174255e-03 -1.197100877761840820e-01 8.916007041931152344e+00
3.619008962515679188e+06 7.062894850969314575e-02 -1.292868852615356445e-01 8.968679428100585938e+00
3.619008991024013143e+06 5.626374110579490662e-02 -1.053448766469955444e-01 8.892065048217773438e+00
3.619009011639637873e+06 7.062894850969314575e-02 -1.484405100345611572e-01 9.045293807983398438e+00
3.619009038848908152e+06 7.541735470294952393e-02 -1.197100877761840820e-01 8.963891029357910156e+00
3.619009063205419108e+06 7.062894850969314575e-02 -1.149216815829277039e-01 8.963891029357910156e+00
3.619009089005522896e+06 9.935937076807022095e-02 -1.292868852615356445e-01 8.954314231872558594e+00
3.619009111793544143e+06 6.105214357376098633e-02 -1.292868852615356445e-01 8.978256225585937500e+00
3.619009141163074877e+06 5.626374110579490662e-02 -1.149216815829277039e-01 8.963891029357910156e+00
3.619009162855939940e+06 7.062894850969314575e-02 -1.388636976480484009e-01 9.002198219299316406e+00
3.619009188395001926e+06 6.584054976701736450e-02 -9.576806426048278809e-02 8.963891029357910156e+00
3.619009214084585197e+06 6.584054976701736450e-02 -1.292868852615356445e-01 8.983044624328613281e+00
3.619009238250263035e+06 8.499415963888168335e-02 -1.532289087772369385e-01 8.939949035644531250e+00
3.619009264433959965e+06 6.584054976701736450e-02 -1.580173075199127197e-01 8.997409820556640625e+00
3.619009286919638049e+06 7.062894850969314575e-02 -1.244984865188598633e-01 8.983044624328613281e+00
3.619009316353388131e+06 6.584054976701736450e-02 -1.388636976480484009e-01 8.959102630615234375e+00
3.619009338027763180e+06 8.978256583213806152e-02 -1.292868852615356445e-01 8.978256225585937500e+00
3.619009364352085162e+06 5.626374110579490662e-02 -1.244984865188598633e-01 8.949525833129882812e+00
3.619009389221669175e+06 7.541735470294952393e-02 -1.532289087772369385e-01 8.987833023071289062e+00
3.619009413356720936e+06 6.584054976701736450e-02 -1.388636976480484009e-01 8.949525833129882812e+00
3.619009439325835090e+06 6.584054976701736450e-02 -1.436520963907241821e-01 8.983044624328613281e+00
3.619009462048700079e+06 8.978256583213806152e-02 -1.436520963907241821e-01 8.983044624328613281e+00
3.619009489465261810e+06 7.541735470294952393e-02 -1.340752989053726196e-01 8.983044624328613281e+00
3.619009515311407857e+06 5.626374110579490662e-02 -1.532289087772369385e-01 8.935160636901855469e+00
3.619009538689690176e+06 8.020575344562530518e-02 -1.436520963907241821e-01 8.935160636901855469e+00
3.619009564573387150e+06 8.978256583213806152e-02 -1.675941199064254761e-01 8.959102630615234375e+00
3.619009588735471014e+06 6.584054976701736450e-02 -1.675941199064254761e-01 8.968679428100585938e+00
3.619009614583908115e+06 5.147533491253852844e-02 -8.619125932455062866e-02 9.026140213012695312e+00
3.619009637427919079e+06 3.232172131538391113e-02 -1.244984865188598633e-01 8.978256225585937500e+00
3.619009664647501893e+06 8.978256583213806152e-02 -1.436520963907241821e-01 8.944737434387207031e+00
3.619009691464846022e+06 8.020575344562530518e-02 -1.292868852615356445e-01 8.935160636901855469e+00
3.619009714859221131e+06 5.147533491253852844e-02 -1.867477297782897949e-01 8.978256225585937500e+00
3.619009739757189061e+06 8.020575344562530518e-02 -1.244984865188598633e-01 8.997409820556640625e+00
3.619009764914272819e+06 8.978256583213806152e-02 -1.771709322929382324e-01 8.939949035644531250e+00
3.619009789620887022e+06 5.147533491253852844e-02 -1.436520963907241821e-01 8.930372238159179688e+00
3.619009812407761812e+06 6.105214357376098633e-02 -1.532289087772369385e-01 8.954314231872558594e+00
3.619009839809949975e+06 9.457096457481384277e-02 -1.244984865188598633e-01 8.925583839416503906e+00
3.619009865656773094e+06 8.978256583213806152e-02 -1.197100877761840820e-01 8.954314231872558594e+00
3.619009888991199899e+06 9.457096457481384277e-02 -1.532289087772369385e-01 8.973467826843261719e+00
3.619009914742970839e+06 3.232172131538391113e-02 -1.532289087772369385e-01 8.920795440673828125e+00
3.619009937516148202e+06 4.189852997660636902e-02 -1.675941199064254761e-01 8.939949035644531250e+00
3.619009966094636824e+06 6.584054976701736450e-02 -1.532289087772369385e-01 8.983044624328613281e+00
3.619009987561773043e+06 5.147533491253852844e-02 -1.532289087772369385e-01 8.963891029357910156e+00
3.619010014773127157e+06 5.147533491253852844e-02 -9.576806426048278809e-02 8.978256225585937500e+00
3.619010040806096047e+06 7.062894850969314575e-02 -1.388636976480484009e-01 8.963891029357910156e+00
3.619010064166304190e+06 8.020575344562530518e-02 -1.388636976480484009e-01 8.992621421813964844e+00
3.619010090038647875e+06 4.668693244457244873e-02 -1.244984865188598633e-01 8.920795440673828125e+00
3.619010112688230816e+06 7.541735470294952393e-02 -1.436520963907241821e-01 8.959102630615234375e+00
3.619010141484064050e+06 7.062894850969314575e-02 -1.628057211637496948e-01 8.949525833129882812e+00
3.619010162973438855e+06 6.584054976701736450e-02 -1.053448766469955444e-01 8.973467826843261719e+00
3.619010190145627130e+06 6.105214357376098633e-02 -1.101332753896713257e-01 8.959102630615234375e+00
3.619010215836564079e+06 7.062894850969314575e-02 -1.532289087772369385e-01 8.983044624328613281e+00
3.619010239149584901e+06 9.457096457481384277e-02 -1.388636976480484009e-01 8.978256225585937500e+00
3.619010265010417905e+06 8.978256583213806152e-02 -1.436520963907241821e-01 8.901641845703125000e+00
3.619010287834949791e+06 4.189852997660636902e-02 -1.436520963907241821e-01 8.906430244445800781e+00
3.619010316401304211e+06 7.062894850969314575e-02 -1.484405100345611572e-01 8.954314231872558594e+00
3.619010337917189114e+06 7.541735470294952393e-02 -1.053448766469955444e-01 8.939949035644531250e+00
3.619010365111928899e+06 7.062894850969314575e-02 -1.292868852615356445e-01 8.925583839416503906e+00
3.619010389284220058e+06 6.105214357376098633e-02 -1.388636976480484009e-01 8.992621421813964844e+00
3.619010416035730857e+06 7.062894850969314575e-02 -1.436520963907241821e-01 8.944737434387207031e+00
3.619010440385158174e+06 7.062894850969314575e-02 -1.292868852615356445e-01 8.954314231872558594e+00
3.619010463005158119e+06 5.626374110579490662e-02 -1.101332753896713257e-01 8.963891029357910156e+00
3.619010490468803793e+06 8.978256583213806152e-02 -1.436520963907241821e-01 8.939949035644531250e+00
3.619010514738283120e+06 4.189852997660636902e-02 -1.484405100345611572e-01 8.978256225585937500e+00
3.619010540540783200e+06 5.626374110579490662e-02 -1.197100877761840820e-01 8.944737434387207031e+00
3.619010564477657899e+06 7.541735470294952393e-02 -1.484405100345611572e-01 8.949525833129882812e+00
3.619010591435002163e+06 6.105214357376098633e-02 -1.532289087772369385e-01 8.863334655761718750e+00
3.619010615648439154e+06 7.541735470294952393e-02 -1.532289087772369385e-01 8.939949035644531250e+00
3.619010638234844897e+06 6.105214357376098633e-02 -1.436520963907241821e-01 8.968679428100585938e+00
3.619010665468804073e+06 5.626374110579490662e-02 -1.340752989053726196e-01 8.959102630615234375e+00
3.619010689628907945e+06 7.062894850969314575e-02 -1.340752989053726196e-01 8.916007041931152344e+00
3.619010715457969811e+06 6.584054976701736450e-02 -1.340752989053726196e-01 8.992621421813964844e+00
3.619010742290209979e+06 7.541735470294952393e-02 -1.244984865188598633e-01 8.978256225585937500e+00
3.619010762712085154e+06 7.062894850969314575e-02 -1.101332753896713257e-01 8.911218643188476562e+00
3.619010792924948968e+06 1.089361757040023804e-01 -1.292868852615356445e-01 8.983044624328613281e+00
3.619010813578073867e+06 7.541735470294952393e-02 -1.340752989053726196e-01 8.968679428100585938e+00
3.619010840875730850e+06 5.626374110579490662e-02 -1.197100877761840820e-01 8.930372238159179688e+00
3.619010864817657974e+06 7.062894850969314575e-02 -1.484405100345611572e-01 8.978256225585937500e+00
3.619010890710106120e+06 6.105214357376098633e-02 -1.340752989053726196e-01 8.963891029357910156e+00
3.619010914906459861e+06 8.499415963888168335e-02 -1.149216815829277039e-01 8.930372238159179688e+00
3.619010941573387012e+06 1.795651204884052277e-02 -1.340752989053726196e-01 8.944737434387207031e+00
3.619010966693230905e+06 4.668693244457244873e-02 -1.244984865188598633e-01 8.959102630615234375e+00
3.619010988553490955e+06 3.711012750864028931e-02 -1.197100877761840820e-01 8.944737434387207031e+00
3.619011015751198865e+06 7.541735470294952393e-02 -1.197100877761840820e-01 8.916007041931152344e+00
3.619011039985522162e+06 3.232172131538391113e-02 -1.340752989053726196e-01 8.968679428100585938e+00
3.619011065974948928e+06 4.668693244457244873e-02 -1.053448766469955444e-01 8.983044624328613281e+00
3.619011090157344937e+06 9.457096457481384277e-02 -8.140286058187484741e-02 9.002198219299316406e+00
3.619011116904272232e+06 8.020575344562530518e-02 -1.244984865188598633e-01 8.949525833129882812e+00
3.619011139748543035e+06 4.189852997660636902e-02 -1.292868852615356445e-01 8.954314231872558594e+00
3.619011165554219857e+06 7.062894850969314575e-02 -1.532289087772369385e-01 9.002198219299316406e+00
3.619011191170834936e+06 4.189852997660636902e-02 -1.484405100345611572e-01 9.006986618041992188e+00
3.619011215143231209e+06 5.626374110579490662e-02 -1.053448766469955444e-01 8.959102630615234375e+00
3.619011241087397095e+06 6.584054976701736450e-02 -1.292868852615356445e-01 8.987833023071289062e+00
3.619011265730366111e+06 3.232172131538391113e-02 -1.484405100345611572e-01 8.963891029357910156e+00
3.619011291897813790e+06 7.062894850969314575e-02 -1.244984865188598633e-01 8.987833023071289062e+00
3.619011314756356180e+06 2.753331884741783142e-02 -1.053448766469955444e-01 8.978256225585937500e+00
3.619011340331250802e+06 4.189852997660636902e-02 -1.436520963907241821e-01 8.983044624328613281e+00
3.619011366139532998e+06 3.232172131538391113e-02 -1.580173075199127197e-01 8.930372238159179688e+00
3.619011390246460214e+06 6.584054976701736450e-02 -1.675941199064254761e-01 8.916007041931152344e+00
3.619011416151927784e+06 4.189852997660636902e-02 -1.340752989053726196e-01 8.983044624328613281e+00
3.619011440308803227e+06 8.978256583213806152e-02 -1.292868852615356445e-01 8.959102630615234375e+00
3.619011464850417804e+06 5.147533491253852844e-02 -1.580173075199127197e-01 8.901641845703125000e+00
3.619011493408021983e+06 1.137245818972587585e-01 -1.244984865188598633e-01 8.911218643188476562e+00
3.619011514018699061e+06 8.499415963888168335e-02 -1.580173075199127197e-01 8.916007041931152344e+00
3.619011541230053175e+06 7.541735470294952393e-02 -1.628057211637496948e-01 8.911218643188476562e+00
3.619011565630157944e+06 6.584054976701736450e-02 -1.340752989053726196e-01 8.916007041931152344e+00
3.619011591309741139e+06 5.626374110579490662e-02 -1.340752989053726196e-01 8.968679428100585938e+00
3.619011614448699169e+06 5.626374110579490662e-02 -1.675941199064254761e-01 8.920795440673828125e+00
3.619011643778386991e+06 3.711012750864028931e-02 -1.580173075199127197e-01 8.968679428100585938e+00
3.619011665263386909e+06 6.584054976701736450e-02 -1.149216815829277039e-01 9.016563415527343750e+00
3.619011690791146830e+06 4.668693244457244873e-02 -1.436520963907241821e-01 8.949525833129882812e+00
3.619011716685782187e+06 7.062894850969314575e-02 -1.771709322929382324e-01 8.968679428100585938e+00
3.619011740844063926e+06 6.105214357376098633e-02 -1.388636976480484009e-01 8.949525833129882812e+00
3.619011766735104844e+06 6.584054976701736450e-02 -1.723825186491012573e-01 8.944737434387207031e+00
3.619011789529584814e+06 6.105214357376098633e-02 -1.580173075199127197e-01 8.959102630615234375e+00
3.619011818952188827e+06 9.457096457481384277e-02 -1.628057211637496948e-01 8.916007041931152344e+00
3.619011840429063886e+06 4.668693244457244873e-02 -1.484405100345611572e-01 8.944737434387207031e+00
3.619011865788387135e+06 5.147533491253852844e-02 -1.436520963907241821e-01 8.925583839416503906e+00
3.619011891649897210e+06 7.541735470294952393e-02 -1.340752989053726196e-01 8.949525833129882812e+00
3.619011915868281852e+06 7.062894850969314575e-02 -1.388636976480484009e-01 8.978256225585937500e+00
3.619011941670887172e+06 5.626374110579490662e-02 -1.532289087772369385e-01 8.983044624328613281e+00
3.619011964464636985e+06 6.584054976701736450e-02 -1.675941199064254761e-01 8.916007041931152344e+00
3.619011993863595184e+06 6.584054976701736450e-02 -1.149216815829277039e-01 8.939949035644531250e+00
3.619012015371303074e+06 6.105214357376098633e-02 -1.532289087772369385e-01 8.935160636901855469e+00
3.619012040891875979e+06 3.711012750864028931e-02 -1.149216815829277039e-01 8.944737434387207031e+00
3.619012066980834119e+06 7.062894850969314575e-02 -1.580173075199127197e-01 8.968679428100585938e+00
3.619012092157188803e+06 9.935937076807022095e-02 -1.388636976480484009e-01 8.983044624328613281e+00
3.619012117000260856e+06 5.626374110579490662e-02 -1.484405100345611572e-01 8.968679428100585938e+00
3.619012139841875993e+06 7.062894850969314575e-02 -1.675941199064254761e-01 8.949525833129882812e+00
3.619012166941458825e+06 5.626374110579490662e-02 -1.436520963907241821e-01 8.887276649475097656e+00
3.619012192937084008e+06 5.147533491253852844e-02 -1.484405100345611572e-01 8.959102630615234375e+00
3.619012216502031777e+06 6.105214357376098633e-02 -1.484405100345611572e-01 8.997409820556640625e+00
3.619012242025834043e+06 5.147533491253852844e-02 -1.244984865188598633e-01 8.935160636901855469e+00
3.619012266338230111e+06 7.541735470294952393e-02 -1.771709322929382324e-01 8.954314231872558594e+00
3.619012292029741220e+06 7.062894850969314575e-02 -1.292868852615356445e-01 8.920795440673828125e+00
3.619012314873855095e+06 5.147533491253852844e-02 -1.244984865188598633e-01 8.983044624328613281e+00
3.619012342085469980e+06 5.147533491253852844e-02 -1.436520963907241821e-01 9.011775016784667969e+00
3.619012367910000961e+06 7.541735470294952393e-02 -1.436520963907241821e-01 8.963891029357910156e+00
3.619012391485209111e+06 9.457096457481384277e-02 -1.149216815829277039e-01 9.006986618041992188e+00
3.619012417378126178e+06 5.626374110579490662e-02 -1.532289087772369385e-01 8.968679428100585938e+00
3.619012441596198827e+06 6.584054976701736450e-02 -1.580173075199127197e-01 8.978256225585937500e+00
3.619012468349168077e+06 5.626374110579490662e-02 -1.532289087772369385e-01 8.949525833129882812e+00
3.619012490000001155e+06 5.626374110579490662e-02 -1.244984865188598633e-01 9.006986618041992188e+00
3.619012517238698900e+06 9.935937076807022095e-02 -1.484405100345611572e-01 8.939949035644531250e+00
3.619012543053178117e+06 8.499415963888168335e-02 -1.628057211637496948e-01 8.916007041931152344e+00
3.619012566382605117e+06 2.274491637945175171e-02 -1.340752989053726196e-01 8.939949035644531250e+00
3.619012592318750918e+06 7.062894850969314575e-02 -1.532289087772369385e-01 8.930372238159179688e+00
3.619012615282239858e+06 7.541735470294952393e-02 -1.388636976480484009e-01 8.973467826843261719e+00
3.619012643699480221e+06 9.935937076807022095e-02 -1.292868852615356445e-01 8.949525833129882812e+00
3.619012665141042788e+06 6.584054976701736450e-02 -1.197100877761840820e-01 8.930372238159179688e+00
3.619012692612812854e+06 1.041477769613265991e-01 -1.628057211637496948e-01 8.973467826843261719e+00
3.619012718469427899e+06 8.978256583213806152e-02 -1.771709322929382324e-01 8.973467826843261719e+00
3.619012741828802973e+06 7.541735470294952393e-02 -1.580173075199127197e-01 8.997409820556640625e+00
3.619012767660156824e+06 6.105214357376098633e-02 -1.053448766469955444e-01 8.954314231872558594e+00
3.619012792787813116e+06 7.541735470294952393e-02 -1.436520963907241821e-01 8.949525833129882812e+00
3.619012816333437804e+06 6.105214357376098633e-02 -1.580173075199127197e-01 8.983044624328613281e+00
3.619012841952917166e+06 9.935937076807022095e-02 -1.723825186491012573e-01 9.006986618041992188e+00
3.619012867760782130e+06 3.232172131538391113e-02 -1.149216815829277039e-01 8.944737434387207031e+00
3.619012893638438080e+06 6.105214357376098633e-02 -1.484405100345611572e-01 8.925583839416503906e+00
3.619012916980782058e+06 9.457096457481384277e-02 -1.340752989053726196e-01 8.901641845703125000e+00
3.619012943783907220e+06 8.020575344562530518e-02 -1.388636976480484009e-01 8.963891029357910156e+00
3.619012965630730148e+06 7.062894850969314575e-02 -1.436520963907241821e-01 8.949525833129882812e+00
3.619012994036042131e+06 9.457096457481384277e-02 -1.580173075199127197e-01 8.930372238159179688e+00
3.619013015509531833e+06 7.062894850969314575e-02 -1.244984865188598633e-01 8.930372238159179688e+00
3.619013042673958931e+06 8.020575344562530518e-02 -1.915361285209655762e-01 8.992621421813964844e+00
3.619013066851562820e+06 5.147533491253852844e-02 -1.484405100345611572e-01 9.006986618041992188e+00
3.619013093922916800e+06 1.089361757040023804e-01 -1.484405100345611572e-01 8.973467826843261719e+00
3.619013118126302958e+06 5.626374110579490662e-02 -1.532289087772369385e-01 8.949525833129882812e+00
3.619013140821042005e+06 7.541735470294952393e-02 -1.340752989053726196e-01 8.930372238159179688e+00
3.619013168219480198e+06 4.668693244457244873e-02 -1.484405100345611572e-01 8.963891029357910156e+00
3.619013192406251095e+06 5.626374110579490662e-02 -1.292868852615356445e-01 8.944737434387207031e+00
3.619013217903490178e+06 9.457096457481384277e-02 -1.436520963907241821e-01 8.892065048217773438e+00
3.619013242260729894e+06 4.668693244457244873e-02 -1.436520963907241821e-01 8.954314231872558594e+00
3.619013269085469190e+06 5.147533491253852844e-02 -1.723825186491012573e-01 8.987833023071289062e+00
3.619013293164480012e+06 8.020575344562530518e-02 -1.340752989053726196e-01 8.906430244445800781e+00
3.619013315961145796e+06 1.185129806399345398e-01 -1.436520963907241821e-01 8.954314231872558594e+00
3.619013343018958811e+06 7.541735470294952393e-02 -1.340752989053726196e-01 8.944737434387207031e+00
3.619013367394688074e+06 6.584054976701736450e-02 -1.340752989053726196e-01 8.978256225585937500e+00
3.619013393250001129e+06 5.147533491253852844e-02 -1.532289087772369385e-01 8.944737434387207031e+00
3.619013417449322995e+06 6.584054976701736450e-02 -1.244984865188598633e-01 8.906430244445800781e+00
3.619013444193594158e+06 7.062894850969314575e-02 -1.580173075199127197e-01 8.944737434387207031e+00
3.619013468313437887e+06 6.584054976701736450e-02 -1.244984865188598633e-01 8.930372238159179688e+00
3.619013491141667124e+06 7.541735470294952393e-02 -1.580173075199127197e-01 8.939949035644531250e+00
3.619013518390573096e+06 5.626374110579490662e-02 -1.436520963907241821e-01 8.949525833129882812e+00
3.619013542537501082e+06 5.626374110579490662e-02 -1.388636976480484009e-01 8.935160636901855469e+00
3.619013568234427832e+06 8.020575344562530518e-02 -1.436520963907241821e-01 8.968679428100585938e+00
3.619013592804896180e+06 5.147533491253852844e-02 -1.340752989053726196e-01 8.973467826843261719e+00
3.619013621580624953e+06 7.062894850969314575e-02 -1.532289087772369385e-01 8.939949035644531250e+00
3.619013644683021121e+06 6.105214357376098633e-02 -1.292868852615356445e-01 8.968679428100585938e+00
3.619013666299374774e+06 3.711012750864028931e-02 -1.771709322929382324e-01 8.935160636901855469e+00
3.619013693346042186e+06 3.711012750864028931e-02 -1.436520963907241821e-01 8.925583839416503906e+00
3.619013718651562929e+06 5.626374110579490662e-02 -1.388636976480484009e-01 8.901641845703125000e+00
3.619013743575782049e+06 6.105214357376098633e-02 -1.532289087772369385e-01 8.911218643188476562e+00
3.619013767549896147e+06 6.105214357376098633e-02 -1.963245421648025513e-01 8.949525833129882812e+00
3.619013794248178136e+06 7.541735470294952393e-02 -1.915361285209655762e-01 8.954314231872558594e+00
3.619013817105364986e+06 7.062894850969314575e-02 -1.436520963907241821e-01 8.925583839416503906e+00
3.619013842598177027e+06 9.457096457481384277e-02 -1.292868852615356445e-01 8.911218643188476562e+00
3.619013868496562820e+06 7.541735470294952393e-02 -1.580173075199127197e-01 8.992621421813964844e+00
3.619013892671563197e+06 8.020575344562530518e-02 -1.436520963907241821e-01 8.954314231872558594e+00
3.619013918523907196e+06 7.062894850969314575e-02 -1.244984865188598633e-01 8.935160636901855469e+00
3.619013943837864790e+06 2.753331884741783142e-02 -1.532289087772369385e-01 8.949525833129882812e+00
3.619013969872448128e+06 5.626374110579490662e-02 -1.580173075199127197e-01 8.963891029357910156e+00
3.619013992470573168e+06 7.541735470294952393e-02 -1.484405100345611572e-01 8.939949035644531250e+00
3.619014017969740089e+06 7.541735470294952393e-02 -1.292868852615356445e-01 8.935160636901855469e+00
3.619014043891407084e+06 7.062894850969314575e-02 -1.244984865188598633e-01 9.006986618041992188e+00
3.619014068019479048e+06 7.062894850969314575e-02 -1.436520963907241821e-01 8.968679428100585938e+00
3.619014093900520820e+06 6.584054976701736450e-02 -1.484405100345611572e-01 8.992621421813964844e+00
3.619014118069792166e+06 4.668693244457244873e-02 -1.340752989053726196e-01 8.916007041931152344e+00
3.619014142420886084e+06 7.541735470294952393e-02 -1.675941199064254761e-01 8.963891029357910156e+00
3.619014171123228967e+06 6.584054976701736450e-02 -1.484405100345611572e-01 8.949525833129882812e+00
3.619014191779740155e+06 6.584054976701736450e-02 -1.436520963907241821e-01 8.944737434387207031e+00
3.619014218817031942e+06 8.499415963888168335e-02 -1.484405100345611572e-01 8.963891029357910156e+00
3.619014243950521108e+06 5.626374110579490662e-02 -1.628057211637496948e-01 8.983044624328613281e+00
3.619014269103333820e+06 4.189852997660636902e-02 -1.292868852615356445e-01 8.968679428100585938e+00
3.619014291856354102e+06 7.062894850969314575e-02 -1.436520963907241821e-01 8.949525833129882812e+00
3.619014321106511168e+06 7.541735470294952393e-02 -1.244984865188598633e-01 8.901641845703125000e+00
3.619014342601041775e+06 6.584054976701736450e-02 -1.580173075199127197e-01 8.954314231872558594e+00
3.619014368346406147e+06 6.584054976701736450e-02 -1.149216815829277039e-01 8.911218643188476562e+00
3.619014394138594158e+06 7.062894850969314575e-02 -1.244984865188598633e-01 8.968679428100585938e+00
3.619014418381771073e+06 8.499415963888168335e-02 -1.867477297782897949e-01 8.963891029357910156e+00
3.619014444203906227e+06 8.978256583213806152e-02 -1.867477297782897949e-01 8.930372238159179688e+00
3.619014467025833204e+06 6.105214357376098633e-02 -1.388636976480484009e-01 8.949525833129882812e+00
3.619014496483124793e+06 6.105214357376098633e-02 -1.819593310356140137e-01 8.920795440673828125e+00
3.619014517918542027e+06 7.062894850969314575e-02 -1.340752989053726196e-01 8.968679428100585938e+00
3.619014543480833061e+06 6.584054976701736450e-02 -1.723825186491012573e-01 8.954314231872558594e+00
3.619014569397707935e+06 4.668693244457244873e-02 -1.244984865188598633e-01 8.935160636901855469e+00
3.619014593521249946e+06 6.105214357376098633e-02 -1.628057211637496948e-01 8.954314231872558594e+00
3.619014619357292075e+06 1.041477769613265991e-01 -1.340752989053726196e-01 8.944737434387207031e+00
3.619014642217135988e+06 9.457096457481384277e-02 -1.244984865188598633e-01 8.959102630615234375e+00
3.619014669441875070e+06 1.089361757040023804e-01 -1.388636976480484009e-01 8.959102630615234375e+00
3.619014695136197843e+06 6.584054976701736450e-02 -1.149216815829277039e-01 8.939949035644531250e+00
3.619014718619322870e+06 8.020575344562530518e-02 -1.484405100345611572e-01 8.916007041931152344e+00
3.619014744514843915e+06 8.978256583213806152e-02 -1.532289087772369385e-01 8.939949035644531250e+00
3.619014768483750056e+06 9.935937076807022095e-02 -1.628057211637496948e-01 8.925583839416503906e+00
3.619014794563957956e+06 1.137245818972587585e-01 -1.436520963907241821e-01 8.978256225585937500e+00
3.619014817357395776e+06 8.499415963888168335e-02 -1.628057211637496948e-01 8.939949035644531250e+00
3.619014844509479124e+06 3.232172131538391113e-02 -1.580173075199127197e-01 8.954314231872558594e+00
3.619014870307500008e+06 8.020575344562530518e-02 -1.675941199064254761e-01 8.963891029357910156e+00
3.619014893786197994e+06 7.062894850969314575e-02 -1.580173075199127197e-01 9.016563415527343750e+00
3.619014919480000157e+06 9.457096457481384277e-02 -1.388636976480484009e-01 8.954314231872558594e+00
3.619014943877865095e+06 7.541735470294952393e-02 -1.675941199064254761e-01 8.896853446960449219e+00
3.619014969887551852e+06 7.062894850969314575e-02 -1.005564704537391663e-01 8.939949035644531250e+00
3.619014992525103968e+06 6.105214357376098633e-02 -1.292868852615356445e-01 8.963891029357910156e+00
3.619015020011458080e+06 6.584054976701736450e-02 -1.723825186491012573e-01 8.963891029357910156e+00
3.619015045640416909e+06 9.457096457481384277e-02 -1.580173075199127197e-01 8.930372238159179688e+00
3.619015069167186972e+06 6.584054976701736450e-02 -1.292868852615356445e-01 8.954314231872558594e+00
3.619015095111197792e+06 7.062894850969314575e-02 -1.819593310356140137e-01 8.911218643188476562e+00
3.619015119194895960e+06 9.457096457481384277e-02 -1.484405100345611572e-01 8.935160636901855469e+00
3.619015143712082878e+06 6.584054976701736450e-02 -1.388636976480484009e-01 8.954314231872558594e+00
3.619015169182760175e+06 7.541735470294952393e-02 -1.436520963907241821e-01 8.959102630615234375e+00
3.619015195142916869e+06 5.147533491253852844e-02 -1.628057211637496948e-01 8.906430244445800781e+00
3.619015220637655817e+06 8.978256583213806152e-02 -1.388636976480484009e-01 8.901641845703125000e+00
3.619015244260416832e+06 3.232172131538391113e-02 -1.388636976480484009e-01 8.983044624328613281e+00
3.619015269865728915e+06 8.978256583213806152e-02 -1.628057211637496948e-01 9.002198219299316406e+00
3.619015292842604220e+06 6.105214357376098633e-02 -1.292868852615356445e-01 8.916007041931152344e+00
3.619015321262343787e+06 8.499415963888168335e-02 -1.436520963907241821e-01 8.963891029357910156e+00
3.619015342710677069e+06 6.584054976701736450e-02 -1.532289087772369385e-01 8.968679428100585938e+00
3.619015371057187207e+06 6.584054976701736450e-02 -1.340752989053726196e-01 9.006986618041992188e+00
3.619015395948125049e+06 8.020575344562530518e-02 -1.388636976480484009e-01 8.896853446960449219e+00
3.619015419120156206e+06 6.584054976701736450e-02 -1.340752989053726196e-01 8.930372238159179688e+00
3.619015445207134821e+06 8.499415963888168335e-02 -1.580173075199127197e-01 8.906430244445800781e+00
3.619015468005989213e+06 8.499415963888168335e-02 -1.723825186491012573e-01 8.916007041931152344e+00
3.619015496589479037e+06 7.062894850969314575e-02 -1.436520963907241821e-01 8.963891029357910156e+00
3.619015517849790864e+06 8.499415963888168335e-02 -1.244984865188598633e-01 8.963891029357910156e+00
3.619015545316771138e+06 7.062894850969314575e-02 -1.292868852615356445e-01 8.959102630615234375e+00
3.619015571092655882e+06 3.232172131538391113e-02 -1.340752989053726196e-01 8.949525833129882812e+00
3.619015594620833173e+06 1.041477769613265991e-01 -1.197100877761840820e-01 8.896853446960449219e+00
3.619015620356250089e+06 8.978256583213806152e-02 -1.436520963907241821e-01 8.949525833129882812e+00
3.619015643141353969e+06 7.062894850969314575e-02 -1.628057211637496948e-01 8.939949035644531250e+00
3.619015671738592908e+06 5.626374110579490662e-02 -1.723825186491012573e-01 8.930372238159179688e+00
3.619015694185104221e+06 5.626374110579490662e-02 -1.436520963907241821e-01 8.963891029357910156e+00
3.619015720439635217e+06 5.626374110579490662e-02 -1.197100877761840820e-01 8.963891029357910156e+00
3.619015747279530857e+06 5.147533491253852844e-02 -1.484405100345611572e-01 8.935160636901855469e+00
3.619015769618957769e+06 5.147533491253852844e-02 -1.388636976480484009e-01 8.963891029357910156e+00
3.619015796322134789e+06 7.541735470294952393e-02 -1.292868852615356445e-01 8.978256225585937500e+00
3.619015818178801797e+06 4.189852997660636902e-02 -1.292868852615356445e-01 8.983044624328613281e+00
3.619015845424478874e+06 8.499415963888168335e-02 -1.244984865188598633e-01 8.935160636901855469e+00
3.619015869542290922e+06 7.541735470294952393e-02 -1.388636976480484009e-01 8.939949035644531250e+00
3.619015895416353829e+06 7.541735470294952393e-02 -1.340752989053726196e-01 8.973467826843261719e+00
3.619015919591458049e+06 6.584054976701736450e-02 -1.532289087772369385e-01 8.944737434387207031e+00
3.619015946478229016e+06 4.189852997660636902e-02 -1.532289087772369385e-01 8.959102630615234375e+00
3.619015970826718025e+06 3.711012750864028931e-02 -1.197100877761840820e-01 8.949525833129882812e+00
3.619015993685415946e+06 6.105214357376098633e-02 -1.197100877761840820e-01 8.983044624328613281e+00
3.619016020898750052e+06 8.978256583213806152e-02 -1.244984865188598633e-01 8.935160636901855469e+00
3.619016044945000205e+06 8.978256583213806152e-02 -1.532289087772369385e-01 8.954314231872558594e+00
3.619016070954999886e+06 8.020575344562530518e-02 -1.628057211637496948e-01 8.954314231872558594e+00
3.619016095997447148e+06 7.062894850969314575e-02 -1.436520963907241821e-01 8.930372238159179688e+00
3.619016122862082906e+06 5.626374110579490662e-02 -1.580173075199127197e-01 8.968679428100585938e+00
3.619016145882916171e+06 7.062894850969314575e-02 -1.197100877761840820e-01 9.006986618041992188e+00
3.619016168675260153e+06 5.626374110579490662e-02 -1.388636976480484009e-01 8.987833023071289062e+00
3.619016197095884942e+06 6.584054976701736450e-02 -1.340752989053726196e-01 8.939949035644531250e+00
3.619016219945989083e+06 6.584054976701736450e-02 -1.436520963907241821e-01 8.930372238159179688e+00
3.619016245817135088e+06 5.147533491253852844e-02 -1.436520963907241821e-01 8.963891029357910156e+00
3.619016270192238968e+06 5.626374110579490662e-02 -1.628057211637496948e-01 8.949525833129882812e+00
3.619016296696458012e+06 6.105214357376098633e-02 -1.244984865188598633e-01 8.997409820556640625e+00
3.619016319487187080e+06 8.499415963888168335e-02 -1.580173075199127197e-01 8.939949035644531250e+00
3.619016345025624149e+06 5.626374110579490662e-02 -1.244984865188598633e-01 8.997409820556640625e+00
3.619016371875884943e+06 6.584054976701736450e-02 -1.771709322929382324e-01 8.906430244445800781e+00
3.619016395282446872e+06 2.753331884741783142e-02 -1.532289087772369385e-01 8.906430244445800781e+00
3.619016421158593148e+06 6.105214357376098633e-02 -1.723825186491012573e-01 8.939949035644531250e+00
3.619016445108228829e+06 6.105214357376098633e-02 -1.963245421648025513e-01 8.987833023071289062e+00
3.619016471984061878e+06 8.020575344562530518e-02 -1.580173075199127197e-01 8.920795440673828125e+00
3.619016494630415924e+06 6.584054976701736450e-02 -1.244984865188598633e-01 8.954314231872558594e+00
3.619016520193019882e+06 3.711012750864028931e-02 -1.388636976480484009e-01 8.939949035644531250e+00
3.619016546253906097e+06 7.541735470294952393e-02 -1.484405100345611572e-01 8.959102630615234375e+00
3.619016570450051222e+06 7.062894850969314575e-02 -1.580173075199127197e-01 8.935160636901855469e+00
3.619016596130259801e+06 6.584054976701736450e-02 -1.388636976480484009e-01 8.973467826843261719e+00
3.619016620516666211e+06 9.935937076807022095e-02 -1.101332753896713257e-01 8.987833023071289062e+00
3.619016647239791229e+06 4.189852997660636902e-02 -1.292868852615356445e-01 8.959102630615234375e+00
3.619016669915467966e+06 8.499415963888168335e-02 -1.340752989053726196e-01 8.882488250732421875e+00
3.619016695602446795e+06 7.541735470294952393e-02 -1.436520963907241821e-01 8.987833023071289062e+00
3.619016721473906189e+06 6.105214357376098633e-02 -1.197100877761840820e-01 9.006986618041992188e+00
3.619016745660989080e+06 5.147533491253852844e-02 -1.484405100345611572e-01 8.920795440673828125e+00
3.619016771307238843e+06 5.626374110579490662e-02 -1.867477297782897949e-01 8.935160636901855469e+00
3.619016795780311804e+06 8.978256583213806152e-02 -1.149216815829277039e-01 8.954314231872558594e+00
3.619016820038071834e+06 9.457096457481384277e-02 -1.292868852615356445e-01 8.944737434387207031e+00
3.619016849622135051e+06 8.499415963888168335e-02 -1.628057211637496948e-01 8.997409820556640625e+00
3.619016870122394990e+06 7.541735470294952393e-02 -1.580173075199127197e-01 8.959102630615234375e+00
3.619016896422967780e+06 6.584054976701736450e-02 -1.484405100345611572e-01 8.954314231872558594e+00
3.619016920577343088e+06 7.062894850969314575e-02 -1.101332753896713257e-01 8.935160636901855469e+00
3.619016946665624157e+06 6.105214357376098633e-02 -1.723825186491012573e-01 9.002198219299316406e+00
3.619016969467654824e+06 7.062894850969314575e-02 -1.484405100345611572e-01 8.949525833129882812e+00
3.619016998948279768e+06 8.978256583213806152e-02 -1.484405100345611572e-01 8.911218643188476562e+00
3.619017020213904791e+06 4.668693244457244873e-02 -1.532289087772369385e-01 8.963891029357910156e+00
3.619017045727029908e+06 7.062894850969314575e-02 -1.244984865188598633e-01 8.925583839416503906e+00
3.619017071820624173e+06 5.147533491253852844e-02 -1.484405100345611572e-01 8.963891029357910156e+00
