3.370589028271599207e+06 7.602787494659423828e+00 -6.100425720214843750e+00 1.216254472732543945e+00
3.370589048271599226e+06 7.507019519805908203e+00 -6.081272125244140625e+00 1.201889276504516602e+00
3.370589068271598779e+06 7.507019519805908203e+00 -6.081272125244140625e+00 1.201889276504516602e+00
3.370589088271598797e+06 7.507019519805908203e+00 -6.081272125244140625e+00 1.201889276504516602e+00
3.370589106907953043e+06 7.507019519805908203e+00 -6.081272125244140625e+00 1.201889276504516602e+00
3.370589110410817899e+06 7.507019519805908203e+00 -6.081272125244140625e+00 1.201889276504516602e+00
3.370589132037067786e+06 7.550115108489990234e+00 -6.129156112670898438e+00 1.254561662673950195e+00
3.370589156509151217e+06 7.569268703460693359e+00 -6.167463779449462891e+00 1.192312479019165039e+00
3.370589169715244789e+06 7.607575893402099609e+00 -6.124367713928222656e+00 1.211466073989868164e+00
3.370589196296182927e+06 7.540538311004638672e+00 -6.114790916442871094e+00 1.139639973640441895e+00
3.370589208815088961e+06 7.478289127349853516e+00 -6.124367713928222656e+00 1.192312479019165039e+00
3.370589238796859980e+06 7.483077526092529297e+00 -6.129156112670898438e+00 1.225831270217895508e+00
3.370589248870505020e+06 7.483077526092529297e+00 -6.167463779449462891e+00 1.225831270217895508e+00
3.370589279056442901e+06 7.516596317291259766e+00 -6.196194171905517578e+00 1.206677675247192383e+00
3.370589289362067822e+06 7.554903507232666016e+00 -6.234501361846923828e+00 1.216254472732543945e+00
3.370589318122067954e+06 7.521384716033935547e+00 -6.186617374420166016e+00 1.206677675247192383e+00
3.370589328977692872e+06 7.526173114776611328e+00 -6.200982570648193359e+00 1.197100877761840820e+00
3.370589359196912032e+06 7.535749912261962891e+00 -6.215347766876220703e+00 1.192312479019165039e+00
3.370589368977901060e+06 7.516596317291259766e+00 -6.200982570648193359e+00 1.244984865188598633e+00
3.370589397904046811e+06 7.483077526092529297e+00 -6.181828975677490234e+00 1.278503656387329102e+00
3.370589409204619937e+06 7.463923931121826172e+00 -6.186617374420166016e+00 1.230619668960571289e+00
3.370589437542588916e+06 7.454347133636474609e+00 -6.215347766876220703e+00 1.201889276504516602e+00
3.370589449052692857e+06 7.526173114776611328e+00 -6.220136165618896484e+00 1.249773263931274414e+00
3.370589477807849180e+06 7.502231121063232422e+00 -6.234501361846923828e+00 1.158793568611145020e+00
3.370589489081650972e+06 7.463923931121826172e+00 -6.277596950531005859e+00 1.264138460159301758e+00
3.370589519336339086e+06 7.459135532379150391e+00 -6.239289760589599609e+00 1.297657370567321777e+00
3.370589529130296782e+06 7.483077526092529297e+00 -6.229712963104248047e+00 1.273715257644653320e+00
3.370589557691806927e+06 7.463923931121826172e+00 -6.244078159332275391e+00 1.264138460159301758e+00
3.370589569256130140e+06 7.463923931121826172e+00 -6.205770969390869141e+00 1.244984865188598633e+00
3.370589599330817815e+06 7.430405139923095703e+00 -6.253654956817626953e+00 1.221042871475219727e+00
3.370589609199412167e+06 7.463923931121826172e+00 -6.272808551788330078e+00 1.177947282791137695e+00
3.370589639196703210e+06 7.497442722320556641e+00 -6.258443355560302734e+00 1.187524080276489258e+00
3.370589649243214168e+06 7.449558734893798828e+00 -6.215347766876220703e+00 1.182735681533813477e+00
3.370589676939306781e+06 7.459135532379150391e+00 -6.258443355560302734e+00 1.235408067703247070e+00
3.370589689280713908e+06 7.459135532379150391e+00 -6.234501361846923828e+00 1.206677675247192383e+00
3.370589719469619915e+06 7.478289127349853516e+00 -6.258443355560302734e+00 1.244984865188598633e+00
3.370589729541129898e+06 7.492654323577880859e+00 -6.272808551788330078e+00 1.283292055130004883e+00
3.370589757851391099e+06 7.454347133636474609e+00 -6.244078159332275391e+00 1.221042871475219727e+00
3.370589769535453059e+06 7.444770336151123047e+00 -6.234501361846923828e+00 1.225831270217895508e+00
3.370589799303734209e+06 7.463923931121826172e+00 -6.234501361846923828e+00 1.240196466445922852e+00
3.370589809602119960e+06 7.473500728607177734e+00 -6.244078159332275391e+00 1.201889276504516602e+00
3.370589837907483801e+06 7.487865924835205078e+00 -6.248866558074951172e+00 1.225831270217895508e+00
3.370589849638681859e+06 7.449558734893798828e+00 -6.268020153045654297e+00 1.240196466445922852e+00
3.370589877887849230e+06 7.459135532379150391e+00 -6.287173748016357422e+00 1.264138460159301758e+00
3.370589889615089167e+06 7.478289127349853516e+00 -6.244078159332275391e+00 1.244984865188598633e+00
3.370589919700974133e+06 7.483077526092529297e+00 -6.277596950531005859e+00 1.225831270217895508e+00
3.370589929710193072e+06 7.425616741180419922e+00 -6.282385349273681641e+00 1.302445769309997559e+00
3.370589958191703074e+06 7.439981937408447266e+00 -6.287173748016357422e+00 1.240196466445922852e+00
3.370589969826702960e+06 7.430405139923095703e+00 -6.220136165618896484e+00 1.235408067703247070e+00
3.370589999668578152e+06 7.449558734893798828e+00 -6.272808551788330078e+00 1.201889276504516602e+00
3.370590009769931901e+06 7.507019519805908203e+00 -6.239289760589599609e+00 1.326387763023376465e+00
3.370590038333943114e+06 7.444770336151123047e+00 -6.200982570648193359e+00 1.312022566795349121e+00
3.370590049801285844e+06 7.454347133636474609e+00 -6.263231754302978516e+00 1.302445769309997559e+00
3.370590079590922222e+06 7.411251544952392578e+00 -6.311115741729736328e+00 1.297657370567321777e+00
3.370590089862380177e+06 7.416039943695068359e+00 -6.330269336700439453e+00 1.273715257644653320e+00
3.370590117354255170e+06 7.416039943695068359e+00 -6.320692539215087891e+00 1.206677675247192383e+00
3.370590129875922110e+06 7.459135532379150391e+00 -6.253654956817626953e+00 1.163581967353820801e+00
3.370590159621546976e+06 7.473500728607177734e+00 -6.229712963104248047e+00 1.201889276504516602e+00
3.370590169922797009e+06 7.396886348724365234e+00 -6.248866558074951172e+00 1.225831270217895508e+00
3.370590198638212867e+06 7.334636688232421875e+00 -6.272808551788330078e+00 1.249773263931274414e+00
3.370590209945193026e+06 7.387309551239013672e+00 -6.244078159332275391e+00 1.240196466445922852e+00
3.370590239895869978e+06 7.411251544952392578e+00 -6.268020153045654297e+00 1.273715257644653320e+00
3.370590249960192945e+06 7.372944355010986328e+00 -6.296750545501708984e+00 1.302445769309997559e+00
3.370590279927379917e+06 7.406463146209716797e+00 -6.301538944244384766e+00 1.302445769309997559e+00
3.370590290040193126e+06 7.420828342437744141e+00 -6.320692539215087891e+00 1.297657370567321777e+00
3.370590316800504923e+06 7.444770336151123047e+00 -6.320692539215087891e+00 1.187524080276489258e+00
3.370590330057015177e+06 7.449558734893798828e+00 -6.311115741729736328e+00 1.264138460159301758e+00
3.370590360027797054e+06 7.463923931121826172e+00 -6.287173748016357422e+00 1.187524080276489258e+00
3.370590370104880072e+06 7.401674747467041016e+00 -6.291962146759033203e+00 1.235408067703247070e+00
3.370590398622119799e+06 7.420828342437744141e+00 -6.263231754302978516e+00 1.240196466445922852e+00
3.370590410253995098e+06 7.353790283203125000e+00 -6.272808551788330078e+00 1.278503656387329102e+00
3.370590440096442122e+06 7.353790283203125000e+00 -6.287173748016357422e+00 1.278503656387329102e+00
3.370590449992015027e+06 7.382521152496337891e+00 -6.277596950531005859e+00 1.206677675247192383e+00
3.370590478753369767e+06 7.430405139923095703e+00 -6.306327342987060547e+00 1.230619668960571289e+00
3.370590490213109180e+06 7.396886348724365234e+00 -6.306327342987060547e+00 1.221042871475219727e+00
3.370590520195452962e+06 7.382521152496337891e+00 -6.335057735443115234e+00 1.264138460159301758e+00
3.370590530268526170e+06 7.439981937408447266e+00 -6.315904140472412109e+00 1.283292055130004883e+00
3.370590557934515178e+06 7.444770336151123047e+00 -6.306327342987060547e+00 1.244984865188598633e+00
3.370590570285712834e+06 7.411251544952392578e+00 -6.263231754302978516e+00 1.292868971824645996e+00
3.370590600087692030e+06 7.344213485717773438e+00 -6.282385349273681641e+00 1.264138460159301758e+00
3.370590610235609114e+06 7.406463146209716797e+00 -6.368576526641845703e+00 1.292868971824645996e+00
3.370590640606338158e+06 7.377732753753662109e+00 -6.349422931671142578e+00 1.288080573081970215e+00
3.370590650197640061e+06 7.392097949981689453e+00 -6.301538944244384766e+00 1.221042871475219727e+00
3.370590678768525831e+06 7.468712329864501953e+00 -6.339846134185791016e+00 1.149216771125793457e+00
3.370590690380348824e+06 7.416039943695068359e+00 -6.320692539215087891e+00 1.254561662673950195e+00
3.370590720209463034e+06 7.401674747467041016e+00 -6.296750545501708984e+00 1.278503656387329102e+00
3.370590730254515074e+06 7.411251544952392578e+00 -6.311115741729736328e+00 1.316810965538024902e+00
3.370590758792484179e+06 7.459135532379150391e+00 -6.282385349273681641e+00 1.216254472732543945e+00
3.370590770310348831e+06 7.425616741180419922e+00 -6.311115741729736328e+00 1.221042871475219727e+00
3.370590798514984082e+06 7.430405139923095703e+00 -6.325480937957763672e+00 1.244984865188598633e+00
3.370590810328160878e+06 7.358579158782958984e+00 -6.311115741729736328e+00 1.259350061416625977e+00
3.370590838890349027e+06 7.334636688232421875e+00 -6.325480937957763672e+00 1.307234168052673340e+00
3.370590850364515092e+06 7.425616741180419922e+00 -6.330269336700439453e+00 1.259350061416625977e+00
3.370590880342743825e+06 7.435193538665771484e+00 -6.354211330413818359e+00 1.254561662673950195e+00
3.370590890421286225e+06 7.420828342437744141e+00 -6.354211330413818359e+00 1.264138460159301758e+00
3.370590920610400848e+06 7.444770336151123047e+00 -6.373364925384521484e+00 1.197100877761840820e+00
3.370590930648733862e+06 7.363367557525634766e+00 -6.272808551788330078e+00 1.182735681533813477e+00
3.370590959235505201e+06 7.349001884460449219e+00 -6.296750545501708984e+00 1.139639973640441895e+00
3.370590970743838232e+06 7.329848289489746094e+00 -6.339846134185791016e+00 1.240196466445922852e+00
3.370591000489254948e+06 7.358579158782958984e+00 -6.358999729156494141e+00 1.297657370567321777e+00
3.370591010938161053e+06 7.353790283203125000e+00 -6.349422931671142578e+00 1.268926858901977539e+00
3.370591038473108783e+06 7.368155956268310547e+00 -6.344634532928466797e+00 1.264138460159301758e+00
3.370591050795140211e+06 7.387309551239013672e+00 -6.373364925384521484e+00 1.268926858901977539e+00
3.370591080768785905e+06 7.372944355010986328e+00 -6.373364925384521484e+00 1.268926858901977539e+00
3.370591090895764995e+06 7.372944355010986328e+00 -6.382941722869873047e+00 1.259350061416625977e+00
3.370591119383578189e+06 7.334636688232421875e+00 -6.368576526641845703e+00 1.259350061416625977e+00
3.370591130909150932e+06 7.396886348724365234e+00 -6.363788127899169922e+00 1.268926858901977539e+00
3.370591160871754866e+06 7.368155956268310547e+00 -6.378153324127197266e+00 1.240196466445922852e+00
3.370591170974358916e+06 7.349001884460449219e+00 -6.330269336700439453e+00 1.244984865188598633e+00
3.370591199305505026e+06 7.377732753753662109e+00 -6.397306919097900391e+00 1.288080573081970215e+00
3.370591210964983795e+06 7.349001884460449219e+00 -6.339846134185791016e+00 1.312022566795349121e+00
3.370591238990243990e+06 7.329848289489746094e+00 -6.358999729156494141e+00 1.235408067703247070e+00
3.370591251023993827e+06 7.349001884460449219e+00 -6.397306919097900391e+00 1.244984865188598633e+00
3.370591280752691906e+06 7.382521152496337891e+00 -6.392518520355224609e+00 1.230619668960571289e+00
3.370591291012847796e+06 7.358579158782958984e+00 -6.430825710296630859e+00 1.163581967353820801e+00
3.370591319763578009e+06 7.372944355010986328e+00 -6.373364925384521484e+00 1.254561662673950195e+00
3.370591331092067063e+06 7.320271492004394531e+00 -6.373364925384521484e+00 1.254561662673950195e+00
3.370591361007379834e+06 7.310694694519042969e+00 -6.387730121612548828e+00 1.307234168052673340e+00
3.370591371137848124e+06 7.344213485717773438e+00 -6.358999729156494141e+00 1.388636946678161621e+00
3.370591399791285861e+06 7.368155956268310547e+00 -6.387730121612548828e+00 1.316810965538024902e+00
3.370591411222899798e+06 7.353790283203125000e+00 -6.392518520355224609e+00 1.244984865188598633e+00
3.370591441130713094e+06 7.339425086975097656e+00 -6.330269336700439453e+00 1.249773263931274414e+00
3.370591451206859201e+06 7.334636688232421875e+00 -6.339846134185791016e+00 1.283292055130004883e+00
3.370591478809255175e+06 7.382521152496337891e+00 -6.306327342987060547e+00 1.312022566795349121e+00
3.370591491212067194e+06 7.392097949981689453e+00 -6.311115741729736328e+00 1.235408067703247070e+00
3.370591520992067177e+06 7.387309551239013672e+00 -6.382941722869873047e+00 1.326387763023376465e+00
3.370591531266338192e+06 7.401674747467041016e+00 -6.315904140472412109e+00 1.268926858901977539e+00
3.370591561076129787e+06 7.344213485717773438e+00 -6.320692539215087891e+00 1.264138460159301758e+00
3.370591571138889994e+06 7.349001884460449219e+00 -6.368576526641845703e+00 1.312022566795349121e+00
3.370591599982795771e+06 7.310694694519042969e+00 -6.358999729156494141e+00 1.288080573081970215e+00
3.370591611114826985e+06 7.363367557525634766e+00 -6.387730121612548828e+00 1.374271750450134277e+00
3.370591641068941914e+06 7.401674747467041016e+00 -6.387730121612548828e+00 1.359906554222106934e+00
3.370591651504201815e+06 7.392097949981689453e+00 -6.344634532928466797e+00 1.345541357994079590e+00
3.370591678138994146e+06 7.439981937408447266e+00 -6.339846134185791016e+00 1.264138460159301758e+00
3.370591691350347828e+06 7.435193538665771484e+00 -6.315904140472412109e+00 1.254561662673950195e+00
3.370591721187639982e+06 7.430405139923095703e+00 -6.272808551788330078e+00 1.278503656387329102e+00
3.370591731540816836e+06 7.435193538665771484e+00 -6.315904140472412109e+00 1.350329756736755371e+00
3.370591759786441922e+06 7.425616741180419922e+00 -6.368576526641845703e+00 1.355118155479431152e+00
3.370591771292170975e+06 7.435193538665771484e+00 -6.378153324127197266e+00 1.383848547935485840e+00
3.370591801225503907e+06 7.392097949981689453e+00 -6.354211330413818359e+00 1.417367458343505859e+00
3.370591811298368964e+06 7.358579158782958984e+00 -6.411672115325927734e+00 1.426944255828857422e+00
3.370591839843264781e+06 7.281964302062988281e+00 -6.402095317840576172e+00 1.335964560508728027e+00
3.370591851340088062e+06 7.315483093261718750e+00 -6.402095317840576172e+00 1.326387763023376465e+00
3.370591881340296008e+06 7.286752700805664062e+00 -6.344634532928466797e+00 1.340752959251403809e+00
3.370591891383109149e+06 7.258022308349609375e+00 -6.368576526641845703e+00 1.321599364280700684e+00
3.370591919107326772e+06 7.219715118408203125e+00 -6.363788127899169922e+00 1.316810965538024902e+00
3.370591931404359173e+06 7.186196327209472656e+00 -6.430825710296630859e+00 1.388636946678161621e+00
3.370591961435609031e+06 7.181407928466796875e+00 -6.402095317840576172e+00 1.441309452056884766e+00
3.370591971462223213e+06 7.200561523437500000e+00 -6.435614109039306641e+00 1.412579059600830078e+00
3.370592001530400012e+06 7.133523941040039062e+00 -6.368576526641845703e+00 1.398213744163513184e+00
3.370592011517431121e+06 7.032967567443847656e+00 -6.411672115325927734e+00 1.374271750450134277e+00
3.370592040169931017e+06 7.056909561157226562e+00 -6.454767704010009766e+00 1.331176161766052246e+00
3.370592051570088137e+06 7.100005149841308594e+00 -6.478709697723388672e+00 1.278503656387329102e+00
3.370592081545191817e+06 7.325059890747070312e+00 -6.411672115325927734e+00 1.292868971824645996e+00
3.370592091786076780e+06 7.329848289489746094e+00 -6.378153324127197266e+00 1.364694952964782715e+00
3.370592120190400165e+06 7.315483093261718750e+00 -6.397306919097900391e+00 1.498770236968994141e+00
3.370592131834411062e+06 7.310694694519042969e+00 -6.430825710296630859e+00 1.489193439483642578e+00
3.370592159984149970e+06 7.286752700805664062e+00 -6.435614109039306641e+00 1.503558635711669922e+00
3.370592171695660800e+06 7.258022308349609375e+00 -6.421248912811279297e+00 1.355118155479431152e+00
3.370592200276338030e+06 7.243657112121582031e+00 -6.435614109039306641e+00 1.379060149192810059e+00
3.370592211745661218e+06 7.243657112121582031e+00 -6.382941722869873047e+00 1.369483351707458496e+00
3.370592241718785837e+06 7.281964302062988281e+00 -6.440402507781982422e+00 1.412579059600830078e+00
3.370592251830712892e+06 7.258022308349609375e+00 -6.445190906524658203e+00 1.474828243255615234e+00
3.370592281766286120e+06 7.143100738525390625e+00 -6.402095317840576172e+00 1.498770236968994141e+00
3.370592291810504161e+06 7.195773124694824219e+00 -6.411672115325927734e+00 1.513135433197021484e+00
3.370592320440296084e+06 7.205349922180175781e+00 -6.464344501495361328e+00 1.474828243255615234e+00
3.370592332152171060e+06 7.219715118408203125e+00 -6.421248912811279297e+00 1.484405040740966797e+00
3.370592361846806016e+06 7.114370346069335938e+00 -6.426037311553955078e+00 1.407790541648864746e+00
3.370592372071493883e+06 7.080851554870605469e+00 -6.416460514068603516e+00 1.321599364280700684e+00
3.370592399677900132e+06 7.234080314636230469e+00 -6.426037311553955078e+00 1.369483351707458496e+00
3.370592412114567123e+06 7.329848289489746094e+00 -6.435614109039306641e+00 1.364694952964782715e+00
3.370592441753942054e+06 7.329848289489746094e+00 -6.440402507781982422e+00 1.455674648284912109e+00
3.370592451998420991e+06 7.310694694519042969e+00 -6.421248912811279297e+00 1.465251445770263672e+00
3.370592480365400203e+06 7.291541099548339844e+00 -6.449979305267333984e+00 1.398213744163513184e+00
3.370592491986076813e+06 7.315483093261718750e+00 -6.435614109039306641e+00 1.460463047027587891e+00
3.370592521830868907e+06 7.339425086975097656e+00 -6.387730121612548828e+00 1.364694952964782715e+00
3.370592532027223147e+06 7.463923931121826172e+00 -6.296750545501708984e+00 1.422155857086181641e+00
3.370592560429462232e+06 7.483077526092529297e+00 -6.272808551788330078e+00 1.450886249542236328e+00
3.370592572311076801e+06 7.502231121063232422e+00 -6.263231754302978516e+00 1.493981838226318359e+00
3.370592601934254169e+06 7.483077526092529297e+00 -6.287173748016357422e+00 1.493981838226318359e+00
3.370592612117222976e+06 7.425616741180419922e+00 -6.320692539215087891e+00 1.604115128517150879e+00
3.370592638896962162e+06 7.396886348724365234e+00 -6.272808551788330078e+00 1.484405040740966797e+00
3.370592652355192229e+06 7.368155956268310547e+00 -6.253654956817626953e+00 1.522712230682373047e+00
3.370592681968212128e+06 7.368155956268310547e+00 -6.291962146759033203e+00 1.460463047027587891e+00
3.370592692373993807e+06 7.392097949981689453e+00 -6.248866558074951172e+00 1.479616641998291016e+00
3.370592722028576769e+06 7.382521152496337891e+00 -6.229712963104248047e+00 1.446097850799560547e+00
3.370592732421806082e+06 7.353790283203125000e+00 -6.210559368133544922e+00 1.431732654571533203e+00
3.370592761381702032e+06 7.377732753753662109e+00 -6.224924564361572266e+00 1.460463047027587891e+00
3.370592772482483182e+06 7.430405139923095703e+00 -6.210559368133544922e+00 1.426944255828857422e+00
3.370592802261962090e+06 7.377732753753662109e+00 -6.196194171905517578e+00 1.522712230682373047e+00
3.370592812385348137e+06 7.339425086975097656e+00 -6.220136165618896484e+00 1.522712230682373047e+00
3.370592839892326854e+06 7.358579158782958984e+00 -6.253654956817626953e+00 1.541865944862365723e+00
3.370592853011025116e+06 7.396886348724365234e+00 -6.291962146759033203e+00 1.584961533546447754e+00
3.370592882379514165e+06 7.219715118408203125e+00 -6.234501361846923828e+00 1.426944255828857422e+00
3.370592892552275211e+06 7.277175903320312500e+00 -6.311115741729736328e+00 1.398213744163513184e+00
3.370592922384410165e+06 7.382521152496337891e+00 -6.272808551788330078e+00 1.403002142906188965e+00
3.370592932606337126e+06 7.334636688232421875e+00 -6.287173748016357422e+00 1.403002142906188965e+00
3.370592961007067002e+06 7.195773124694824219e+00 -6.196194171905517578e+00 1.350329756736755371e+00
3.370592972647223156e+06 7.176619529724121094e+00 -6.196194171905517578e+00 1.388636946678161621e+00
3.370593002474357840e+06 7.205349922180175781e+00 -6.287173748016357422e+00 1.422155857086181641e+00
3.370593012485816143e+06 7.353790283203125000e+00 -6.335057735443115234e+00 1.431732654571533203e+00
3.370593040863212198e+06 7.372944355010986328e+00 -6.358999729156494141e+00 1.359906554222106934e+00
3.370593052539722994e+06 7.396886348724365234e+00 -6.315904140472412109e+00 1.340752959251403809e+00
3.370593080816701986e+06 7.449558734893798828e+00 -6.354211330413818359e+00 1.331176161766052246e+00
3.370593092573211994e+06 7.444770336151123047e+00 -6.335057735443115234e+00 1.431732654571533203e+00
3.370593121241440997e+06 7.435193538665771484e+00 -6.287173748016357422e+00 1.493981838226318359e+00
3.370593132833628915e+06 7.406463146209716797e+00 -6.196194171905517578e+00 1.465251445770263672e+00
3.370593162629774772e+06 7.382521152496337891e+00 -6.191405773162841797e+00 1.455674648284912109e+00
3.370593172863108106e+06 7.392097949981689453e+00 -6.215347766876220703e+00 1.417367458343505859e+00
3.370593201106961817e+06 7.430405139923095703e+00 -6.315904140472412109e+00 1.422155857086181641e+00
3.370593212706181221e+06 7.463923931121826172e+00 -6.344634532928466797e+00 1.436521053314208984e+00
3.370593242535868194e+06 7.430405139923095703e+00 -6.344634532928466797e+00 1.450886249542236328e+00
3.370593252686806023e+06 7.368155956268310547e+00 -6.268020153045654297e+00 1.498770236968994141e+00
3.370593280291025061e+06 7.382521152496337891e+00 -6.253654956817626953e+00 1.484405040740966797e+00
3.370593292738107964e+06 7.377732753753662109e+00 -6.200982570648193359e+00 1.431732654571533203e+00
3.370593322520190850e+06 7.396886348724365234e+00 -6.224924564361572266e+00 1.460463047027587891e+00
3.370593332758264150e+06 7.411251544952392578e+00 -6.220136165618896484e+00 1.417367458343505859e+00
3.370593362560763955e+06 7.459135532379150391e+00 -6.244078159332275391e+00 1.426944255828857422e+00
3.370593372782118153e+06 7.454347133636474609e+00 -6.272808551788330078e+00 1.441309452056884766e+00
3.370593401221857872e+06 7.416039943695068359e+00 -6.215347766876220703e+00 1.355118155479431152e+00
3.370593412836858071e+06 7.363367557525634766e+00 -6.229712963104248047e+00 1.345541357994079590e+00
3.370593442662691232e+06 7.349001884460449219e+00 -6.234501361846923828e+00 1.403002142906188965e+00
3.370593452863004059e+06 7.416039943695068359e+00 -6.253654956817626953e+00 1.517923831939697266e+00
3.370593481289982796e+06 7.459135532379150391e+00 -6.239289760589599609e+00 1.446097850799560547e+00
3.370593492899775039e+06 7.444770336151123047e+00 -6.200982570648193359e+00 1.460463047027587891e+00
3.370593520998264197e+06 7.439981937408447266e+00 -6.244078159332275391e+00 1.431732654571533203e+00
3.370593532964149956e+06 7.497442722320556641e+00 -6.301538944244384766e+00 1.379060149192810059e+00
3.370593562759879045e+06 7.435193538665771484e+00 -6.272808551788330078e+00 1.335964560508728027e+00
3.370593572986754123e+06 7.401674747467041016e+00 -6.234501361846923828e+00 1.359906554222106934e+00
3.370593601493524853e+06 7.396886348724365234e+00 -6.186617374420166016e+00 1.383848547935485840e+00
3.370593613044098020e+06 7.444770336151123047e+00 -6.272808551788330078e+00 1.403002142906188965e+00
3.370593642848472111e+06 7.473500728607177734e+00 -6.282385349273681641e+00 1.489193439483642578e+00
3.370593653063315898e+06 7.444770336151123047e+00 -6.248866558074951172e+00 1.350329756736755371e+00
3.370593681678211782e+06 7.454347133636474609e+00 -6.224924564361572266e+00 1.316810965538024902e+00
3.370593693238263950e+06 7.411251544952392578e+00 -6.248866558074951172e+00 1.278503656387329102e+00
3.370593723349201959e+06 7.439981937408447266e+00 -6.268020153045654297e+00 1.379060149192810059e+00
3.370593733564721886e+06 7.435193538665771484e+00 -6.301538944244384766e+00 1.369483351707458496e+00
3.370593761092795059e+06 7.392097949981689453e+00 -6.239289760589599609e+00 1.355118155479431152e+00
3.370593773605556227e+06 7.439981937408447266e+00 -6.258443355560302734e+00 1.379060149192810059e+00
3.370593803341233172e+06 7.454347133636474609e+00 -6.272808551788330078e+00 1.403002142906188965e+00
3.370593813576233108e+06 7.392097949981689453e+00 -6.224924564361572266e+00 1.302445769309997559e+00
3.370593842002118006e+06 7.358579158782958984e+00 -6.268020153045654297e+00 1.331176161766052246e+00
3.370593853612221777e+06 7.368155956268310547e+00 -6.320692539215087891e+00 1.355118155479431152e+00
3.370593883444721811e+06 7.401674747467041016e+00 -6.335057735443115234e+00 1.312022566795349121e+00
3.370593893702066038e+06 7.449558734893798828e+00 -6.253654956817626953e+00 1.359906554222106934e+00
3.370593923531023785e+06 7.420828342437744141e+00 -6.248866558074951172e+00 1.335964560508728027e+00
3.370593933573628776e+06 7.416039943695068359e+00 -6.282385349273681641e+00 1.350329756736755371e+00
3.370593960063159931e+06 7.435193538665771484e+00 -6.258443355560302734e+00 1.288080573081970215e+00
3.370593973597690929e+06 7.344213485717773438e+00 -6.282385349273681641e+00 1.254561662673950195e+00
3.370594003458784893e+06 7.392097949981689453e+00 -6.306327342987060547e+00 1.297657370567321777e+00
3.370594013825398870e+06 7.439981937408447266e+00 -6.315904140472412109e+00 1.273715257644653320e+00
3.370594042209566105e+06 7.463923931121826172e+00 -6.311115741729736328e+00 1.302445769309997559e+00
3.370594053712951951e+06 7.459135532379150391e+00 -6.296750545501708984e+00 1.379060149192810059e+00
3.370594083309305832e+06 7.425616741180419922e+00 -6.296750545501708984e+00 1.302445769309997559e+00
3.370594093739357777e+06 7.444770336151123047e+00 -6.306327342987060547e+00 1.292868971824645996e+00
3.370594122145242989e+06 7.420828342437744141e+00 -6.272808551788330078e+00 1.244984865188598633e+00
3.370594133943056222e+06 7.444770336151123047e+00 -6.268020153045654297e+00 1.254561662673950195e+00
3.370594163541128859e+06 7.439981937408447266e+00 -6.244078159332275391e+00 1.273715257644653320e+00
3.370594173786389176e+06 7.401674747467041016e+00 -6.239289760589599609e+00 1.331176161766052246e+00
3.370594201425138861e+06 7.387309551239013672e+00 -6.253654956817626953e+00 1.331176161766052246e+00
3.370594214008628856e+06 7.363367557525634766e+00 -6.268020153045654297e+00 1.321599364280700684e+00
3.370594243831910193e+06 7.459135532379150391e+00 -6.315904140472412109e+00 1.340752959251403809e+00
3.370594253825659864e+06 7.502231121063232422e+00 -6.339846134185791016e+00 1.278503656387329102e+00
3.370594283646544907e+06 7.473500728607177734e+00 -6.320692539215087891e+00 1.273715257644653320e+00
3.370594293870242778e+06 7.473500728607177734e+00 -6.277596950531005859e+00 1.264138460159301758e+00
3.370594322348472197e+06 7.444770336151123047e+00 -6.268020153045654297e+00 1.292868971824645996e+00
3.370594333963368088e+06 7.377732753753662109e+00 -6.272808551788330078e+00 1.292868971824645996e+00
3.370594363721857779e+06 7.406463146209716797e+00 -6.272808551788330078e+00 1.278503656387329102e+00
3.370594373973940965e+06 7.358579158782958984e+00 -6.335057735443115234e+00 1.283292055130004883e+00
3.370594402351909783e+06 7.420828342437744141e+00 -6.263231754302978516e+00 1.297657370567321777e+00
3.370594413970763795e+06 7.430405139923095703e+00 -6.239289760589599609e+00 1.340752959251403809e+00
3.370594442058368120e+06 7.392097949981689453e+00 -6.268020153045654297e+00 1.369483351707458496e+00
3.370594454001023900e+06 7.459135532379150391e+00 -6.277596950531005859e+00 1.326387763023376465e+00
3.370594482451701071e+06 7.425616741180419922e+00 -6.282385349273681641e+00 1.288080573081970215e+00
3.370594494072899222e+06 7.425616741180419922e+00 -6.291962146759033203e+00 1.254561662673950195e+00
3.370594523683993146e+06 7.521384716033935547e+00 -6.268020153045654297e+00 1.187524080276489258e+00
3.370594533922743052e+06 7.502231121063232422e+00 -6.248866558074951172e+00 1.254561662673950195e+00
3.370594562518940773e+06 7.425616741180419922e+00 -6.248866558074951172e+00 1.302445769309997559e+00
3.370594573935816064e+06 7.334636688232421875e+00 -6.253654956817626953e+00 1.278503656387329102e+00
3.370594603959097061e+06 7.368155956268310547e+00 -6.248866558074951172e+00 1.292868971824645996e+00
3.370594614187846892e+06 7.449558734893798828e+00 -6.268020153045654297e+00 1.297657370567321777e+00
3.370594643972482998e+06 7.516596317291259766e+00 -6.296750545501708984e+00 1.288080573081970215e+00
3.370594654035503045e+06 7.521384716033935547e+00 -6.277596950531005859e+00 1.259350061416625977e+00
3.370594681665450800e+06 7.526173114776611328e+00 -6.291962146759033203e+00 1.345541357994079590e+00
3.370594694259201176e+06 7.507019519805908203e+00 -6.248866558074951172e+00 1.388636946678161621e+00
3.370594724047847092e+06 7.411251544952392578e+00 -6.229712963104248047e+00 1.312022566795349121e+00
3.370594734312377870e+06 7.372944355010986328e+00 -6.215347766876220703e+00 1.283292055130004883e+00
3.370594762721285224e+06 7.363367557525634766e+00 -6.248866558074951172e+00 1.254561662673950195e+00
3.370594774350138847e+06 7.387309551239013672e+00 -6.272808551788330078e+00 1.230619668960571289e+00
3.370594804245763924e+06 7.401674747467041016e+00 -6.210559368133544922e+00 1.240196466445922852e+00
3.370594814348211978e+06 7.468712329864501953e+00 -6.258443355560302734e+00 1.268926858901977539e+00
3.370594842792014126e+06 7.487865924835205078e+00 -6.234501361846923828e+00 1.393425345420837402e+00
3.370594854426701088e+06 7.487865924835205078e+00 -6.263231754302978516e+00 1.321599364280700684e+00
3.370594882490035146e+06 7.497442722320556641e+00 -6.263231754302978516e+00 1.307234168052673340e+00
3.370594894435606897e+06 7.492654323577880859e+00 -6.244078159332275391e+00 1.254561662673950195e+00
3.370594924262898974e+06 7.449558734893798828e+00 -6.272808551788330078e+00 1.254561662673950195e+00
3.370594934480398893e+06 7.377732753753662109e+00 -6.205770969390869141e+00 1.321599364280700684e+00
3.370594962902795058e+06 7.392097949981689453e+00 -6.258443355560302734e+00 1.359906554222106934e+00
3.370594974358993117e+06 7.382521152496337891e+00 -6.287173748016357422e+00 1.393425345420837402e+00
3.370595004336544778e+06 7.377732753753662109e+00 -6.287173748016357422e+00 1.326387763023376465e+00
3.370595014524669852e+06 7.439981937408447266e+00 -6.287173748016357422e+00 1.374271750450134277e+00
3.370595042996962089e+06 7.492654323577880859e+00 -6.229712963104248047e+00 1.235408067703247070e+00
3.370595054600033909e+06 7.468712329864501953e+00 -6.244078159332275391e+00 1.288080573081970215e+00
3.370595084400920197e+06 7.435193538665771484e+00 -6.291962146759033203e+00 1.355118155479431152e+00
3.370595094697378110e+06 7.492654323577880859e+00 -6.296750545501708984e+00 1.316810965538024902e+00
3.370595122214097064e+06 7.435193538665771484e+00 -6.253654956817626953e+00 1.249773263931274414e+00
3.370595134686441161e+06 7.435193538665771484e+00 -6.205770969390869141e+00 1.283292055130004883e+00
3.370595164488680195e+06 7.396886348724365234e+00 -6.177040576934814453e+00 1.340752959251403809e+00
3.370595174705294892e+06 7.392097949981689453e+00 -6.167463779449462891e+00 1.359906554222106934e+00
3.370595203114721924e+06 7.396886348724365234e+00 -6.234501361846923828e+00 1.403002142906188965e+00
3.370595214742274024e+06 7.430405139923095703e+00 -6.287173748016357422e+00 1.369483351707458496e+00
3.370595244570034090e+06 7.497442722320556641e+00 -6.296750545501708984e+00 1.288080573081970215e+00
3.370595254781232215e+06 7.502231121063232422e+00 -6.287173748016357422e+00 1.278503656387329102e+00
3.370595284629513975e+06 7.487865924835205078e+00 -6.215347766876220703e+00 1.225831270217895508e+00
3.370595294827274047e+06 7.439981937408447266e+00 -6.200982570648193359e+00 1.240196466445922852e+00
3.370595321468784008e+06 7.425616741180419922e+00 -6.220136165618896484e+00 1.364694952964782715e+00
3.370595334885503165e+06 7.430405139923095703e+00 -6.239289760589599609e+00 1.345541357994079590e+00
3.370595364600555040e+06 7.363367557525634766e+00 -6.196194171905517578e+00 1.268926858901977539e+00
3.370595374898315873e+06 7.329848289489746094e+00 -6.220136165618896484e+00 1.254561662673950195e+00
3.370595403355815914e+06 7.392097949981689453e+00 -6.258443355560302734e+00 1.244984865188598633e+00
3.370595414905294776e+06 7.377732753753662109e+00 -6.311115741729736328e+00 1.412579059600830078e+00
3.370595444584878162e+06 7.430405139923095703e+00 -6.272808551788330078e+00 1.369483351707458496e+00
3.370595455024512950e+06 7.439981937408447266e+00 -6.277596950531005859e+00 1.355118155479431152e+00
3.370595483378263190e+06 7.473500728607177734e+00 -6.253654956817626953e+00 1.321599364280700684e+00
3.370595495038159192e+06 7.483077526092529297e+00 -6.220136165618896484e+00 1.335964560508728027e+00
3.370595524821648840e+06 7.497442722320556641e+00 -6.220136165618896484e+00 1.335964560508728027e+00
3.370595535051336046e+06 7.444770336151123047e+00 -6.167463779449462891e+00 1.340752959251403809e+00
3.370595562682117801e+06 7.301117897033691406e+00 -6.172252178192138672e+00 1.393425345420837402e+00
3.370595575634304900e+06 7.325059890747070312e+00 -6.191405773162841797e+00 1.355118155479431152e+00
3.370595604686493054e+06 7.387309551239013672e+00 -6.210559368133544922e+00 1.302445769309997559e+00
3.370595614931596909e+06 7.478289127349853516e+00 -6.229712963104248047e+00 1.321599364280700684e+00
3.370595644748107065e+06 7.545326709747314453e+00 -6.258443355560302734e+00 1.388636946678161621e+00
3.370595655248731840e+06 7.540538311004638672e+00 -6.196194171905517578e+00 1.364694952964782715e+00
3.370595683371180203e+06 7.516596317291259766e+00 -6.162675380706787109e+00 1.426944255828857422e+00
3.370595695024408866e+06 7.511807918548583984e+00 -6.167463779449462891e+00 1.403002142906188965e+00
3.370595724813524168e+06 7.507019519805908203e+00 -6.234501361846923828e+00 1.388636946678161621e+00
3.370595735189408995e+06 7.468712329864501953e+00 -6.186617374420166016e+00 1.355118155479431152e+00
3.370595763840034138e+06 7.430405139923095703e+00 -6.181828975677490234e+00 1.417367458343505859e+00
3.370595775440189987e+06 7.396886348724365234e+00 -6.215347766876220703e+00 1.359906554222106934e+00
3.370595803570137825e+06 7.459135532379150391e+00 -6.229712963104248047e+00 1.383848547935485840e+00
3.370595815505607054e+06 7.569268703460693359e+00 -6.196194171905517578e+00 1.465251445770263672e+00
3.370595843925554771e+06 7.559691905975341797e+00 -6.196194171905517578e+00 1.364694952964782715e+00
3.370595855577794835e+06 7.545326709747314453e+00 -6.210559368133544922e+00 1.379060149192810059e+00
3.370595885463680141e+06 7.535749912261962891e+00 -6.205770969390869141e+00 1.374271750450134277e+00
3.370595895614773966e+06 7.526173114776611328e+00 -6.210559368133544922e+00 1.422155857086181641e+00
3.370595925414617173e+06 7.406463146209716797e+00 -6.162675380706787109e+00 1.369483351707458496e+00
3.370595935486491770e+06 7.377732753753662109e+00 -6.172252178192138672e+00 1.422155857086181641e+00
3.370595963705763221e+06 7.387309551239013672e+00 -6.210559368133544922e+00 1.465251445770263672e+00
3.370595975358002819e+06 7.358579158782958984e+00 -6.234501361846923828e+00 1.517923831939697266e+00
3.370596005191545002e+06 7.363367557525634766e+00 -6.311115741729736328e+00 1.460463047027587891e+00
3.370596015339200851e+06 7.368155956268310547e+00 -6.282385349273681641e+00 1.388636946678161621e+00
3.370596042934096884e+06 7.416039943695068359e+00 -6.253654956817626953e+00 1.374271750450134277e+00
3.370596055418888107e+06 7.387309551239013672e+00 -6.253654956817626953e+00 1.254561662673950195e+00
3.370596085355918854e+06 7.358579158782958984e+00 -6.205770969390869141e+00 1.278503656387329102e+00
3.370596095404357184e+06 7.325059890747070312e+00 -6.224924564361572266e+00 1.307234168052673340e+00
3.370596123844617046e+06 7.281964302062988281e+00 -6.172252178192138672e+00 1.345541357994079590e+00
3.370596135608315002e+06 7.349001884460449219e+00 -6.244078159332275391e+00 1.493981838226318359e+00
3.370596165303471964e+06 7.387309551239013672e+00 -6.263231754302978516e+00 1.470039844512939453e+00
3.370596175494513009e+06 7.291541099548339844e+00 -6.291962146759033203e+00 1.484405040740966797e+00
3.370596203895294107e+06 7.353790283203125000e+00 -6.378153324127197266e+00 1.446097850799560547e+00
3.370596215569148771e+06 7.396886348724365234e+00 -6.330269336700439453e+00 1.364694952964782715e+00
3.370596245543887839e+06 7.377732753753662109e+00 -6.335057735443115234e+00 1.355118155479431152e+00
3.370596255739877932e+06 7.353790283203125000e+00 -6.325480937957763672e+00 1.412579059600830078e+00
3.370596282396127935e+06 7.392097949981689453e+00 -6.296750545501708984e+00 1.393425345420837402e+00
3.370596295798419043e+06 7.339425086975097656e+00 -6.215347766876220703e+00 1.422155857086181641e+00
3.370596325412690174e+06 7.377732753753662109e+00 -6.263231754302978516e+00 1.426944255828857422e+00
3.370596336012274027e+06 7.420828342437744141e+00 -6.263231754302978516e+00 1.355118155479431152e+00
3.370596365859095939e+06 7.449558734893798828e+00 -6.306327342987060547e+00 1.403002142906188965e+00
3.370596376150033902e+06 7.401674747467041016e+00 -6.311115741729736328e+00 1.345541357994079590e+00
3.370596404283524025e+06 7.310694694519042969e+00 -6.282385349273681641e+00 1.426944255828857422e+00
3.370596416260607075e+06 7.344213485717773438e+00 -6.287173748016357422e+00 1.450886249542236328e+00
3.370596445893575903e+06 7.358579158782958984e+00 -6.287173748016357422e+00 1.493981838226318359e+00
3.370596456109565217e+06 7.344213485717773438e+00 -6.315904140472412109e+00 1.465251445770263672e+00
3.370596484274252784e+06 7.320271492004394531e+00 -6.344634532928466797e+00 1.441309452056884766e+00
3.370596496159095783e+06 7.329848289489746094e+00 -6.354211330413818359e+00 1.359906554222106934e+00
3.370596525805241894e+06 7.368155956268310547e+00 -6.358999729156494141e+00 1.316810965538024902e+00
3.370596536240866873e+06 7.349001884460449219e+00 -6.296750545501708984e+00 1.388636946678161621e+00
3.370596566018680111e+06 7.339425086975097656e+00 -6.335057735443115234e+00 1.446097850799560547e+00
3.370596576263418887e+06 7.320271492004394531e+00 -6.306327342987060547e+00 1.455674648284912109e+00
3.370596604638628196e+06 7.310694694519042969e+00 -6.287173748016357422e+00 1.412579059600830078e+00
3.370596616303158924e+06 7.329848289489746094e+00 -6.287173748016357422e+00 1.335964560508728027e+00
3.370596645986700896e+06 7.325059890747070312e+00 -6.301538944244384766e+00 1.350329756736755371e+00
3.370596656358628068e+06 7.320271492004394531e+00 -6.301538944244384766e+00 1.422155857086181641e+00
3.370596684750502929e+06 7.334636688232421875e+00 -6.301538944244384766e+00 1.422155857086181641e+00
3.370596696341805160e+06 7.377732753753662109e+00 -6.287173748016357422e+00 1.422155857086181641e+00
3.370596724281074945e+06 7.382521152496337891e+00 -6.306327342987060547e+00 1.393425345420837402e+00
3.370596736430762801e+06 7.406463146209716797e+00 -6.296750545501708984e+00 1.446097850799560547e+00
3.370596764620242175e+06 7.372944355010986328e+00 -6.296750545501708984e+00 1.431732654571533203e+00
3.370596776494096033e+06 7.339425086975097656e+00 -6.363788127899169922e+00 1.407790541648864746e+00
3.370596806114253122e+06 7.334636688232421875e+00 -6.311115741729736328e+00 1.417367458343505859e+00
3.370596816498836037e+06 7.310694694519042969e+00 -6.320692539215087891e+00 1.455674648284912109e+00
3.370596844741960987e+06 7.392097949981689453e+00 -6.358999729156494141e+00 1.383848547935485840e+00
3.370596856532429811e+06 7.372944355010986328e+00 -6.306327342987060547e+00 1.359906554222106934e+00
3.370596886360345874e+06 7.363367557525634766e+00 -6.239289760589599609e+00 1.355118155479431152e+00
3.370596896584460977e+06 7.334636688232421875e+00 -6.239289760589599609e+00 1.403002142906188965e+00
3.370596924197534099e+06 7.382521152496337891e+00 -6.330269336700439453e+00 1.493981838226318359e+00
3.370596936639096122e+06 7.349001884460449219e+00 -6.301538944244384766e+00 1.450886249542236328e+00
3.370596966316127218e+06 7.325059890747070312e+00 -6.263231754302978516e+00 1.479616641998291016e+00
3.370596976299513131e+06 7.349001884460449219e+00 -6.311115741729736328e+00 1.407790541648864746e+00
3.370597007950242143e+06 7.368155956268310547e+00 -6.315904140472412109e+00 1.441309452056884766e+00
3.370597016370919067e+06 7.363367557525634766e+00 -6.320692539215087891e+00 1.403002142906188965e+00
3.370597044752949849e+06 7.267599105834960938e+00 -6.291962146759033203e+00 1.436521053314208984e+00
3.370597056632325053e+06 7.329848289489746094e+00 -6.287173748016357422e+00 1.498770236968994141e+00
3.370597086185189895e+06 7.358579158782958984e+00 -6.224924564361572266e+00 1.498770236968994141e+00
3.370597096375450026e+06 7.439981937408447266e+00 -6.224924564361572266e+00 1.422155857086181641e+00
3.370597124772794079e+06 7.435193538665771484e+00 -6.296750545501708984e+00 1.398213744163513184e+00
3.370597136463471223e+06 7.406463146209716797e+00 -6.311115741729736328e+00 1.383848547935485840e+00
3.370597164482742082e+06 7.411251544952392578e+00 -6.287173748016357422e+00 1.441309452056884766e+00
3.370597176477220841e+06 7.411251544952392578e+00 -6.253654956817626953e+00 1.460463047027587891e+00
3.370597204853314906e+06 7.396886348724365234e+00 -6.287173748016357422e+00 1.446097850799560547e+00
3.370597216470919084e+06 7.392097949981689453e+00 -6.268020153045654297e+00 1.441309452056884766e+00
3.370597246321232058e+06 7.358579158782958984e+00 -6.268020153045654297e+00 1.403002142906188965e+00
3.370597256546284072e+06 7.363367557525634766e+00 -6.282385349273681641e+00 1.426944255828857422e+00
3.370597286318001803e+06 7.325059890747070312e+00 -6.248866558074951172e+00 1.398213744163513184e+00
3.370597296548470855e+06 7.368155956268310547e+00 -6.239289760589599609e+00 1.441309452056884766e+00
3.370597324985710904e+06 7.368155956268310547e+00 -6.239289760589599609e+00 1.474828243255615234e+00
3.370597336588678882e+06 7.396886348724365234e+00 -6.229712963104248047e+00 1.470039844512939453e+00
3.370597366459720768e+06 7.468712329864501953e+00 -6.205770969390869141e+00 1.460463047027587891e+00
3.370597376652116887e+06 7.492654323577880859e+00 -6.196194171905517578e+00 1.470039844512939453e+00
3.370597404240658972e+06 7.487865924835205078e+00 -6.205770969390869141e+00 1.513135433197021484e+00
3.370597416680553928e+06 7.430405139923095703e+00 -6.162675380706787109e+00 1.460463047027587891e+00
3.370597446507586166e+06 7.344213485717773438e+00 -6.167463779449462891e+00 1.436521053314208984e+00
3.370597456718626898e+06 7.339425086975097656e+00 -6.196194171905517578e+00 1.493981838226318359e+00
3.370597485301387962e+06 7.382521152496337891e+00 -6.215347766876220703e+00 1.484405040740966797e+00
3.370597496920397971e+06 7.382521152496337891e+00 -6.162675380706787109e+00 1.493981838226318359e+00
3.370597526673678774e+06 7.497442722320556641e+00 -6.177040576934814453e+00 1.541865944862365723e+00
3.370597537083522882e+06 7.502231121063232422e+00 -6.186617374420166016e+00 1.436521053314208984e+00
3.370597566829148214e+06 7.511807918548583984e+00 -6.229712963104248047e+00 1.498770236968994141e+00
3.370597577057950199e+06 7.492654323577880859e+00 -6.215347766876220703e+00 1.508347034454345703e+00
3.370597603853366803e+06 7.507019519805908203e+00 -6.186617374420166016e+00 1.450886249542236328e+00
3.370597617158106063e+06 7.411251544952392578e+00 -6.181828975677490234e+00 1.422155857086181641e+00
3.370597646910346113e+06 7.439981937408447266e+00 -6.177040576934814453e+00 1.422155857086181641e+00
3.370597657126491889e+06 7.483077526092529297e+00 -6.196194171905517578e+00 1.517923831939697266e+00
3.370597685717950109e+06 7.516596317291259766e+00 -6.210559368133544922e+00 1.493981838226318359e+00
3.370597697327376809e+06 7.459135532379150391e+00 -6.153098583221435547e+00 1.537077546119689941e+00
3.370597727155657951e+06 7.411251544952392578e+00 -6.181828975677490234e+00 1.431732654571533203e+00
3.370597737486752216e+06 7.435193538665771484e+00 -6.148310184478759766e+00 1.465251445770263672e+00
3.370597765635293908e+06 7.497442722320556641e+00 -6.133944988250732422e+00 1.374271750450134277e+00
3.370597777280084789e+06 7.492654323577880859e+00 -6.129156112670898438e+00 1.426944255828857422e+00
3.370597806933939923e+06 7.459135532379150391e+00 -6.177040576934814453e+00 1.364694952964782715e+00
3.370597817114721052e+06 7.502231121063232422e+00 -6.162675380706787109e+00 1.441309452056884766e+00
3.370597844751230907e+06 7.511807918548583984e+00 -6.172252178192138672e+00 1.446097850799560547e+00
3.370597857326699886e+06 7.439981937408447266e+00 -6.162675380706787109e+00 1.422155857086181641e+00
3.370597886904096231e+06 7.396886348724365234e+00 -6.162675380706787109e+00 1.422155857086181641e+00
3.370597897136283107e+06 7.459135532379150391e+00 -6.177040576934814453e+00 1.412579059600830078e+00
3.370597927003263030e+06 7.463923931121826172e+00 -6.196194171905517578e+00 1.417367458343505859e+00
3.370597937165033072e+06 7.550115108489990234e+00 -6.110002517700195312e+00 1.403002142906188965e+00
3.370597965573209804e+06 7.569268703460693359e+00 -6.095637321472167969e+00 1.292868971824645996e+00
3.370597977220397908e+06 7.574057102203369141e+00 -6.086060523986816406e+00 1.312022566795349121e+00
3.370598007035553921e+06 7.574057102203369141e+00 -6.038176536560058594e+00 1.297657370567321777e+00
3.370598017246386968e+06 7.578845500946044922e+00 -6.057330131530761719e+00 1.278503656387329102e+00
3.370598045673261862e+06 7.607575893402099609e+00 -6.042964935302734375e+00 1.192312479019165039e+00
3.370598057313522790e+06 7.602787494659423828e+00 -6.057330131530761719e+00 1.254561662673950195e+00
3.370598085383053869e+06 7.597999095916748047e+00 -6.071695327758789062e+00 1.312022566795349121e+00
3.370598097340398002e+06 7.564480304718017578e+00 -6.066906929016113281e+00 1.302445769309997559e+00
3.370598125719511881e+06 7.559691905975341797e+00 -6.095637321472167969e+00 1.345541357994079590e+00
3.370598137356543913e+06 7.564480304718017578e+00 -6.100425720214843750e+00 1.374271750450134277e+00
3.370598167173419148e+06 7.578845500946044922e+00 -6.081272125244140625e+00 1.302445769309997559e+00
3.370598177380971145e+06 7.545326709747314453e+00 -6.081272125244140625e+00 1.316810965538024902e+00
3.370598205820657779e+06 7.607575893402099609e+00 -6.124367713928222656e+00 1.326387763023376465e+00
3.370598217440657783e+06 7.574057102203369141e+00 -6.114790916442871094e+00 1.283292055130004883e+00
3.370598247235918883e+06 7.578845500946044922e+00 -6.076483726501464844e+00 1.283292055130004883e+00
3.370598257457794156e+06 7.612364292144775391e+00 -6.095637321472167969e+00 1.244984865188598633e+00
3.370598287294981070e+06 7.607575893402099609e+00 -6.105214118957519531e+00 1.302445769309997559e+00
3.370598297498627100e+06 7.617152690887451172e+00 -6.066906929016113281e+00 1.302445769309997559e+00
3.370598325100242160e+06 7.554903507232666016e+00 -6.023811340332031250e+00 1.259350061416625977e+00
3.370598337553210091e+06 7.593210697174072266e+00 -6.042964935302734375e+00 1.316810965538024902e+00
3.370598367367168888e+06 7.607575893402099609e+00 -6.081272125244140625e+00 1.335964560508728027e+00
3.370598377577949781e+06 7.559691905975341797e+00 -6.086060523986816406e+00 1.350329756736755371e+00
3.370598405995605979e+06 7.540538311004638672e+00 -6.081272125244140625e+00 1.307234168052673340e+00
3.370598417611856014e+06 7.574057102203369141e+00 -6.100425720214843750e+00 1.254561662673950195e+00
3.370598447416231036e+06 7.636306285858154297e+00 -6.076483726501464844e+00 1.273715257644653320e+00
3.370598457669304218e+06 7.665036678314208984e+00 -6.095637321472167969e+00 1.297657370567321777e+00
3.370598486066543963e+06 7.636306285858154297e+00 -6.038176536560058594e+00 1.288080573081970215e+00
3.370598497690658085e+06 7.588422298431396484e+00 -6.090848922729492188e+00 1.331176161766052246e+00
3.370598525794095825e+06 7.583633899688720703e+00 -6.100425720214843750e+00 1.249773263931274414e+00
3.370598537722115871e+06 7.550115108489990234e+00 -6.100425720214843750e+00 1.249773263931274414e+00
3.370598567525553983e+06 7.569268703460693359e+00 -6.100425720214843750e+00 1.221042871475219727e+00
3.370598577780241147e+06 7.559691905975341797e+00 -6.066906929016113281e+00 1.297657370567321777e+00
3.370598606167324819e+06 7.602787494659423828e+00 -6.105214118957519531e+00 1.364694952964782715e+00
3.370598617803157773e+06 7.569268703460693359e+00 -6.090848922729492188e+00 1.321599364280700684e+00
3.370598647658158094e+06 7.593210697174072266e+00 -6.081272125244140625e+00 1.321599364280700684e+00
3.370598657841023058e+06 7.588422298431396484e+00 -6.110002517700195312e+00 1.321599364280700684e+00
3.370598686249773018e+06 7.569268703460693359e+00 -6.114790916442871094e+00 1.312022566795349121e+00
3.370598697900917847e+06 7.574057102203369141e+00 -6.086060523986816406e+00 1.230619668960571289e+00
3.370598727686387021e+06 7.569268703460693359e+00 -6.100425720214843750e+00 1.379060149192810059e+00
3.370598737920240965e+06 7.597999095916748047e+00 -6.076483726501464844e+00 1.331176161766052246e+00
3.370598765537220985e+06 7.641094684600830078e+00 -6.090848922729492188e+00 1.297657370567321777e+00
3.370598777957429178e+06 7.669825077056884766e+00 -6.090848922729492188e+00 1.321599364280700684e+00
3.370598807755917776e+06 7.684190273284912109e+00 -6.062118530273437500e+00 1.264138460159301758e+00
3.370598818013678771e+06 7.660248279571533203e+00 -6.110002517700195312e+00 1.278503656387329102e+00
3.370598846422636881e+06 7.641094684600830078e+00 -6.009446144104003906e+00 1.355118155479431152e+00
3.370598858033782803e+06 7.588422298431396484e+00 -6.028599739074707031e+00 1.388636946678161621e+00
3.370598888319720048e+06 7.631517887115478516e+00 -6.047753334045410156e+00 1.326387763023376465e+00
3.370598898538887035e+06 7.660248279571533203e+00 -6.028599739074707031e+00 1.307234168052673340e+00
3.370598927898834925e+06 7.679401874542236328e+00 -6.052541732788085938e+00 1.244984865188598633e+00
3.370598938606127165e+06 7.641094684600830078e+00 -6.042964935302734375e+00 1.249773263931274414e+00
3.370598964900605846e+06 7.636306285858154297e+00 -6.004657745361328125e+00 1.288080573081970215e+00
3.370598978242950048e+06 7.583633899688720703e+00 -5.980715751647949219e+00 1.335964560508728027e+00
3.370599007970240898e+06 7.502231121063232422e+00 -6.071695327758789062e+00 1.321599364280700684e+00
3.370599018214043230e+06 7.602787494659423828e+00 -6.033388137817382812e+00 1.331176161766052246e+00
3.370599046633001883e+06 7.621941089630126953e+00 -5.985504150390625000e+00 1.259350061416625977e+00
3.370599058277220000e+06 7.569268703460693359e+00 -6.009446144104003906e+00 1.374271750450134277e+00
3.370599088066230994e+06 7.569268703460693359e+00 -6.042964935302734375e+00 1.417367458343505859e+00
3.370599098262168001e+06 7.612364292144775391e+00 -5.971138954162597656e+00 1.326387763023376465e+00
3.370599126693522092e+06 7.655459880828857422e+00 -5.985504150390625000e+00 1.345541357994079590e+00
3.370599138591386843e+06 7.703343868255615234e+00 -6.023811340332031250e+00 1.359906554222106934e+00
3.370599168317064177e+06 7.693767070770263672e+00 -5.990292549133300781e+00 1.244984865188598633e+00
3.370599178535554092e+06 7.674613475799560547e+00 -6.014234542846679688e+00 1.312022566795349121e+00
3.370599206135396846e+06 7.669825077056884766e+00 -5.971138954162597656e+00 1.283292055130004883e+00
3.370599218616751954e+06 7.621941089630126953e+00 -5.937620162963867188e+00 1.244984865188598633e+00
3.370599248455293011e+06 7.756016254425048828e+00 -5.951985359191894531e+00 1.240196466445922852e+00
3.370599258459251840e+06 7.732074260711669922e+00 -5.913678169250488281e+00 1.326387763023376465e+00
3.370599288470189087e+06 7.732074260711669922e+00 -5.904101371765136719e+00 1.307234168052673340e+00
3.370599298689356074e+06 7.732074260711669922e+00 -5.928043365478515625e+00 1.264138460159301758e+00
3.370599326898210216e+06 7.650671482086181641e+00 -5.937620162963867188e+00 1.240196466445922852e+00
3.370599338710397016e+06 7.631517887115478516e+00 -5.923254966735839844e+00 1.206677675247192383e+00
3.370599368348938879e+06 7.679401874542236328e+00 -6.009446144104003906e+00 1.187524080276489258e+00
3.370599378738157917e+06 7.645883083343505859e+00 -5.961562156677246094e+00 1.259350061416625977e+00
3.370599406961439177e+06 7.650671482086181641e+00 -5.971138954162597656e+00 1.383848547935485840e+00
3.370599418789877091e+06 7.617152690887451172e+00 -5.947196960449218750e+00 1.331176161766052246e+00
3.370599446682793088e+06 7.593210697174072266e+00 -5.966350555419921875e+00 1.302445769309997559e+00
3.370599458628991153e+06 7.631517887115478516e+00 -6.028599739074707031e+00 1.316810965538024902e+00
3.370599487276283093e+06 7.693767070770263672e+00 -6.047753334045410156e+00 1.288080573081970215e+00
3.370599498684667982e+06 7.717709064483642578e+00 -6.038176536560058594e+00 1.240196466445922852e+00
3.370599528651595116e+06 7.727285861968994141e+00 -6.009446144104003906e+00 1.230619668960571289e+00
3.370599538903158158e+06 7.727285861968994141e+00 -5.904101371765136719e+00 1.221042871475219727e+00
3.370599567275813781e+06 7.756016254425048828e+00 -5.942408561706542969e+00 1.249773263931274414e+00
3.370599578923574183e+06 7.732074260711669922e+00 -5.980715751647949219e+00 1.278503656387329102e+00
3.370599608785084914e+06 7.674613475799560547e+00 -5.875370979309082031e+00 1.177947282791137695e+00
3.370599618967220187e+06 7.727285861968994141e+00 -5.913678169250488281e+00 1.216254472732543945e+00
3.370599648589304183e+06 7.708132266998291016e+00 -5.956773757934570312e+00 1.259350061416625977e+00
3.370599659099563956e+06 7.760804653167724609e+00 -5.918466567993164062e+00 1.192312479019165039e+00
3.370599686501699034e+06 7.703343868255615234e+00 -5.932831764221191406e+00 1.216254472732543945e+00
3.370599698881804012e+06 7.717709064483642578e+00 -5.975927352905273438e+00 1.244984865188598633e+00
3.370599728948886972e+06 7.693767070770263672e+00 -5.971138954162597656e+00 1.249773263931274414e+00
3.370599738905814011e+06 7.665036678314208984e+00 -5.961562156677246094e+00 1.264138460159301758e+00
3.370599767520814203e+06 7.684190273284912109e+00 -5.928043365478515625e+00 1.211466073989868164e+00
3.370599778966803104e+06 7.665036678314208984e+00 -5.932831764221191406e+00 1.254561662673950195e+00
3.370599808818052988e+06 7.645883083343505859e+00 -6.004657745361328125e+00 1.192312479019165039e+00
3.370599819406439085e+06 7.621941089630126953e+00 -6.014234542846679688e+00 1.359906554222106934e+00
3.370599847801022232e+06 7.645883083343505859e+00 -5.985504150390625000e+00 1.273715257644653320e+00
3.370599859479043167e+06 7.607575893402099609e+00 -5.956773757934570312e+00 1.273715257644653320e+00
3.370599887634408195e+06 7.665036678314208984e+00 -6.033388137817382812e+00 1.177947282791137695e+00
3.370599899497689214e+06 7.712920665740966797e+00 -5.999869346618652344e+00 1.211466073989868164e+00
3.370599929198105820e+06 7.698555469512939453e+00 -6.014234542846679688e+00 1.182735681533813477e+00
3.370599939497116022e+06 7.708132266998291016e+00 -5.947196960449218750e+00 1.149216771125793457e+00
3.370599967608417850e+06 7.679401874542236328e+00 -5.951985359191894531e+00 1.163581967353820801e+00
3.370599979151125997e+06 7.636306285858154297e+00 -5.971138954162597656e+00 1.134851574897766113e+00
3.370600009156282991e+06 7.722497463226318359e+00 -5.971138954162597656e+00 1.187524080276489258e+00
3.370600019374980126e+06 7.645883083343505859e+00 -5.956773757934570312e+00 1.120486378669738770e+00
3.370600047806282993e+06 7.669825077056884766e+00 -5.985504150390625000e+00 1.177947282791137695e+00
3.370600059602272231e+06 7.703343868255615234e+00 -6.062118530273437500e+00 1.134851574897766113e+00
3.370600089445658028e+06 7.708132266998291016e+00 -6.023811340332031250e+00 1.211466073989868164e+00
3.370600099658573978e+06 7.741651058197021484e+00 -6.057330131530761719e+00 1.254561662673950195e+00
3.370600127185033169e+06 7.665036678314208984e+00 -6.019022941589355469e+00 1.221042871475219727e+00
3.370600139711074065e+06 7.660248279571533203e+00 -6.042964935302734375e+00 1.230619668960571289e+00
3.370600169429147150e+06 7.631517887115478516e+00 -6.023811340332031250e+00 1.173158884048461914e+00
3.370600179680292960e+06 7.588422298431396484e+00 -6.009446144104003906e+00 1.158793568611145020e+00
3.370600209511229768e+06 7.641094684600830078e+00 -6.019022941589355469e+00 1.106121182441711426e+00
3.370600219714147039e+06 7.708132266998291016e+00 -6.023811340332031250e+00 1.158793568611145020e+00
3.370600247984354850e+06 7.669825077056884766e+00 -6.004657745361328125e+00 1.173158884048461914e+00
3.370600259651125874e+06 7.698555469512939453e+00 -6.019022941589355469e+00 1.192312479019165039e+00
3.370600290355709847e+06 7.698555469512939453e+00 -6.014234542846679688e+00 1.221042871475219727e+00
3.370600299516960047e+06 7.612364292144775391e+00 -5.985504150390625000e+00 1.249773263931274414e+00
3.370600326218001079e+06 7.621941089630126953e+00 -6.033388137817382812e+00 1.225831270217895508e+00
3.370600339534095023e+06 7.607575893402099609e+00 -6.019022941589355469e+00 1.173158884048461914e+00
3.370600369340552948e+06 7.636306285858154297e+00 -6.100425720214843750e+00 1.187524080276489258e+00
3.370600379526439123e+06 7.650671482086181641e+00 -6.038176536560058594e+00 1.115697979927062988e+00
3.370600408037741203e+06 7.674613475799560547e+00 -6.009446144104003906e+00 1.115697979927062988e+00
3.370600419685657136e+06 7.660248279571533203e+00 -5.990292549133300781e+00 1.240196466445922852e+00
3.370600449387168046e+06 7.665036678314208984e+00 -6.052541732788085938e+00 1.278503656387329102e+00
3.370600459682583809e+06 7.641094684600830078e+00 -5.961562156677246094e+00 1.244984865188598633e+00
3.370600487997324206e+06 7.727285861968994141e+00 -5.999869346618652344e+00 1.158793568611145020e+00
3.370600499692793004e+06 7.698555469512939453e+00 -6.023811340332031250e+00 1.158793568611145020e+00
3.370600529564876109e+06 7.617152690887451172e+00 -6.042964935302734375e+00 1.173158884048461914e+00
3.370600539701386821e+06 7.636306285858154297e+00 -6.042964935302734375e+00 1.192312479019165039e+00
3.370600567439616192e+06 7.645883083343505859e+00 -6.004657745361328125e+00 1.168370485305786133e+00
3.370600579828314018e+06 7.631517887115478516e+00 -6.038176536560058594e+00 1.225831270217895508e+00
3.370600609707272146e+06 7.626729488372802734e+00 -6.033388137817382812e+00 1.244984865188598633e+00
3.370600619823625777e+06 7.674613475799560547e+00 -5.995080947875976562e+00 1.154005169868469238e+00
3.370600649784146808e+06 7.636306285858154297e+00 -6.004657745361328125e+00 1.158793568611145020e+00
3.370600659935709089e+06 7.684190273284912109e+00 -6.028599739074707031e+00 1.091755986213684082e+00
3.370600688447271939e+06 7.660248279571533203e+00 -6.033388137817382812e+00 1.206677675247192383e+00
3.370600699978156947e+06 7.645883083343505859e+00 -5.995080947875976562e+00 1.216254472732543945e+00
3.370600729679251090e+06 7.607575893402099609e+00 -6.014234542846679688e+00 1.235408067703247070e+00
3.370600739910760894e+06 7.612364292144775391e+00 -6.023811340332031250e+00 1.259350061416625977e+00
3.370600768472793046e+06 7.636306285858154297e+00 -6.076483726501464844e+00 1.197100877761840820e+00
3.370600780132064130e+06 7.698555469512939453e+00 -6.076483726501464844e+00 1.101332783699035645e+00
3.370600808233314194e+06 7.693767070770263672e+00 -6.019022941589355469e+00 1.086967587471008301e+00
3.370600820026177913e+06 7.684190273284912109e+00 -6.014234542846679688e+00 1.187524080276489258e+00
3.370600848575605080e+06 7.665036678314208984e+00 -6.042964935302734375e+00 1.201889276504516602e+00
3.370600860029303003e+06 7.669825077056884766e+00 -6.038176536560058594e+00 1.221042871475219727e+00
3.370600890032011084e+06 7.612364292144775391e+00 -6.014234542846679688e+00 1.240196466445922852e+00
3.370600900311958976e+06 7.578845500946044922e+00 -6.028599739074707031e+00 1.173158884048461914e+00
3.370600929895501118e+06 7.621941089630126953e+00 -6.019022941589355469e+00 1.201889276504516602e+00
3.370600940114927944e+06 7.693767070770263672e+00 -6.038176536560058594e+00 1.221042871475219727e+00
3.370600968517583795e+06 7.703343868255615234e+00 -6.023811340332031250e+00 1.158793568611145020e+00
3.370600980196751188e+06 7.655459880828857422e+00 -6.042964935302734375e+00 1.182735681533813477e+00
3.370601009927845094e+06 7.660248279571533203e+00 -6.052541732788085938e+00 1.192312479019165039e+00
3.370601020137220155e+06 7.655459880828857422e+00 -6.062118530273437500e+00 1.158793568611145020e+00
3.370601047729875892e+06 7.693767070770263672e+00 -6.019022941589355469e+00 1.182735681533813477e+00
3.370601060165345203e+06 7.650671482086181641e+00 -5.990292549133300781e+00 1.201889276504516602e+00
3.370601089958418161e+06 7.631517887115478516e+00 -5.999869346618652344e+00 1.110909581184387207e+00
3.370601100212376099e+06 7.612364292144775391e+00 -6.014234542846679688e+00 1.187524080276489258e+00
3.370601128615918104e+06 7.665036678314208984e+00 -6.062118530273437500e+00 1.201889276504516602e+00
3.370601140234823804e+06 7.674613475799560547e+00 -6.095637321472167969e+00 1.211466073989868164e+00
3.370601170071437955e+06 7.741651058197021484e+00 -6.014234542846679688e+00 1.177947282791137695e+00
3.370601180264614988e+06 7.727285861968994141e+00 -6.081272125244140625e+00 1.130063176155090332e+00
3.370601210080864839e+06 7.626729488372802734e+00 -6.028599739074707031e+00 1.173158884048461914e+00
3.370601220325449016e+06 7.588422298431396484e+00 -5.990292549133300781e+00 1.158793568611145020e+00
3.370601247000188101e+06 7.636306285858154297e+00 -6.057330131530761719e+00 1.221042871475219727e+00
3.370601260352584068e+06 7.669825077056884766e+00 -6.047753334045410156e+00 1.144428372383117676e+00
3.370601290173990186e+06 7.641094684600830078e+00 -6.038176536560058594e+00 1.125274777412414551e+00
3.370601300390604883e+06 7.631517887115478516e+00 -6.062118530273437500e+00 1.187524080276489258e+00
3.370601328786906786e+06 7.636306285858154297e+00 -6.062118530273437500e+00 1.278503656387329102e+00
3.370601340435657185e+06 7.641094684600830078e+00 -6.033388137817382812e+00 1.187524080276489258e+00
3.370601370225084014e+06 7.684190273284912109e+00 -6.023811340332031250e+00 1.197100877761840820e+00
3.370601380459355190e+06 7.641094684600830078e+00 -6.038176536560058594e+00 1.173158884048461914e+00
3.370601408891178202e+06 7.669825077056884766e+00 -6.014234542846679688e+00 1.120486378669738770e+00
3.370601420522010885e+06 7.688978672027587891e+00 -6.019022941589355469e+00 1.182735681533813477e+00
3.370601450355135836e+06 7.665036678314208984e+00 -5.990292549133300781e+00 1.187524080276489258e+00
3.370601460559250787e+06 7.607575893402099609e+00 -6.023811340332031250e+00 1.168370485305786133e+00
3.370601488120084163e+06 7.641094684600830078e+00 -6.062118530273437500e+00 1.211466073989868164e+00
3.370601500575604849e+06 7.631517887115478516e+00 -6.042964935302734375e+00 1.067813992500305176e+00
3.370601530415032059e+06 7.688978672027587891e+00 -6.100425720214843750e+00 1.139639973640441895e+00
3.370601540617897175e+06 7.693767070770263672e+00 -6.066906929016113281e+00 1.201889276504516602e+00
3.370601570432688110e+06 7.722497463226318359e+00 -6.047753334045410156e+00 1.211466073989868164e+00
3.370601580660032108e+06 7.641094684600830078e+00 -6.023811340332031250e+00 1.177947282791137695e+00
3.370601609052324202e+06 7.636306285858154297e+00 -6.052541732788085938e+00 1.177947282791137695e+00
3.370601620674458798e+06 7.641094684600830078e+00 -6.033388137817382812e+00 1.101332783699035645e+00
3.370601650510708801e+06 7.645883083343505859e+00 -6.033388137817382812e+00 1.063025593757629395e+00
3.370601660727739800e+06 7.669825077056884766e+00 -6.033388137817382812e+00 1.034295082092285156e+00
3.370601689120761119e+06 7.717709064483642578e+00 -6.071695327758789062e+00 1.053448796272277832e+00
3.370601700766907074e+06 7.693767070770263672e+00 -6.057330131530761719e+00 1.134851574897766113e+00
3.370601728877271060e+06 7.645883083343505859e+00 -6.066906929016113281e+00 1.149216771125793457e+00
3.370601740789041854e+06 7.645883083343505859e+00 -6.062118530273437500e+00 1.115697979927062988e+00
3.370601769380032085e+06 7.693767070770263672e+00 -6.023811340332031250e+00 1.120486378669738770e+00
3.370601780838573817e+06 7.631517887115478516e+00 -6.076483726501464844e+00 1.115697979927062988e+00
3.370601810799562838e+06 7.660248279571533203e+00 -6.047753334045410156e+00 1.139639973640441895e+00
3.370601820938365068e+06 7.641094684600830078e+00 -6.090848922729492188e+00 1.149216771125793457e+00
3.370601849597115070e+06 7.617152690887451172e+00 -6.057330131530761719e+00 1.163581967353820801e+00
3.370601860988417175e+06 7.559691905975341797e+00 -5.999869346618652344e+00 1.206677675247192383e+00
3.370601890818000771e+06 7.641094684600830078e+00 -5.971138954162597656e+00 1.240196466445922852e+00
3.370601901034927927e+06 7.669825077056884766e+00 -6.014234542846679688e+00 1.182735681533813477e+00
3.370601928606697824e+06 7.703343868255615234e+00 -6.095637321472167969e+00 1.149216771125793457e+00
3.370601941023781896e+06 7.732074260711669922e+00 -6.090848922729492188e+00 1.058237195014953613e+00
3.370601970828468911e+06 7.650671482086181641e+00 -6.042964935302734375e+00 1.101332783699035645e+00
3.370601981048834044e+06 7.641094684600830078e+00 -6.042964935302734375e+00 1.091755986213684082e+00
3.370602010908782016e+06 7.636306285858154297e+00 -5.951985359191894531e+00 1.115697979927062988e+00
3.370602021091386210e+06 7.660248279571533203e+00 -5.999869346618652344e+00 1.158793568611145020e+00
3.370602049481541850e+06 7.684190273284912109e+00 -6.019022941589355469e+00 1.187524080276489258e+00
3.370602061139719095e+06 7.688978672027587891e+00 -6.052541732788085938e+00 1.082179188728332520e+00
3.370602090925917029e+06 7.645883083343505859e+00 -6.019022941589355469e+00 1.120486378669738770e+00
3.370602101158104837e+06 7.526173114776611328e+00 -5.966350555419921875e+00 1.096544384956359863e+00
3.370602129608364776e+06 7.507019519805908203e+00 -6.047753334045410156e+00 1.125274777412414551e+00
3.370602141187115107e+06 7.607575893402099609e+00 -6.100425720214843750e+00 1.139639973640441895e+00
3.370602169285447802e+06 7.684190273284912109e+00 -6.066906929016113281e+00 1.177947282791137695e+00
3.370602181243365165e+06 7.784746646881103516e+00 -6.047753334045410156e+00 1.168370485305786133e+00
3.370602211041437928e+06 7.818265438079833984e+00 -6.052541732788085938e+00 1.201889276504516602e+00
3.370602221270188224e+06 7.794323444366455078e+00 -6.019022941589355469e+00 1.192312479019165039e+00
3.370602249691749923e+06 7.746439456939697266e+00 -6.023811340332031250e+00 1.120486378669738770e+00
3.370602261301542167e+06 7.703343868255615234e+00 -5.990292549133300781e+00 1.039083480834960938e+00
3.370602291139510926e+06 7.626729488372802734e+00 -5.975927352905273438e+00 1.058237195014953613e+00
3.370602301355031785e+06 7.636306285858154297e+00 -5.947196960449218750e+00 1.077390789985656738e+00
3.370602329752374906e+06 7.655459880828857422e+00 -5.942408561706542969e+00 1.106121182441711426e+00
3.370602341375084128e+06 7.732074260711669922e+00 -6.014234542846679688e+00 1.163581967353820801e+00
3.370602371229459066e+06 7.722497463226318359e+00 -5.995080947875976562e+00 1.168370485305786133e+00
3.370602381435709074e+06 7.712920665740966797e+00 -6.071695327758789062e+00 1.154005169868469238e+00
3.370602409051072784e+06 7.717709064483642578e+00 -6.028599739074707031e+00 1.086967587471008301e+00
3.370602421499249991e+06 7.684190273284912109e+00 -5.951985359191894531e+00 1.086967587471008301e+00
3.370602451265291777e+06 7.631517887115478516e+00 -5.908889770507812500e+00 1.101332783699035645e+00
3.370602461485135835e+06 7.660248279571533203e+00 -6.019022941589355469e+00 1.197100877761840820e+00
3.370602489924719092e+06 7.669825077056884766e+00 -5.995080947875976562e+00 1.168370485305786133e+00
3.370602501536437776e+06 7.583633899688720703e+00 -5.966350555419921875e+00 1.134851574897766113e+00
3.370602531367999967e+06 7.574057102203369141e+00 -5.999869346618652344e+00 1.139639973640441895e+00
3.370602541814874858e+06 7.621941089630126953e+00 -6.057330131530761719e+00 1.168370485305786133e+00
3.370602571590656880e+06 7.674613475799560547e+00 -6.042964935302734375e+00 1.201889276504516602e+00
3.370602581788364798e+06 7.722497463226318359e+00 -6.014234542846679688e+00 1.221042871475219727e+00
3.370602608369511086e+06 7.703343868255615234e+00 -6.052541732788085938e+00 1.158793568611145020e+00
3.370602621664770879e+06 7.665036678314208984e+00 -6.038176536560058594e+00 1.115697979927062988e+00
3.370602651660239790e+06 7.698555469512939453e+00 -6.009446144104003906e+00 1.072602391242980957e+00
3.370602661925343797e+06 7.736862659454345703e+00 -6.004657745361328125e+00 1.063025593757629395e+00
3.370602690336646046e+06 7.688978672027587891e+00 -5.995080947875976562e+00 1.039083480834960938e+00
3.370602702088469174e+06 7.665036678314208984e+00 -5.985504150390625000e+00 1.101332783699035645e+00
3.370602731857532170e+06 7.669825077056884766e+00 -6.009446144104003906e+00 1.192312479019165039e+00
3.370602742001438048e+06 7.712920665740966797e+00 -6.009446144104003906e+00 1.197100877761840820e+00
3.370602770434145816e+06 7.712920665740966797e+00 -6.009446144104003906e+00 1.197100877761840820e+00
3.370602782149510924e+06 7.708132266998291016e+00 -6.004657745361328125e+00 1.115697979927062988e+00
3.370602811885240022e+06 7.679401874542236328e+00 -5.990292549133300781e+00 1.115697979927062988e+00
3.370602822058834136e+06 7.688978672027587891e+00 -6.023811340332031250e+00 1.134851574897766113e+00
3.370602849741021171e+06 7.717709064483642578e+00 -6.004657745361328125e+00 1.130063176155090332e+00
3.370602862136646174e+06 7.708132266998291016e+00 -5.990292549133300781e+00 1.101332783699035645e+00
3.370602892018469051e+06 7.636306285858154297e+00 -5.999869346618652344e+00 1.120486378669738770e+00
3.370602902189771179e+06 7.722497463226318359e+00 -6.004657745361328125e+00 1.106121182441711426e+00
3.370602932060291991e+06 7.693767070770263672e+00 -6.028599739074707031e+00 1.077390789985656738e+00
3.370602942262374796e+06 7.703343868255615234e+00 -5.985504150390625000e+00 1.072602391242980957e+00
3.370602970652218908e+06 7.688978672027587891e+00 -6.004657745361328125e+00 1.110909581184387207e+00
3.370602982067896053e+06 7.597999095916748047e+00 -5.966350555419921875e+00 1.168370485305786133e+00
3.370603012270761188e+06 7.650671482086181641e+00 -6.042964935302734375e+00 1.230619668960571289e+00
3.370603022114042193e+06 7.679401874542236328e+00 -6.019022941589355469e+00 1.120486378669738770e+00
3.370603050505136140e+06 7.679401874542236328e+00 -6.019022941589355469e+00 1.106121182441711426e+00
3.370603062149146106e+06 7.722497463226318359e+00 -5.990292549133300781e+00 1.053448796272277832e+00
3.370603090207688045e+06 7.722497463226318359e+00 -6.023811340332031250e+00 1.115697979927062988e+00
3.370603102126906160e+06 7.746439456939697266e+00 -6.019022941589355469e+00 1.154005169868469238e+00
3.370603130558103789e+06 7.708132266998291016e+00 -6.014234542846679688e+00 1.144428372383117676e+00
3.370603142163521145e+06 7.636306285858154297e+00 -5.951985359191894531e+00 1.106121182441711426e+00
3.370603171970656142e+06 7.669825077056884766e+00 -5.995080947875976562e+00 1.130063176155090332e+00
3.370603182197167072e+06 7.693767070770263672e+00 -6.023811340332031250e+00 1.110909581184387207e+00
3.370603210740916897e+06 7.688978672027587891e+00 -6.042964935302734375e+00 1.144428372383117676e+00
3.370603222228886094e+06 7.722497463226318359e+00 -5.975927352905273438e+00 1.106121182441711426e+00
3.370603252074978780e+06 7.784746646881103516e+00 -5.966350555419921875e+00 1.134851574897766113e+00
3.370603262283313088e+06 7.770381450653076172e+00 -5.951985359191894531e+00 1.154005169868469238e+00
3.370603292080030777e+06 7.693767070770263672e+00 -5.913678169250488281e+00 1.125274777412414551e+00
3.370603302298313007e+06 7.631517887115478516e+00 -5.966350555419921875e+00 1.048660397529602051e+00
3.370603329924666788e+06 7.650671482086181641e+00 -6.019022941589355469e+00 9.720458984375000000e-01
3.370603342361020856e+06 7.717709064483642578e+00 -5.999869346618652344e+00 1.048660397529602051e+00
3.370603372186957859e+06 7.669825077056884766e+00 -5.980715751647949219e+00 1.182735681533813477e+00
3.370603382419302128e+06 7.636306285858154297e+00 -5.961562156677246094e+00 1.235408067703247070e+00
3.370603410827896092e+06 7.626729488372802734e+00 -5.951985359191894531e+00 1.163581967353820801e+00
3.370603422436541878e+06 7.679401874542236328e+00 -5.995080947875976562e+00 1.110909581184387207e+00
3.370603452277686913e+06 7.794323444366455078e+00 -6.047753334045410156e+00 1.072602391242980957e+00
3.370603462448521052e+06 7.784746646881103516e+00 -6.042964935302734375e+00 1.029506683349609375e+00
3.370603490860708058e+06 7.717709064483642578e+00 -6.019022941589355469e+00 1.264138460159301758e+00
3.370603502507062163e+06 7.641094684600830078e+00 -5.985504150390625000e+00 1.177947282791137695e+00
3.370603530588208232e+06 7.631517887115478516e+00 -5.975927352905273438e+00 1.182735681533813477e+00
3.370603542530030943e+06 7.693767070770263672e+00 -5.995080947875976562e+00 1.125274777412414551e+00
3.370603572336594108e+06 7.703343868255615234e+00 -5.975927352905273438e+00 1.115697979927062988e+00
3.370603582569561899e+06 7.717709064483642578e+00 -6.028599739074707031e+00 1.149216771125793457e+00
3.370603610975760035e+06 7.693767070770263672e+00 -5.995080947875976562e+00 1.163581967353820801e+00
3.370603622618103866e+06 7.684190273284912109e+00 -6.004657745361328125e+00 1.249773263931274414e+00
3.370603652406905778e+06 7.688978672027587891e+00 -6.038176536560058594e+00 1.235408067703247070e+00
3.370603662925291806e+06 7.679401874542236328e+00 -6.014234542846679688e+00 1.240196466445922852e+00
3.370603691072322894e+06 7.636306285858154297e+00 -6.033388137817382812e+00 1.230619668960571289e+00
3.370603702671228908e+06 7.597999095916748047e+00 -5.999869346618652344e+00 1.230619668960571289e+00
3.370603732677792199e+06 7.607575893402099609e+00 -6.028599739074707031e+00 1.216254472732543945e+00
3.370603742909510154e+06 7.602787494659423828e+00 -5.995080947875976562e+00 1.221042871475219727e+00
3.370603770307531115e+06 7.593210697174072266e+00 -5.990292549133300781e+00 1.312022566795349121e+00
3.370603782938469201e+06 7.660248279571533203e+00 -5.971138954162597656e+00 1.230619668960571289e+00
3.370603812861593906e+06 7.674613475799560547e+00 -5.956773757934570312e+00 1.259350061416625977e+00
3.370603822868417017e+06 7.679401874542236328e+00 -5.975927352905273438e+00 1.264138460159301758e+00
3.370603851460395847e+06 7.688978672027587891e+00 -5.966350555419921875e+00 1.259350061416625977e+00
3.370603863108781166e+06 7.688978672027587891e+00 -6.004657745361328125e+00 1.278503656387329102e+00
3.370603892887583002e+06 7.708132266998291016e+00 -5.980715751647949219e+00 1.254561662673950195e+00
3.370603903132165782e+06 7.703343868255615234e+00 -5.999869346618652344e+00 1.273715257644653320e+00
3.370603932984094135e+06 7.669825077056884766e+00 -6.023811340332031250e+00 1.259350061416625977e+00
3.370603943168208003e+06 7.679401874542236328e+00 -5.971138954162597656e+00 1.288080573081970215e+00
3.370603969870135188e+06 7.650671482086181641e+00 -6.009446144104003906e+00 1.230619668960571289e+00
3.370603983187531121e+06 7.712920665740966797e+00 -6.023811340332031250e+00 1.335964560508728027e+00
3.370604012883884832e+06 7.636306285858154297e+00 -6.042964935302734375e+00 1.335964560508728027e+00
3.370604023239145987e+06 7.593210697174072266e+00 -6.004657745361328125e+00 1.297657370567321777e+00
3.370604051672218833e+06 7.578845500946044922e+00 -6.023811340332031250e+00 1.288080573081970215e+00
3.370604063293988816e+06 7.602787494659423828e+00 -6.019022941589355469e+00 1.307234168052673340e+00
3.370604093098572921e+06 7.660248279571533203e+00 -6.047753334045410156e+00 1.302445769309997559e+00
3.370604103271385189e+06 7.660248279571533203e+00 -6.071695327758789062e+00 1.345541357994079590e+00
3.370604131553104147e+06 7.660248279571533203e+00 -6.052541732788085938e+00 1.335964560508728027e+00
3.370604143166541122e+06 7.626729488372802734e+00 -6.023811340332031250e+00 1.316810965538024902e+00
3.370604173001280986e+06 7.626729488372802734e+00 -6.014234542846679688e+00 1.350329756736755371e+00
3.370604183176280931e+06 7.602787494659423828e+00 -5.999869346618652344e+00 1.369483351707458496e+00
3.370604210794718005e+06 7.612364292144775391e+00 -6.009446144104003906e+00 1.340752959251403809e+00
3.370604223240342923e+06 7.569268703460693359e+00 -6.057330131530761719e+00 1.331176161766052246e+00
3.370604253041749820e+06 7.569268703460693359e+00 -6.110002517700195312e+00 1.288080573081970215e+00
3.370604263247217983e+06 7.602787494659423828e+00 -6.095637321472167969e+00 1.264138460159301758e+00
3.370604293094354216e+06 7.583633899688720703e+00 -6.100425720214843750e+00 1.302445769309997559e+00
3.370604303264406044e+06 7.631517887115478516e+00 -6.110002517700195312e+00 1.288080573081970215e+00
3.370604331694665831e+06 7.526173114776611328e+00 -6.129156112670898438e+00 1.292868971824645996e+00
3.370604343498624861e+06 7.554903507232666016e+00 -6.138733386993408203e+00 1.345541357994079590e+00
3.370604373395239003e+06 7.559691905975341797e+00 -6.172252178192138672e+00 1.331176161766052246e+00
3.370604383557843044e+06 7.521384716033935547e+00 -6.095637321472167969e+00 1.335964560508728027e+00
3.370604411786281038e+06 7.516596317291259766e+00 -6.143521785736083984e+00 1.264138460159301758e+00
3.370604423427322879e+06 7.545326709747314453e+00 -6.148310184478759766e+00 1.264138460159301758e+00
3.370604451691853814e+06 7.574057102203369141e+00 -6.167463779449462891e+00 1.312022566795349121e+00
3.370604463619561866e+06 7.526173114776611328e+00 -6.153098583221435547e+00 1.302445769309997559e+00
3.370604491855967790e+06 7.526173114776611328e+00 -6.129156112670898438e+00 1.331176161766052246e+00
3.370604503481228836e+06 7.535749912261962891e+00 -6.148310184478759766e+00 1.393425345420837402e+00
3.370604533355968073e+06 7.473500728607177734e+00 -6.177040576934814453e+00 1.307234168052673340e+00
3.370604543532114010e+06 7.540538311004638672e+00 -6.177040576934814453e+00 1.254561662673950195e+00
3.370604573338625021e+06 7.487865924835205078e+00 -6.148310184478759766e+00 1.249773263931274414e+00
3.370604583618781064e+06 7.530961513519287109e+00 -6.186617374420166016e+00 1.302445769309997559e+00
3.370604611954405904e+06 7.516596317291259766e+00 -6.181828975677490234e+00 1.374271750450134277e+00
3.370604623604927212e+06 7.435193538665771484e+00 -6.143521785736083984e+00 1.369483351707458496e+00
3.370604653452478815e+06 7.401674747467041016e+00 -6.177040576934814453e+00 1.364694952964782715e+00
3.370604663606749848e+06 7.387309551239013672e+00 -6.224924564361572266e+00 1.331176161766052246e+00
3.370604691216176841e+06 7.435193538665771484e+00 -6.268020153045654297e+00 1.355118155479431152e+00
3.370604704100083094e+06 7.468712329864501953e+00 -6.291962146759033203e+00 1.331176161766052246e+00
3.370604733899457846e+06 7.507019519805908203e+00 -6.248866558074951172e+00 1.292868971824645996e+00
3.370604743874561973e+06 7.473500728607177734e+00 -6.215347766876220703e+00 1.254561662673950195e+00
3.370604772161072120e+06 7.454347133636474609e+00 -6.172252178192138672e+00 1.345541357994079590e+00
3.370604783982010093e+06 7.468712329864501953e+00 -6.200982570648193359e+00 1.268926858901977539e+00
3.370604813752113841e+06 7.487865924835205078e+00 -6.191405773162841797e+00 1.340752959251403809e+00
3.370604823978052009e+06 7.507019519805908203e+00 -6.248866558074951172e+00 1.321599364280700684e+00
3.370604852358780801e+06 7.401674747467041016e+00 -6.239289760589599609e+00 1.426944255828857422e+00
3.370604863975238986e+06 7.363367557525634766e+00 -6.215347766876220703e+00 1.254561662673950195e+00
3.370604893854926806e+06 7.425616741180419922e+00 -6.220136165618896484e+00 1.307234168052673340e+00
3.370604904018156230e+06 7.463923931121826172e+00 -6.258443355560302734e+00 1.383848547935485840e+00
3.370604930766437203e+06 7.439981937408447266e+00 -6.325480937957763672e+00 1.345541357994079590e+00
3.370604945377790835e+06 7.449558734893798828e+00 -6.248866558074951172e+00 1.321599364280700684e+00
3.370604973920967896e+06 7.401674747467041016e+00 -6.196194171905517578e+00 1.326387763023376465e+00
3.370604984116645064e+06 7.416039943695068359e+00 -6.244078159332275391e+00 1.398213744163513184e+00
3.370605013981957920e+06 7.387309551239013672e+00 -6.263231754302978516e+00 1.345541357994079590e+00
