3.665650859001354780e+06 -1.556231081485748291e-02 -5.746084079146385193e-02 8.887276649475097656e+00
3.665650884001355153e+06 -1.556231081485748291e-02 -5.746084079146385193e-02 8.887276649475097656e+00
3.665650909001355059e+06 -1.556231081485748291e-02 -5.746084079146385193e-02 8.887276649475097656e+00
3.665650934001354966e+06 -1.556231081485748291e-02 -5.746084079146385193e-02 8.887276649475097656e+00
3.665650959001354873e+06 -1.556231081485748291e-02 -5.746084079146385193e-02 8.887276649475097656e+00
3.665650984001354780e+06 -1.556231081485748291e-02 -5.746084079146385193e-02 8.887276649475097656e+00
3.665651009001355153e+06 -1.556231081485748291e-02 -5.746084079146385193e-02 8.887276649475097656e+00
3.665651034001355059e+06 -1.556231081485748291e-02 -5.746084079146385193e-02 8.887276649475097656e+00
3.665651059001354966e+06 -1.556231081485748291e-02 -5.746084079146385193e-02 8.887276649475097656e+00
3.665651074446978979e+06 -1.556231081485748291e-02 -5.746084079146385193e-02 8.887276649475097656e+00
3.665651555203801952e+06 6.584054976701736450e-02 -3.351882472634315491e-02 8.949525833129882812e+00
3.665651560225625057e+06 2.274491637945175171e-02 -4.788403213024139404e-02 8.920795440673828125e+00
3.665651562046823092e+06 3.711012750864028931e-02 -5.746084079146385193e-02 8.935160636901855469e+00
3.665651566915624775e+06 2.274491637945175171e-02 -7.182604819536209106e-02 8.968679428100585938e+00
3.665651585524375085e+06 4.668693244457244873e-02 -2.873042039573192596e-02 8.949525833129882812e+00
3.665651612073124852e+06 2.274491637945175171e-02 -8.619125932455062866e-02 8.939949035644531250e+00
3.665651626090312842e+06 1.316810958087444305e-02 -4.788403213024139404e-02 8.935160636901855469e+00
3.665651657364843879e+06 8.379706181585788727e-03 -5.267243832349777222e-02 8.944737434387207031e+00
3.665651666006093845e+06 3.591302549466490746e-03 -3.351882472634315491e-02 8.911218643188476562e+00
3.665651695976667106e+06 6.584054976701736450e-02 -6.703764945268630981e-02 8.935160636901855469e+00
3.665651706116405781e+06 2.274491637945175171e-02 -4.788403213024139404e-02 8.916007041931152344e+00
3.665651734885259997e+06 1.316810958087444305e-02 -4.309562966227531433e-02 8.939949035644531250e+00
3.665651746389427222e+06 3.711012750864028931e-02 -4.309562966227531433e-02 8.920795440673828125e+00
3.665651776835521217e+06 6.105214357376098633e-02 -2.873042039573192596e-02 8.925583839416503906e+00
3.665651787055364810e+06 5.626374110579490662e-02 -2.394201606512069702e-02 8.916007041931152344e+00
3.665651814565259963e+06 3.711012750864028931e-02 -7.182604819536209106e-02 8.963891029357910156e+00
3.665651826315728948e+06 5.147533491253852844e-02 -4.309562966227531433e-02 8.930372238159179688e+00
3.665651856243385002e+06 4.189852997660636902e-02 -6.703764945268630981e-02 8.882488250732421875e+00
3.665651866403073072e+06 2.753331884741783142e-02 -4.788403213024139404e-02 8.973467826843261719e+00
3.665651895222552121e+06 3.711012750864028931e-02 -6.703764945268630981e-02 8.963891029357910156e+00
3.665651906448957976e+06 2.274491637945175171e-02 -2.394201606512069702e-02 8.963891029357910156e+00
3.665651936626146082e+06 8.379706181585788727e-03 -5.746084079146385193e-02 8.920795440673828125e+00
3.665651946487917099e+06 4.189852997660636902e-02 -2.873042039573192596e-02 8.944737434387207031e+00
3.665651976278124843e+06 1.795651204884052277e-02 -6.224924325942993164e-02 8.916007041931152344e+00
3.665651986296458170e+06 3.232172131538391113e-02 -4.788403213024139404e-02 8.906430244445800781e+00
3.665652013213541824e+06 3.232172131538391113e-02 -3.830722719430923462e-02 9.011775016784667969e+00
3.665652026496562175e+06 3.711012750864028931e-02 -6.224924325942993164e-02 8.959102630615234375e+00
3.665652056516406126e+06 3.232172131538391113e-02 -3.351882472634315491e-02 8.949525833129882812e+00
3.665652066562292166e+06 3.711012750864028931e-02 -5.267243832349777222e-02 8.954314231872558594e+00
3.665652095129530877e+06 3.591302549466490746e-03 -4.788403213024139404e-02 8.925583839416503906e+00
3.665652106631301809e+06 3.232172131538391113e-02 -5.746084079146385193e-02 8.949525833129882812e+00
3.665652136588802096e+06 2.274491637945175171e-02 -2.873042039573192596e-02 8.930372238159179688e+00
3.665652146651146002e+06 1.316810958087444305e-02 -3.351882472634315491e-02 8.959102630615234375e+00
3.665652175014844164e+06 3.711012750864028931e-02 -2.873042039573192596e-02 8.925583839416503906e+00
3.665652186524061952e+06 3.232172131538391113e-02 -6.224924325942993164e-02 8.920795440673828125e+00
3.665652216422500089e+06 3.711012750864028931e-02 -8.140286058187484741e-02 8.930372238159179688e+00
3.665652226483957842e+06 1.795651204884052277e-02 -5.746084079146385193e-02 8.944737434387207031e+00
3.665652254228593782e+06 8.379706181585788727e-03 -2.394201606512069702e-02 8.916007041931152344e+00
3.665652266510468908e+06 2.274491637945175171e-02 -6.224924325942993164e-02 8.959102630615234375e+00
3.665652296489791013e+06 -1.197100849822163582e-03 -3.351882472634315491e-02 8.944737434387207031e+00
3.665652306604790967e+06 3.232172131538391113e-02 -6.703764945268630981e-02 8.925583839416503906e+00
3.665652336525832769e+06 -1.556231081485748291e-02 -1.915361359715461731e-02 8.935160636901855469e+00
3.665652346595833078e+06 4.189852997660636902e-02 -9.576806798577308655e-03 8.925583839416503906e+00
3.665652375274634920e+06 2.274491637945175171e-02 -6.703764945268630981e-02 8.949525833129882812e+00
3.665652386646354105e+06 3.711012750864028931e-02 -6.224924325942993164e-02 8.963891029357910156e+00
3.665652416627395898e+06 8.379706181585788727e-03 -4.309562966227531433e-02 8.887276649475097656e+00
3.665652426698540803e+06 3.711012750864028931e-02 -1.915361359715461731e-02 8.944737434387207031e+00
3.665652455257343128e+06 5.626374110579490662e-02 -5.267243832349777222e-02 8.963891029357910156e+00
3.665652466714947950e+06 2.274491637945175171e-02 -1.436521019786596298e-02 8.973467826843261719e+00
3.665652494994948152e+06 6.105214357376098633e-02 -9.576806798577308655e-03 8.963891029357910156e+00
3.665652506767238956e+06 3.232172131538391113e-02 -2.873042039573192596e-02 8.939949035644531250e+00
3.665652535438646097e+06 3.591302549466490746e-03 -4.309562966227531433e-02 8.954314231872558594e+00
3.665652546834270936e+06 2.753331884741783142e-02 -5.267243832349777222e-02 8.954314231872558594e+00
3.665652576790104154e+06 1.316810958087444305e-02 -7.182604819536209106e-02 8.935160636901855469e+00
3.665652586836562026e+06 2.753331884741783142e-02 -6.703764945268630981e-02 8.892065048217773438e+00
3.665652615438802168e+06 2.753331884741783142e-02 -7.182604819536209106e-02 8.906430244445800781e+00
3.665652626876040827e+06 3.591302549466490746e-03 -3.830722719430923462e-02 8.887276649475097656e+00
3.665652656896770000e+06 2.274491637945175171e-02 -6.224924325942993164e-02 8.925583839416503906e+00
3.665652667157343123e+06 2.753331884741783142e-02 -5.267243832349777222e-02 8.916007041931152344e+00
3.665652696926718112e+06 3.711012750864028931e-02 -6.224924325942993164e-02 8.930372238159179688e+00
3.665652706959166098e+06 2.753331884741783142e-02 -3.830722719430923462e-02 8.944737434387207031e+00
3.665652734732811805e+06 -1.197100849822163582e-03 -4.788403213024139404e-02 8.930372238159179688e+00
3.665652747093332931e+06 2.753331884741783142e-02 -3.830722719430923462e-02 8.935160636901855469e+00
3.665652777212135028e+06 4.189852997660636902e-02 -2.394201606512069702e-02 8.882488250732421875e+00
3.665652787078228779e+06 4.189852997660636902e-02 -5.267243832349777222e-02 8.939949035644531250e+00
3.665652815876144916e+06 1.316810958087444305e-02 -6.703764945268630981e-02 8.925583839416503906e+00
3.665652827326457947e+06 3.232172131538391113e-02 -5.267243832349777222e-02 8.963891029357910156e+00
3.665652857301875018e+06 4.668693244457244873e-02 -6.703764945268630981e-02 8.911218643188476562e+00
3.665652867397812195e+06 5.626374110579490662e-02 -5.746084079146385193e-02 8.939949035644531250e+00
3.665652895753593184e+06 6.584054976701736450e-02 -5.267243832349777222e-02 8.987833023071289062e+00
3.665652907233228907e+06 4.668693244457244873e-02 -6.703764945268630981e-02 8.916007041931152344e+00
3.665652935599531047e+06 3.232172131538391113e-02 -4.309562966227531433e-02 8.959102630615234375e+00
3.665652947405781131e+06 4.189852997660636902e-02 -8.140286058187484741e-02 8.925583839416503906e+00
3.665652977229427081e+06 2.274491637945175171e-02 -2.873042039573192596e-02 8.911218643188476562e+00
3.665652987278020009e+06 3.591302549466490746e-03 -4.309562966227531433e-02 8.925583839416503906e+00
3.665653015855676960e+06 3.232172131538391113e-02 -3.351882472634315491e-02 8.892065048217773438e+00
3.665653027336196974e+06 2.274491637945175171e-02 -1.915361359715461731e-02 8.963891029357910156e+00
3.665653057280988898e+06 3.711012750864028931e-02 -3.830722719430923462e-02 8.944737434387207031e+00
3.665653067369270138e+06 8.379706181585788727e-03 -5.267243832349777222e-02 8.887276649475097656e+00
3.665653095942915883e+06 2.753331884741783142e-02 -5.746084079146385193e-02 8.963891029357910156e+00
3.665653107382499147e+06 3.232172131538391113e-02 -9.097966551780700684e-02 8.916007041931152344e+00
3.665653137367655989e+06 5.626374110579490662e-02 -4.788403213024139404e-02 8.920795440673828125e+00
3.665653147414790932e+06 3.711012750864028931e-02 -5.746084079146385193e-02 8.935160636901855469e+00
3.665653175370988902e+06 1.316810958087444305e-02 -2.873042039573192596e-02 8.911218643188476562e+00
3.665653187435988802e+06 1.316810958087444305e-02 -7.661445438861846924e-02 8.925583839416503906e+00
3.665653217689530924e+06 1.316810958087444305e-02 -5.746084079146385193e-02 8.916007041931152344e+00
3.665653227500052191e+06 2.274491637945175171e-02 -4.788403213024139404e-02 8.949525833129882812e+00
3.665653256062863860e+06 3.711012750864028931e-02 -5.267243832349777222e-02 8.949525833129882812e+00
3.665653267502916045e+06 5.147533491253852844e-02 -5.746084079146385193e-02 8.983044624328613281e+00
3.665653297695988789e+06 3.591302549466490746e-03 -6.224924325942993164e-02 8.997409820556640625e+00
3.665653307740103919e+06 2.274491637945175171e-02 -1.915361359715461731e-02 8.935160636901855469e+00
3.665653337753124069e+06 8.379706181585788727e-03 -4.309562966227531433e-02 8.949525833129882812e+00
3.665653347795155831e+06 2.274491637945175171e-02 -3.830722719430923462e-02 8.987833023071289062e+00
3.665653374679478817e+06 -1.197100849822163582e-03 -9.097966551780700684e-02 8.939949035644531250e+00
3.665653387864009943e+06 1.795651204884052277e-02 -4.309562966227531433e-02 8.925583839416503906e+00
3.665653417633593082e+06 2.274491637945175171e-02 -5.746084079146385193e-02 8.944737434387207031e+00
3.665653427682446782e+06 5.147533491253852844e-02 -5.267243832349777222e-02 8.935160636901855469e+00
3.665653456317604054e+06 5.626374110579490662e-02 -3.830722719430923462e-02 9.002198219299316406e+00
3.665653467891354114e+06 4.189852997660636902e-02 -6.224924325942993164e-02 8.930372238159179688e+00
3.665653497916926164e+06 1.316810958087444305e-02 -5.267243832349777222e-02 8.901641845703125000e+00
3.665653507810311858e+06 8.379706181585788727e-03 -6.224924325942993164e-02 8.949525833129882812e+00
3.665653536306873895e+06 3.711012750864028931e-02 -3.351882472634315491e-02 8.954314231872558594e+00
3.665653547871092800e+06 8.379706181585788727e-03 -4.788403213024139404e-02 8.959102630615234375e+00
3.665653578024530783e+06 5.147533491253852844e-02 -5.267243832349777222e-02 8.887276649475097656e+00
3.665653588134946767e+06 1.795651204884052277e-02 -5.267243832349777222e-02 8.939949035644531250e+00
3.665653615545727778e+06 -5.985504016280174255e-03 -6.703764945268630981e-02 8.944737434387207031e+00
3.665653628080781084e+06 8.379706181585788727e-03 -4.309562966227531433e-02 8.925583839416503906e+00
3.665653657922551036e+06 4.668693244457244873e-02 -3.830722719430923462e-02 8.920795440673828125e+00
3.665653667916561943e+06 2.274491637945175171e-02 -5.267243832349777222e-02 8.925583839416503906e+00
3.665653697937291116e+06 4.189852997660636902e-02 -1.436521019786596298e-02 8.896853446960449219e+00
3.665653707936769817e+06 3.232172131538391113e-02 -6.703764945268630981e-02 8.896853446960449219e+00
3.665653736519270111e+06 2.274491637945175171e-02 -8.619125932455062866e-02 8.944737434387207031e+00
3.665653747990364209e+06 4.189852997660636902e-02 -4.309562966227531433e-02 8.930372238159179688e+00
3.665653778282602783e+06 1.316810958087444305e-02 -4.309562966227531433e-02 8.944737434387207031e+00
3.665653788273384795e+06 4.189852997660636902e-02 -5.267243832349777222e-02 8.949525833129882812e+00
3.665653816777239088e+06 -5.985504016280174255e-03 -3.351882472634315491e-02 8.978256225585937500e+00
3.665653828275050968e+06 -1.556231081485748291e-02 -3.830722719430923462e-02 8.973467826843261719e+00
3.665653856344529893e+06 3.711012750864028931e-02 -9.576806426048278809e-02 8.973467826843261719e+00
3.665653868148800917e+06 3.591302549466490746e-03 -6.703764945268630981e-02 8.973467826843261719e+00
3.665653896685780026e+06 3.232172131538391113e-02 -5.746084079146385193e-02 8.916007041931152344e+00
3.665653908374010120e+06 1.795651204884052277e-02 -1.436521019786596298e-02 8.892065048217773438e+00
3.665653938397291116e+06 1.795651204884052277e-02 -5.267243832349777222e-02 8.887276649475097656e+00
3.665653948392812163e+06 8.379706181585788727e-03 -4.309562966227531433e-02 8.939949035644531250e+00
3.665653978110780008e+06 4.189852997660636902e-02 -4.788403213024139404e-02 8.944737434387207031e+00
3.665653988264739048e+06 2.274491637945175171e-02 -5.267243832349777222e-02 8.959102630615234375e+00
3.665654016849477775e+06 1.316810958087444305e-02 -2.873042039573192596e-02 8.949525833129882812e+00
3.665654028497811873e+06 -1.077390741556882858e-02 -5.746084079146385193e-02 8.959102630615234375e+00
3.665654058129373938e+06 2.753331884741783142e-02 -4.788403213024139404e-02 8.968679428100585938e+00
3.665654068314842880e+06 3.232172131538391113e-02 9.576806798577308655e-03 8.973467826843261719e+00
3.665654095868957229e+06 6.105214357376098633e-02 -6.703764945268630981e-02 8.920795440673828125e+00
3.665654108484010212e+06 2.274491637945175171e-02 -3.830722719430923462e-02 8.896853446960449219e+00
3.665654138162550982e+06 2.753331884741783142e-02 -4.788403213024139404e-02 8.925583839416503906e+00
3.665654148354738951e+06 2.274491637945175171e-02 -4.788403213024139404e-02 8.959102630615234375e+00
3.665654176759217866e+06 5.626374110579490662e-02 -3.351882472634315491e-02 8.987833023071289062e+00
3.665654188532030210e+06 2.753331884741783142e-02 -6.224924325942993164e-02 8.963891029357910156e+00
3.665654218196040951e+06 4.189852997660636902e-02 -3.351882472634315491e-02 8.925583839416503906e+00
3.665654228423488792e+06 3.232172131538391113e-02 -6.224924325942993164e-02 8.916007041931152344e+00
3.665654256820416078e+06 2.753331884741783142e-02 -1.436521019786596298e-02 8.925583839416503906e+00
3.665654268481614068e+06 5.147533491253852844e-02 -5.267243832349777222e-02 8.911218643188476562e+00
3.665654296743228100e+06 1.316810958087444305e-02 -2.873042039573192596e-02 8.949525833129882812e+00
3.665654308654686902e+06 3.711012750864028931e-02 -7.661445438861846924e-02 8.939949035644531250e+00
3.665654338502863888e+06 2.753331884741783142e-02 -8.140286058187484741e-02 8.963891029357910156e+00
3.665654348748437129e+06 1.795651204884052277e-02 -3.830722719430923462e-02 8.997409820556640625e+00
3.665654377174790949e+06 2.753331884741783142e-02 -3.830722719430923462e-02 8.992621421813964844e+00
3.665654388789842837e+06 6.105214357376098633e-02 -7.661445438861846924e-02 8.949525833129882812e+00
3.665654418759165797e+06 1.795651204884052277e-02 -4.309562966227531433e-02 8.896853446960449219e+00
3.665654428636197001e+06 5.626374110579490662e-02 -4.309562966227531433e-02 8.887276649475097656e+00
3.665654457064060960e+06 3.711012750864028931e-02 -3.351882472634315491e-02 8.896853446960449219e+00
3.665654468686977867e+06 5.147533491253852844e-02 -6.224924325942993164e-02 8.906430244445800781e+00
3.665654498721404932e+06 3.711012750864028931e-02 -5.267243832349777222e-02 8.944737434387207031e+00
3.665654509109686129e+06 3.711012750864028931e-02 -5.746084079146385193e-02 8.959102630615234375e+00
3.665654536572550889e+06 4.668693244457244873e-02 -4.309562966227531433e-02 8.959102630615234375e+00
3.665654548769842833e+06 2.274491637945175171e-02 -4.309562966227531433e-02 9.002198219299316406e+00
3.665654578670624178e+06 5.626374110579490662e-02 -4.788403213024139404e-02 8.930372238159179688e+00
3.665654588820154779e+06 4.668693244457244873e-02 -4.309562966227531433e-02 8.973467826843261719e+00
3.665654618848801125e+06 1.795651204884052277e-02 -5.746084079146385193e-02 8.973467826843261719e+00
3.665654629179426003e+06 3.711012750864028931e-02 -4.309562966227531433e-02 8.916007041931152344e+00
3.665654657519530039e+06 8.379706181585788727e-03 -3.830722719430923462e-02 8.939949035644531250e+00
3.665654669055311009e+06 3.232172131538391113e-02 -8.619125932455062866e-02 8.906430244445800781e+00
3.665654698917968199e+06 8.379706181585788727e-03 -2.394201606512069702e-02 8.916007041931152344e+00
3.665654708923072089e+06 4.189852997660636902e-02 -4.309562966227531433e-02 8.911218643188476562e+00
3.665654735608905088e+06 3.232172131538391113e-02 -3.351882472634315491e-02 8.925583839416503906e+00
3.665654748946249019e+06 3.591302549466490746e-03 -6.224924325942993164e-02 8.959102630615234375e+00
3.665654779029321857e+06 4.189852997660636902e-02 -2.873042039573192596e-02 8.906430244445800781e+00
3.665654789199321996e+06 1.795651204884052277e-02 -3.351882472634315491e-02 8.911218643188476562e+00
3.665654817589581944e+06 1.795651204884052277e-02 -4.309562966227531433e-02 8.925583839416503906e+00
3.665654829228383955e+06 4.668693244457244873e-02 -3.830722719430923462e-02 8.949525833129882812e+00
3.665654859079164919e+06 2.753331884741783142e-02 -5.746084079146385193e-02 8.963891029357910156e+00
3.665654869235259015e+06 2.274491637945175171e-02 -4.788403213024139404e-02 8.939949035644531250e+00
3.665654897787447087e+06 2.274491637945175171e-02 -7.182604819536209106e-02 8.887276649475097656e+00
3.665654909295206890e+06 3.711012750864028931e-02 -5.746084079146385193e-02 8.916007041931152344e+00
3.665654939105676021e+06 1.316810958087444305e-02 -3.351882472634315491e-02 8.930372238159179688e+00
3.665654949349218048e+06 2.274491637945175171e-02 -6.703764945268630981e-02 8.896853446960449219e+00
3.665654976960675791e+06 2.753331884741783142e-02 -6.703764945268630981e-02 8.935160636901855469e+00
3.665654989388227928e+06 -1.197100849822163582e-03 -2.394201606512069702e-02 8.983044624328613281e+00
3.665655019177447073e+06 1.795651204884052277e-02 -5.746084079146385193e-02 8.887276649475097656e+00
3.665655029387499206e+06 5.626374110579490662e-02 -7.661445438861846924e-02 8.935160636901855469e+00
3.665655059323331807e+06 1.795651204884052277e-02 -5.746084079146385193e-02 8.920795440673828125e+00
3.665655069474164862e+06 -2.513911761343479156e-02 -2.873042039573192596e-02 8.949525833129882812e+00
3.665655097693176009e+06 1.316810958087444305e-02 -7.182604819536209106e-02 8.925583839416503906e+00
3.665655109298123978e+06 1.795651204884052277e-02 -2.873042039573192596e-02 8.868123054504394531e+00
3.665655139191145077e+06 3.232172131538391113e-02 -2.394201606512069702e-02 8.939949035644531250e+00
3.665655149548801128e+06 6.584054976701736450e-02 -6.224924325942993164e-02 8.920795440673828125e+00
3.665655177774685901e+06 1.795651204884052277e-02 -7.661445438861846924e-02 8.935160636901855469e+00
3.665655189335050993e+06 4.189852997660636902e-02 -5.267243832349777222e-02 8.978256225585937500e+00
3.665655217413852923e+06 1.795651204884052277e-02 -2.394201606512069702e-02 8.954314231872558594e+00
3.665655229362186044e+06 -1.077390741556882858e-02 -1.915361359715461731e-02 8.959102630615234375e+00
3.665655258004060946e+06 8.379706181585788727e-03 -9.576806798577308655e-03 8.959102630615234375e+00
3.665655269553644117e+06 1.795651204884052277e-02 -1.915361359715461731e-02 8.925583839416503906e+00
3.665655299455936067e+06 5.147533491253852844e-02 -5.746084079146385193e-02 8.987833023071289062e+00
3.665655309686352964e+06 5.147533491253852844e-02 -8.140286058187484741e-02 8.896853446960449219e+00
3.665655339497862849e+06 3.711012750864028931e-02 -1.436521019786596298e-02 8.978256225585937500e+00
3.665655349777499214e+06 5.147533491253852844e-02 -1.053448766469955444e-01 8.939949035644531250e+00
3.665655378143905196e+06 2.274491637945175171e-02 -8.140286058187484741e-02 8.954314231872558594e+00
3.665655389750936069e+06 1.316810958087444305e-02 -5.746084079146385193e-02 8.916007041931152344e+00
3.665655419609164819e+06 2.753331884741783142e-02 -7.182604819536209106e-02 8.944737434387207031e+00
3.665655429804789834e+06 3.232172131538391113e-02 -4.309562966227531433e-02 8.987833023071289062e+00
3.665655457413176075e+06 5.626374110579490662e-02 -6.703764945268630981e-02 8.920795440673828125e+00
3.665655469685676042e+06 2.274491637945175171e-02 -2.394201606512069702e-02 8.920795440673828125e+00
3.665655499832134228e+06 3.711012750864028931e-02 -4.788403213024139404e-02 8.930372238159179688e+00
3.665655510026768781e+06 3.711012750864028931e-02 -6.224924325942993164e-02 8.925583839416503906e+00
3.665655538485051133e+06 1.795651204884052277e-02 -5.746084079146385193e-02 8.911218643188476562e+00
3.665655550087810960e+06 4.668693244457244873e-02 -4.788403213024139404e-02 8.920795440673828125e+00
3.665655579543332104e+06 8.379706181585788727e-03 -6.224924325942993164e-02 8.959102630615234375e+00
3.665655589916091878e+06 4.668693244457244873e-02 -5.746084079146385193e-02 8.935160636901855469e+00
3.665655619806874078e+06 4.189852997660636902e-02 -2.394201606512069702e-02 8.930372238159179688e+00
3.665655630028227810e+06 8.379706181585788727e-03 -3.830722719430923462e-02 8.935160636901855469e+00
3.665655656693540048e+06 2.274491637945175171e-02 -3.351882472634315491e-02 8.978256225585937500e+00
3.665655670169685967e+06 8.379706181585788727e-03 -5.267243832349777222e-02 8.901641845703125000e+00
3.665655699810518883e+06 1.316810958087444305e-02 -8.140286058187484741e-02 8.954314231872558594e+00
3.665655709835570771e+06 -1.077390741556882858e-02 -4.309562966227531433e-02 8.949525833129882812e+00
3.665655738425155170e+06 1.795651204884052277e-02 -6.224924325942993164e-02 8.930372238159179688e+00
3.665655750056977849e+06 3.591302549466490746e-03 -5.746084079146385193e-02 8.920795440673828125e+00
3.665655779919685796e+06 8.379706181585788727e-03 -2.394201606512069702e-02 8.968679428100585938e+00
3.665655790091717150e+06 4.189852997660636902e-02 -7.182604819536209106e-02 8.906430244445800781e+00
3.665655818539426196e+06 1.316810958087444305e-02 -5.746084079146385193e-02 8.925583839416503906e+00
3.665655830137862824e+06 4.668693244457244873e-02 -2.873042039573192596e-02 8.882488250732421875e+00
3.665655859986613039e+06 3.711012750864028931e-02 -4.309562966227531433e-02 8.906430244445800781e+00
3.665655870162446052e+06 1.795651204884052277e-02 -5.746084079146385193e-02 8.916007041931152344e+00
3.665655897766509093e+06 5.626374110579490662e-02 -4.309562966227531433e-02 8.944737434387207031e+00
3.665655910233018920e+06 1.316810958087444305e-02 -4.309562966227531433e-02 8.935160636901855469e+00
3.665655940021092072e+06 1.795651204884052277e-02 -6.224924325942993164e-02 8.935160636901855469e+00
3.665655950259945821e+06 1.795651204884052277e-02 -2.394201606512069702e-02 8.911218643188476562e+00
3.665655980120049790e+06 -1.197100849822163582e-03 -1.915361359715461731e-02 8.925583839416503906e+00
3.665655990257341880e+06 4.189852997660636902e-02 -3.830722719430923462e-02 8.954314231872558594e+00
3.665656018704790156e+06 6.105214357376098633e-02 -7.182604819536209106e-02 8.920795440673828125e+00
3.665656030338904820e+06 8.379706181585788727e-03 -5.267243832349777222e-02 8.935160636901855469e+00
3.665656060271873139e+06 4.668693244457244873e-02 -1.436521019786596298e-02 8.959102630615234375e+00
3.665656070163071156e+06 1.316810958087444305e-02 -1.915361359715461731e-02 8.954314231872558594e+00
3.665656098619685974e+06 -1.556231081485748291e-02 -1.436521019786596298e-02 8.911218643188476562e+00
3.665656110219165217e+06 2.753331884741783142e-02 -4.309562966227531433e-02 8.925583839416503906e+00
3.665656138293019030e+06 2.753331884741783142e-02 -2.394201606512069702e-02 8.935160636901855469e+00
3.665656150264373049e+06 3.711012750864028931e-02 -1.915361359715461731e-02 8.954314231872558594e+00
3.665656178832550067e+06 4.189852997660636902e-02 -5.267243832349777222e-02 8.978256225585937500e+00
3.665656190424425062e+06 3.591302549466490746e-03 -5.746084079146385193e-02 8.930372238159179688e+00
3.665656220102706924e+06 1.795651204884052277e-02 -9.576806798577308655e-03 8.896853446960449219e+00
3.665656230301977135e+06 8.379706181585788727e-03 -5.746084079146385193e-02 8.868123054504394531e+00
3.665656258972601965e+06 1.795651204884052277e-02 -2.394201606512069702e-02 8.978256225585937500e+00
3.665656270547394175e+06 2.753331884741783142e-02 -2.394201606512069702e-02 8.882488250732421875e+00
3.665656300373435952e+06 3.232172131538391113e-02 -1.915361359715461731e-02 8.896853446960449219e+00
3.665656310575988144e+06 -1.197100849822163582e-03 -4.788403213024139404e-02 8.901641845703125000e+00
3.665656340414998122e+06 2.753331884741783142e-02 -3.830722719430923462e-02 8.973467826843261719e+00
3.665656350618383847e+06 -5.985504016280174255e-03 -5.746084079146385193e-02 8.920795440673828125e+00
3.665656378246717155e+06 1.795651204884052277e-02 -5.746084079146385193e-02 8.896853446960449219e+00
3.665656391086352058e+06 3.232172131538391113e-02 -4.309562966227531433e-02 8.983044624328613281e+00
3.665656420511248056e+06 3.232172131538391113e-02 -6.224924325942993164e-02 8.930372238159179688e+00
3.665656430698018987e+06 1.795651204884052277e-02 -2.873042039573192596e-02 8.901641845703125000e+00
3.665656458999529015e+06 8.379706181585788727e-03 -5.267243832349777222e-02 8.920795440673828125e+00
3.665656470749164931e+06 3.232172131538391113e-02 -4.788403213024139404e-02 8.939949035644531250e+00
3.665656500607133843e+06 5.147533491253852844e-02 -8.140286058187484741e-02 8.925583839416503906e+00
3.665656510981143918e+06 2.753331884741783142e-02 -4.309562966227531433e-02 8.973467826843261719e+00
3.665656539078800008e+06 5.626374110579490662e-02 -5.267243832349777222e-02 8.906430244445800781e+00
3.665656550833696034e+06 -1.197100849822163582e-03 -7.182604819536209106e-02 8.930372238159179688e+00
3.665656578782653902e+06 2.753331884741783142e-02 -3.351882472634315491e-02 8.935160636901855469e+00
3.665656590899425093e+06 2.274491637945175171e-02 -7.661445438861846924e-02 8.925583839416503906e+00
3.665656620754165109e+06 8.379706181585788727e-03 -2.873042039573192596e-02 8.906430244445800781e+00
3.665656630772966892e+06 1.795651204884052277e-02 -3.830722719430923462e-02 8.992621421813964844e+00
3.665656659200102091e+06 2.753331884741783142e-02 -4.309562966227531433e-02 8.925583839416503906e+00
3.665656670802185778e+06 8.379706181585788727e-03 -2.873042039573192596e-02 8.963891029357910156e+00
3.665656700614477042e+06 4.668693244457244873e-02 -4.788403213024139404e-02 8.939949035644531250e+00
3.665656710817393847e+06 2.274491637945175171e-02 -6.224924325942993164e-02 8.930372238159179688e+00
3.665656739539737813e+06 1.316810958087444305e-02 -5.267243832349777222e-02 8.935160636901855469e+00
3.665656750879581086e+06 2.753331884741783142e-02 -5.267243832349777222e-02 8.896853446960449219e+00
3.665656780735726934e+06 1.795651204884052277e-02 -5.267243832349777222e-02 8.930372238159179688e+00
3.665656791119632777e+06 -1.197100849822163582e-03 -4.788403213024139404e-02 8.935160636901855469e+00
3.665656818571143784e+06 3.232172131538391113e-02 -7.182604819536209106e-02 8.916007041931152344e+00
3.665656831111769192e+06 3.232172131538391113e-02 -5.267243832349777222e-02 8.944737434387207031e+00
3.665656860817445908e+06 2.753331884741783142e-02 -3.830722719430923462e-02 8.920795440673828125e+00
3.665656870971769094e+06 1.795651204884052277e-02 -6.224924325942993164e-02 8.949525833129882812e+00
3.665656899430102203e+06 3.232172131538391113e-02 -9.576806798577308655e-03 8.930372238159179688e+00
3.665656910997185856e+06 3.711012750864028931e-02 -5.746084079146385193e-02 8.939949035644531250e+00
3.665656940933592152e+06 1.795651204884052277e-02 -6.224924325942993164e-02 8.916007041931152344e+00
3.665656951007497963e+06 -2.992752194404602051e-02 -9.097966551780700684e-02 8.911218643188476562e+00
3.665656980897394009e+06 -5.985504016280174255e-03 -4.309562966227531433e-02 8.954314231872558594e+00
3.665656991070675198e+06 2.753331884741783142e-02 -9.097966551780700684e-02 8.949525833129882812e+00
3.665657017809737939e+06 3.232172131538391113e-02 -6.224924325942993164e-02 8.916007041931152344e+00
3.665657031080882996e+06 2.274491637945175171e-02 -2.394201606512069702e-02 8.901641845703125000e+00
3.665657060943382792e+06 1.795651204884052277e-02 -4.788403213024139404e-02 8.963891029357910156e+00
3.665657071113226935e+06 -1.077390741556882858e-02 -5.746084079146385193e-02 8.973467826843261719e+00
3.665657099570518825e+06 3.591302549466490746e-03 -7.182604819536209106e-02 8.963891029357910156e+00
3.665657111171716824e+06 4.189852997660636902e-02 -9.576806798577308655e-03 8.973467826843261719e+00
3.665657141047810204e+06 1.795651204884052277e-02 -7.182604819536209106e-02 8.987833023071289062e+00
3.665657151199320797e+06 4.189852997660636902e-02 -4.309562966227531433e-02 8.920795440673828125e+00
3.665657179675153922e+06 2.274491637945175171e-02 -6.224924325942993164e-02 8.920795440673828125e+00
3.665657191577550024e+06 2.274491637945175171e-02 -5.746084079146385193e-02 8.944737434387207031e+00
3.665657221413903870e+06 1.795651204884052277e-02 -6.224924325942993164e-02 8.930372238159179688e+00
3.665657231286508031e+06 2.274491637945175171e-02 -5.746084079146385193e-02 8.925583839416503906e+00
3.665657258910519071e+06 3.591302549466490746e-03 -5.746084079146385193e-02 8.896853446960449219e+00
3.665657271324997768e+06 4.189852997660636902e-02 -2.873042039573192596e-02 8.877699851989746094e+00
3.665657301218486857e+06 4.189852997660636902e-02 -4.309562966227531433e-02 8.906430244445800781e+00
3.665657311344841961e+06 3.711012750864028931e-02 -7.182604819536209106e-02 8.949525833129882812e+00
3.665657341376717202e+06 4.189852997660636902e-02 -6.224924325942993164e-02 8.935160636901855469e+00
3.665657351392705925e+06 -1.197100849822163582e-03 -2.873042039573192596e-02 8.925583839416503906e+00
3.665657379879632965e+06 1.316810958087444305e-02 -4.788403399288654327e-03 8.930372238159179688e+00
3.665657391423175111e+06 1.316810958087444305e-02 -6.224924325942993164e-02 8.939949035644531250e+00
3.665657421322966926e+06 2.274491637945175171e-02 -6.224924325942993164e-02 8.930372238159179688e+00
3.665657431457133032e+06 8.379706181585788727e-03 -5.746084079146385193e-02 8.916007041931152344e+00
3.665657459924112074e+06 2.274491637945175171e-02 -4.309562966227531433e-02 8.944737434387207031e+00
3.665657471546507906e+06 1.316810958087444305e-02 -6.224924325942993164e-02 8.954314231872558594e+00
3.665657499708382878e+06 3.591302549466490746e-03 -5.267243832349777222e-02 8.930372238159179688e+00
3.665657511544737034e+06 -1.077390741556882858e-02 -6.703764945268630981e-02 8.944737434387207031e+00
3.665657540032862220e+06 3.711012750864028931e-02 -5.267243832349777222e-02 8.930372238159179688e+00
3.665657551571560092e+06 2.274491637945175171e-02 -3.351882472634315491e-02 8.939949035644531250e+00
3.665657581485675182e+06 7.062894850969314575e-02 -4.788403213024139404e-02 8.949525833129882812e+00
3.665657591624217108e+06 1.316810958087444305e-02 -4.309562966227531433e-02 8.944737434387207031e+00
3.665657620091352146e+06 1.795651204884052277e-02 -4.788403213024139404e-02 8.935160636901855469e+00
3.665657631644684821e+06 4.189852997660636902e-02 -6.703764945268630981e-02 8.944737434387207031e+00
3.665657661575153936e+06 5.147533491253852844e-02 -4.788403213024139404e-02 8.968679428100585938e+00
3.665657671676924918e+06 -1.197100849822163582e-03 -3.830722719430923462e-02 8.959102630615234375e+00
3.665657701576873194e+06 -2.513911761343479156e-02 -5.746084079146385193e-02 8.949525833129882812e+00
3.665657711737236939e+06 3.232172131538391113e-02 -4.309562966227531433e-02 8.882488250732421875e+00
3.665657739380830899e+06 4.189852997660636902e-02 -4.788403213024139404e-02 8.949525833129882812e+00
3.665657751764581073e+06 5.147533491253852844e-02 -5.746084079146385193e-02 8.935160636901855469e+00
3.665657781684216112e+06 3.591302549466490746e-03 -9.576806798577308655e-03 8.930372238159179688e+00
3.665657791795154102e+06 3.591302549466490746e-03 -6.703764945268630981e-02 8.911218643188476562e+00
3.665657820316507947e+06 3.711012750864028931e-02 -5.746084079146385193e-02 8.911218643188476562e+00
3.665657831901612226e+06 3.591302549466490746e-03 -7.182604819536209106e-02 8.911218643188476562e+00
3.665657861737498082e+06 4.668693244457244873e-02 -6.703764945268630981e-02 8.920795440673828125e+00
3.665657871942914091e+06 -1.197100849822163582e-03 -4.788403213024139404e-02 8.973467826843261719e+00
3.665657900383123197e+06 2.753331884741783142e-02 -4.788403213024139404e-02 8.935160636901855469e+00
3.665657911949736997e+06 2.753331884741783142e-02 -5.746084079146385193e-02 8.906430244445800781e+00
3.665657940069580916e+06 -1.197100849822163582e-03 -2.394201606512069702e-02 8.930372238159179688e+00
3.665657951955987141e+06 4.668693244457244873e-02 -5.267243832349777222e-02 8.925583839416503906e+00
3.665657981846767943e+06 1.316810958087444305e-02 -5.746084079146385193e-02 8.920795440673828125e+00
3.665657991984997876e+06 1.316810958087444305e-02 -4.788403213024139404e-02 8.944737434387207031e+00
3.665658020810727030e+06 4.668693244457244873e-02 -2.873042039573192596e-02 8.963891029357910156e+00
3.665658032026456203e+06 8.379706181585788727e-03 -6.224924325942993164e-02 8.916007041931152344e+00
3.665658062110101804e+06 1.795651204884052277e-02 -3.830722719430923462e-02 8.959102630615234375e+00
3.665658072100154124e+06 4.189852997660636902e-02 -5.267243832349777222e-02 8.930372238159179688e+00
3.665658100554632954e+06 2.274491637945175171e-02 -2.873042039573192596e-02 8.954314231872558594e+00
3.665658112113955896e+06 2.274491637945175171e-02 -2.394201606512069702e-02 8.968679428100585938e+00
3.665658142217758112e+06 5.626374110579490662e-02 -3.351882472634315491e-02 8.906430244445800781e+00
3.665658152355154045e+06 4.189852997660636902e-02 -6.703764945268630981e-02 8.911218643188476562e+00
3.665658180001611821e+06 1.795651204884052277e-02 -1.436521019786596298e-02 8.944737434387207031e+00
3.665658192236819770e+06 4.189852997660636902e-02 -6.224924325942993164e-02 8.892065048217773438e+00
3.665658222112081014e+06 1.795651204884052277e-02 -4.309562966227531433e-02 8.901641845703125000e+00
3.665658232259373181e+06 3.232172131538391113e-02 -6.224924325942993164e-02 8.863334655761718750e+00
3.665658260753694922e+06 2.753331884741783142e-02 -2.873042039573192596e-02 8.877699851989746094e+00
3.665658272319998126e+06 2.753331884741783142e-02 -5.267243832349777222e-02 8.920795440673828125e+00
3.665658302333851811e+06 3.711012750864028931e-02 -4.788403213024139404e-02 8.896853446960449219e+00
3.665658312376508024e+06 3.232172131538391113e-02 -5.267243832349777222e-02 8.935160636901855469e+00
3.665658342456247192e+06 3.232172131538391113e-02 -4.309562966227531433e-02 8.930372238159179688e+00
3.665658352746090852e+06 3.711012750864028931e-02 -5.746084079146385193e-02 8.930372238159179688e+00
3.665658379178069998e+06 4.668693244457244873e-02 -5.267243832349777222e-02 8.916007041931152344e+00
3.665658392451819964e+06 6.105214357376098633e-02 -4.788403213024139404e-02 8.944737434387207031e+00
3.665658422728800215e+06 5.147533491253852844e-02 -7.182604819536209106e-02 8.968679428100585938e+00
3.665658432736977004e+06 3.711012750864028931e-02 -5.267243832349777222e-02 8.939949035644531250e+00
3.665658461143538821e+06 3.232172131538391113e-02 -9.576806798577308655e-03 8.901641845703125000e+00
3.665658472615883220e+06 3.232172131538391113e-02 -5.746084079146385193e-02 8.906430244445800781e+00
3.665658502649215981e+06 7.541735470294952393e-02 -2.394201606512069702e-02 8.911218643188476562e+00
3.665658512565987185e+06 4.189852997660636902e-02 -6.224924325942993164e-02 8.959102630615234375e+00
3.665658541238435078e+06 8.020575344562530518e-02 -7.661445438861846924e-02 8.939949035644531250e+00
3.665658552612601779e+06 3.711012750864028931e-02 -4.309562966227531433e-02 8.973467826843261719e+00
3.665658582610206213e+06 3.711012750864028931e-02 -9.576806426048278809e-02 8.920795440673828125e+00
3.665658592617028859e+06 5.147533491253852844e-02 -3.830722719430923462e-02 8.901641845703125000e+00
3.665658620510831010e+06 1.316810958087444305e-02 -5.267243832349777222e-02 8.930372238159179688e+00
3.665658632668904029e+06 1.795651204884052277e-02 -8.140286058187484741e-02 8.968679428100585938e+00
3.665658662568382919e+06 4.668693244457244873e-02 -3.351882472634315491e-02 8.935160636901855469e+00
3.665658672796977218e+06 1.316810958087444305e-02 -1.005564704537391663e-01 8.930372238159179688e+00
3.665658702798226848e+06 4.668693244457244873e-02 -3.351882472634315491e-02 8.935160636901855469e+00
3.665658712739111856e+06 1.316810958087444305e-02 -3.351882472634315491e-02 8.887276649475097656e+00
3.665658741427341010e+06 4.189852997660636902e-02 -8.140286058187484741e-02 8.949525833129882812e+00
3.665658752792810090e+06 4.668693244457244873e-02 -1.915361359715461731e-02 8.939949035644531250e+00
3.665658782880362123e+06 7.062894850969314575e-02 -5.267243832349777222e-02 8.901641845703125000e+00
3.665658793025048915e+06 5.147533491253852844e-02 -4.788403213024139404e-02 8.949525833129882812e+00
3.665658821507548913e+06 4.189852997660636902e-02 -3.830722719430923462e-02 8.954314231872558594e+00
3.665658833055465948e+06 -1.197100849822163582e-03 -5.267243832349777222e-02 8.901641845703125000e+00
3.665658861333382782e+06 7.062894850969314575e-02 -4.788403213024139404e-02 8.906430244445800781e+00
3.665658873157653958e+06 2.274491637945175171e-02 -4.788403213024139404e-02 8.896853446960449219e+00
3.665658901569319889e+06 3.232172131538391113e-02 -4.788403213024139404e-02 8.911218643188476562e+00
3.665658913195830770e+06 3.232172131538391113e-02 -4.309562966227531433e-02 8.906430244445800781e+00
3.665658943044112064e+06 8.379706181585788727e-03 -1.915361359715461731e-02 8.911218643188476562e+00
3.665658953156508040e+06 4.189852997660636902e-02 -8.619125932455062866e-02 8.973467826843261719e+00
3.665658983094268013e+06 4.668693244457244873e-02 -7.182604819536209106e-02 8.911218643188476562e+00
3.665658993214216083e+06 3.232172131538391113e-02 -7.661445438861846924e-02 8.882488250732421875e+00
3.665659021485153120e+06 1.316810958087444305e-02 -7.182604819536209106e-02 8.844181060791015625e+00
3.665659033071715850e+06 4.189852997660636902e-02 -6.224924325942993164e-02 8.978256225585937500e+00
3.665659062950517982e+06 4.189852997660636902e-02 -5.746084079146385193e-02 8.887276649475097656e+00
3.665659073091507889e+06 4.189852997660636902e-02 -2.394201606512069702e-02 8.887276649475097656e+00
3.665659100764320232e+06 6.584054976701736450e-02 -6.224924325942993164e-02 8.939949035644531250e+00
3.665659113079215866e+06 3.232172131538391113e-02 -5.746084079146385193e-02 8.896853446960449219e+00
3.665659143188486807e+06 3.711012750864028931e-02 -5.746084079146385193e-02 8.901641845703125000e+00
3.665659153139424045e+06 1.316810958087444305e-02 -6.224924325942993164e-02 8.968679428100585938e+00
3.665659181588850915e+06 3.232172131538391113e-02 -1.436521019786596298e-02 8.930372238159179688e+00
3.665659193345517851e+06 4.668693244457244873e-02 -3.830722719430923462e-02 8.892065048217773438e+00
3.665659223251039162e+06 2.274491637945175171e-02 -5.746084079146385193e-02 8.925583839416503906e+00
3.665659233462392818e+06 1.795651204884052277e-02 -2.394201606512069702e-02 8.916007041931152344e+00
3.665659261915517971e+06 2.753331884741783142e-02 -7.182604819536209106e-02 8.901641845703125000e+00
3.665659273463017773e+06 2.753331884741783142e-02 -7.182604819536209106e-02 8.906430244445800781e+00
3.665659303367028013e+06 2.274491637945175171e-02 -5.267243832349777222e-02 8.968679428100585938e+00
3.665659313505361788e+06 3.711012750864028931e-02 -5.746084079146385193e-02 8.882488250732421875e+00
3.665659340454060119e+06 -1.197100849822163582e-03 -4.788403213024139404e-02 8.939949035644531250e+00
3.665659353499737103e+06 5.147533491253852844e-02 -6.224924325942993164e-02 8.916007041931152344e+00
3.665659383256976027e+06 1.795651204884052277e-02 -5.746084079146385193e-02 8.925583839416503906e+00
3.665659393599320203e+06 -5.985504016280174255e-03 -5.267243832349777222e-02 8.906430244445800781e+00
3.665659423280934803e+06 1.316810958087444305e-02 -4.309562966227531433e-02 8.968679428100585938e+00
3.665659433424164075e+06 -5.985504016280174255e-03 -2.873042039573192596e-02 8.920795440673828125e+00
3.665659462032862008e+06 6.105214357376098633e-02 -4.788403213024139404e-02 8.906430244445800781e+00
3.665659473471872043e+06 -2.513911761343479156e-02 -4.788403213024139404e-02 8.868123054504394531e+00
3.665659503703487106e+06 3.711012750864028931e-02 -2.873042039573192596e-02 8.925583839416503906e+00
3.665659513514319900e+06 1.795651204884052277e-02 -1.053448766469955444e-01 8.906430244445800781e+00
3.665659541316350922e+06 2.274491637945175171e-02 -4.788403213024139404e-02 8.844181060791015625e+00
3.665659553891403135e+06 2.274491637945175171e-02 -2.873042039573192596e-02 8.863334655761718750e+00
3.665659583948851097e+06 6.584054976701736450e-02 -5.746084079146385193e-02 8.911218643188476562e+00
3.665659593580152839e+06 3.591302549466490746e-03 -1.436521019786596298e-02 8.944737434387207031e+00
3.665659623717704788e+06 8.379706181585788727e-03 -3.830722719430923462e-02 8.887276649475097656e+00
3.665659633868487086e+06 2.274491637945175171e-02 -4.309562966227531433e-02 8.939949035644531250e+00
3.665659662355517969e+06 8.379706181585788727e-03 -4.788403213024139404e-02 8.896853446960449219e+00
3.665659673659684137e+06 3.711012750864028931e-02 -7.661445438861846924e-02 8.949525833129882812e+00
3.665659703799216077e+06 5.147533491253852844e-02 -4.788403213024139404e-02 8.920795440673828125e+00
3.665659713697340805e+06 3.591302549466490746e-03 -2.394201606512069702e-02 8.911218643188476562e+00
3.665659742437080014e+06 3.232172131538391113e-02 -5.267243832349777222e-02 8.887276649475097656e+00
3.665659753767340910e+06 1.316810958087444305e-02 -1.915361359715461731e-02 8.877699851989746094e+00
3.665659782091090921e+06 5.147533491253852844e-02 -7.661445438861846924e-02 8.901641845703125000e+00
3.665659793775621802e+06 3.232172131538391113e-02 -7.182604819536209106e-02 8.939949035644531250e+00
3.665659822327496950e+06 7.062894850969314575e-02 -3.830722719430923462e-02 8.882488250732421875e+00
3.665659834010362159e+06 3.232172131538391113e-02 -5.746084079146385193e-02 8.930372238159179688e+00
3.665659863879840821e+06 5.147533491253852844e-02 -4.788403213024139404e-02 8.901641845703125000e+00
3.665659874042756855e+06 3.711012750864028931e-02 -3.351882472634315491e-02 8.920795440673828125e+00
3.665659902547548991e+06 5.147533491253852844e-02 -3.830722719430923462e-02 8.916007041931152344e+00
3.665659914090882055e+06 -1.197100849822163582e-03 -7.661445438861846924e-02 8.949525833129882812e+00
3.665659943998017814e+06 2.274491637945175171e-02 -6.703764945268630981e-02 8.939949035644531250e+00
3.665659954122757073e+06 2.753331884741783142e-02 -7.661445438861846924e-02 8.925583839416503906e+00
3.665659981749841012e+06 2.274491637945175171e-02 -3.830722719430923462e-02 8.906430244445800781e+00
3.665659994189579971e+06 3.711012750864028931e-02 -8.140286058187484741e-02 8.911218643188476562e+00
3.665660023876871914e+06 4.668693244457244873e-02 -7.182604819536209106e-02 8.916007041931152344e+00
3.665660034012444783e+06 4.668693244457244873e-02 -5.746084079146385193e-02 8.916007041931152344e+00
3.665660063950725831e+06 6.584054976701736450e-02 -5.746084079146385193e-02 8.944737434387207031e+00
3.665660074006820098e+06 4.189852997660636902e-02 -4.309562966227531433e-02 8.892065048217773438e+00
3.665660102512028068e+06 3.232172131538391113e-02 -5.267243832349777222e-02 8.906430244445800781e+00
3.665660114041924011e+06 2.274491637945175171e-02 -6.703764945268630981e-02 8.858546257019042969e+00
3.665660143959527835e+06 2.753331884741783142e-02 -1.436521019786596298e-02 8.920795440673828125e+00
3.665660154083069880e+06 1.795651204884052277e-02 -4.788403213024139404e-02 8.944737434387207031e+00
3.665660182595517952e+06 2.753331884741783142e-02 -3.830722719430923462e-02 8.896853446960449219e+00
3.665660194137445185e+06 3.591302549466490746e-03 -5.267243832349777222e-02 8.911218643188476562e+00
3.665660222270674072e+06 5.147533491253852844e-02 -6.703764945268630981e-02 8.930372238159179688e+00
3.665660234331350774e+06 8.379706181585788727e-03 -2.394201606512069702e-02 8.920795440673828125e+00
3.665660262832860928e+06 -1.197100849822163582e-03 -3.830722719430923462e-02 8.959102630615234375e+00
3.665660274461403023e+06 4.189852997660636902e-02 -6.703764945268630981e-02 8.872911453247070312e+00
3.665660304332653061e+06 3.232172131538391113e-02 -8.619125932455062866e-02 8.939949035644531250e+00
3.665660314588643145e+06 3.711012750864028931e-02 -6.224924325942993164e-02 8.949525833129882812e+00
3.665660344387183897e+06 4.189852997660636902e-02 -5.267243832349777222e-02 8.935160636901855469e+00
3.665660354538434185e+06 3.711012750864028931e-02 -6.224924325942993164e-02 8.901641845703125000e+00
3.665660383003278170e+06 5.147533491253852844e-02 -6.224924325942993164e-02 8.935160636901855469e+00
3.665660394553537946e+06 2.274491637945175171e-02 -7.182604819536209106e-02 8.949525833129882812e+00
3.665660424403173849e+06 3.711012750864028931e-02 -4.788403213024139404e-02 8.911218643188476562e+00
3.665660434584214818e+06 2.753331884741783142e-02 -6.703764945268630981e-02 8.949525833129882812e+00
3.665660462614268064e+06 4.189852997660636902e-02 -6.224924325942993164e-02 8.944737434387207031e+00
3.665660474708070047e+06 6.105214357376098633e-02 -5.746084079146385193e-02 8.925583839416503906e+00
3.665660504533903208e+06 4.189852997660636902e-02 -6.224924325942993164e-02 8.992621421813964844e+00
3.665660514658695087e+06 4.189852997660636902e-02 -6.703764945268630981e-02 8.925583839416503906e+00
3.665660542940934189e+06 3.232172131538391113e-02 -4.788403399288654327e-03 8.959102630615234375e+00
3.665660554485100787e+06 2.753331884741783142e-02 -3.830722719430923462e-02 8.939949035644531250e+00
3.665660584562653210e+06 3.232172131538391113e-02 -7.661445438861846924e-02 8.872911453247070312e+00
3.665660594721820205e+06 3.232172131538391113e-02 -3.830722719430923462e-02 8.935160636901855469e+00
3.665660624590205029e+06 3.232172131538391113e-02 -5.267243832349777222e-02 8.968679428100585938e+00
3.665660634776089806e+06 4.668693244457244873e-02 -3.830722719430923462e-02 8.920795440673828125e+00
3.665660661525360774e+06 2.753331884741783142e-02 -5.746084079146385193e-02 8.916007041931152344e+00
3.665660674745673779e+06 1.316810958087444305e-02 -4.788403213024139404e-02 8.887276649475097656e+00
3.665660704658226110e+06 3.711012750864028931e-02 -4.309562966227531433e-02 8.916007041931152344e+00
3.665660714862391818e+06 3.711012750864028931e-02 -6.224924325942993164e-02 8.954314231872558594e+00
3.665660743301766925e+06 8.379706181585788727e-03 -2.873042039573192596e-02 8.911218643188476562e+00
3.665660754875829909e+06 3.232172131538391113e-02 -4.309562966227531433e-02 8.954314231872558594e+00
3.665660784755830187e+06 3.591302549466490746e-03 -5.267243832349777222e-02 8.939949035644531250e+00
3.665660794881506823e+06 2.274491637945175171e-02 -4.788403213024139404e-02 8.911218643188476562e+00
3.665660823343642056e+06 2.753331884741783142e-02 -4.788403213024139404e-02 8.882488250732421875e+00
3.665660834946558811e+06 4.189852997660636902e-02 -7.182604819536209106e-02 8.959102630615234375e+00
3.665660864750464913e+06 8.379706181585788727e-03 -1.436521019786596298e-02 8.925583839416503906e+00
3.665660874970100820e+06 5.147533491253852844e-02 -1.915361359715461731e-02 8.901641845703125000e+00
3.665660902678382117e+06 2.753331884741783142e-02 -5.267243832349777222e-02 8.963891029357910156e+00
3.665660915038694162e+06 7.062894850969314575e-02 -6.224924325942993164e-02 8.954314231872558594e+00
3.665660944883225951e+06 4.668693244457244873e-02 -8.619125932455062866e-02 8.911218643188476562e+00
3.665660955057132058e+06 1.316810958087444305e-02 -7.661445438861846924e-02 8.916007041931152344e+00
3.665660984936975874e+06 1.795651204884052277e-02 -5.746084079146385193e-02 8.882488250732421875e+00
3.665660994898538105e+06 3.711012750864028931e-02 -6.224924325942993164e-02 8.944737434387207031e+00
3.665661023411350790e+06 2.753331884741783142e-02 -6.224924325942993164e-02 8.935160636901855469e+00
3.665661034921975806e+06 4.189852997660636902e-02 -7.182604819536209106e-02 8.930372238159179688e+00
3.665661064814215060e+06 1.316810958087444305e-02 -8.140286058187484741e-02 8.954314231872558594e+00
3.665661074969370849e+06 2.274491637945175171e-02 -5.267243832349777222e-02 8.896853446960449219e+00
3.665661103451351169e+06 3.232172131538391113e-02 -5.746084079146385193e-02 8.959102630615234375e+00
3.665661114985204767e+06 4.189852997660636902e-02 -5.267243832349777222e-02 8.935160636901855469e+00
3.665661143188069109e+06 4.668693244457244873e-02 -7.661445438861846924e-02 8.906430244445800781e+00
3.665661155044214800e+06 2.753331884741783142e-02 -6.703764945268630981e-02 8.920795440673828125e+00
3.665661183535153046e+06 1.316810958087444305e-02 -3.830722719430923462e-02 8.916007041931152344e+00
3.665661195081037935e+06 6.105214357376098633e-02 -6.224924325942993164e-02 8.954314231872558594e+00
3.665661225406194106e+06 5.147533491253852844e-02 -7.661445438861846924e-02 8.896853446960449219e+00
3.665661235380569007e+06 2.753331884741783142e-02 -6.703764945268630981e-02 8.911218643188476562e+00
3.665661263643277809e+06 2.753331884741783142e-02 -6.224924325942993164e-02 8.954314231872558594e+00
3.665661275541245937e+06 2.753331884741783142e-02 -5.267243832349777222e-02 8.939949035644531250e+00
3.665661305327392183e+06 4.668693244457244873e-02 -4.309562966227531433e-02 8.916007041931152344e+00
3.665661315519631840e+06 5.147533491253852844e-02 -1.436521019786596298e-02 8.949525833129882812e+00
3.665661345325726084e+06 1.316810958087444305e-02 -7.661445438861846924e-02 8.868123054504394531e+00
3.665661355570933782e+06 1.795651204884052277e-02 -3.351882472634315491e-02 8.939949035644531250e+00
3.665661383279423229e+06 3.711012750864028931e-02 -4.788403213024139404e-02 8.882488250732421875e+00
3.665661395533537958e+06 6.105214357376098633e-02 -3.830722719430923462e-02 8.911218643188476562e+00
3.665661425443590153e+06 3.232172131538391113e-02 -4.309562966227531433e-02 8.901641845703125000e+00
3.665661435629787855e+06 -1.077390741556882858e-02 -4.309562966227531433e-02 8.935160636901855469e+00
3.665661463871194050e+06 1.316810958087444305e-02 -7.182604819536209106e-02 8.911218643188476562e+00
3.665661475445985794e+06 7.062894850969314575e-02 -6.224924325942993164e-02 8.872911453247070312e+00
3.665661505562860984e+06 2.753331884741783142e-02 -4.788403213024139404e-02 8.944737434387207031e+00
3.665661515831349883e+06 1.316810958087444305e-02 -7.182604819536209106e-02 8.939949035644531250e+00
3.665661543926819228e+06 3.232172131538391113e-02 -6.703764945268630981e-02 8.848969459533691406e+00
3.665661555499371141e+06 2.753331884741783142e-02 -5.267243832349777222e-02 8.925583839416503906e+00
3.665661583669995889e+06 2.274491637945175171e-02 -6.224924325942993164e-02 8.954314231872558594e+00
3.665661595504944213e+06 1.795651204884052277e-02 -3.351882472634315491e-02 8.853757858276367188e+00
3.665661625424474943e+06 -5.985504016280174255e-03 -4.788403213024139404e-02 8.959102630615234375e+00
3.665661635548485909e+06 3.711012750864028931e-02 -1.915361359715461731e-02 8.959102630615234375e+00
3.665661664018121082e+06 2.274491637945175171e-02 -2.873042039573192596e-02 8.925583839416503906e+00
3.665661675573590212e+06 6.105214357376098633e-02 -6.703764945268630981e-02 8.911218643188476562e+00
3.665661705450986046e+06 4.189852997660636902e-02 -7.661445438861846924e-02 8.930372238159179688e+00
3.665661715575568844e+06 -1.197100849822163582e-03 -4.309562966227531433e-02 8.930372238159179688e+00
3.665661744324996136e+06 8.379706181585788727e-03 -7.661445438861846924e-02 8.920795440673828125e+00
3.665661755828172900e+06 5.147533491253852844e-02 -3.351882472634315491e-02 8.983044624328613281e+00
3.665661785563955083e+06 1.795651204884052277e-02 -7.182604819536209106e-02 8.911218643188476562e+00
3.665661795685673133e+06 4.668693244457244873e-02 -7.182604819536209106e-02 8.954314231872558594e+00
3.665661823306974955e+06 4.189852997660636902e-02 -6.224924325942993164e-02 8.949525833129882812e+00
3.665661835689788219e+06 5.147533491253852844e-02 -3.830722719430923462e-02 8.949525833129882812e+00
3.665661865614214912e+06 8.379706181585788727e-03 -9.576806798577308655e-03 8.949525833129882812e+00
3.665661875739839859e+06 4.189852997660636902e-02 -5.746084079146385193e-02 8.901641845703125000e+00
3.665661904209631961e+06 2.753331884741783142e-02 -8.619125932455062866e-02 8.963891029357910156e+00
3.665661915771401953e+06 4.668693244457244873e-02 -7.182604819536209106e-02 8.920795440673828125e+00
3.665661945673954207e+06 1.795651204884052277e-02 -7.661445438861846924e-02 8.978256225585937500e+00
3.665661955839632079e+06 3.711012750864028931e-02 -2.873042039573192596e-02 8.920795440673828125e+00
3.665661985733172856e+06 3.591302549466490746e-03 -4.309562966227531433e-02 8.896853446960449219e+00
3.665661995835829061e+06 2.753331884741783142e-02 -3.830722719430923462e-02 9.006986618041992188e+00
3.665662022606506944e+06 6.584054976701736450e-02 -4.309562966227531433e-02 8.896853446960449219e+00
3.665662035920620896e+06 2.753331884741783142e-02 -7.182604819536209106e-02 8.935160636901855469e+00
3.665662065774579067e+06 2.274491637945175171e-02 -7.661445438861846924e-02 8.930372238159179688e+00
3.665662075914631132e+06 -1.197100849822163582e-03 -3.830722719430923462e-02 8.930372238159179688e+00
3.665662104603068903e+06 -1.077390741556882858e-02 -2.394201606512069702e-02 8.959102630615234375e+00
3.665662116151194088e+06 2.753331884741783142e-02 -5.267243832349777222e-02 8.906430244445800781e+00
3.665662146105568856e+06 6.105214357376098633e-02 -5.746084079146385193e-02 8.959102630615234375e+00
3.665662156226715073e+06 1.316810958087444305e-02 -3.351882472634315491e-02 8.920795440673828125e+00
3.665662185167652089e+06 1.795651204884052277e-02 -6.224924325942993164e-02 8.925583839416503906e+00
3.665662196089684032e+06 2.274491637945175171e-02 -3.830722719430923462e-02 8.906430244445800781e+00
3.665662225988172926e+06 3.711012750864028931e-02 -3.351882472634315491e-02 8.944737434387207031e+00
3.665662236124735791e+06 2.753331884741783142e-02 -5.746084079146385193e-02 8.930372238159179688e+00
3.665662263902235776e+06 6.105214357376098633e-02 -7.182604819536209106e-02 8.935160636901855469e+00
3.665662276136662811e+06 5.626374110579490662e-02 -4.309562966227531433e-02 8.896853446960449219e+00
3.665662306060412899e+06 4.189852997660636902e-02 -3.351882472634315491e-02 8.916007041931152344e+00
3.665662316165412776e+06 4.189852997660636902e-02 -7.182604819536209106e-02 8.920795440673828125e+00
3.665662346094578970e+06 2.274491637945175171e-02 -3.351882472634315491e-02 8.959102630615234375e+00
3.665662356211663224e+06 1.316810958087444305e-02 -4.309562966227531433e-02 8.944737434387207031e+00
3.665662385195360985e+06 4.189852997660636902e-02 -5.746084079146385193e-02 8.949525833129882812e+00
3.665662396485047881e+06 4.189852997660636902e-02 -1.915361359715461731e-02 8.959102630615234375e+00
3.665662426146714948e+06 3.591302549466490746e-03 -5.267243832349777222e-02 8.939949035644531250e+00
3.665662436417182907e+06 3.232172131538391113e-02 -8.619125932455062866e-02 8.911218643188476562e+00
3.665662464749422856e+06 4.189852997660636902e-02 -7.182604819536209106e-02 8.882488250732421875e+00
3.665662476309163030e+06 3.232172131538391113e-02 -7.182604819536209106e-02 8.944737434387207031e+00
3.665662504782027099e+06 8.379706181585788727e-03 -6.703764945268630981e-02 8.920795440673828125e+00
3.665662516670152079e+06 3.711012750864028931e-02 -7.661445438861846924e-02 8.906430244445800781e+00
3.665662545056453906e+06 2.753331884741783142e-02 -2.394201606512069702e-02 8.954314231872558594e+00
3.665662556393901818e+06 -1.197100849822163582e-03 -6.703764945268630981e-02 8.882488250732421875e+00
3.665662586375880986e+06 3.232172131538391113e-02 -3.351882472634315491e-02 8.944737434387207031e+00
3.665662596824370790e+06 1.316810958087444305e-02 -3.830722719430923462e-02 8.949525833129882812e+00
3.665662625132183079e+06 1.795651204884052277e-02 -5.746084079146385193e-02 8.872911453247070312e+00
3.665662636944319122e+06 3.232172131538391113e-02 -4.788403213024139404e-02 8.916007041931152344e+00
3.665662666443849914e+06 8.379706181585788727e-03 -8.140286058187484741e-02 8.954314231872558594e+00
3.665662676490256097e+06 5.626374110579490662e-02 -5.267243832349777222e-02 8.963891029357910156e+00
3.665662706573850010e+06 5.626374110579490662e-02 -2.873042039573192596e-02 8.944737434387207031e+00
3.665662716752755921e+06 3.711012750864028931e-02 -5.746084079146385193e-02 8.930372238159179688e+00
3.665662744461089838e+06 1.316810958087444305e-02 -8.619125932455062866e-02 8.911218643188476562e+00
3.665662756855568849e+06 8.379706181585788727e-03 -4.788403213024139404e-02 8.973467826843261719e+00
3.665662786488641985e+06 3.711012750864028931e-02 -7.661445438861846924e-02 8.901641845703125000e+00
3.665662797027755994e+06 3.711012750864028931e-02 -4.788403213024139404e-02 8.916007041931152344e+00
3.665662825120204128e+06 5.626374110579490662e-02 -2.394201606512069702e-02 8.944737434387207031e+00
3.665662836682287045e+06 2.753331884741783142e-02 -4.788403399288654327e-03 8.920795440673828125e+00
3.665662866638121195e+06 2.274491637945175171e-02 -3.830722719430923462e-02 8.920795440673828125e+00
3.665662876880411990e+06 3.591302549466490746e-03 -6.703764945268630981e-02 8.887276649475097656e+00
3.665662905416193884e+06 4.668693244457244873e-02 -5.267243832349777222e-02 8.892065048217773438e+00
3.665662917088277172e+06 3.232172131538391113e-02 -3.830722719430923462e-02 8.959102630615234375e+00
3.665662945322338957e+06 4.668693244457244873e-02 -8.140286058187484741e-02 8.939949035644531250e+00
3.665662956995411776e+06 8.379706181585788727e-03 -6.224924325942993164e-02 8.944737434387207031e+00
3.665662986697860062e+06 8.379706181585788727e-03 -5.267243832349777222e-02 8.978256225585937500e+00
3.665662996844838839e+06 5.626374110579490662e-02 -4.309562966227531433e-02 8.877699851989746094e+00
3.665663025303484872e+06 2.753331884741783142e-02 -5.267243832349777222e-02 8.983044624328613281e+00
3.665663036873484962e+06 4.189852997660636902e-02 -6.224924325942993164e-02 8.916007041931152344e+00
3.665663066767755896e+06 4.189852997660636902e-02 -4.309562966227531433e-02 8.896853446960449219e+00
3.665663076951194089e+06 4.668693244457244873e-02 -6.703764945268630981e-02 8.925583839416503906e+00
3.665663105392703786e+06 2.753331884741783142e-02 -5.746084079146385193e-02 8.916007041931152344e+00
3.665663116939526983e+06 -1.197100849822163582e-03 -4.788403213024139404e-02 8.853757858276367188e+00
3.665663146863277070e+06 3.711012750864028931e-02 -5.267243832349777222e-02 8.877699851989746094e+00
3.665663157046557870e+06 1.316810958087444305e-02 -4.788403213024139404e-02 8.997409820556640625e+00
3.665663184844214004e+06 2.274491637945175171e-02 -5.746084079146385193e-02 8.911218643188476562e+00
3.665663197026662063e+06 4.189852997660636902e-02 -2.873042039573192596e-02 8.930372238159179688e+00
3.665663226911922917e+06 3.232172131538391113e-02 -8.619125932455062866e-02 8.906430244445800781e+00
3.665663237067235168e+06 -1.197100849822163582e-03 -7.182604819536209106e-02 8.911218643188476562e+00
3.665663265559109859e+06 2.274491637945175171e-02 -3.351882472634315491e-02 8.868123054504394531e+00
3.665663277084786911e+06 1.795651204884052277e-02 -5.267243832349777222e-02 8.959102630615234375e+00
3.665663307016818784e+06 2.274491637945175171e-02 -6.703764945268630981e-02 8.949525833129882812e+00
3.665663317117912229e+06 2.753331884741783142e-02 -3.351882472634315491e-02 8.892065048217773438e+00
3.665663347015828826e+06 8.379706181585788727e-03 -1.915361359715461731e-02 8.916007041931152344e+00
3.665663357182338834e+06 2.274491637945175171e-02 -5.267243832349777222e-02 8.935160636901855469e+00
3.665663384166662116e+06 6.584054976701736450e-02 -4.788403213024139404e-02 8.959102630615234375e+00
3.665663397446975112e+06 3.232172131538391113e-02 -3.351882472634315491e-02 8.911218643188476562e+00
3.665663427347390912e+06 -1.197100849822163582e-03 -8.140286058187484741e-02 8.911218643188476562e+00
3.665663437488536816e+06 4.668693244457244873e-02 -6.224924325942993164e-02 8.930372238159179688e+00
3.665663465957963839e+06 3.711012750864028931e-02 -6.224924325942993164e-02 8.920795440673828125e+00
3.665663477494265884e+06 4.189852997660636902e-02 -5.267243832349777222e-02 8.930372238159179688e+00
3.665663507462130859e+06 3.711012750864028931e-02 -4.309562966227531433e-02 8.944737434387207031e+00
3.665663517434890848e+06 4.189852997660636902e-02 -5.267243832349777222e-02 8.916007041931152344e+00
3.665663545875724871e+06 -2.035071514546871185e-02 -3.351882472634315491e-02 8.944737434387207031e+00
3.665663557398485020e+06 4.189852997660636902e-02 -5.746084079146385193e-02 8.963891029357910156e+00
3.665663587508798111e+06 2.274491637945175171e-02 -5.267243832349777222e-02 8.925583839416503906e+00
3.665663597515881062e+06 1.795651204884052277e-02 -3.351882472634315491e-02 8.939949035644531250e+00
3.665663625085777137e+06 8.379706181585788727e-03 -5.267243832349777222e-02 8.858546257019042969e+00
3.665663637480307836e+06 -1.197100849822163582e-03 -8.140286058187484741e-02 8.911218643188476562e+00
3.665663667423068080e+06 1.795651204884052277e-02 -7.661445438861846924e-02 8.930372238159179688e+00
3.665663677490255795e+06 1.316810958087444305e-02 -7.182604819536209106e-02 8.935160636901855469e+00
3.665663707677911967e+06 5.147533491253852844e-02 -1.915361359715461731e-02 8.930372238159179688e+00
3.665663717805100139e+06 3.711012750864028931e-02 -5.746084079146385193e-02 8.939949035644531250e+00
3.665663746324370150e+06 3.232172131538391113e-02 -6.224924325942993164e-02 8.916007041931152344e+00
3.665663757619213779e+06 2.753331884741783142e-02 -5.267243832349777222e-02 8.935160636901855469e+00
3.665663787553172093e+06 3.232172131538391113e-02 -5.267243832349777222e-02 8.930372238159179688e+00
3.665663797688536812e+06 1.795651204884052277e-02 -2.394201606512069702e-02 8.920795440673828125e+00
3.665663826310568023e+06 4.668693244457244873e-02 -3.351882472634315491e-02 8.935160636901855469e+00
3.665663837671036832e+06 2.753331884741783142e-02 -2.873042039573192596e-02 8.887276649475097656e+00
3.665663865822547115e+06 7.062894850969314575e-02 -5.746084079146385193e-02 8.959102630615234375e+00
3.665663877697287127e+06 3.232172131538391113e-02 -4.309562966227531433e-02 8.892065048217773438e+00
3.665663906404787209e+06 5.147533491253852844e-02 -7.661445438861846924e-02 8.906430244445800781e+00
3.665663917732703965e+06 4.189852997660636902e-02 -5.746084079146385193e-02 8.920795440673828125e+00
3.665663947638797108e+06 1.795651204884052277e-02 -2.873042039573192596e-02 8.882488250732421875e+00
3.665663957779475022e+06 2.753331884741783142e-02 -4.309562966227531433e-02 8.887276649475097656e+00
3.665663987689006142e+06 -1.077390741556882858e-02 -2.394201606512069702e-02 8.935160636901855469e+00
3.665663997917652130e+06 2.753331884741783142e-02 -4.788403213024139404e-02 8.868123054504394531e+00
3.665664026271088980e+06 3.232172131538391113e-02 -3.351882472634315491e-02 8.954314231872558594e+00
3.665664037821193226e+06 -1.556231081485748291e-02 -4.309562966227531433e-02 8.887276649475097656e+00
3.665664067706454080e+06 3.711012750864028931e-02 -6.224924325942993164e-02 8.896853446960449219e+00
3.665664077864006162e+06 4.668693244457244873e-02 -7.661445438861846924e-02 8.939949035644531250e+00
3.665664105553693138e+06 8.379706181585788727e-03 -8.619125932455062866e-02 8.944737434387207031e+00
3.665664117882756051e+06 3.232172131538391113e-02 -8.619125932455062866e-02 8.911218643188476562e+00
3.665664147805255838e+06 3.711012750864028931e-02 -4.788403213024139404e-02 8.896853446960449219e+00
3.665664157939787023e+06 1.795651204884052277e-02 -5.746084079146385193e-02 8.935160636901855469e+00
3.665664186386037152e+06 4.189852997660636902e-02 -1.436521019786596298e-02 8.930372238159179688e+00
3.665664198027026840e+06 4.189852997660636902e-02 -3.351882472634315491e-02 8.906430244445800781e+00
3.665664228029110003e+06 8.379706181585788727e-03 -1.915361359715461731e-02 8.920795440673828125e+00
3.665664238172859885e+06 -1.077390741556882858e-02 -3.830722719430923462e-02 8.892065048217773438e+00
3.665664266725256108e+06 2.753331884741783142e-02 -8.140286058187484741e-02 8.939949035644531250e+00
3.665664278239890933e+06 2.274491637945175171e-02 -7.182604819536209106e-02 8.916007041931152344e+00
3.665664306431869976e+06 4.189852997660636902e-02 -4.788403213024139404e-02 8.911218643188476562e+00
3.665664318299578968e+06 5.147533491253852844e-02 -3.351882472634315491e-02 8.901641845703125000e+00
3.665664348240151070e+06 -1.197100849822163582e-03 -2.394201606512069702e-02 8.887276649475097656e+00
3.665664358359057922e+06 4.668693244457244873e-02 -1.436521019786596298e-02 8.925583839416503906e+00
3.665664386865776032e+06 5.626374110579490662e-02 -6.224924325942993164e-02 8.892065048217773438e+00
3.665664398202808108e+06 1.795651204884052277e-02 -4.309562966227531433e-02 8.901641845703125000e+00
3.665664428323172033e+06 3.232172131538391113e-02 -6.703764945268630981e-02 8.911218643188476562e+00
3.665664438462547027e+06 4.189852997660636902e-02 -3.830722719430923462e-02 8.882488250732421875e+00
3.665664466714317910e+06 -5.985504016280174255e-03 -2.873042039573192596e-02 8.896853446960449219e+00
3.665664478478952777e+06 6.105214357376098633e-02 -4.309562966227531433e-02 8.858546257019042969e+00
3.665664508177234791e+06 3.711012750864028931e-02 -5.746084079146385193e-02 8.901641845703125000e+00
3.665664518285411876e+06 1.316810958087444305e-02 -2.394201606512069702e-02 8.906430244445800781e+00
3.665664545986506157e+06 -3.950432687997817993e-02 -5.267243832349777222e-02 8.963891029357910156e+00
3.665664558365620207e+06 4.668693244457244873e-02 -5.267243832349777222e-02 8.896853446960449219e+00
3.665664588243119884e+06 3.232172131538391113e-02 -4.788403213024139404e-02 8.935160636901855469e+00
3.665664598442443181e+06 3.711012750864028931e-02 -6.224924325942993164e-02 8.935160636901855469e+00
3.665664628422286827e+06 3.232172131538391113e-02 -7.661445438861846924e-02 8.939949035644531250e+00
3.665664638575516175e+06 3.711012750864028931e-02 -3.830722719430923462e-02 8.973467826843261719e+00
3.665664666903275996e+06 3.591302549466490746e-03 -4.788403213024139404e-02 8.920795440673828125e+00
3.665664678685254883e+06 -1.077390741556882858e-02 -8.140286058187484741e-02 8.887276649475097656e+00
3.665664708658223972e+06 -1.556231081485748291e-02 -8.619125932455062866e-02 8.944737434387207031e+00
3.665664718705046922e+06 3.711012750864028931e-02 -5.746084079146385193e-02 8.911218643188476562e+00
3.665664745662807953e+06 3.232172131538391113e-02 -2.394201606512069702e-02 8.930372238159179688e+00
3.665664758743640967e+06 1.795651204884052277e-02 -6.224924325942993164e-02 8.887276649475097656e+00
3.665664788454891182e+06 3.711012750864028931e-02 -3.830722719430923462e-02 8.920795440673828125e+00
3.665664798595098779e+06 3.591302549466490746e-03 -4.309562966227531433e-02 8.916007041931152344e+00
3.665664827082183212e+06 3.232172131538391113e-02 -5.746084079146385193e-02 8.911218643188476562e+00
3.665664838615411893e+06 2.753331884741783142e-02 -1.053448766469955444e-01 8.983044624328613281e+00
3.665664869875359815e+06 6.105214357376098633e-02 -7.661445438861846924e-02 8.935160636901855469e+00
3.665664878660880029e+06 3.232172131538391113e-02 -8.619125932455062866e-02 8.935160636901855469e+00
3.665664907158172224e+06 2.274491637945175171e-02 -1.436521019786596298e-02 8.963891029357910156e+00
3.665664918682077900e+06 8.379706181585788727e-03 -7.182604819536209106e-02 8.901641845703125000e+00
3.665664948593848851e+06 3.591302549466490746e-03 -4.788403213024139404e-02 8.920795440673828125e+00
3.665664958717651200e+06 -5.985504016280174255e-03 -5.746084079146385193e-02 8.906430244445800781e+00
3.665664986376089044e+06 3.232172131538391113e-02 -2.394201606512069702e-02 8.949525833129882812e+00
3.665664998753015883e+06 2.753331884741783142e-02 -3.351882472634315491e-02 8.944737434387207031e+00
3.665665028781556990e+06 2.753331884741783142e-02 -7.661445438861846924e-02 8.920795440673828125e+00
3.665665038998849224e+06 3.711012750864028931e-02 -3.830722719430923462e-02 8.949525833129882812e+00
3.665665068924056832e+06 4.668693244457244873e-02 -7.661445438861846924e-02 8.935160636901855469e+00
3.665665078972181771e+06 6.105214357376098633e-02 -5.746084079146385193e-02 8.892065048217773438e+00
3.665665107541348785e+06 8.379706181585788727e-03 -7.661445438861846924e-02 8.887276649475097656e+00
3.665665119059369899e+06 1.795651204884052277e-02 -4.788403213024139404e-02 8.944737434387207031e+00
3.665665149041817989e+06 2.274491637945175171e-02 -5.746084079146385193e-02 8.968679428100585938e+00
3.665665158942026086e+06 3.711012750864028931e-02 -3.351882472634315491e-02 8.858546257019042969e+00
3.665665187683900818e+06 -1.197100849822163582e-03 -3.351882472634315491e-02 8.882488250732421875e+00
3.665665198957755230e+06 4.189852997660636902e-02 -9.097966551780700684e-02 8.939949035644531250e+00
3.665665227413536981e+06 3.232172131538391113e-02 -7.661445438861846924e-02 8.906430244445800781e+00
3.665665239021244925e+06 1.795651204884052277e-02 -6.703764945268630981e-02 8.896853446960449219e+00
3.665665267450359184e+06 1.795651204884052277e-02 -6.224924325942993164e-02 8.935160636901855469e+00
3.665665279043952934e+06 2.274491637945175171e-02 -1.436521019786596298e-02 8.901641845703125000e+00
3.665665308937390801e+06 2.274491637945175171e-02 -4.309562966227531433e-02 8.844181060791015625e+00
3.665665319028276019e+06 3.232172131538391113e-02 -5.746084079146385193e-02 8.930372238159179688e+00
3.665665348941766191e+06 5.147533491253852844e-02 -1.005564704537391663e-01 8.954314231872558594e+00
3.665665359286660794e+06 -1.197100849822163582e-03 -6.224924325942993164e-02 8.954314231872558594e+00
3.665665387718641199e+06 3.232172131538391113e-02 -6.224924325942993164e-02 8.906430244445800781e+00
3.665665399307182059e+06 5.147533491253852844e-02 -6.703764945268630981e-02 8.877699851989746094e+00
3.665665429308068007e+06 3.711012750864028931e-02 -3.830722719430923462e-02 8.916007041931152344e+00
3.665665439391608816e+06 2.274491637945175171e-02 -6.224924325942993164e-02 8.916007041931152344e+00
3.665665466867806856e+06 3.591302549466490746e-03 -6.703764945268630981e-02 8.930372238159179688e+00
3.665665479242338799e+06 2.274491637945175171e-02 -7.182604819536209106e-02 8.944737434387207031e+00
3.665665509375464171e+06 6.584054976701736450e-02 -6.224924325942993164e-02 8.949525833129882812e+00
3.665665519272339065e+06 5.147533491253852844e-02 -4.788403213024139404e-02 8.853757858276367188e+00
3.665665547784994822e+06 3.232172131538391113e-02 -3.351882472634315491e-02 8.968679428100585938e+00
3.665665559507234022e+06 -5.985504016280174255e-03 -4.788403213024139404e-02 8.944737434387207031e+00
3.665665589570307173e+06 2.274491637945175171e-02 -5.267243832349777222e-02 8.848969459533691406e+00
3.665665599383900873e+06 5.147533491253852844e-02 -7.182604819536209106e-02 8.949525833129882812e+00
3.665665629422182217e+06 3.232172131538391113e-02 -3.351882472634315491e-02 8.863334655761718750e+00
3.665665639415306970e+06 7.062894850969314575e-02 -6.224924325942993164e-02 8.930372238159179688e+00
3.665665666242495179e+06 1.795651204884052277e-02 -7.661445438861846924e-02 8.954314231872558594e+00
3.665665679453223944e+06 6.105214357376098633e-02 -9.097966551780700684e-02 8.896853446960449219e+00
3.665665709351818077e+06 1.795651204884052277e-02 -6.224924325942993164e-02 8.906430244445800781e+00
3.665665719499161001e+06 6.105214357376098633e-02 -5.267243832349777222e-02 8.911218643188476562e+00
3.665665747913483996e+06 7.062894850969314575e-02 -3.351882472634315491e-02 8.930372238159179688e+00
3.665665759555255063e+06 3.591302549466490746e-03 -7.661445438861846924e-02 8.954314231872558594e+00
3.665665789581087884e+06 3.232172131538391113e-02 -4.788403213024139404e-02 8.935160636901855469e+00
3.665665799498328008e+06 4.668693244457244873e-02 -6.703764945268630981e-02 8.949525833129882812e+00
3.665665827996036038e+06 1.316810958087444305e-02 -4.309562966227531433e-02 8.949525833129882812e+00
3.665665839537599124e+06 3.232172131538391113e-02 -5.267243832349777222e-02 8.939949035644531250e+00
3.665665869426505174e+06 2.753331884741783142e-02 -3.351882472634315491e-02 8.978256225585937500e+00
3.665665879580099136e+06 4.189852997660636902e-02 -2.873042039573192596e-02 8.920795440673828125e+00
3.665665907239004970e+06 3.232172131538391113e-02 -5.267243832349777222e-02 8.920795440673828125e+00
3.665665919593275990e+06 3.232172131538391113e-02 -8.140286058187484741e-02 8.916007041931152344e+00
3.665665949539369904e+06 -1.197100849822163582e-03 -7.182604819536209106e-02 8.939949035644531250e+00
3.665665959649317898e+06 1.316810958087444305e-02 -4.309562966227531433e-02 8.973467826843261719e+00
3.665665989549057093e+06 2.274491637945175171e-02 -5.267243832349777222e-02 8.963891029357910156e+00
3.665665999705879949e+06 4.189852997660636902e-02 -1.915361359715461731e-02 8.901641845703125000e+00
3.665666028357495088e+06 3.232172131538391113e-02 -5.267243832349777222e-02 8.901641845703125000e+00
3.665666039725880139e+06 5.147533491253852844e-02 -4.309562966227531433e-02 8.916007041931152344e+00
3.665666069622130133e+06 -1.197100849822163582e-03 -3.830722719430923462e-02 8.916007041931152344e+00
3.665666079742078204e+06 3.232172131538391113e-02 -4.788403213024139404e-02 8.935160636901855469e+00
3.665666108218275942e+06 4.189852997660636902e-02 -3.830722719430923462e-02 8.954314231872558594e+00
3.665666119798691943e+06 2.274491637945175171e-02 -6.224924325942993164e-02 8.959102630615234375e+00
3.665666147935463116e+06 3.232172131538391113e-02 -3.351882472634315491e-02 8.949525833129882812e+00
3.665666159826139919e+06 4.189852997660636902e-02 -7.661445438861846924e-02 8.944737434387207031e+00
3.665666188321035821e+06 8.379706181585788727e-03 -3.830722719430923462e-02 8.935160636901855469e+00
3.665666199867285788e+06 3.711012750864028931e-02 -5.746084079146385193e-02 8.935160636901855469e+00
3.665666229763953015e+06 2.753331884741783142e-02 -8.140286058187484741e-02 8.954314231872558594e+00
3.665666239924630150e+06 2.274491637945175171e-02 -6.224924325942993164e-02 8.901641845703125000e+00
3.665666268371817190e+06 1.795651204884052277e-02 -5.746084079146385193e-02 8.944737434387207031e+00
3.665666279930203222e+06 1.795651204884052277e-02 -3.351882472634315491e-02 8.939949035644531250e+00
3.665666309850671794e+06 3.232172131538391113e-02 -7.182604819536209106e-02 8.935160636901855469e+00
3.665666319968118798e+06 2.274491637945175171e-02 -4.788403213024139404e-02 8.920795440673828125e+00
3.665666347632025834e+06 7.062894850969314575e-02 -4.788403213024139404e-02 8.944737434387207031e+00
3.665666360024577938e+06 6.105214357376098633e-02 -3.351882472634315491e-02 8.906430244445800781e+00
3.665666389917286113e+06 4.189852997660636902e-02 -5.267243832349777222e-02 8.944737434387207031e+00
3.665666400049786083e+06 3.591302549466490746e-03 -3.830722719430923462e-02 8.916007041931152344e+00
3.665666429954108782e+06 2.753331884741783142e-02 -6.224924325942993164e-02 8.896853446960449219e+00
3.665666440087806899e+06 3.711012750864028931e-02 -4.309562966227531433e-02 8.930372238159179688e+00
3.665666468552337959e+06 6.105214357376098633e-02 -5.267243832349777222e-02 8.892065048217773438e+00
3.665666480181713123e+06 1.795651204884052277e-02 -8.619125932455062866e-02 8.939949035644531250e+00
3.665666510040931869e+06 4.668693244457244873e-02 -5.267243832349777222e-02 8.949525833129882812e+00
3.665666520172390155e+06 4.189852997660636902e-02 -3.830722719430923462e-02 8.901641845703125000e+00
3.665666548685670830e+06 3.591302549466490746e-03 -5.267243832349777222e-02 8.954314231872558594e+00
3.665666560209942050e+06 -1.197100849822163582e-03 -8.140286058187484741e-02 8.920795440673828125e+00
3.665666588373223785e+06 2.753331884741783142e-02 -6.224924325942993164e-02 8.944737434387207031e+00
3.665666600266973954e+06 3.711012750864028931e-02 -8.619125932455062866e-02 8.892065048217773438e+00
3.665666630436868872e+06 6.584054976701736450e-02 -5.746084079146385193e-02 8.949525833129882812e+00
3.665666640518014785e+06 3.232172131538391113e-02 -6.703764945268630981e-02 8.916007041931152344e+00
3.665666669076296035e+06 7.541735470294952393e-02 -5.267243832349777222e-02 8.939949035644531250e+00
3.665666680564369075e+06 3.591302549466490746e-03 -9.576806798577308655e-03 8.892065048217773438e+00
3.665666710275618825e+06 2.753331884741783142e-02 -8.140286058187484741e-02 8.877699851989746094e+00
3.665666720563901123e+06 2.274491637945175171e-02 -3.351882472634315491e-02 8.930372238159179688e+00
3.665666748914733995e+06 2.274491637945175171e-02 -7.661445438861846924e-02 8.935160636901855469e+00
3.665666760539629962e+06 4.189852997660636902e-02 -3.351882472634315491e-02 8.920795440673828125e+00
3.665666790361192077e+06 4.189852997660636902e-02 -5.267243832349777222e-02 8.959102630615234375e+00
3.665666800486192107e+06 6.584054976701736450e-02 -3.351882472634315491e-02 8.911218643188476562e+00
3.665666828266661149e+06 6.105214357376098633e-02 -5.267243832349777222e-02 8.844181060791015625e+00
3.665666840672806837e+06 2.753331884741783142e-02 -7.661445438861846924e-02 8.997409820556640625e+00
3.665666870618380141e+06 7.062894850969314575e-02 -3.830722719430923462e-02 8.906430244445800781e+00
3.665666880591609050e+06 5.147533491253852844e-02 -1.436521019786596298e-02 8.858546257019042969e+00
3.665666909063015133e+06 8.379706181585788727e-03 -1.915361359715461731e-02 8.916007041931152344e+00
3.665666920649317093e+06 1.316810958087444305e-02 -1.101332753896713257e-01 8.997409820556640625e+00
3.665666950544056948e+06 5.626374110579490662e-02 -1.149216815829277039e-01 8.935160636901855469e+00
3.665666960665828083e+06 4.668693244457244873e-02 -1.915361359715461731e-02 8.944737434387207031e+00
3.665666990490410943e+06 6.584054976701736450e-02 -1.915361359715461731e-02 8.887276649475097656e+00
3.665667000657338183e+06 3.232172131538391113e-02 -4.309562966227531433e-02 8.930372238159179688e+00
3.665667027585984208e+06 1.795651204884052277e-02 -6.703764945268630981e-02 8.930372238159179688e+00
3.665667040665984154e+06 2.753331884741783142e-02 -1.005564704537391663e-01 8.939949035644531250e+00
3.665667070584993809e+06 3.232172131538391113e-02 -6.703764945268630981e-02 8.916007041931152344e+00
3.665667080734421033e+06 1.316810958087444305e-02 -3.830722719430923462e-02 8.882488250732421875e+00
3.665667109426972922e+06 1.795651204884052277e-02 -7.182604819536209106e-02 8.939949035644531250e+00
3.665667121287911199e+06 1.316810958087444305e-02 -4.788403213024139404e-02 8.944737434387207031e+00
3.665667150872754864e+06 3.591302549466490746e-03 -6.703764945268630981e-02 8.944737434387207031e+00
3.665667160809524823e+06 4.189852997660636902e-02 -5.267243832349777222e-02 8.877699851989746094e+00
3.665667189504369162e+06 1.795651204884052277e-02 -5.746084079146385193e-02 8.939949035644531250e+00
3.665667200891869143e+06 6.105214357376098633e-02 -6.703764945268630981e-02 8.920795440673828125e+00
3.665667230778119061e+06 4.668693244457244873e-02 -6.703764945268630981e-02 8.992621421813964844e+00
3.665667241117701866e+06 6.584054976701736450e-02 -7.182604819536209106e-02 8.944737434387207031e+00
3.665667268754941877e+06 4.189852997660636902e-02 -7.661445438861846924e-02 8.920795440673828125e+00
3.665667281136296224e+06 3.711012750864028931e-02 -6.703764945268630981e-02 8.935160636901855469e+00
3.665667310846452136e+06 5.626374110579490662e-02 -7.182604819536209106e-02 8.949525833129882812e+00
