3.709599791218453087e+06 -3.363853394985198975e-01 -1.532289087772369385e-01 8.935160636901855469e+00
3.709599811218453106e+06 -3.363853394985198975e-01 -1.963245421648025513e-01 8.925583839416503906e+00
3.709599831218453124e+06 -3.363853394985198975e-01 -1.963245421648025513e-01 8.925583839416503906e+00
3.709599851218453143e+06 -3.363853394985198975e-01 -1.963245421648025513e-01 8.925583839416503906e+00
3.709599879876785912e+06 -3.363853394985198975e-01 -1.963245421648025513e-01 8.925583839416503906e+00
3.709599904757671990e+06 -3.363853394985198975e-01 -1.771709322929382324e-01 8.916007041931152344e+00
3.709599934831733815e+06 -3.363853394985198975e-01 -1.628057211637496948e-01 8.959102630615234375e+00
3.709599941329077817e+06 -2.837128937244415283e-01 -1.771709322929382324e-01 8.935160636901855469e+00
3.709599968089078087e+06 -3.699041604995727539e-01 -1.675941199064254761e-01 8.916007041931152344e+00
3.709599981365900952e+06 -3.555389642715454102e-01 -1.915361285209655762e-01 8.949525833129882812e+00
3.709600011290067807e+06 -3.411737382411956787e-01 -1.867477297782897949e-01 8.939949035644531250e+00
3.709600021456785966e+06 -3.555389642715454102e-01 -1.915361285209655762e-01 8.920795440673828125e+00
3.709600049982984085e+06 -3.124433159828186035e-01 -1.436520963907241821e-01 8.925583839416503906e+00
3.709600061917150859e+06 -3.842693865299224854e-01 -1.771709322929382324e-01 8.935160636901855469e+00
3.709600092071577907e+06 -3.699041604995727539e-01 -1.580173075199127197e-01 8.925583839416503906e+00
3.709600102507983800e+06 -3.651157617568969727e-01 -1.388636976480484009e-01 8.963891029357910156e+00
3.709600130057462957e+06 -3.699041604995727539e-01 -1.388636976480484009e-01 8.939949035644531250e+00
3.709600141553401016e+06 -3.507505357265472412e-01 -1.340752989053726196e-01 8.949525833129882812e+00
3.709600171519807074e+06 -3.651157617568969727e-01 -1.532289087772369385e-01 8.949525833129882812e+00
3.709600181703193113e+06 -3.555389642715454102e-01 -1.532289087772369385e-01 8.916007041931152344e+00
3.709600209424599074e+06 -3.363853394985198975e-01 -1.388636976480484009e-01 8.925583839416503906e+00
3.709600221675796900e+06 -3.507505357265472412e-01 -1.628057211637496948e-01 8.916007041931152344e+00
3.709600252025535796e+06 -3.411737382411956787e-01 -2.011129409074783325e-01 8.848969459533691406e+00
3.709600261684754863e+06 -3.890577852725982666e-01 -1.867477297782897949e-01 8.949525833129882812e+00
3.709600291639911011e+06 -3.172317147254943848e-01 -1.436520963907241821e-01 8.911218643188476562e+00
3.709600301868817769e+06 -3.411737382411956787e-01 -1.580173075199127197e-01 8.930372238159179688e+00
3.709600330284337979e+06 -3.507505357265472412e-01 -1.484405100345611572e-01 8.935160636901855469e+00
3.709600341773765162e+06 -3.459621369838714600e-01 -1.723825186491012573e-01 8.939949035644531250e+00
3.709600371742463205e+06 -3.555389642715454102e-01 -1.436520963907241821e-01 8.930372238159179688e+00
3.709600381896161009e+06 -3.794809579849243164e-01 -2.059013396501541138e-01 8.935160636901855469e+00
3.709600410340691917e+06 -3.651157617568969727e-01 -1.340752989053726196e-01 8.930372238159179688e+00
3.709600421837931965e+06 -3.363853394985198975e-01 -1.580173075199127197e-01 8.935160636901855469e+00
3.709600450076370034e+06 -3.699041604995727539e-01 -1.819593310356140137e-01 8.939949035644531250e+00
3.709600461837932002e+06 -3.603273630142211914e-01 -1.388636976480484009e-01 8.954314231872558594e+00
3.709600490430849139e+06 -3.651157617568969727e-01 -1.915361285209655762e-01 8.911218643188476562e+00
3.709600501908609178e+06 -3.651157617568969727e-01 -1.675941199064254761e-01 8.863334655761718750e+00
3.709600531852150802e+06 -3.315969407558441162e-01 -1.388636976480484009e-01 8.872911453247070312e+00
3.709600541978452820e+06 -3.555389642715454102e-01 -1.771709322929382324e-01 8.939949035644531250e+00
3.709600571893035900e+06 -3.603273630142211914e-01 -1.675941199064254761e-01 8.916007041931152344e+00
3.709600581962828059e+06 -3.459621369838714600e-01 -1.532289087772369385e-01 8.901641845703125000e+00
3.709600610690639820e+06 -3.459621369838714600e-01 -1.915361285209655762e-01 8.906430244445800781e+00
3.709600622199025936e+06 -3.268085420131683350e-01 -1.436520963907241821e-01 8.925583839416503906e+00
3.709600652153713163e+06 -3.172317147254943848e-01 -1.292868852615356445e-01 8.911218643188476562e+00
3.709600662165067159e+06 -3.507505357265472412e-01 -1.340752989053726196e-01 8.906430244445800781e+00
3.709600689919389784e+06 -3.363853394985198975e-01 -1.867477297782897949e-01 8.930372238159179688e+00
3.709600702219389845e+06 -3.555389642715454102e-01 -1.484405100345611572e-01 8.887276649475097656e+00
3.709600732250535861e+06 -2.980781197547912598e-01 -1.628057211637496948e-01 8.954314231872558594e+00
3.709600742321108934e+06 -3.411737382411956787e-01 -1.675941199064254761e-01 8.896853446960449219e+00
3.709600770872203168e+06 -3.459621369838714600e-01 -1.723825186491012573e-01 8.906430244445800781e+00
3.709600782241108827e+06 -3.651157617568969727e-01 -1.580173075199127197e-01 8.954314231872558594e+00
3.709600812343191821e+06 -3.124433159828186035e-01 -1.771709322929382324e-01 8.930372238159179688e+00
3.709600822638036218e+06 -3.603273630142211914e-01 -1.675941199064254761e-01 8.949525833129882812e+00
3.709600852367931977e+06 -3.603273630142211914e-01 -1.484405100345611572e-01 8.944737434387207031e+00
3.709600862453660928e+06 -3.172317147254943848e-01 -1.484405100345611572e-01 8.925583839416503906e+00
3.709600889466057066e+06 -3.746925592422485352e-01 -2.106897532939910889e-01 8.944737434387207031e+00
3.709600902425639797e+06 -3.507505357265472412e-01 -1.532289087772369385e-01 8.925583839416503906e+00
3.709600932403088082e+06 -3.411737382411956787e-01 -1.771709322929382324e-01 8.892065048217773438e+00
3.709600942299910821e+06 -3.315969407558441162e-01 -1.771709322929382324e-01 8.892065048217773438e+00
3.709600970837723929e+06 -3.699041604995727539e-01 -1.388636976480484009e-01 8.920795440673828125e+00
3.709600982583192177e+06 -3.315969407558441162e-01 -1.771709322929382324e-01 8.963891029357910156e+00
3.709601012668660842e+06 -3.315969407558441162e-01 -1.340752989053726196e-01 8.887276649475097656e+00
3.709601022597775795e+06 -3.699041604995727539e-01 -1.915361285209655762e-01 8.882488250732421875e+00
3.709601051435015164e+06 -3.411737382411956787e-01 -1.819593310356140137e-01 8.872911453247070312e+00
3.709601062599754892e+06 -3.268085420131683350e-01 -1.819593310356140137e-01 8.954314231872558594e+00
3.709601092740952969e+06 -3.268085420131683350e-01 -1.388636976480484009e-01 8.920795440673828125e+00
3.709601102480953094e+06 -3.651157617568969727e-01 -1.532289087772369385e-01 8.935160636901855469e+00
3.709601130357411224e+06 -3.651157617568969727e-01 -1.292868852615356445e-01 8.887276649475097656e+00
3.709601142696212977e+06 -3.603273630142211914e-01 -1.628057211637496948e-01 8.930372238159179688e+00
3.709601172691265121e+06 -3.746925592422485352e-01 -1.436520963907241821e-01 8.916007041931152344e+00
3.709601182696109172e+06 -3.459621369838714600e-01 -1.628057211637496948e-01 8.872911453247070312e+00
3.709601212779597845e+06 -3.459621369838714600e-01 -1.628057211637496948e-01 8.949525833129882812e+00
3.709601222711004782e+06 -3.268085420131683350e-01 -1.675941199064254761e-01 8.877699851989746094e+00
3.709601251296786126e+06 -3.507505357265472412e-01 -1.628057211637496948e-01 8.949525833129882812e+00
3.709601262724182103e+06 -3.363853394985198975e-01 -1.675941199064254761e-01 8.959102630615234375e+00
3.709601292804078199e+06 -3.315969407558441162e-01 -1.915361285209655762e-01 8.896853446960449219e+00
3.709601302790483925e+06 -3.459621369838714600e-01 -1.388636976480484009e-01 8.944737434387207031e+00
3.709601331351525150e+06 -3.459621369838714600e-01 -2.011129409074783325e-01 8.925583839416503906e+00
3.709601342839858960e+06 -3.555389642715454102e-01 -1.963245421648025513e-01 8.896853446960449219e+00
3.709601371042254847e+06 -3.555389642715454102e-01 -1.723825186491012573e-01 8.906430244445800781e+00
3.709601382861056831e+06 -3.459621369838714600e-01 -1.580173075199127197e-01 8.930372238159179688e+00
3.709601411452983972e+06 -3.651157617568969727e-01 -1.819593310356140137e-01 8.877699851989746094e+00
3.709601422796057072e+06 -3.411737382411956787e-01 -1.532289087772369385e-01 8.925583839416503906e+00
3.709601452911578119e+06 -3.651157617568969727e-01 -1.580173075199127197e-01 8.916007041931152344e+00
3.709601462807515170e+06 -3.555389642715454102e-01 -1.867477297782897949e-01 8.925583839416503906e+00
3.709601491572827101e+06 -3.555389642715454102e-01 -1.292868852615356445e-01 8.944737434387207031e+00
3.709601502856734209e+06 -3.363853394985198975e-01 -1.628057211637496948e-01 8.916007041931152344e+00
3.709601533056785818e+06 -3.555389642715454102e-01 -1.771709322929382324e-01 8.939949035644531250e+00
3.709601542891213205e+06 -3.411737382411956787e-01 -1.580173075199127197e-01 8.944737434387207031e+00
3.709601572900223080e+06 -3.507505357265472412e-01 -1.292868852615356445e-01 8.901641845703125000e+00
3.709601582932827063e+06 -3.268085420131683350e-01 -1.580173075199127197e-01 8.935160636901855469e+00
3.709601610664077103e+06 -3.794809579849243164e-01 -1.628057211637496948e-01 8.872911453247070312e+00
3.709601623091265094e+06 -3.603273630142211914e-01 -1.675941199064254761e-01 8.887276649475097656e+00
3.709601653239076957e+06 -3.411737382411956787e-01 -1.532289087772369385e-01 8.863334655761718750e+00
3.709601663000587840e+06 -3.363853394985198975e-01 -1.628057211637496948e-01 8.925583839416503906e+00
3.709601691688920837e+06 -3.459621369838714600e-01 -1.532289087772369385e-01 8.949525833129882812e+00
3.709601703212306835e+06 -3.746925592422485352e-01 -1.867477297782897949e-01 8.954314231872558594e+00
3.709601733293816913e+06 -3.459621369838714600e-01 -1.915361285209655762e-01 8.944737434387207031e+00
3.709601743240640033e+06 -3.363853394985198975e-01 -1.771709322929382324e-01 8.954314231872558594e+00
3.709601771838660818e+06 -3.603273630142211914e-01 -1.675941199064254761e-01 8.920795440673828125e+00
3.709601783294545952e+06 -3.603273630142211914e-01 -1.723825186491012573e-01 8.992621421813964844e+00
3.709601811739963014e+06 -3.459621369838714600e-01 -1.580173075199127197e-01 8.963891029357910156e+00
3.709601823310275096e+06 -3.842693865299224854e-01 -1.532289087772369385e-01 8.930372238159179688e+00
3.709601853505951818e+06 -3.220201432704925537e-01 -1.675941199064254761e-01 8.863334655761718750e+00
3.709601863346890081e+06 -3.746925592422485352e-01 -1.484405100345611572e-01 8.911218643188476562e+00
3.709601892070795875e+06 -3.459621369838714600e-01 -1.197100877761840820e-01 8.949525833129882812e+00
3.709601903371837921e+06 -3.555389642715454102e-01 -1.628057211637496948e-01 8.949525833129882812e+00
3.709601933578296099e+06 -3.651157617568969727e-01 -1.484405100345611572e-01 8.916007041931152344e+00
3.709601943486369215e+06 -3.794809579849243164e-01 -1.244984865188598633e-01 8.877699851989746094e+00
3.709601972173556220e+06 -3.746925592422485352e-01 -1.675941199064254761e-01 8.911218643188476562e+00
3.709601983380795922e+06 -3.603273630142211914e-01 -1.867477297782897949e-01 8.987833023071289062e+00
3.709602013320691884e+06 -3.459621369838714600e-01 -1.723825186491012573e-01 8.863334655761718750e+00
3.709602023761838209e+06 -3.699041604995727539e-01 -1.628057211637496948e-01 8.987833023071289062e+00
3.709602051374806091e+06 -3.459621369838714600e-01 -1.532289087772369385e-01 8.935160636901855469e+00
3.709602063551369123e+06 -3.699041604995727539e-01 -1.819593310356140137e-01 8.877699851989746094e+00
3.709602093343868852e+06 -3.411737382411956787e-01 -1.580173075199127197e-01 8.963891029357910156e+00
3.709602103647045791e+06 -3.507505357265472412e-01 -1.484405100345611572e-01 8.935160636901855469e+00
3.709602132181681227e+06 -3.746925592422485352e-01 -1.915361285209655762e-01 8.949525833129882812e+00
3.709602143670639955e+06 -3.603273630142211914e-01 -1.580173075199127197e-01 8.925583839416503906e+00
3.709602173498140182e+06 -3.651157617568969727e-01 -1.340752989053726196e-01 8.925583839416503906e+00
3.709602183513765223e+06 -3.459621369838714600e-01 -1.771709322929382324e-01 8.887276649475097656e+00
3.709602213817774784e+06 -3.986345827579498291e-01 -1.915361285209655762e-01 8.939949035644531250e+00
3.709602223622982856e+06 -3.411737382411956787e-01 -1.628057211637496948e-01 8.954314231872558594e+00
3.709602250306994189e+06 -3.603273630142211914e-01 -1.723825186491012573e-01 8.954314231872558594e+00
3.709602263904545922e+06 -3.651157617568969727e-01 -1.723825186491012573e-01 8.920795440673828125e+00
3.709602293544025160e+06 -3.890577852725982666e-01 -1.484405100345611572e-01 8.892065048217773438e+00
3.709602303577566985e+06 -3.220201432704925537e-01 -1.628057211637496948e-01 8.911218643188476562e+00
3.709602332121680956e+06 -3.363853394985198975e-01 -1.867477297782897949e-01 8.963891029357910156e+00
3.709602344049286097e+06 -3.746925592422485352e-01 -1.532289087772369385e-01 8.906430244445800781e+00
3.709602373683452141e+06 -3.651157617568969727e-01 -1.436520963907241821e-01 8.930372238159179688e+00
3.709602383630067110e+06 -3.603273630142211914e-01 -1.484405100345611572e-01 8.916007041931152344e+00
3.709602412368816789e+06 -3.363853394985198975e-01 -1.675941199064254761e-01 8.896853446960449219e+00
3.709602423849338200e+06 -3.363853394985198975e-01 -1.675941199064254761e-01 8.911218643188476562e+00
3.709602453861838207e+06 -3.699041604995727539e-01 -1.628057211637496948e-01 8.906430244445800781e+00
3.709602463877774775e+06 -3.363853394985198975e-01 -1.771709322929382324e-01 8.906430244445800781e+00
3.709602491622305941e+06 -3.794809579849243164e-01 -1.675941199064254761e-01 8.944737434387207031e+00
3.709602504067409784e+06 -3.459621369838714600e-01 -1.675941199064254761e-01 8.930372238159179688e+00
3.709602534045379143e+06 -3.651157617568969727e-01 -1.436520963907241821e-01 8.939949035644531250e+00
3.709602544780430850e+06 -3.363853394985198975e-01 -1.675941199064254761e-01 8.901641845703125000e+00
3.709602573812253773e+06 -3.459621369838714600e-01 -1.532289087772369385e-01 8.959102630615234375e+00
3.709602583812357858e+06 -3.268085420131683350e-01 -1.628057211637496948e-01 8.911218643188476562e+00
3.709602612449650187e+06 -3.555389642715454102e-01 -1.675941199064254761e-01 8.882488250732421875e+00
3.709602623874180950e+06 -3.363853394985198975e-01 -1.819593310356140137e-01 8.939949035644531250e+00
3.709602653852775227e+06 -3.411737382411956787e-01 -1.580173075199127197e-01 8.916007041931152344e+00
3.709602663914545905e+06 -3.411737382411956787e-01 -2.106897532939910889e-01 8.959102630615234375e+00
3.709602692457826808e+06 -3.555389642715454102e-01 -1.484405100345611572e-01 8.987833023071289062e+00
3.709602703931942116e+06 -3.651157617568969727e-01 -1.580173075199127197e-01 8.963891029357910156e+00
3.709602732430015225e+06 -3.507505357265472412e-01 -1.532289087772369385e-01 8.925583839416503906e+00
3.709602743970951997e+06 -3.411737382411956787e-01 -1.532289087772369385e-01 8.896853446960449219e+00
3.709602772399181034e+06 -3.603273630142211914e-01 -1.628057211637496948e-01 8.920795440673828125e+00
3.709602784172931220e+06 -3.411737382411956787e-01 -1.723825186491012573e-01 8.939949035644531250e+00
3.709602813979284838e+06 -3.651157617568969727e-01 -1.532289087772369385e-01 8.963891029357910156e+00
3.709602824214336928e+06 -3.842693865299224854e-01 -1.819593310356140137e-01 8.959102630615234375e+00
3.709602854102671146e+06 -3.315969407558441162e-01 -1.915361285209655762e-01 8.944737434387207031e+00
3.709602864103191998e+06 -3.220201432704925537e-01 -1.867477297782897949e-01 8.944737434387207031e+00
3.709602892713452224e+06 -3.172317147254943848e-01 -1.628057211637496948e-01 8.863334655761718750e+00
3.709602904317410197e+06 -3.699041604995727539e-01 -1.436520963907241821e-01 8.901641845703125000e+00
3.709602934208087157e+06 -3.651157617568969727e-01 -1.580173075199127197e-01 8.944737434387207031e+00
3.709602944377879146e+06 -3.411737382411956787e-01 -1.484405100345611572e-01 8.925583839416503906e+00
3.709602971987931058e+06 -3.699041604995727539e-01 -1.819593310356140137e-01 8.959102630615234375e+00
3.709602984403348062e+06 -3.411737382411956787e-01 -1.675941199064254761e-01 8.997409820556640625e+00
3.709603014280171134e+06 -3.651157617568969727e-01 -1.915361285209655762e-01 8.973467826843261719e+00
3.709603024466211908e+06 -3.363853394985198975e-01 -1.628057211637496948e-01 8.987833023071289062e+00
3.709603052849754225e+06 -3.842693865299224854e-01 -1.819593310356140137e-01 8.896853446960449219e+00
3.709603064657931216e+06 -3.172317147254943848e-01 -1.915361285209655762e-01 8.872911453247070312e+00
3.709603094324649777e+06 -3.459621369838714600e-01 -1.628057211637496948e-01 8.901641845703125000e+00
3.709603104559232946e+06 -3.411737382411956787e-01 -1.580173075199127197e-01 8.925583839416503906e+00
3.709603133167358115e+06 -3.794809579849243164e-01 -1.915361285209655762e-01 8.930372238159179688e+00
3.709603144626732916e+06 -3.507505357265472412e-01 -1.580173075199127197e-01 8.935160636901855469e+00
3.709603172669232823e+06 -3.555389642715454102e-01 -1.580173075199127197e-01 8.906430244445800781e+00
3.709603184610534925e+06 -3.459621369838714600e-01 -1.723825186491012573e-01 8.916007041931152344e+00
3.709603214401628822e+06 -3.172317147254943848e-01 -1.675941199064254761e-01 8.963891029357910156e+00
3.709603224645534996e+06 -3.459621369838714600e-01 -1.867477297782897949e-01 8.911218643188476562e+00
3.709603253045379184e+06 -3.699041604995727539e-01 -1.580173075199127197e-01 8.968679428100585938e+00
3.709603264657306019e+06 -3.220201432704925537e-01 -1.675941199064254761e-01 8.949525833129882812e+00
3.709603294542775024e+06 -3.363853394985198975e-01 -1.628057211637496948e-01 8.925583839416503906e+00
3.709603304713556077e+06 -3.507505357265472412e-01 -1.628057211637496948e-01 8.930372238159179688e+00
3.709603333156107925e+06 -3.507505357265472412e-01 -1.197100877761840820e-01 8.887276649475097656e+00
3.709603344751055818e+06 -3.746925592422485352e-01 -1.292868852615356445e-01 8.892065048217773438e+00
3.709603374609909952e+06 -3.363853394985198975e-01 -1.723825186491012573e-01 8.959102630615234375e+00
3.709603384830118157e+06 -3.699041604995727539e-01 -1.675941199064254761e-01 8.954314231872558594e+00
3.709603412410796154e+06 -3.794809579849243164e-01 -1.628057211637496948e-01 8.916007041931152344e+00
3.709603424854024779e+06 -3.507505357265472412e-01 -1.580173075199127197e-01 8.968679428100585938e+00
3.709603454659857787e+06 -3.220201432704925537e-01 -1.484405100345611572e-01 8.973467826843261719e+00
3.709603464845327195e+06 -3.220201432704925537e-01 -2.059013396501541138e-01 8.892065048217773438e+00
3.709603494749492966e+06 -3.411737382411956787e-01 -1.436520963907241821e-01 8.944737434387207031e+00
3.709603504893451929e+06 -3.603273630142211914e-01 -1.675941199064254761e-01 8.920795440673828125e+00
3.709603533151993062e+06 -3.651157617568969727e-01 -1.723825186491012573e-01 8.920795440673828125e+00
3.709603544784024823e+06 -3.699041604995727539e-01 -1.532289087772369385e-01 8.930372238159179688e+00
3.709603574653451797e+06 -3.699041604995727539e-01 -1.723825186491012573e-01 8.906430244445800781e+00
3.709603584803607780e+06 -3.746925592422485352e-01 -1.675941199064254761e-01 8.954314231872558594e+00
3.709603613211056218e+06 -3.603273630142211914e-01 -1.628057211637496948e-01 8.920795440673828125e+00
3.709603624831732828e+06 -3.411737382411956787e-01 -1.532289087772369385e-01 8.901641845703125000e+00
3.709603652929232921e+06 -3.794809579849243164e-01 -1.580173075199127197e-01 8.911218643188476562e+00
3.709603664856993128e+06 -3.315969407558441162e-01 -1.675941199064254761e-01 8.930372238159179688e+00
3.709603693537306041e+06 -3.507505357265472412e-01 -1.867477297782897949e-01 8.935160636901855469e+00
3.709603705255222041e+06 -3.411737382411956787e-01 -1.963245421648025513e-01 8.911218643188476562e+00
3.709603735076367855e+06 -3.363853394985198975e-01 -1.771709322929382324e-01 8.906430244445800781e+00
3.709603745379181113e+06 -3.459621369838714600e-01 -1.580173075199127197e-01 8.916007041931152344e+00
3.709603773382462095e+06 -3.315969407558441162e-01 -1.484405100345611572e-01 8.939949035644531250e+00
3.709603785160482861e+06 -3.842693865299224854e-01 -1.436520963907241821e-01 8.954314231872558594e+00
3.709603815081107896e+06 -3.842693865299224854e-01 -1.292868852615356445e-01 8.916007041931152344e+00
3.709603825369337108e+06 -3.842693865299224854e-01 -1.771709322929382324e-01 8.983044624328613281e+00
3.709603853077774867e+06 -3.411737382411956787e-01 -1.867477297782897949e-01 8.925583839416503906e+00
3.709603865505014081e+06 -3.315969407558441162e-01 -1.771709322929382324e-01 8.911218643188476562e+00
3.709603895288295113e+06 -3.411737382411956787e-01 -1.675941199064254761e-01 8.935160636901855469e+00
3.709603905497670174e+06 -3.315969407558441162e-01 -1.675941199064254761e-01 8.872911453247070312e+00
3.709603935125483200e+06 -3.603273630142211914e-01 -1.580173075199127197e-01 8.882488250732421875e+00
3.709603945601367857e+06 -3.363853394985198975e-01 -1.580173075199127197e-01 8.920795440673828125e+00
3.709603973860483151e+06 -3.794809579849243164e-01 -1.101332753896713257e-01 8.892065048217773438e+00
3.709603985647513997e+06 -3.890577852725982666e-01 -1.819593310356140137e-01 8.959102630615234375e+00
3.709604015262618195e+06 -3.459621369838714600e-01 -1.580173075199127197e-01 8.925583839416503906e+00
3.709604025465743151e+06 -3.363853394985198975e-01 -1.436520963907241821e-01 8.925583839416503906e+00
3.709604053681420162e+06 -3.651157617568969727e-01 -1.867477297782897949e-01 8.935160636901855469e+00
3.709604065522513818e+06 -3.699041604995727539e-01 -1.628057211637496948e-01 8.939949035644531250e+00
3.709604093738920055e+06 -3.603273630142211914e-01 -1.532289087772369385e-01 8.963891029357910156e+00
3.709604105544440914e+06 -3.363853394985198975e-01 -1.388636976480484009e-01 8.935160636901855469e+00
3.709604133773920126e+06 -3.555389642715454102e-01 -1.580173075199127197e-01 8.882488250732421875e+00
3.709604145420690998e+06 -3.555389642715454102e-01 -1.244984865188598633e-01 8.892065048217773438e+00
3.709604175461993087e+06 -3.794809579849243164e-01 -1.101332753896713257e-01 8.901641845703125000e+00
3.709604185613816138e+06 -3.746925592422485352e-01 -1.723825186491012573e-01 8.944737434387207031e+00
3.709604215448034927e+06 -3.363853394985198975e-01 -1.675941199064254761e-01 8.887276649475097656e+00
3.709604225668034982e+06 -3.603273630142211914e-01 -1.675941199064254761e-01 8.892065048217773438e+00
3.709604254089754075e+06 -3.507505357265472412e-01 -1.197100877761840820e-01 8.916007041931152344e+00
3.709604265693608206e+06 -3.459621369838714600e-01 -1.532289087772369385e-01 8.906430244445800781e+00
3.709604295521681197e+06 -3.507505357265472412e-01 -2.011129409074783325e-01 8.930372238159179688e+00
3.709604305724129081e+06 -3.411737382411956787e-01 -2.250549644231796265e-01 8.872911453247070312e+00
3.709604333368450869e+06 -3.507505357265472412e-01 -1.436520963907241821e-01 8.959102630615234375e+00
3.709604345538919792e+06 -3.315969407558441162e-01 -1.244984865188598633e-01 8.916007041931152344e+00
3.709604375565221999e+06 -3.315969407558441162e-01 -1.867477297782897949e-01 8.906430244445800781e+00
3.709604385568190832e+06 -3.411737382411956787e-01 -1.484405100345611572e-01 8.968679428100585938e+00
3.709604414323398843e+06 -3.268085420131683350e-01 -1.915361285209655762e-01 8.930372238159179688e+00
3.709604425604857970e+06 -3.363853394985198975e-01 -1.771709322929382324e-01 8.963891029357910156e+00
3.709604455587462056e+06 -3.507505357265472412e-01 -1.675941199064254761e-01 8.944737434387207031e+00
3.709604465831628069e+06 -3.411737382411956787e-01 -1.340752989053726196e-01 8.882488250732421875e+00
3.709604495680377819e+06 -3.411737382411956787e-01 -1.244984865188598633e-01 8.892065048217773438e+00
3.709604505901472177e+06 -3.315969407558441162e-01 -1.628057211637496948e-01 8.901641845703125000e+00
3.709604532439075876e+06 -3.603273630142211914e-01 -1.628057211637496948e-01 8.916007041931152344e+00
3.709604545723294839e+06 -3.603273630142211914e-01 -1.675941199064254761e-01 8.916007041931152344e+00
3.709604575554961804e+06 -3.220201432704925537e-01 -1.484405100345611572e-01 8.892065048217773438e+00
3.709604585768086836e+06 -3.603273630142211914e-01 -1.580173075199127197e-01 8.911218643188476562e+00
3.709604614165377803e+06 -3.411737382411956787e-01 -2.154781520366668701e-01 8.896853446960449219e+00
3.709604625790429767e+06 -3.507505357265472412e-01 -1.628057211637496948e-01 8.959102630615234375e+00
3.709604655641003046e+06 -3.124433159828186035e-01 -1.867477297782897949e-01 8.920795440673828125e+00
3.709604665810326114e+06 -3.315969407558441162e-01 -1.771709322929382324e-01 8.872911453247070312e+00
3.709604694458920043e+06 -3.220201432704925537e-01 -1.388636976480484009e-01 8.959102630615234375e+00
3.709604706054961774e+06 -3.651157617568969727e-01 -1.532289087772369385e-01 8.901641845703125000e+00
3.709604735882252920e+06 -3.363853394985198975e-01 -1.484405100345611572e-01 8.944737434387207031e+00
3.709604746107045095e+06 -3.507505357265472412e-01 -2.059013396501541138e-01 8.968679428100585938e+00
3.709604773681316059e+06 -3.363853394985198975e-01 -1.628057211637496948e-01 8.901641845703125000e+00
3.709604786148868036e+06 -3.603273630142211914e-01 -1.580173075199127197e-01 8.896853446960449219e+00
3.709604816044649109e+06 -3.172317147254943848e-01 -1.675941199064254761e-01 8.930372238159179688e+00
3.709604826219909824e+06 -3.651157617568969727e-01 -1.244984865188598633e-01 8.916007041931152344e+00
3.709604855857513845e+06 -3.459621369838714600e-01 -1.436520963907241821e-01 8.858546257019042969e+00
3.709604866260273848e+06 -3.699041604995727539e-01 -1.580173075199127197e-01 8.930372238159179688e+00
3.709604894504337106e+06 -3.746925592422485352e-01 -1.388636976480484009e-01 8.916007041931152344e+00
3.709604906114127953e+06 -3.603273630142211914e-01 -1.628057211637496948e-01 8.887276649475097656e+00
3.709604935953919776e+06 -3.459621369838714600e-01 -1.963245421648025513e-01 8.939949035644531250e+00
3.709604946172410157e+06 -3.746925592422485352e-01 -1.867477297782897949e-01 8.954314231872558594e+00
3.709604974591576029e+06 -3.699041604995727539e-01 -1.628057211637496948e-01 8.906430244445800781e+00
3.709604987362930086e+06 -3.459621369838714600e-01 -1.244984865188598633e-01 8.925583839416503906e+00
3.709605014523243066e+06 -3.746925592422485352e-01 -1.580173075199127197e-01 8.872911453247070312e+00
3.709605026179701090e+06 -3.411737382411956787e-01 -1.580173075199127197e-01 8.887276649475097656e+00
3.709605054864075966e+06 -3.411737382411956787e-01 -1.723825186491012573e-01 8.906430244445800781e+00
3.709605066249231808e+06 -3.363853394985198975e-01 -1.484405100345611572e-01 8.911218643188476562e+00
3.709605096292253118e+06 -3.651157617568969727e-01 -1.580173075199127197e-01 8.906430244445800781e+00
3.709605106475169770e+06 -3.555389642715454102e-01 -1.723825186491012573e-01 8.935160636901855469e+00
3.709605134760221932e+06 -3.220201432704925537e-01 -1.723825186491012573e-01 8.939949035644531250e+00
3.709605146586523857e+06 -3.411737382411956787e-01 -1.675941199064254761e-01 8.906430244445800781e+00
3.709605176189232152e+06 -3.507505357265472412e-01 -1.292868852615356445e-01 8.868123054504394531e+00
3.709605186405377928e+06 -3.411737382411956787e-01 -1.723825186491012573e-01 8.877699851989746094e+00
3.709605216232773848e+06 -3.603273630142211914e-01 -1.628057211637496948e-01 9.006986618041992188e+00
3.709605226649804972e+06 -3.555389642715454102e-01 -1.675941199064254761e-01 8.887276649475097656e+00
3.709605254057096783e+06 -3.842693865299224854e-01 -1.963245421648025513e-01 8.968679428100585938e+00
3.709605266636472195e+06 -3.603273630142211914e-01 -1.484405100345611572e-01 8.973467826843261719e+00
3.709605296451888978e+06 -3.411737382411956787e-01 -1.963245421648025513e-01 8.935160636901855469e+00
3.709605306700794958e+06 -3.603273630142211914e-01 -1.819593310356140137e-01 8.959102630615234375e+00
3.709605335097201169e+06 -3.124433159828186035e-01 -1.532289087772369385e-01 8.911218643188476562e+00
3.709605346827409230e+06 -3.411737382411956787e-01 -1.628057211637496948e-01 8.944737434387207031e+00
3.709605376569805201e+06 -3.507505357265472412e-01 -1.628057211637496948e-01 8.949525833129882812e+00
3.709605386740481947e+06 -3.603273630142211914e-01 -1.675941199064254761e-01 8.916007041931152344e+00
3.709605415222253185e+06 -3.603273630142211914e-01 -1.628057211637496948e-01 8.954314231872558594e+00
3.709605427258398850e+06 -3.459621369838714600e-01 -2.011129409074783325e-01 8.916007041931152344e+00
3.709605454906836152e+06 -3.603273630142211914e-01 -1.340752989053726196e-01 8.959102630615234375e+00
3.709605466629283968e+06 -3.507505357265472412e-01 -2.059013396501541138e-01 8.959102630615234375e+00
3.709605496517722029e+06 -3.555389642715454102e-01 -1.723825186491012573e-01 8.959102630615234375e+00
3.709605506681003142e+06 -3.746925592422485352e-01 -1.484405100345611572e-01 8.925583839416503906e+00
3.709605535465170164e+06 -3.315969407558441162e-01 -1.819593310356140137e-01 8.997409820556640625e+00
3.709605546744179912e+06 -3.459621369838714600e-01 -1.292868852615356445e-01 8.925583839416503906e+00
3.709605576624805108e+06 -3.459621369838714600e-01 -1.675941199064254761e-01 8.935160636901855469e+00
3.709605586764180101e+06 -3.363853394985198975e-01 -1.915361285209655762e-01 8.901641845703125000e+00
3.709605615199128166e+06 -3.507505357265472412e-01 -1.484405100345611572e-01 8.963891029357910156e+00
3.709605626745429821e+06 -3.459621369838714600e-01 -2.011129409074783325e-01 8.887276649475097656e+00
3.709605656890012790e+06 -3.459621369838714600e-01 -1.771709322929382324e-01 8.916007041931152344e+00
3.709605666818451136e+06 -3.411737382411956787e-01 -1.532289087772369385e-01 8.944737434387207031e+00
3.709605694672721904e+06 -3.555389642715454102e-01 -1.628057211637496948e-01 8.911218643188476562e+00
3.709605706846524030e+06 -3.411737382411956787e-01 -1.628057211637496948e-01 8.944737434387207031e+00
3.709605736950951163e+06 -3.746925592422485352e-01 -1.675941199064254761e-01 8.916007041931152344e+00
3.709605747091575991e+06 -3.507505357265472412e-01 -1.340752989053726196e-01 8.916007041931152344e+00
3.709605775590638164e+06 -3.651157617568969727e-01 -1.628057211637496948e-01 8.906430244445800781e+00
3.709605786966106854e+06 -3.459621369838714600e-01 -1.580173075199127197e-01 8.916007041931152344e+00
3.709605817036679946e+06 -3.315969407558441162e-01 -1.771709322929382324e-01 8.944737434387207031e+00
3.709605826983347069e+06 -3.699041604995727539e-01 -1.675941199064254761e-01 8.949525833129882812e+00
3.709605857088346966e+06 -3.459621369838714600e-01 -1.819593310356140137e-01 8.916007041931152344e+00
3.709605867013763171e+06 -3.459621369838714600e-01 -1.771709322929382324e-01 8.925583839416503906e+00
3.709605893975325860e+06 -3.699041604995727539e-01 -1.723825186491012573e-01 8.949525833129882812e+00
3.709605907272357028e+06 -3.411737382411956787e-01 -1.532289087772369385e-01 8.963891029357910156e+00
3.709605937169597019e+06 -3.411737382411956787e-01 -1.532289087772369385e-01 8.959102630615234375e+00
3.709605947298190091e+06 -3.890577852725982666e-01 -1.771709322929382324e-01 8.935160636901855469e+00
3.709605975586680230e+06 -3.363853394985198975e-01 -1.388636976480484009e-01 8.944737434387207031e+00
3.709605987332304940e+06 -3.603273630142211914e-01 -1.867477297782897949e-01 8.920795440673828125e+00
3.709606017057305202e+06 -3.794809579849243164e-01 -1.723825186491012573e-01 8.920795440673828125e+00
3.709606027398137841e+06 -3.603273630142211914e-01 -1.723825186491012573e-01 8.930372238159179688e+00
3.709606055686627980e+06 -3.459621369838714600e-01 -1.388636976480484009e-01 8.930372238159179688e+00
3.709606067370742094e+06 -3.603273630142211914e-01 -1.723825186491012573e-01 8.949525833129882812e+00
3.709606097362461034e+06 -3.315969407558441162e-01 -1.388636976480484009e-01 8.959102630615234375e+00
3.709606107454597019e+06 -3.651157617568969727e-01 -1.532289087772369385e-01 8.939949035644531250e+00
3.709606135104909074e+06 -3.555389642715454102e-01 -1.723825186491012573e-01 8.954314231872558594e+00
3.709606147498607170e+06 -3.890577852725982666e-01 -1.628057211637496948e-01 8.877699851989746094e+00
3.709606177213347051e+06 -3.411737382411956787e-01 -1.771709322929382324e-01 8.968679428100585938e+00
3.709606187522305176e+06 -3.699041604995727539e-01 -1.628057211637496948e-01 8.973467826843261719e+00
3.709606217450481839e+06 -3.651157617568969727e-01 -1.532289087772369385e-01 8.930372238159179688e+00
3.709606227563919034e+06 -3.507505357265472412e-01 -1.388636976480484009e-01 8.887276649475097656e+00
3.709606256031263154e+06 -3.938461840152740479e-01 -2.011129409074783325e-01 8.920795440673828125e+00
3.709606267579961102e+06 -3.603273630142211914e-01 -1.532289087772369385e-01 8.916007041931152344e+00
3.709606297299856786e+06 -3.555389642715454102e-01 -1.436520963907241821e-01 8.920795440673828125e+00
3.709606307633711025e+06 -3.555389642715454102e-01 -1.771709322929382324e-01 8.863334655761718750e+00
3.709606336153555196e+06 -3.411737382411956787e-01 -1.723825186491012573e-01 8.925583839416503906e+00
3.709606347823606804e+06 -3.028665184974670410e-01 -1.771709322929382324e-01 8.973467826843261719e+00
3.709606375823970884e+06 -3.459621369838714600e-01 -1.771709322929382324e-01 8.920795440673828125e+00
3.709606387882616837e+06 -3.555389642715454102e-01 -1.915361285209655762e-01 8.949525833129882812e+00
3.709606416248762980e+06 -3.555389642715454102e-01 -1.388636976480484009e-01 8.930372238159179688e+00
3.709606427890899125e+06 -3.459621369838714600e-01 -1.819593310356140137e-01 8.963891029357910156e+00
3.709606457815793809e+06 -3.603273630142211914e-01 -1.675941199064254761e-01 8.935160636901855469e+00
3.709606467755794059e+06 -3.794809579849243164e-01 -1.915361285209655762e-01 8.882488250732421875e+00
3.709606497863451019e+06 -3.459621369838714600e-01 -1.675941199064254761e-01 8.916007041931152344e+00
3.709606507854439784e+06 -3.220201432704925537e-01 -1.675941199064254761e-01 8.882488250732421875e+00
3.709606536346055102e+06 -3.651157617568969727e-01 -1.580173075199127197e-01 8.911218643188476562e+00
3.709606547866887879e+06 -3.315969407558441162e-01 -2.106897532939910889e-01 8.935160636901855469e+00
3.709606577862461098e+06 -3.315969407558441162e-01 -1.963245421648025513e-01 8.892065048217773438e+00
3.709606587907148059e+06 -3.651157617568969727e-01 -1.436520963907241821e-01 8.925583839416503906e+00
3.709606615581575781e+06 -3.603273630142211914e-01 -1.436520963907241821e-01 8.920795440673828125e+00
3.709606627973658964e+06 -4.082113802433013916e-01 -1.675941199064254761e-01 8.916007041931152344e+00
3.709606658004076220e+06 -3.555389642715454102e-01 -1.628057211637496948e-01 8.935160636901855469e+00
3.709606667942356784e+06 -3.220201432704925537e-01 -1.580173075199127197e-01 8.963891029357910156e+00
3.709606696502096020e+06 -3.268085420131683350e-01 -1.675941199064254761e-01 8.896853446960449219e+00
3.709606708294231910e+06 -3.699041604995727539e-01 -1.723825186491012573e-01 8.877699851989746094e+00
3.709606738008449785e+06 -3.363853394985198975e-01 -1.484405100345611572e-01 8.916007041931152344e+00
3.709606748182982206e+06 -3.507505357265472412e-01 -1.915361285209655762e-01 8.920795440673828125e+00
3.709606776527096052e+06 -3.651157617568969727e-01 -1.771709322929382324e-01 8.911218643188476562e+00
3.709606788122981787e+06 -3.411737382411956787e-01 -1.867477297782897949e-01 8.925583839416503906e+00
3.709606818271575030e+06 -3.603273630142211914e-01 -1.628057211637496948e-01 8.911218643188476562e+00
3.709606827929231804e+06 -3.603273630142211914e-01 -2.059013396501541138e-01 8.901641845703125000e+00
3.709606854898503050e+06 -3.555389642715454102e-01 -1.819593310356140137e-01 8.935160636901855469e+00
3.709606867986158933e+06 -3.507505357265472412e-01 -1.580173075199127197e-01 8.887276649475097656e+00
3.709606897886314895e+06 -3.603273630142211914e-01 -1.675941199064254761e-01 8.920795440673828125e+00
3.709606908022408839e+06 -3.651157617568969727e-01 -1.244984865188598633e-01 8.901641845703125000e+00
3.709606937909335829e+06 -3.411737382411956787e-01 -1.675941199064254761e-01 8.944737434387207031e+00
3.709606948018970899e+06 -3.172317147254943848e-01 -1.628057211637496948e-01 8.954314231872558594e+00
3.709606976485741790e+06 -3.507505357265472412e-01 -1.484405100345611572e-01 8.892065048217773438e+00
3.709606988065689802e+06 -3.746925592422485352e-01 -1.867477297782897949e-01 8.944737434387207031e+00
3.709607017954283860e+06 -3.507505357265472412e-01 -1.580173075199127197e-01 8.892065048217773438e+00
3.709607028081054799e+06 -3.459621369838714600e-01 -1.340752989053726196e-01 8.887276649475097656e+00
3.709607055794440210e+06 -3.315969407558441162e-01 -1.484405100345611572e-01 8.925583839416503906e+00
3.709607068121732213e+06 -3.986345827579498291e-01 -1.867477297782897949e-01 8.896853446960449219e+00
3.709607098003190011e+06 -3.507505357265472412e-01 -1.819593310356140137e-01 8.925583839416503906e+00
3.709607108179335948e+06 -3.651157617568969727e-01 -1.771709322929382324e-01 8.877699851989746094e+00
3.709607138058138080e+06 -3.268085420131683350e-01 -1.771709322929382324e-01 8.901641845703125000e+00
3.709607148191887885e+06 -3.507505357265472412e-01 -1.149216815829277039e-01 8.863334655761718750e+00
3.709607176730481908e+06 -3.411737382411956787e-01 -1.723825186491012573e-01 8.882488250732421875e+00
3.709607188246001955e+06 -3.555389642715454102e-01 -1.675941199064254761e-01 8.892065048217773438e+00
3.709607218169699889e+06 -3.651157617568969727e-01 -1.197100877761840820e-01 8.925583839416503906e+00
3.709607228292251937e+06 -3.555389642715454102e-01 -1.388636976480484009e-01 8.930372238159179688e+00
3.709607256775585935e+06 -3.507505357265472412e-01 -1.675941199064254761e-01 8.935160636901855469e+00
3.709607268338658847e+06 -3.411737382411956787e-01 -1.723825186491012573e-01 8.911218643188476562e+00
3.709607296506106853e+06 -3.699041604995727539e-01 -1.484405100345611572e-01 8.901641845703125000e+00
3.709607308369856793e+06 -3.411737382411956787e-01 -1.675941199064254761e-01 8.916007041931152344e+00
3.709607337030690163e+06 -3.555389642715454102e-01 -1.484405100345611572e-01 8.935160636901855469e+00
3.709607348406888079e+06 -3.890577852725982666e-01 -1.484405100345611572e-01 8.887276649475097656e+00
3.709607378558554221e+06 -3.699041604995727539e-01 -1.532289087772369385e-01 8.906430244445800781e+00
3.709607388768346049e+06 -3.555389642715454102e-01 -1.771709322929382324e-01 8.916007041931152344e+00
3.709607417190898210e+06 -3.555389642715454102e-01 -1.963245421648025513e-01 8.892065048217773438e+00
3.709607428852460813e+06 -3.555389642715454102e-01 -1.675941199064254761e-01 8.920795440673828125e+00
3.709607458625846077e+06 -3.555389642715454102e-01 -1.436520963907241821e-01 8.916007041931152344e+00
3.709607468768085819e+06 -3.315969407558441162e-01 -1.723825186491012573e-01 8.896853446960449219e+00
3.709607496410845779e+06 -3.459621369838714600e-01 -1.532289087772369385e-01 8.930372238159179688e+00
3.709607508794074878e+06 -3.794809579849243164e-01 -1.532289087772369385e-01 8.925583839416503906e+00
3.709607538518086076e+06 -3.746925592422485352e-01 -1.819593310356140137e-01 8.911218643188476562e+00
3.709607548811471090e+06 -3.986345827579498291e-01 -1.723825186491012573e-01 8.930372238159179688e+00
3.709607578709595837e+06 -3.220201432704925537e-01 -1.532289087772369385e-01 8.896853446960449219e+00
3.709607588871471118e+06 -3.555389642715454102e-01 -1.628057211637496948e-01 8.877699851989746094e+00
3.709607617191210855e+06 -3.315969407558441162e-01 -1.915361285209655762e-01 8.906430244445800781e+00
3.709607628960117232e+06 -3.555389642715454102e-01 -1.723825186491012573e-01 8.906430244445800781e+00
3.709607658651627135e+06 -3.124433159828186035e-01 -1.436520963907241821e-01 8.925583839416503906e+00
3.709607668780324981e+06 -3.651157617568969727e-01 -1.340752989053726196e-01 8.978256225585937500e+00
3.709607697264700197e+06 -3.411737382411956787e-01 -1.628057211637496948e-01 8.896853446960449219e+00
3.709607708835532889e+06 -3.315969407558441162e-01 -1.580173075199127197e-01 8.882488250732421875e+00
3.709607736955013126e+06 -3.315969407558441162e-01 -1.628057211637496948e-01 8.882488250732421875e+00
3.709607748796367086e+06 -3.220201432704925537e-01 -1.532289087772369385e-01 8.920795440673828125e+00
3.709607778719752096e+06 -3.651157617568969727e-01 -1.675941199064254761e-01 8.920795440673828125e+00
3.709607788888449781e+06 -3.411737382411956787e-01 -1.819593310356140137e-01 8.930372238159179688e+00
3.709607817618189845e+06 -3.603273630142211914e-01 -1.771709322929382324e-01 8.935160636901855469e+00
3.709607829064595979e+06 -3.411737382411956787e-01 -1.771709322929382324e-01 8.916007041931152344e+00
3.709607858799804002e+06 -3.651157617568969727e-01 -1.675941199064254761e-01 8.901641845703125000e+00
3.709607869204647839e+06 -3.220201432704925537e-01 -1.915361285209655762e-01 8.911218643188476562e+00
3.709607897743138019e+06 -3.363853394985198975e-01 -1.771709322929382324e-01 8.939949035644531250e+00
3.709607909114960115e+06 -3.507505357265472412e-01 -1.436520963907241821e-01 8.892065048217773438e+00
3.709607938996054232e+06 -3.651157617568969727e-01 -1.484405100345611572e-01 8.930372238159179688e+00
3.709607949157199822e+06 -3.268085420131683350e-01 -1.436520963907241821e-01 8.882488250732421875e+00
3.709607976819647942e+06 -3.746925592422485352e-01 -1.675941199064254761e-01 8.925583839416503906e+00
3.709607989196574781e+06 -3.651157617568969727e-01 -1.915361285209655762e-01 8.887276649475097656e+00
3.709608019130168948e+06 -3.603273630142211914e-01 -2.059013396501541138e-01 8.944737434387207031e+00
3.709608029233606067e+06 -3.746925592422485352e-01 -1.723825186491012573e-01 8.925583839416503906e+00
3.709608057778606191e+06 -3.651157617568969727e-01 -1.723825186491012573e-01 8.868123054504394531e+00
3.709608069291523192e+06 -3.363853394985198975e-01 -1.675941199064254761e-01 8.944737434387207031e+00
3.709608099188501947e+06 -3.603273630142211914e-01 -1.675941199064254761e-01 8.939949035644531250e+00
3.709608109314803965e+06 -3.555389642715454102e-01 -1.532289087772369385e-01 8.901641845703125000e+00
3.709608139227251988e+06 -3.555389642715454102e-01 -1.532289087772369385e-01 8.959102630615234375e+00
3.709608149169439916e+06 -3.794809579849243164e-01 -1.771709322929382324e-01 8.863334655761718750e+00
3.709608176112407818e+06 -3.938461840152740479e-01 -1.628057211637496948e-01 8.930372238159179688e+00
3.709608189222407993e+06 -3.603273630142211914e-01 -1.675941199064254761e-01 8.906430244445800781e+00
3.709608220246835146e+06 -3.555389642715454102e-01 -1.628057211637496948e-01 8.887276649475097656e+00
3.709608229422200006e+06 -3.315969407558441162e-01 -1.771709322929382324e-01 8.944737434387207031e+00
3.709608257934439927e+06 -3.363853394985198975e-01 -1.675941199064254761e-01 8.911218643188476562e+00
3.709608269467095844e+06 -3.746925592422485352e-01 -1.436520963907241821e-01 8.954314231872558594e+00
3.709608299388657790e+06 -3.411737382411956787e-01 -1.580173075199127197e-01 8.916007041931152344e+00
3.709608309343189001e+06 -3.651157617568969727e-01 -1.675941199064254761e-01 8.887276649475097656e+00
3.709608338259335142e+06 -3.268085420131683350e-01 -1.628057211637496948e-01 8.935160636901855469e+00
3.709608349523867015e+06 -3.411737382411956787e-01 -1.819593310356140137e-01 8.887276649475097656e+00
3.709608379478605930e+06 -3.890577852725982666e-01 -1.580173075199127197e-01 8.959102630615234375e+00
3.709608389408657793e+06 -3.794809579849243164e-01 -1.675941199064254761e-01 8.887276649475097656e+00
3.709608417063293979e+06 -3.555389642715454102e-01 -2.059013396501541138e-01 8.872911453247070312e+00
3.709608429480116814e+06 -3.363853394985198975e-01 -1.628057211637496948e-01 8.939949035644531250e+00
3.709608459351834841e+06 -3.651157617568969727e-01 -1.388636976480484009e-01 8.887276649475097656e+00
3.709608469502460212e+06 -3.603273630142211914e-01 -1.628057211637496948e-01 8.954314231872558594e+00
3.709608499551001936e+06 -3.651157617568969727e-01 -1.484405100345611572e-01 8.939949035644531250e+00
3.709608509513033088e+06 -3.603273630142211914e-01 -1.532289087772369385e-01 8.925583839416503906e+00
3.709608538284752052e+06 -3.746925592422485352e-01 -1.963245421648025513e-01 8.949525833129882812e+00
3.709608549572512042e+06 -3.459621369838714600e-01 -1.675941199064254761e-01 8.930372238159179688e+00
3.709608579672615975e+06 -3.411737382411956787e-01 -1.484405100345611572e-01 8.877699851989746094e+00
3.709608589596782811e+06 -3.507505357265472412e-01 -1.723825186491012573e-01 8.916007041931152344e+00
3.709608618314335123e+06 -3.124433159828186035e-01 -1.628057211637496948e-01 8.901641845703125000e+00
3.709608629784231074e+06 -3.507505357265472412e-01 -1.628057211637496948e-01 8.916007041931152344e+00
3.709608657984700054e+06 -3.459621369838714600e-01 -1.532289087772369385e-01 8.916007041931152344e+00
3.709608670085689053e+06 -3.459621369838714600e-01 -1.628057211637496948e-01 8.930372238159179688e+00
3.709608698329907842e+06 -3.842693865299224854e-01 -1.723825186491012573e-01 8.949525833129882812e+00
3.709608709895792883e+06 -3.459621369838714600e-01 -2.011129409074783325e-01 8.935160636901855469e+00
3.709608739866887219e+06 -3.315969407558441162e-01 -1.771709322929382324e-01 8.896853446960449219e+00
3.709608749944490846e+06 -3.890577852725982666e-01 -1.819593310356140137e-01 8.896853446960449219e+00
3.709608778232772835e+06 -3.890577852725982666e-01 -1.532289087772369385e-01 8.911218643188476562e+00
3.709608789995741099e+06 -3.507505357265472412e-01 -1.436520963907241821e-01 8.920795440673828125e+00
3.709608819881417789e+06 -3.411737382411956787e-01 -1.819593310356140137e-01 8.916007041931152344e+00
3.709608830002096016e+06 -3.651157617568969727e-01 -1.675941199064254761e-01 8.906430244445800781e+00
3.709608859974334948e+06 -3.603273630142211914e-01 -1.867477297782897949e-01 8.872911453247070312e+00
3.709608869868449867e+06 -3.507505357265472412e-01 -1.915361285209655762e-01 8.916007041931152344e+00
3.709608898462096229e+06 -3.555389642715454102e-01 -1.723825186491012573e-01 8.872911453247070312e+00
3.709608913988450076e+06 -3.411737382411956787e-01 -1.867477297782897949e-01 8.920795440673828125e+00
3.709608941136782989e+06 -3.315969407558441162e-01 -1.771709322929382324e-01 8.930372238159179688e+00
3.709608965246158186e+06 -3.555389642715454102e-01 -1.675941199064254761e-01 8.930372238159179688e+00
3.709608992260011844e+06 -3.603273630142211914e-01 -1.628057211637496948e-01 8.906430244445800781e+00
3.709609015203710180e+06 -3.411737382411956787e-01 -1.388636976480484009e-01 8.896853446960449219e+00
3.709609040806366131e+06 -3.507505357265472412e-01 -1.580173075199127197e-01 8.892065048217773438e+00
3.709609066727824975e+06 -3.459621369838714600e-01 -1.628057211637496948e-01 8.916007041931152344e+00
3.709609091006106231e+06 -3.459621369838714600e-01 -1.867477297782897949e-01 8.906430244445800781e+00
3.709609116354751866e+06 -3.411737382411956787e-01 -1.675941199064254761e-01 8.901641845703125000e+00
3.709609140461210161e+06 -3.603273630142211914e-01 -1.484405100345611572e-01 8.944737434387207031e+00
3.709609167426990811e+06 -3.507505357265472412e-01 -1.819593310356140137e-01 8.877699851989746094e+00
3.709609190208033193e+06 -3.794809579849243164e-01 -1.580173075199127197e-01 8.930372238159179688e+00
3.709609215549646877e+06 -3.507505357265472412e-01 -1.436520963907241821e-01 8.872911453247070312e+00
3.709609241448502056e+06 -3.842693865299224854e-01 -1.628057211637496948e-01 8.877699851989746094e+00
3.709609265568293165e+06 -3.555389642715454102e-01 -1.580173075199127197e-01 8.896853446960449219e+00
3.709609291652199812e+06 -3.315969407558441162e-01 -1.819593310356140137e-01 8.935160636901855469e+00
3.709609315838397015e+06 -3.411737382411956787e-01 -1.388636976480484009e-01 8.906430244445800781e+00
3.709609342574595008e+06 -3.507505357265472412e-01 -1.484405100345611572e-01 8.963891029357910156e+00
3.709609365164855961e+06 -3.651157617568969727e-01 -1.723825186491012573e-01 8.939949035644531250e+00
3.709609390854959842e+06 -3.555389642715454102e-01 -1.819593310356140137e-01 8.939949035644531250e+00
3.709609416791887023e+06 -3.794809579849243164e-01 -1.532289087772369385e-01 8.901641845703125000e+00
3.709609440896470100e+06 -3.699041604995727539e-01 -1.675941199064254761e-01 8.935160636901855469e+00
3.709609466649595182e+06 -3.459621369838714600e-01 -2.154781520366668701e-01 8.954314231872558594e+00
3.709609490949959960e+06 -3.651157617568969727e-01 -1.532289087772369385e-01 8.877699851989746094e+00
3.709609515475064050e+06 -3.699041604995727539e-01 -1.484405100345611572e-01 8.959102630615234375e+00
3.709609543964439072e+06 -3.555389642715454102e-01 -2.011129409074783325e-01 8.868123054504394531e+00
3.709609564612928778e+06 -3.268085420131683350e-01 -1.771709322929382324e-01 8.949525833129882812e+00
3.709609591945793014e+06 -3.411737382411956787e-01 -1.771709322929382324e-01 8.901641845703125000e+00
3.709609616060480941e+06 -3.794809579849243164e-01 -1.867477297782897949e-01 8.939949035644531250e+00
3.709609641989699099e+06 -3.555389642715454102e-01 -1.628057211637496948e-01 8.877699851989746094e+00
3.709609664698658045e+06 -3.507505357265472412e-01 -1.867477297782897949e-01 8.892065048217773438e+00
3.709609694114646874e+06 -3.699041604995727539e-01 -1.580173075199127197e-01 8.901641845703125000e+00
3.709609715502772015e+06 -3.746925592422485352e-01 -1.388636976480484009e-01 8.887276649475097656e+00
3.709609741044231225e+06 -3.459621369838714600e-01 -1.819593310356140137e-01 8.887276649475097656e+00
3.709609766925688833e+06 -3.459621369838714600e-01 -1.580173075199127197e-01 8.939949035644531250e+00
3.709609791031001136e+06 -3.794809579849243164e-01 -1.675941199064254761e-01 8.868123054504394531e+00
3.709609816985689104e+06 -3.411737382411956787e-01 -1.628057211637496948e-01 8.853757858276367188e+00
3.709609839823709801e+06 -3.699041604995727539e-01 -1.580173075199127197e-01 8.954314231872558594e+00
3.709609869482563809e+06 -3.603273630142211914e-01 -1.675941199064254761e-01 8.877699851989746094e+00
3.709609890765688848e+06 -3.651157617568969727e-01 -1.771709322929382324e-01 8.906430244445800781e+00
3.709609916368918028e+06 -3.603273630142211914e-01 -1.771709322929382324e-01 8.877699851989746094e+00
3.709609942304699216e+06 -3.651157617568969727e-01 -1.532289087772369385e-01 8.939949035644531250e+00
3.709609966438970063e+06 -3.890577852725982666e-01 -1.675941199064254761e-01 8.949525833129882812e+00
3.709609992347771768e+06 -3.268085420131683350e-01 -1.628057211637496948e-01 8.959102630615234375e+00
3.709610014887407888e+06 -3.651157617568969727e-01 -1.675941199064254761e-01 8.877699851989746094e+00
3.709610042368344963e+06 -3.220201432704925537e-01 -1.388636976480484009e-01 8.916007041931152344e+00
3.709610068230533041e+06 -3.699041604995727539e-01 -1.580173075199127197e-01 8.906430244445800781e+00
3.709610091497146990e+06 -3.555389642715454102e-01 -1.388636976480484009e-01 8.906430244445800781e+00
3.709610117464751005e+06 -3.411737382411956787e-01 -1.484405100345611572e-01 8.920795440673828125e+00
3.709610141585792881e+06 -3.555389642715454102e-01 -1.675941199064254761e-01 8.858546257019042969e+00
3.709610167519283015e+06 -3.315969407558441162e-01 -1.484405100345611572e-01 8.896853446960449219e+00
3.709610192140427884e+06 -3.315969407558441162e-01 -1.436520963907241821e-01 8.896853446960449219e+00
3.709610217562771868e+06 -3.220201432704925537e-01 -1.436520963907241821e-01 8.872911453247070312e+00
3.709610243218866177e+06 -3.986345827579498291e-01 -1.580173075199127197e-01 8.901641845703125000e+00
3.709610266703709960e+06 -3.603273630142211914e-01 -1.819593310356140137e-01 8.916007041931152344e+00
3.709610292728293221e+06 -3.842693865299224854e-01 -1.963245421648025513e-01 8.872911453247070312e+00
3.709610316730168182e+06 -3.794809579849243164e-01 -1.580173075199127197e-01 8.916007041931152344e+00
3.709610342674022075e+06 -3.603273630142211914e-01 -1.532289087772369385e-01 8.935160636901855469e+00
3.709610365355584770e+06 -3.411737382411956787e-01 -1.436520963907241821e-01 8.949525833129882812e+00
3.709610392681573983e+06 -3.411737382411956787e-01 -1.484405100345611572e-01 8.935160636901855469e+00
3.709610418582720216e+06 -3.699041604995727539e-01 -1.628057211637496948e-01 8.949525833129882812e+00
3.709610441877147183e+06 -3.555389642715454102e-01 -1.771709322929382324e-01 8.930372238159179688e+00
3.709610467607824132e+06 -3.411737382411956787e-01 -1.484405100345611572e-01 8.930372238159179688e+00
3.709610490467980038e+06 -3.268085420131683350e-01 -2.106897532939910889e-01 8.896853446960449219e+00
3.709610519288970158e+06 -3.842693865299224854e-01 -1.532289087772369385e-01 8.944737434387207031e+00
3.709610540689803194e+06 -3.603273630142211914e-01 -1.532289087772369385e-01 8.939949035644531250e+00
3.709610567813345231e+06 -3.459621369838714600e-01 -1.628057211637496948e-01 8.968679428100585938e+00
3.709610593555011787e+06 -3.555389642715454102e-01 -1.484405100345611572e-01 8.949525833129882812e+00
3.709610616860896815e+06 -3.746925592422485352e-01 -1.628057211637496948e-01 8.920795440673828125e+00
3.709610642776000779e+06 -3.699041604995727539e-01 -1.771709322929382324e-01 8.992621421813964844e+00
3.709610665467616171e+06 -3.651157617568969727e-01 -1.771709322929382324e-01 8.935160636901855469e+00
3.709610694217928220e+06 -3.555389642715454102e-01 -1.532289087772369385e-01 8.906430244445800781e+00
3.709610716054803226e+06 -3.459621369838714600e-01 -1.723825186491012573e-01 8.935160636901855469e+00
3.709610743018500973e+06 -3.459621369838714600e-01 -1.915361285209655762e-01 8.930372238159179688e+00
3.709610768896156922e+06 -3.794809579849243164e-01 -1.819593310356140137e-01 8.916007041931152344e+00
3.709610792208083905e+06 -3.890577852725982666e-01 -1.580173075199127197e-01 8.935160636901855469e+00
3.709610818001522217e+06 -3.651157617568969727e-01 -1.867477297782897949e-01 8.930372238159179688e+00
3.709610840653084219e+06 -3.794809579849243164e-01 -1.819593310356140137e-01 8.906430244445800781e+00
3.709610869472927880e+06 -3.220201432704925537e-01 -1.771709322929382324e-01 8.925583839416503906e+00
3.709610890691574197e+06 -3.411737382411956787e-01 -1.436520963907241821e-01 8.920795440673828125e+00
3.709610918241782114e+06 -3.459621369838714600e-01 -1.628057211637496948e-01 8.973467826843261719e+00
3.709610944116417784e+06 -3.651157617568969727e-01 -1.915361285209655762e-01 8.954314231872558594e+00
3.709610967393449042e+06 -3.842693865299224854e-01 -1.723825186491012573e-01 8.973467826843261719e+00
3.709610993313552812e+06 -3.699041604995727539e-01 -1.867477297782897949e-01 8.916007041931152344e+00
3.709611016053032130e+06 -3.315969407558441162e-01 -1.675941199064254761e-01 8.920795440673828125e+00
3.709611045020010788e+06 -3.555389642715454102e-01 -1.723825186491012573e-01 8.930372238159179688e+00
3.709611066094854847e+06 -3.315969407558441162e-01 -1.532289087772369385e-01 8.911218643188476562e+00
3.709611093456469942e+06 -3.411737382411956787e-01 -1.723825186491012573e-01 8.959102630615234375e+00
3.709611117559385952e+06 -3.411737382411956787e-01 -1.628057211637496948e-01 8.959102630615234375e+00
3.709611144574698992e+06 -3.363853394985198975e-01 -1.628057211637496948e-01 8.892065048217773438e+00
3.709611168355844915e+06 -3.555389642715454102e-01 -1.963245421648025513e-01 8.925583839416503906e+00
3.709611191227511037e+06 -3.411737382411956787e-01 -1.388636976480484009e-01 8.954314231872558594e+00
3.709611218564386014e+06 -3.268085420131683350e-01 -1.675941199064254761e-01 8.877699851989746094e+00
3.709611242696573958e+06 -3.555389642715454102e-01 -1.915361285209655762e-01 8.963891029357910156e+00
3.709611268750272226e+06 -3.411737382411956787e-01 -1.675941199064254761e-01 8.944737434387207031e+00
3.709611292734959163e+06 -3.555389642715454102e-01 -1.867477297782897949e-01 8.916007041931152344e+00
3.709611319496104959e+06 -3.651157617568969727e-01 -1.628057211637496948e-01 8.896853446960449219e+00
3.709611343485531863e+06 -3.746925592422485352e-01 -1.628057211637496948e-01 8.911218643188476562e+00
3.709611366166052874e+06 -3.411737382411956787e-01 -1.867477297782897949e-01 8.925583839416503906e+00
3.709611393811522052e+06 -3.268085420131683350e-01 -1.628057211637496948e-01 8.906430244445800781e+00
3.709611417649698909e+06 -3.411737382411956787e-01 -1.580173075199127197e-01 8.954314231872558594e+00
3.709611443553708959e+06 -3.315969407558441162e-01 -1.628057211637496948e-01 8.906430244445800781e+00
3.709611467690845020e+06 -3.507505357265472412e-01 -1.867477297782897949e-01 8.944737434387207031e+00
3.709611494419074152e+06 -3.220201432704925537e-01 -1.628057211637496948e-01 8.959102630615234375e+00
3.709611517220220063e+06 -3.363853394985198975e-01 -1.340752989053726196e-01 8.930372238159179688e+00
3.709611542935428210e+06 -3.315969407558441162e-01 -1.628057211637496948e-01 8.887276649475097656e+00
3.709611569033187814e+06 -3.411737382411956787e-01 -2.059013396501541138e-01 8.920795440673828125e+00
3.709611593146886211e+06 -3.651157617568969727e-01 -1.675941199064254761e-01 8.939949035644531250e+00
3.709611620110011194e+06 -3.363853394985198975e-01 -1.628057211637496948e-01 8.939949035644531250e+00
3.709611643431365024e+06 -3.124433159828186035e-01 -1.628057211637496948e-01 8.916007041931152344e+00
3.709611669973032083e+06 -3.555389642715454102e-01 -1.675941199064254761e-01 8.853757858276367188e+00
3.709611692615687847e+06 -3.411737382411956787e-01 -1.867477297782897949e-01 8.925583839416503906e+00
3.709611718134854920e+06 -3.746925592422485352e-01 -1.532289087772369385e-01 8.954314231872558594e+00
3.709611744256937876e+06 -3.555389642715454102e-01 -1.436520963907241821e-01 8.920795440673828125e+00
3.709611768360010814e+06 -3.315969407558441162e-01 -2.059013396501541138e-01 8.939949035644531250e+00
3.709611794125583954e+06 -3.411737382411956787e-01 -1.819593310356140137e-01 8.901641845703125000e+00
3.709611818242824171e+06 -3.507505357265472412e-01 -1.867477297782897949e-01 8.887276649475097656e+00
3.709611844829021022e+06 -3.363853394985198975e-01 -1.915361285209655762e-01 8.944737434387207031e+00
3.709611867773083970e+06 -3.794809579849243164e-01 -1.628057211637496948e-01 8.935160636901855469e+00
3.709611893331416883e+06 -3.507505357265472412e-01 -1.484405100345611572e-01 8.901641845703125000e+00
3.709611919075428043e+06 -3.986345827579498291e-01 -1.532289087772369385e-01 8.930372238159179688e+00
3.709611943267355207e+06 -3.555389642715454102e-01 -1.867477297782897949e-01 8.920795440673828125e+00
3.709611969067042228e+06 -3.507505357265472412e-01 -1.628057211637496948e-01 8.949525833129882812e+00
3.709611993413032033e+06 -3.507505357265472412e-01 -1.484405100345611572e-01 8.949525833129882812e+00
3.709612020117251202e+06 -3.507505357265472412e-01 -1.819593310356140137e-01 8.949525833129882812e+00
3.709612042922823224e+06 -3.746925592422485352e-01 -1.771709322929382324e-01 8.892065048217773438e+00
3.709612068672771100e+06 -3.699041604995727539e-01 -1.771709322929382324e-01 8.920795440673828125e+00
3.709612094383240212e+06 -3.459621369838714600e-01 -1.244984865188598633e-01 8.892065048217773438e+00
3.709612118531052954e+06 -3.746925592422485352e-01 -1.580173075199127197e-01 8.920795440673828125e+00
3.709612144510843791e+06 -3.507505357265472412e-01 -1.484405100345611572e-01 8.949525833129882812e+00
3.709612168617303018e+06 -3.507505357265472412e-01 -1.292868852615356445e-01 8.925583839416503906e+00
3.709612193276104983e+06 -3.555389642715454102e-01 -1.771709322929382324e-01 8.901641845703125000e+00
3.709612221724020783e+06 -3.507505357265472412e-01 -1.436520963907241821e-01 8.906430244445800781e+00
3.709612242179594003e+06 -3.411737382411956787e-01 -1.771709322929382324e-01 8.911218643188476562e+00
3.709612269529073033e+06 -3.172317147254943848e-01 -1.867477297782897949e-01 8.911218643188476562e+00
3.709612293642198201e+06 -3.651157617568969727e-01 -1.628057211637496948e-01 8.925583839416503906e+00
3.709612319549385924e+06 -3.651157617568969727e-01 -1.915361285209655762e-01 8.939949035644531250e+00
3.709612342267094180e+06 -3.459621369838714600e-01 -1.963245421648025513e-01 8.916007041931152344e+00
3.709612371700531803e+06 -3.699041604995727539e-01 -1.484405100345611572e-01 8.906430244445800781e+00
3.709612393120322842e+06 -3.459621369838714600e-01 -1.675941199064254761e-01 8.925583839416503906e+00
3.709612418601157144e+06 -3.746925592422485352e-01 -1.628057211637496948e-01 8.930372238159179688e+00
3.709612444519646000e+06 -3.411737382411956787e-01 -1.628057211637496948e-01 8.906430244445800781e+00
3.709612468623812776e+06 -3.699041604995727539e-01 -1.867477297782897949e-01 8.930372238159179688e+00
3.709612494536729995e+06 -3.603273630142211914e-01 -1.484405100345611572e-01 9.002198219299316406e+00
3.709612517441520933e+06 -3.220201432704925537e-01 -1.580173075199127197e-01 8.887276649475097656e+00
3.709612547249230091e+06 -3.459621369838714600e-01 -1.628057211637496948e-01 8.906430244445800781e+00
3.709612568732771091e+06 -3.555389642715454102e-01 -1.867477297782897949e-01 8.901641845703125000e+00
3.709612594109177124e+06 -3.555389642715454102e-01 -1.771709322929382324e-01 8.968679428100585938e+00
3.709612619888448156e+06 -3.076549172401428223e-01 -1.580173075199127197e-01 8.925583839416503906e+00
3.709612644246208947e+06 -3.651157617568969727e-01 -1.388636976480484009e-01 8.954314231872558594e+00
3.709612670142510906e+06 -3.459621369838714600e-01 -1.580173075199127197e-01 8.868123054504394531e+00
3.709612692749698181e+06 -3.699041604995727539e-01 -1.436520963907241821e-01 8.911218643188476562e+00
3.709612720163447782e+06 -3.315969407558441162e-01 -1.628057211637496948e-01 8.906430244445800781e+00
3.709612745813500136e+06 -3.363853394985198975e-01 -1.675941199064254761e-01 8.911218643188476562e+00
3.709612769333603792e+06 -3.603273630142211914e-01 -1.675941199064254761e-01 8.949525833129882812e+00
3.709612795177354012e+06 -3.363853394985198975e-01 -1.771709322929382324e-01 8.901641845703125000e+00
3.709612819035531953e+06 -3.459621369838714600e-01 -1.819593310356140137e-01 8.949525833129882812e+00
3.709612844951624982e+06 -3.363853394985198975e-01 -2.011129409074783325e-01 8.906430244445800781e+00
3.709612867634334136e+06 -3.459621369838714600e-01 -1.580173075199127197e-01 8.906430244445800781e+00
3.709612894936521072e+06 -3.746925592422485352e-01 -1.675941199064254761e-01 8.949525833129882812e+00
3.709612920797875151e+06 -3.507505357265472412e-01 -1.388636976480484009e-01 8.892065048217773438e+00
3.709612944065948017e+06 -3.411737382411956787e-01 -1.723825186491012573e-01 8.954314231872558594e+00
3.709612970053656027e+06 -3.699041604995727539e-01 -1.340752989053726196e-01 8.906430244445800781e+00
3.709612994156885892e+06 -3.507505357265472412e-01 -1.580173075199127197e-01 8.911218643188476562e+00
3.709613020069697872e+06 -4.034229815006256104e-01 -1.436520963907241821e-01 8.901641845703125000e+00
3.709613042785583995e+06 -3.746925592422485352e-01 -1.628057211637496948e-01 8.920795440673828125e+00
3.709613070106156170e+06 -3.651157617568969727e-01 -1.675941199064254761e-01 8.963891029357910156e+00
3.709613095962457824e+06 -3.555389642715454102e-01 -1.340752989053726196e-01 8.916007041931152344e+00
3.709613119255791884e+06 -3.459621369838714600e-01 -1.292868852615356445e-01 9.006986618041992188e+00
3.709613145191676915e+06 -3.315969407558441162e-01 -1.436520963907241821e-01 8.973467826843261719e+00
3.709613168055010960e+06 -3.603273630142211914e-01 -1.244984865188598633e-01 8.930372238159179688e+00
3.709613196919385809e+06 -3.603273630142211914e-01 -1.675941199064254761e-01 8.901641845703125000e+00
3.709613218137511052e+06 -3.603273630142211914e-01 -1.580173075199127197e-01 8.944737434387207031e+00
3.709613245285791811e+06 -3.507505357265472412e-01 -1.819593310356140137e-01 8.930372238159179688e+00
3.709613271323344205e+06 -3.411737382411956787e-01 -1.723825186491012573e-01 8.906430244445800781e+00
3.709613294676989783e+06 -3.794809579849243164e-01 -1.484405100345611572e-01 8.887276649475097656e+00
3.709613320528604090e+06 -3.459621369838714600e-01 -1.628057211637496948e-01 8.939949035644531250e+00
3.709613343070062809e+06 -3.699041604995727539e-01 -1.436520963907241821e-01 8.959102630615234375e+00
3.709613371865583118e+06 -3.411737382411956787e-01 -1.771709322929382324e-01 8.925583839416503906e+00
3.709613393092667218e+06 -3.555389642715454102e-01 -1.436520963907241821e-01 8.987833023071289062e+00
3.709613420487978961e+06 -3.411737382411956787e-01 -1.819593310356140137e-01 8.887276649475097656e+00
3.709613446282093879e+06 -3.315969407558441162e-01 -1.723825186491012573e-01 8.944737434387207031e+00
3.709613469593707938e+06 -3.746925592422485352e-01 -1.532289087772369385e-01 8.944737434387207031e+00
3.709613495519021060e+06 -3.555389642715454102e-01 -1.436520963907241821e-01 8.925583839416503906e+00
3.709613518216677010e+06 -3.076549172401428223e-01 -1.244984865188598633e-01 8.911218643188476562e+00
3.709613547183395829e+06 -3.555389642715454102e-01 -1.436520963907241821e-01 8.963891029357910156e+00
3.709613568442562129e+06 -3.411737382411956787e-01 -1.580173075199127197e-01 8.987833023071289062e+00
3.709613595778864808e+06 -3.459621369838714600e-01 -1.771709322929382324e-01 8.901641845703125000e+00
3.709613619903030805e+06 -3.890577852725982666e-01 -1.436520963907241821e-01 8.968679428100585938e+00
3.709613646645583212e+06 -3.555389642715454102e-01 -2.011129409074783325e-01 8.944737434387207031e+00
3.709613670875531156e+06 -3.507505357265472412e-01 -1.484405100345611572e-01 8.983044624328613281e+00
3.709613693398917094e+06 -3.555389642715454102e-01 -1.484405100345611572e-01 8.944737434387207031e+00
3.709613720944125205e+06 -3.746925592422485352e-01 -1.532289087772369385e-01 8.973467826843261719e+00
3.709613744952770881e+06 -3.699041604995727539e-01 -1.628057211637496948e-01 8.944737434387207031e+00
3.709613770974645857e+06 -3.459621369838714600e-01 -1.867477297782897949e-01 8.920795440673828125e+00
3.709613795117978938e+06 -3.699041604995727539e-01 -1.867477297782897949e-01 8.920795440673828125e+00
3.709613821805844083e+06 -3.363853394985198975e-01 -1.723825186491012573e-01 8.896853446960449219e+00
3.709613846015270799e+06 -3.555389642715454102e-01 -1.675941199064254761e-01 8.911218643188476562e+00
3.709613868769228924e+06 -3.699041604995727539e-01 -1.436520963907241821e-01 8.963891029357910156e+00
3.709613895886885002e+06 -3.555389642715454102e-01 -1.244984865188598633e-01 8.935160636901855469e+00
3.709613920009177178e+06 -3.842693865299224854e-01 -1.340752989053726196e-01 8.939949035644531250e+00
3.709613946152613964e+06 -3.172317147254943848e-01 -1.628057211637496948e-01 8.916007041931152344e+00
3.709613970510479063e+06 -3.507505357265472412e-01 -1.340752989053726196e-01 8.930372238159179688e+00
3.709613996997719165e+06 -3.507505357265472412e-01 -1.675941199064254761e-01 8.901641845703125000e+00
3.709614021259541158e+06 -3.459621369838714600e-01 -1.340752989053726196e-01 8.935160636901855469e+00
3.709614043733187020e+06 -3.411737382411956787e-01 -1.771709322929382324e-01 8.887276649475097656e+00
3.709614071294957772e+06 -3.268085420131683350e-01 -1.628057211637496948e-01 8.935160636901855469e+00
3.709614095687041059e+06 -3.315969407558441162e-01 -1.580173075199127197e-01 8.916007041931152344e+00
3.709614121320738923e+06 -3.699041604995727539e-01 -1.580173075199127197e-01 8.930372238159179688e+00
3.709614145222823136e+06 -3.363853394985198975e-01 -1.771709322929382324e-01 8.911218643188476562e+00
3.709614172189229168e+06 -3.459621369838714600e-01 -1.580173075199127197e-01 8.973467826843261719e+00
3.709614194970530923e+06 -3.315969407558441162e-01 -1.675941199064254761e-01 8.896853446960449219e+00
3.709614220517979003e+06 -3.411737382411956787e-01 -1.675941199064254761e-01 8.906430244445800781e+00
3.709614246422041208e+06 -3.411737382411956787e-01 -1.436520963907241821e-01 8.935160636901855469e+00
3.709614270533342846e+06 -3.842693865299224854e-01 -1.915361285209655762e-01 8.925583839416503906e+00
3.709614296430896036e+06 -3.555389642715454102e-01 -1.819593310356140137e-01 8.920795440673828125e+00
3.709614320436676964e+06 -3.890577852725982666e-01 -1.340752989053726196e-01 8.911218643188476562e+00
3.709614347179072909e+06 -3.603273630142211914e-01 -1.819593310356140137e-01 8.935160636901855469e+00
3.709614369987405837e+06 -3.507505357265472412e-01 -1.436520963907241821e-01 8.901641845703125000e+00
3.709614395468499977e+06 -4.034229815006256104e-01 -1.771709322929382324e-01 8.939949035644531250e+00
3.709614421404176857e+06 -3.124433159828186035e-01 -1.580173075199127197e-01 8.963891029357910156e+00
3.709614445511832833e+06 -3.842693865299224854e-01 -1.340752989053726196e-01 8.935160636901855469e+00
3.709614471488968004e+06 -3.603273630142211914e-01 -1.580173075199127197e-01 8.935160636901855469e+00
3.709614495934019797e+06 -3.363853394985198975e-01 -1.580173075199127197e-01 8.939949035644531250e+00
3.709614522880686913e+06 -3.603273630142211914e-01 -1.723825186491012573e-01 8.935160636901855469e+00
3.709614545149644837e+06 -3.555389642715454102e-01 -1.628057211637496948e-01 8.901641845703125000e+00
3.709614571038811933e+06 -3.459621369838714600e-01 -1.580173075199127197e-01 8.925583839416503906e+00
3.709614596914750058e+06 -3.555389642715454102e-01 -1.388636976480484009e-01 8.925583839416503906e+00
3.709614620797458105e+06 -3.315969407558441162e-01 -1.771709322929382324e-01 8.887276649475097656e+00
3.709614646900583059e+06 -3.699041604995727539e-01 -1.628057211637496948e-01 8.896853446960449219e+00
3.709614671116208192e+06 -3.651157617568969727e-01 -1.723825186491012573e-01 8.920795440673828125e+00
3.709614695452196989e+06 -3.315969407558441162e-01 -1.675941199064254761e-01 8.925583839416503906e+00
3.709614724120322149e+06 -3.411737382411956787e-01 -1.723825186491012573e-01 8.930372238159179688e+00
3.709614744874436874e+06 -3.363853394985198975e-01 -1.867477297782897949e-01 8.906430244445800781e+00
3.709614772221729159e+06 -3.411737382411956787e-01 -1.628057211637496948e-01 8.930372238159179688e+00
3.709614796968551818e+06 -3.411737382411956787e-01 -1.388636976480484009e-01 8.906430244445800781e+00
3.709614822021571919e+06 -3.363853394985198975e-01 -1.675941199064254761e-01 8.925583839416503906e+00
3.709614844669228885e+06 -3.268085420131683350e-01 -1.771709322929382324e-01 8.925583839416503906e+00
3.709614874173343182e+06 -3.842693865299224854e-01 -1.628057211637496948e-01 8.911218643188476562e+00
3.709614895670165773e+06 -3.268085420131683350e-01 -1.388636976480484009e-01 8.954314231872558594e+00
3.709614921075738966e+06 -3.459621369838714600e-01 -1.675941199064254761e-01 8.930372238159179688e+00
3.709614946939906105e+06 -3.603273630142211914e-01 -1.771709322929382324e-01 8.896853446960449219e+00
3.709614971283603925e+06 -3.411737382411956787e-01 -1.580173075199127197e-01 8.949525833129882812e+00
3.709614997204280924e+06 -3.363853394985198975e-01 -1.436520963907241821e-01 8.920795440673828125e+00
3.709615019911728799e+06 -3.507505357265472412e-01 -1.675941199064254761e-01 8.911218643188476562e+00
3.709615049443135038e+06 -3.699041604995727539e-01 -1.867477297782897949e-01 8.939949035644531250e+00
3.709615070872093085e+06 -3.699041604995727539e-01 -1.532289087772369385e-01 8.939949035644531250e+00
3.709615096375009976e+06 -3.555389642715454102e-01 -1.723825186491012573e-01 8.920795440673828125e+00
3.709615122308915947e+06 -3.459621369838714600e-01 -1.771709322929382324e-01 8.906430244445800781e+00
3.709615146303238813e+06 -3.651157617568969727e-01 -1.675941199064254761e-01 8.944737434387207031e+00
3.709615172331519891e+06 -3.363853394985198975e-01 -1.628057211637496948e-01 8.925583839416503906e+00
3.709615194989800919e+06 -3.220201432704925537e-01 -1.580173075199127197e-01 8.916007041931152344e+00
3.709615224618968088e+06 -3.363853394985198975e-01 -1.580173075199127197e-01 8.939949035644531250e+00
3.709615245928186923e+06 -3.411737382411956787e-01 -1.771709322929382324e-01 8.944737434387207031e+00
3.709615271473864093e+06 -3.603273630142211914e-01 -1.580173075199127197e-01 8.949525833129882812e+00
3.709615297262770124e+06 -3.459621369838714600e-01 -1.915361285209655762e-01 8.901641845703125000e+00
3.709615321575894952e+06 -3.603273630142211914e-01 -1.628057211637496948e-01 8.949525833129882812e+00
3.709615347309384961e+06 -3.746925592422485352e-01 -1.532289087772369385e-01 8.925583839416503906e+00
3.709615370014540851e+06 -3.507505357265472412e-01 -1.771709322929382324e-01 8.877699851989746094e+00
3.709615397327458020e+06 -3.603273630142211914e-01 -1.580173075199127197e-01 8.906430244445800781e+00
3.709615423191728070e+06 -3.555389642715454102e-01 -1.819593310356140137e-01 8.939949035644531250e+00
3.709615446688238997e+06 -3.411737382411956787e-01 -1.580173075199127197e-01 8.920795440673828125e+00
3.709615472597510088e+06 -3.411737382411956787e-01 -1.628057211637496948e-01 8.935160636901855469e+00
3.709615496696415823e+06 -3.555389642715454102e-01 -1.628057211637496948e-01 8.901641845703125000e+00
3.709615522472666111e+06 -3.411737382411956787e-01 -1.388636976480484009e-01 8.935160636901855469e+00
3.709615545327404980e+06 -3.507505357265472412e-01 -1.484405100345611572e-01 8.935160636901855469e+00
3.709615572698134929e+06 -3.411737382411956787e-01 -1.723825186491012573e-01 8.944737434387207031e+00
3.709615598532197066e+06 -3.459621369838714600e-01 -1.628057211637496948e-01 8.973467826843261719e+00
3.709615621900790837e+06 -3.268085420131683350e-01 -1.675941199064254761e-01 8.916007041931152344e+00
3.709615647788395174e+06 -3.651157617568969727e-01 -1.915361285209655762e-01 8.935160636901855469e+00
3.709615671947249211e+06 -3.411737382411956787e-01 -1.723825186491012573e-01 8.930372238159179688e+00
3.709615697821831796e+06 -3.555389642715454102e-01 -1.532289087772369385e-01 8.944737434387207031e+00
3.709615720522770192e+06 -3.363853394985198975e-01 -1.867477297782897949e-01 8.925583839416503906e+00
3.709615747911675833e+06 -3.459621369838714600e-01 -1.675941199064254761e-01 8.920795440673828125e+00
3.709615773731937166e+06 -3.699041604995727539e-01 -1.819593310356140137e-01 8.930372238159179688e+00
3.709615796979019884e+06 -3.459621369838714600e-01 -1.771709322929382324e-01 8.916007041931152344e+00
3.709615822977093048e+06 -3.507505357265472412e-01 -1.771709322929382324e-01 8.911218643188476562e+00
3.709615845601416193e+06 -3.699041604995727539e-01 -1.723825186491012573e-01 8.963891029357910156e+00
3.709615874326155055e+06 -3.459621369838714600e-01 -1.580173075199127197e-01 8.916007041931152344e+00
3.709615895514020231e+06 -3.411737382411956787e-01 -1.628057211637496948e-01 8.930372238159179688e+00
3.709615922894489020e+06 -3.890577852725982666e-01 -1.819593310356140137e-01 8.939949035644531250e+00
3.709615948676676024e+06 -3.794809579849243164e-01 -1.580173075199127197e-01 8.930372238159179688e+00
3.709615972193187103e+06 -3.363853394985198975e-01 -1.675941199064254761e-01 8.925583839416503906e+00
3.709615998067977838e+06 -3.603273630142211914e-01 -1.628057211637496948e-01 8.987833023071289062e+00
3.709616020792614203e+06 -3.699041604995727539e-01 -1.484405100345611572e-01 8.973467826843261719e+00
3.709616049613081850e+06 -3.603273630142211914e-01 -1.771709322929382324e-01 8.911218643188476562e+00
3.709616070822456852e+06 -3.746925592422485352e-01 -1.532289087772369385e-01 8.930372238159179688e+00
3.709616098202873953e+06 -3.459621369838714600e-01 -1.580173075199127197e-01 8.882488250732421875e+00
3.709616124060894828e+06 -3.746925592422485352e-01 -1.484405100345611572e-01 8.872911453247070312e+00
3.709616147313447203e+06 -3.938461840152740479e-01 -1.628057211637496948e-01 8.939949035644531250e+00
3.709616173283343203e+06 -3.363853394985198975e-01 -1.628057211637496948e-01 8.916007041931152344e+00
3.709616195993603207e+06 -3.603273630142211914e-01 -1.771709322929382324e-01 8.944737434387207031e+00
3.709616224750426132e+06 -3.603273630142211914e-01 -1.723825186491012573e-01 8.949525833129882812e+00
3.709616245980114210e+06 -3.124433159828186035e-01 -1.819593310356140137e-01 8.911218643188476562e+00
3.709616273237769958e+06 -3.220201432704925537e-01 -1.771709322929382324e-01 8.935160636901855469e+00
3.709616297484957147e+06 -3.124433159828186035e-01 -1.771709322929382324e-01 8.892065048217773438e+00
3.709616324249331839e+06 -3.459621369838714600e-01 -1.771709322929382324e-01 8.930372238159179688e+00
3.709616348435426131e+06 -3.459621369838714600e-01 -1.436520963907241821e-01 8.901641845703125000e+00
3.709616371132145170e+06 -3.459621369838714600e-01 -1.532289087772369385e-01 8.892065048217773438e+00
3.709616398488343228e+06 -3.459621369838714600e-01 -1.915361285209655762e-01 8.949525833129882812e+00
3.709616422615633812e+06 -3.651157617568969727e-01 -1.771709322929382324e-01 8.954314231872558594e+00
3.709616448495946825e+06 -3.555389642715454102e-01 -1.628057211637496948e-01 8.920795440673828125e+00
3.709616472655269783e+06 -3.651157617568969727e-01 -1.675941199064254761e-01 8.911218643188476562e+00
3.709616499404748902e+06 -3.603273630142211914e-01 -1.963245421648025513e-01 8.916007041931152344e+00
3.709616523409853224e+06 -3.172317147254943848e-01 -1.484405100345611572e-01 8.935160636901855469e+00
3.709616546261311043e+06 -3.699041604995727539e-01 -1.867477297782897949e-01 8.911218643188476562e+00
3.709616573650269769e+06 -3.124433159828186035e-01 -1.532289087772369385e-01 8.939949035644531250e+00
3.709616597731987946e+06 -3.603273630142211914e-01 -1.628057211637496948e-01 8.911218643188476562e+00
3.709616623709436040e+06 -3.651157617568969727e-01 -1.867477297782897949e-01 8.920795440673828125e+00
3.709616647845270112e+06 -3.507505357265472412e-01 -1.675941199064254761e-01 8.906430244445800781e+00
3.709616674571414944e+06 -3.459621369838714600e-01 -1.292868852615356445e-01 8.939949035644531250e+00
3.709616698740009218e+06 -3.603273630142211914e-01 -1.723825186491012573e-01 8.920795440673828125e+00
3.709616721471935976e+06 -3.315969407558441162e-01 -1.675941199064254761e-01 8.959102630615234375e+00
3.709616748647874221e+06 -3.507505357265472412e-01 -1.675941199064254761e-01 8.935160636901855469e+00
3.709616773227560800e+06 -3.363853394985198975e-01 -1.723825186491012573e-01 8.978256225585937500e+00
3.709616798843550961e+06 -3.699041604995727539e-01 -1.580173075199127197e-01 8.858546257019042969e+00
3.709616822989435866e+06 -3.746925592422485352e-01 -1.915361285209655762e-01 8.892065048217773438e+00
3.709616849723810796e+06 -3.315969407558441162e-01 -1.675941199064254761e-01 8.973467826843261719e+00
3.709616872356520034e+06 -3.651157617568969727e-01 -1.771709322929382324e-01 8.916007041931152344e+00
3.709616897868081927e+06 -3.315969407558441162e-01 -1.532289087772369385e-01 8.911218643188476562e+00
3.709616923791259062e+06 -3.507505357265472412e-01 -1.628057211637496948e-01 8.916007041931152344e+00
3.709616947978082113e+06 -3.938461840152740479e-01 -1.675941199064254761e-01 8.959102630615234375e+00
3.709616973942561075e+06 -3.268085420131683350e-01 -1.628057211637496948e-01 8.939949035644531250e+00
3.709616997946103103e+06 -3.315969407558441162e-01 -1.771709322929382324e-01 8.906430244445800781e+00
3.709617024982560892e+06 -3.172317147254943848e-01 -1.436520963907241821e-01 8.939949035644531250e+00
3.709617047864800785e+06 -3.603273630142211914e-01 -1.963245421648025513e-01 8.882488250732421875e+00
3.709617073489644099e+06 -3.603273630142211914e-01 -1.915361285209655762e-01 8.911218643188476562e+00
3.709617099320738111e+06 -3.794809579849243164e-01 -1.771709322929382324e-01 8.925583839416503906e+00
3.709617123495790176e+06 -3.555389642715454102e-01 -1.580173075199127197e-01 8.877699851989746094e+00
3.709617149229331873e+06 -3.507505357265472412e-01 -1.436520963907241821e-01 8.949525833129882812e+00
3.709617173591780011e+06 -3.315969407558441162e-01 -1.963245421648025513e-01 8.887276649475097656e+00
3.709617200072560925e+06 -3.699041604995727539e-01 -1.580173075199127197e-01 8.944737434387207031e+00
3.709617222915112972e+06 -3.746925592422485352e-01 -1.675941199064254761e-01 8.925583839416503906e+00
3.709617248269904871e+06 -3.890577852725982666e-01 -1.628057211637496948e-01 8.978256225585937500e+00
3.709617274370999075e+06 -3.507505357265472412e-01 -2.106897532939910889e-01 8.901641845703125000e+00
3.709617298306935932e+06 -3.172317147254943848e-01 -1.580173075199127197e-01 8.944737434387207031e+00
3.709617324228550773e+06 -3.076549172401428223e-01 -2.059013396501541138e-01 8.901641845703125000e+00
3.709617348285268992e+06 -3.794809579849243164e-01 -1.771709322929382324e-01 8.978256225585937500e+00
3.709617373124227859e+06 -3.603273630142211914e-01 -2.011129409074783325e-01 8.930372238159179688e+00
3.709617401530893985e+06 -3.459621369838714600e-01 -1.340752989053726196e-01 8.959102630615234375e+00
3.709617421979956795e+06 -3.794809579849243164e-01 -1.532289087772369385e-01 8.930372238159179688e+00
3.709617449532872997e+06 -3.459621369838714600e-01 -1.580173075199127197e-01 8.916007041931152344e+00
3.709617473430842161e+06 -3.555389642715454102e-01 -1.628057211637496948e-01 8.954314231872558594e+00
3.709617499572820961e+06 -3.794809579849243164e-01 -1.723825186491012573e-01 8.901641845703125000e+00
3.709617522310321219e+06 -4.034229815006256104e-01 -1.628057211637496948e-01 8.925583839416503906e+00
