3.509793008348486852e+06 -5.326322279870510101e-03 2.450108155608177185e-02 8.522115647792816162e-03
3.509793030492809135e+06 -5.326322279870510101e-03 2.769687585532665253e-02 -8.522115647792816162e-03
3.509793054469372146e+06 -1.278317347168922424e-02 2.024002373218536377e-02 -2.130528911948204041e-03
3.509793066215414088e+06 -7.456851191818714142e-03 2.237055450677871704e-02 -1.065264455974102020e-03
3.509793096340882126e+06 -5.326322279870510101e-03 2.769687585532665253e-02 -6.391586735844612122e-03
3.509793106440308969e+06 -8.522115647792816162e-03 1.810949668288230896e-02 -9.587380103766918182e-03
3.509793133975414094e+06 -4.261057823896408081e-03 2.343581803143024445e-02 -1.065264455974102020e-03
3.509793146321923938e+06 -1.384843792766332626e-02 2.982740476727485657e-02 -2.130528911948204041e-03
3.509793176605257206e+06 -9.587380103766918182e-03 1.704423129558563232e-02 -3.195793367922306061e-03
3.509793186855048873e+06 -2.130528911948204041e-03 2.450108155608177185e-02 -1.065264455974102020e-03
3.509793215100933798e+06 -1.171790901571512222e-02 2.237055450677871704e-02 -4.261057823896408081e-03
3.509793226410049014e+06 0.000000000000000000e+00 2.663161233067512512e-02 -2.130528911948204041e-03
3.509793256543850992e+06 -1.384843792766332626e-02 2.130528911948204041e-02 0.000000000000000000e+00
3.509793266657601111e+06 -4.261057823896408081e-03 2.450108155608177185e-02 -4.261057823896408081e-03
3.509793296419006772e+06 -1.278317347168922424e-02 2.237055450677871704e-02 4.261057823896408081e-03
3.509793306633851025e+06 -1.704423129558563232e-02 1.704423129558563232e-02 0.000000000000000000e+00
3.509793333796143066e+06 0.000000000000000000e+00 2.769687585532665253e-02 2.130528911948204041e-03
3.509793347072549164e+06 -9.587380103766918182e-03 2.237055450677871704e-02 -1.171790901571512222e-02
3.509793376982235815e+06 -5.326322279870510101e-03 2.876213937997817993e-02 3.195793367922306061e-03
3.509793386588903144e+06 -1.171790901571512222e-02 2.663161233067512512e-02 4.261057823896408081e-03
3.509793415567757096e+06 -7.456851191818714142e-03 2.024002373218536377e-02 -2.130528911948204041e-03
3.509793427066506818e+06 -9.587380103766918182e-03 1.278317347168922424e-02 4.261057823896408081e-03
3.509793456740100868e+06 -1.065264455974102020e-02 1.384843792766332626e-02 -4.261057823896408081e-03
3.509793466929996852e+06 -2.024002373218536377e-02 1.917476020753383636e-02 1.065264455974102020e-03
3.509793495320412796e+06 -9.587380103766918182e-03 2.876213937997817993e-02 -2.130528911948204041e-03
3.509793506826454774e+06 -7.456851191818714142e-03 1.917476020753383636e-02 1.065264455974102020e-03
3.509793536765621975e+06 -7.456851191818714142e-03 2.130528911948204041e-02 3.195793367922306061e-03
3.509793546853173990e+06 -5.326322279870510101e-03 2.024002373218536377e-02 3.195793367922306061e-03
3.509793574571351055e+06 -5.326322279870510101e-03 2.982740476727485657e-02 -9.587380103766918182e-03
3.509793586901819799e+06 -5.326322279870510101e-03 1.704423129558563232e-02 -4.261057823896408081e-03
3.509793617183642928e+06 -1.597896590828895569e-02 1.704423129558563232e-02 5.326322279870510101e-03
3.509793627279840875e+06 -1.384843792766332626e-02 1.704423129558563232e-02 0.000000000000000000e+00
3.509793656721976120e+06 -3.195793367922306061e-03 2.450108155608177185e-02 -5.326322279870510101e-03
3.509793667302913032e+06 -6.391586735844612122e-03 2.769687585532665253e-02 -6.391586735844612122e-03
3.509793695381037891e+06 -1.171790901571512222e-02 2.130528911948204041e-02 -1.065264455974102020e-03
3.509793707349631935e+06 -1.704423129558563232e-02 2.130528911948204041e-02 -5.326322279870510101e-03
3.509793737323590089e+06 -5.326322279870510101e-03 1.491370238363742828e-02 -7.456851191818714142e-03
3.509793747385518160e+06 -6.391586735844612122e-03 2.663161233067512512e-02 9.587380103766918182e-03
3.509793775417549070e+06 -9.587380103766918182e-03 1.917476020753383636e-02 2.130528911948204041e-03
3.509793786931350827e+06 -8.522115647792816162e-03 2.343581803143024445e-02 -1.065264455974102020e-03
3.509793815146871842e+06 -1.384843792766332626e-02 2.450108155608177185e-02 1.065264455974102020e-02
3.509793826959528029e+06 -2.130528911948204041e-03 2.024002373218536377e-02 -3.195793367922306061e-03
3.509793855492339935e+06 -7.456851191818714142e-03 2.663161233067512512e-02 -7.456851191818714142e-03
3.509793867034215014e+06 -1.171790901571512222e-02 1.917476020753383636e-02 -9.587380103766918182e-03
3.509793896979840007e+06 -4.261057823896408081e-03 2.450108155608177185e-02 -1.065264455974102020e-03
3.509793907042132225e+06 -1.065264455974102020e-02 2.450108155608177185e-02 5.326322279870510101e-03
3.509793936064007226e+06 -1.704423129558563232e-02 2.556634694337844849e-02 -1.065264455974102020e-03
3.509793947574527934e+06 -1.278317347168922424e-02 2.237055450677871704e-02 -8.522115647792816162e-03
3.509793977548695169e+06 -6.391586735844612122e-03 2.663161233067512512e-02 -8.522115647792816162e-03
3.509793987613537814e+06 -7.456851191818714142e-03 2.769687585532665253e-02 0.000000000000000000e+00
3.509794014834267087e+06 -1.278317347168922424e-02 1.810949668288230896e-02 2.130528911948204041e-03
3.509794027664891910e+06 -1.384843792766332626e-02 2.130528911948204041e-02 -8.522115647792816162e-03
3.509794057630570140e+06 -7.456851191818714142e-03 2.450108155608177185e-02 -6.391586735844612122e-03
3.509794067674162798e+06 -3.195793367922306061e-03 1.810949668288230896e-02 0.000000000000000000e+00
3.509794097615621984e+06 -1.597896590828895569e-02 2.343581803143024445e-02 -6.391586735844612122e-03
3.509794107376298867e+06 -8.522115647792816162e-03 1.810949668288230896e-02 6.391586735844612122e-03
3.509794136260516942e+06 -7.456851191818714142e-03 2.343581803143024445e-02 -3.195793367922306061e-03
3.509794147275725845e+06 -1.597896590828895569e-02 1.917476020753383636e-02 0.000000000000000000e+00
3.509794177747913171e+06 -4.261057823896408081e-03 2.769687585532665253e-02 2.130528911948204041e-03
3.509794187303693965e+06 -6.391586735844612122e-03 1.917476020753383636e-02 -1.384843792766332626e-02
3.509794216314266901e+06 -5.326322279870510101e-03 1.917476020753383636e-02 3.195793367922306061e-03
3.509794227368642110e+06 -4.261057823896408081e-03 1.491370238363742828e-02 -6.391586735844612122e-03
3.509794256040725857e+06 -1.065264455974102020e-02 2.130528911948204041e-02 2.130528911948204041e-03
3.509794267894424032e+06 -7.456851191818714142e-03 1.491370238363742828e-02 2.130528911948204041e-03
3.509794297362809069e+06 -2.130528911948204041e-02 2.130528911948204041e-02 3.195793367922306061e-03
3.509794307899058796e+06 -8.522115647792816162e-03 2.237055450677871704e-02 -3.195793367922306061e-03
3.509794335988955107e+06 -1.171790901571512222e-02 1.917476020753383636e-02 -5.326322279870510101e-03
3.509794347972080112e+06 -7.456851191818714142e-03 2.343581803143024445e-02 2.130528911948204041e-03
3.509794377440465149e+06 -3.195793367922306061e-03 2.130528911948204041e-02 2.130528911948204041e-03
3.509794387991715223e+06 -6.391586735844612122e-03 2.982740476727485657e-02 3.195793367922306061e-03
3.509794416555829812e+06 -9.587380103766918182e-03 1.384843792766332626e-02 -5.326322279870510101e-03
3.509794427699214779e+06 -9.587380103766918182e-03 4.261057823896408081e-03 1.065264455974102020e-03
3.509794458014007192e+06 -8.522115647792816162e-03 2.663161233067512512e-02 4.261057823896408081e-03
3.509794467594787944e+06 -1.491370238363742828e-02 2.556634694337844849e-02 0.000000000000000000e+00
3.509794495784840081e+06 -1.597896590828895569e-02 2.343581803143024445e-02 0.000000000000000000e+00
3.509794507618329953e+06 -5.326322279870510101e-03 2.024002373218536377e-02 6.391586735844612122e-03
3.509794538056090008e+06 -1.278317347168922424e-02 1.704423129558563232e-02 -2.130528911948204041e-03
3.509794547656402923e+06 -7.456851191818714142e-03 2.024002373218536377e-02 -9.587380103766918182e-03
3.509794576677131932e+06 -1.065264455974102020e-02 1.491370238363742828e-02 -4.261057823896408081e-03
3.509794588204840198e+06 -8.522115647792816162e-03 1.810949668288230896e-02 -1.065264455974102020e-03
3.509794617700517178e+06 -1.171790901571512222e-02 2.343581803143024445e-02 -2.130528911948204041e-03
3.509794627728485968e+06 -1.491370238363742828e-02 2.130528911948204041e-02 4.261057823896408081e-03
3.509794657732705120e+06 5.326322279870510101e-03 2.556634694337844849e-02 2.130528911948204041e-03
3.509794667622913141e+06 -1.384843792766332626e-02 2.450108155608177185e-02 2.130528911948204041e-03
3.509794694584059063e+06 -7.456851191818714142e-03 3.302319720387458801e-02 -1.065264455974102020e-03
3.509794707832965069e+06 -8.522115647792816162e-03 3.089267015457153320e-02 6.391586735844612122e-03
3.509794738312913105e+06 -1.278317347168922424e-02 3.195793181657791138e-02 -5.326322279870510101e-03
3.509794748128850944e+06 -1.065264455974102020e-02 2.769687585532665253e-02 -5.326322279870510101e-03
3.509794776622235775e+06 -1.171790901571512222e-02 1.597896590828895569e-02 -5.326322279870510101e-03
3.509794788111662958e+06 -1.278317347168922424e-02 2.769687585532665253e-02 1.065264455974102020e-03
3.509794818328590132e+06 -1.065264455974102020e-03 3.302319720387458801e-02 0.000000000000000000e+00
3.509794828130568843e+06 -1.065264455974102020e-02 2.450108155608177185e-02 -2.024002373218536377e-02
3.509794856528589968e+06 -9.587380103766918182e-03 2.663161233067512512e-02 -1.065264455974102020e-03
3.509794868108955212e+06 -9.587380103766918182e-03 2.237055450677871704e-02 2.130528911948204041e-03
3.509794898482600227e+06 -7.456851191818714142e-03 9.587380103766918182e-03 -3.195793367922306061e-03
3.509794908124788199e+06 -1.065264455974102020e-02 1.704423129558563232e-02 -2.130528911948204041e-03
3.509794935735361185e+06 -6.391586735844612122e-03 1.597896590828895569e-02 -3.195793367922306061e-03
3.509794948060412891e+06 -4.261057823896408081e-03 1.278317347168922424e-02 3.195793367922306061e-03
3.509794978027340025e+06 -8.522115647792816162e-03 1.597896590828895569e-02 -2.130528911948204041e-03
3.509794988328955136e+06 -8.522115647792816162e-03 1.171790901571512222e-02 -2.130528911948204041e-03
3.509795018108902033e+06 -1.278317347168922424e-02 2.556634694337844849e-02 -1.065264455974102020e-03
3.509795028118224815e+06 -5.326322279870510101e-03 1.917476020753383636e-02 -2.130528911948204041e-03
3.509795057197965216e+06 -7.456851191818714142e-03 1.810949668288230896e-02 -8.522115647792816162e-03
3.509795068163902033e+06 -9.587380103766918182e-03 1.810949668288230896e-02 5.326322279870510101e-03
3.509795098631193861e+06 -6.391586735844612122e-03 1.917476020753383636e-02 -4.261057823896408081e-03
3.509795108199995942e+06 -1.065264455974102020e-02 2.982740476727485657e-02 -2.130528911948204041e-03
3.509795137239214964e+06 -8.522115647792816162e-03 3.195793181657791138e-02 -2.130528911948204041e-03
3.509795148232860956e+06 -3.195793367922306061e-03 2.876213937997817993e-02 8.522115647792816162e-03
3.509795176571610849e+06 -1.278317347168922424e-02 2.769687585532665253e-02 1.065264455974102020e-03
3.509795188524267171e+06 -1.278317347168922424e-02 1.810949668288230896e-02 4.261057823896408081e-03
3.509795216835828964e+06 -1.491370238363742828e-02 2.024002373218536377e-02 -1.384843792766332626e-02
3.509795228811766952e+06 -9.587380103766918182e-03 2.024002373218536377e-02 -1.065264455974102020e-03
3.509795258332861122e+06 -9.587380103766918182e-03 2.024002373218536377e-02 -7.456851191818714142e-03
3.509795268343538046e+06 -9.587380103766918182e-03 1.491370238363742828e-02 3.195793367922306061e-03
3.509795296925621107e+06 -1.597896590828895569e-02 2.450108155608177185e-02 -4.261057823896408081e-03
3.509795308401141781e+06 -6.391586735844612122e-03 3.302319720387458801e-02 7.456851191818714142e-03
3.509795338395151775e+06 -7.456851191818714142e-03 1.491370238363742828e-02 1.065264455974102020e-03
3.509795348425828852e+06 -1.171790901571512222e-02 2.024002373218536377e-02 5.326322279870510101e-03
3.509795378859944176e+06 -3.195793367922306061e-03 2.556634694337844849e-02 -2.130528911948204041e-03
3.509795388947340194e+06 -1.597896590828895569e-02 2.769687585532665253e-02 1.065264455974102020e-03
3.509795416187027004e+06 -1.491370238363742828e-02 2.556634694337844849e-02 1.065264455974102020e-03
3.509795428993538022e+06 -4.261057823896408081e-03 2.876213937997817993e-02 -7.456851191818714142e-03
3.509795458500985987e+06 -1.597896590828895569e-02 2.024002373218536377e-02 -1.065264455974102020e-03
3.509795469036038034e+06 -1.384843792766332626e-02 2.876213937997817993e-02 -6.391586735844612122e-03
3.509795497111923061e+06 -1.597896590828895569e-02 2.343581803143024445e-02 1.065264455974102020e-03
3.509795509075724985e+06 -5.326322279870510101e-03 2.024002373218536377e-02 -3.195793367922306061e-03
3.509795538569527213e+06 -7.456851191818714142e-03 2.024002373218536377e-02 -2.130528911948204041e-03
3.509795549126974773e+06 -1.171790901571512222e-02 2.556634694337844849e-02 3.195793367922306061e-03
3.509795577196298167e+06 -7.456851191818714142e-03 1.171790901571512222e-02 -8.522115647792816162e-03
3.509795588651975151e+06 -6.391586735844612122e-03 2.343581803143024445e-02 -3.195793367922306061e-03
3.509795617070361041e+06 -4.261057823896408081e-03 2.130528911948204041e-02 3.195793367922306061e-03
3.509795628680360969e+06 -8.522115647792816162e-03 2.450108155608177185e-02 -8.522115647792816162e-03
3.509795658680673223e+06 -6.391586735844612122e-03 2.769687585532665253e-02 -3.195793367922306061e-03
3.509795668744266964e+06 -7.456851191818714142e-03 2.343581803143024445e-02 3.195793367922306061e-03
3.509795697466766927e+06 -7.456851191818714142e-03 2.237055450677871704e-02 3.195793367922306061e-03
3.509795709258798044e+06 -9.587380103766918182e-03 2.343581803143024445e-02 -7.456851191818714142e-03
3.509795738795204088e+06 -6.391586735844612122e-03 2.024002373218536377e-02 -1.065264455974102020e-03
3.509795748802027199e+06 -1.278317347168922424e-02 1.917476020753383636e-02 1.065264455974102020e-03
3.509795777369787917e+06 -5.326322279870510101e-03 1.917476020753383636e-02 -4.261057823896408081e-03
3.509795788866349962e+06 -9.587380103766918182e-03 2.343581803143024445e-02 1.065264455974102020e-03
3.509795818826505914e+06 -1.704423129558563232e-02 1.065264455974102020e-02 -1.597896590828895569e-02
3.509795828880724963e+06 -7.456851191818714142e-03 1.704423129558563232e-02 -7.456851191818714142e-03
3.509795856639163103e+06 -7.456851191818714142e-03 2.663161233067512512e-02 5.326322279870510101e-03
3.509795868921194226e+06 -9.587380103766918182e-03 1.917476020753383636e-02 0.000000000000000000e+00
3.509795899536245968e+06 -5.326322279870510101e-03 1.810949668288230896e-02 -4.261057823896408081e-03
3.509795908978225198e+06 -1.384843792766332626e-02 1.704423129558563232e-02 -4.261057823896408081e-03
3.509795937830413226e+06 -1.704423129558563232e-02 2.450108155608177185e-02 2.130528911948204041e-03
3.509795949002651963e+06 -8.522115647792816162e-03 1.704423129558563232e-02 -1.065264455974102020e-03
3.509795979278746061e+06 -1.065264455974102020e-02 2.237055450677871704e-02 5.326322279870510101e-03
3.509795989041349851e+06 -7.456851191818714142e-03 3.728425502777099609e-02 -8.522115647792816162e-03
3.509796019357183017e+06 -2.130528911948204041e-03 2.450108155608177185e-02 0.000000000000000000e+00
3.509796029577130917e+06 -1.810949668288230896e-02 1.384843792766332626e-02 -1.065264455974102020e-03
3.509796055776610039e+06 -1.171790901571512222e-02 2.769687585532665253e-02 0.000000000000000000e+00
3.509796069107547868e+06 -1.491370238363742828e-02 1.491370238363742828e-02 -4.261057823896408081e-03
3.509796098943432793e+06 -1.171790901571512222e-02 2.237055450677871704e-02 -2.130528911948204041e-03
3.509796109089110047e+06 -9.587380103766918182e-03 3.089267015457153320e-02 -2.130528911948204041e-03
3.509796137758485042e+06 -1.065264455974102020e-02 1.917476020753383636e-02 -3.195793367922306061e-03
3.509796149363433011e+06 -5.326322279870510101e-03 1.810949668288230896e-02 -7.456851191818714142e-03
3.509796179033172783e+06 -1.597896590828895569e-02 2.343581803143024445e-02 -1.065264455974102020e-02
3.509796189232183155e+06 -1.278317347168922424e-02 1.704423129558563232e-02 -8.522115647792816162e-03
3.509796218169422820e+06 -3.195793367922306061e-03 1.491370238363742828e-02 -1.065264455974102020e-03
3.509796229274006095e+06 -9.587380103766918182e-03 2.556634694337844849e-02 2.130528911948204041e-03
3.509796259586297907e+06 -1.810949668288230896e-02 1.384843792766332626e-02 -5.326322279870510101e-03
3.509796269337600097e+06 3.195793367922306061e-03 2.450108155608177185e-02 -5.326322279870510101e-03
3.509796297399579082e+06 -1.384843792766332626e-02 1.597896590828895569e-02 2.130528911948204041e-03
3.509796309814734850e+06 -6.391586735844612122e-03 2.450108155608177185e-02 -4.261057823896408081e-03
3.509796339174057823e+06 -1.278317347168922424e-02 2.024002373218536377e-02 -7.456851191818714142e-03
3.509796349865411874e+06 -1.597896590828895569e-02 2.237055450677871704e-02 0.000000000000000000e+00
3.509796379197651986e+06 -7.456851191818714142e-03 1.704423129558563232e-02 -4.261057823896408081e-03
3.509796389435048215e+06 -9.587380103766918182e-03 3.302319720387458801e-02 -8.522115647792816162e-03
3.509796417861193884e+06 -4.261057823896408081e-03 9.587380103766918182e-03 -5.326322279870510101e-03
3.509796429457756225e+06 -1.491370238363742828e-02 2.769687585532665253e-02 -4.261057823896408081e-03
3.509796459324995987e+06 -1.597896590828895569e-02 2.343581803143024445e-02 -1.065264455974102020e-03
3.509796469502443913e+06 -7.456851191818714142e-03 2.556634694337844849e-02 -2.130528911948204041e-03
3.509796497917964123e+06 -1.065264455974102020e-03 1.810949668288230896e-02 2.130528911948204041e-03
3.509796509549110197e+06 -1.278317347168922424e-02 2.343581803143024445e-02 7.456851191818714142e-03
3.509796538115515839e+06 -3.195793367922306061e-03 2.556634694337844849e-02 0.000000000000000000e+00
3.509796550060464069e+06 -6.391586735844612122e-03 2.876213937997817993e-02 0.000000000000000000e+00
3.509796578033381142e+06 -1.491370238363742828e-02 2.450108155608177185e-02 -6.391586735844612122e-03
3.509796590094890911e+06 -1.597896590828895569e-02 2.237055450677871704e-02 0.000000000000000000e+00
3.509796619444319047e+06 -1.491370238363742828e-02 2.237055450677871704e-02 2.130528911948204041e-03
3.509796630169786979e+06 -6.391586735844612122e-03 2.450108155608177185e-02 5.326322279870510101e-03
3.509796658074318897e+06 -1.171790901571512222e-02 2.024002373218536377e-02 -7.456851191818714142e-03
3.509796669862600043e+06 -8.522115647792816162e-03 1.917476020753383636e-02 -3.195793367922306061e-03
3.509796699557287153e+06 -1.065264455974102020e-03 2.450108155608177185e-02 -2.130528911948204041e-03
3.509796709731766023e+06 -4.261057823896408081e-03 1.917476020753383636e-02 -4.261057823896408081e-03
3.509796739562860224e+06 -9.587380103766918182e-03 2.769687585532665253e-02 -6.391586735844612122e-03
3.509796749790932983e+06 -4.261057823896408081e-03 2.556634694337844849e-02 5.326322279870510101e-03
3.509796777360360138e+06 -1.278317347168922424e-02 1.810949668288230896e-02 0.000000000000000000e+00
3.509796789810256101e+06 -1.171790901571512222e-02 2.556634694337844849e-02 -5.326322279870510101e-03
3.509796819639839232e+06 -6.391586735844612122e-03 2.556634694337844849e-02 0.000000000000000000e+00
3.509796829851192888e+06 -7.456851191818714142e-03 2.663161233067512512e-02 2.130528911948204041e-03
3.509796858775360044e+06 -1.597896590828895569e-02 2.237055450677871704e-02 4.261057823896408081e-03
3.509796870395048056e+06 -1.278317347168922424e-02 1.917476020753383636e-02 7.456851191818714142e-03
3.509796899707756005e+06 -1.065264455974102020e-02 2.876213937997817993e-02 -1.065264455974102020e-03
3.509796909925203770e+06 -1.171790901571512222e-02 2.343581803143024445e-02 -2.130528911948204041e-03
3.509796938361246139e+06 -1.384843792766332626e-02 2.024002373218536377e-02 6.391586735844612122e-03
3.509796949962287210e+06 -1.917476020753383636e-02 2.130528911948204041e-02 1.065264455974102020e-03
3.509796978101505898e+06 -1.065264455974102020e-03 2.556634694337844849e-02 -5.326322279870510101e-03
3.509796990008641034e+06 -1.065264455974102020e-02 2.130528911948204041e-02 1.065264455974102020e-03
3.509797020321140997e+06 -3.195793367922306061e-03 2.769687585532665253e-02 -3.195793367922306061e-03
3.509797030049161986e+06 -1.384843792766332626e-02 2.237055450677871704e-02 -4.261057823896408081e-03
3.509797058958954178e+06 -1.384843792766332626e-02 2.556634694337844849e-02 -2.130528911948204041e-03
3.509797070080100093e+06 0.000000000000000000e+00 1.810949668288230896e-02 -5.326322279870510101e-03
3.509797100405307952e+06 -1.810949668288230896e-02 1.810949668288230896e-02 -6.391586735844612122e-03
3.509797110128954053e+06 -8.522115647792816162e-03 2.237055450677871704e-02 7.456851191818714142e-03
3.509797139050829224e+06 -4.261057823896408081e-03 2.130528911948204041e-02 -1.597896590828895569e-02
3.509797150174838956e+06 -1.171790901571512222e-02 2.769687585532665253e-02 -1.065264455974102020e-03
3.509797179932286963e+06 -1.171790901571512222e-02 3.089267015457153320e-02 -2.130528911948204041e-03
3.509797190132079180e+06 0.000000000000000000e+00 1.597896590828895569e-02 7.456851191818714142e-03
3.509797217798588797e+06 -6.391586735844612122e-03 2.450108155608177185e-02 -2.130528911948204041e-03
3.509797230245308019e+06 -2.130528911948204041e-02 2.769687585532665253e-02 -3.195793367922306061e-03
3.509797260081922170e+06 -1.384843792766332626e-02 2.024002373218536377e-02 1.065264455974102020e-03
3.509797270268744789e+06 -1.278317347168922424e-02 2.024002373218536377e-02 -2.130528911948204041e-03
3.509797298709109891e+06 -1.065264455974102020e-02 2.024002373218536377e-02 0.000000000000000000e+00
3.509797310302079190e+06 -1.171790901571512222e-02 3.089267015457153320e-02 -3.195793367922306061e-03
3.509797340134683065e+06 -7.456851191818714142e-03 1.810949668288230896e-02 3.195793367922306061e-03
3.509797350364787038e+06 -1.491370238363742828e-02 2.237055450677871704e-02 -4.261057823896408081e-03
3.509797380175204016e+06 -8.522115647792816162e-03 2.982740476727485657e-02 -3.195793367922306061e-03
3.509797390387963969e+06 -6.391586735844612122e-03 2.130528911948204041e-02 -7.456851191818714142e-03
3.509797417617808096e+06 -1.384843792766332626e-02 2.556634694337844849e-02 8.522115647792816162e-03
3.509797430423432961e+06 -6.391586735844612122e-03 2.237055450677871704e-02 1.065264455974102020e-03
3.509797460730671883e+06 -1.491370238363742828e-02 2.556634694337844849e-02 1.065264455974102020e-03
3.509797470478484873e+06 -1.171790901571512222e-02 1.491370238363742828e-02 7.456851191818714142e-03
3.509797499368223827e+06 -1.384843792766332626e-02 2.663161233067512512e-02 -2.130528911948204041e-03
3.509797510965152178e+06 -1.065264455974102020e-02 2.982740476727485657e-02 -4.261057823896408081e-03
3.509797540374527220e+06 -1.597896590828895569e-02 2.769687585532665253e-02 -2.130528911948204041e-03
3.509797550534838811e+06 -9.587380103766918182e-03 2.237055450677871704e-02 -2.130528911948204041e-03
3.509797578826557845e+06 -1.171790901571512222e-02 2.450108155608177185e-02 -1.171790901571512222e-02
3.509797590439734980e+06 -1.384843792766332626e-02 1.810949668288230896e-02 4.261057823896408081e-03
3.509797620416297112e+06 -1.810949668288230896e-02 9.587380103766918182e-03 3.195793367922306061e-03
3.509797630621973891e+06 -8.522115647792816162e-03 2.450108155608177185e-02 8.522115647792816162e-03
3.509797658722025808e+06 -1.917476020753383636e-02 2.130528911948204041e-02 5.326322279870510101e-03
3.509797670659525786e+06 -9.587380103766918182e-03 2.237055450677871704e-02 -1.065264455974102020e-03
3.509797700784162153e+06 -1.171790901571512222e-02 3.089267015457153320e-02 -6.391586735844612122e-03
3.509797710708119906e+06 -4.261057823896408081e-03 2.450108155608177185e-02 1.065264455974102020e-03
3.509797741012755781e+06 -3.195793367922306061e-03 1.384843792766332626e-02 1.065264455974102020e-03
3.509797750742391217e+06 -1.171790901571512222e-02 2.237055450677871704e-02 0.000000000000000000e+00
3.509797779642182868e+06 -1.384843792766332626e-02 2.130528911948204041e-02 -6.391586735844612122e-03
3.509797790779525880e+06 -5.326322279870510101e-03 1.171790901571512222e-02 -7.456851191818714142e-03
3.509797821024266072e+06 -6.391586735844612122e-03 2.769687585532665253e-02 6.391586735844612122e-03
3.509797831315047108e+06 -3.195793367922306061e-03 2.343581803143024445e-02 3.195793367922306061e-03
3.509797859217443038e+06 -1.065264455974102020e-02 1.917476020753383636e-02 -4.261057823896408081e-03
3.509797870852183085e+06 0.000000000000000000e+00 2.450108155608177185e-02 -5.326322279870510101e-03
3.509797898858589120e+06 0.000000000000000000e+00 1.810949668288230896e-02 -8.522115647792816162e-03
3.509797910776922014e+06 -1.917476020753383636e-02 2.024002373218536377e-02 0.000000000000000000e+00
3.509797939305568114e+06 -1.491370238363742828e-02 2.343581803143024445e-02 3.195793367922306061e-03
3.509797951110985130e+06 -8.522115647792816162e-03 1.917476020753383636e-02 -3.195793367922306061e-03
3.509797980680775829e+06 -1.171790901571512222e-02 2.663161233067512512e-02 -1.065264455974102020e-03
3.509797991159214173e+06 -7.456851191818714142e-03 1.384843792766332626e-02 0.000000000000000000e+00
3.509798019571558107e+06 4.261057823896408081e-03 2.769687585532665253e-02 -5.326322279870510101e-03
3.509798030998327769e+06 -9.587380103766918182e-03 2.982740476727485657e-02 5.326322279870510101e-03
3.509798060987703037e+06 -8.522115647792816162e-03 1.917476020753383636e-02 1.065264455974102020e-03
3.509798071544317994e+06 -1.065264455974102020e-02 1.810949668288230896e-02 -1.065264455974102020e-02
3.509798100725411903e+06 -3.195793367922306061e-03 3.089267015457153320e-02 -5.326322279870510101e-03
3.509798111180203035e+06 -1.065264455974102020e-02 2.663161233067512512e-02 -2.130528911948204041e-03
3.509798138888640795e+06 -1.810949668288230896e-02 2.237055450677871704e-02 -3.195793367922306061e-03
3.509798151606662199e+06 -5.326322279870510101e-03 2.237055450677871704e-02 -3.195793367922306061e-03
3.509798181106504984e+06 -1.171790901571512222e-02 1.704423129558563232e-02 -2.130528911948204041e-03
3.509798191327754874e+06 -1.278317347168922424e-02 1.597896590828895569e-02 -1.065264455974102020e-03
3.509798219732495025e+06 -8.522115647792816162e-03 3.089267015457153320e-02 1.065264455974102020e-03
3.509798231350933202e+06 -9.587380103766918182e-03 1.171790901571512222e-02 1.065264455974102020e-03
3.509798261210775934e+06 -1.491370238363742828e-02 2.343581803143024445e-02 -6.391586735844612122e-03
3.509798271390412003e+06 -8.522115647792816162e-03 1.597896590828895569e-02 -5.326322279870510101e-03
3.509798300121610053e+06 -1.065264455974102020e-02 1.704423129558563232e-02 1.065264455974102020e-03
3.509798311595255043e+06 -4.261057823896408081e-03 2.663161233067512512e-02 7.456851191818714142e-03
3.509798339523484930e+06 0.000000000000000000e+00 1.917476020753383636e-02 0.000000000000000000e+00
3.509798351793171838e+06 -4.261057823896408081e-03 2.237055450677871704e-02 -5.326322279870510101e-03
3.509798381332599092e+06 -1.384843792766332626e-02 2.450108155608177185e-02 0.000000000000000000e+00
3.509798391831037123e+06 -4.261057823896408081e-03 2.769687585532665253e-02 -4.261057823896408081e-03
3.509798419909265824e+06 -1.810949668288230896e-02 1.810949668288230896e-02 -5.326322279870510101e-03
3.509798431875254959e+06 -8.522115647792816162e-03 1.384843792766332626e-02 0.000000000000000000e+00
3.509798461369161960e+06 -9.587380103766918182e-03 2.237055450677871704e-02 1.065264455974102020e-03
3.509798471917286981e+06 -1.171790901571512222e-02 1.491370238363742828e-02 0.000000000000000000e+00
3.509798500026922207e+06 -1.065264455974102020e-02 2.024002373218536377e-02 8.522115647792816162e-03
3.509798511609787121e+06 -1.065264455974102020e-02 2.024002373218536377e-02 1.065264455974102020e-03
3.509798541809213813e+06 -7.456851191818714142e-03 3.195793181657791138e-02 6.391586735844612122e-03
3.509798551675932016e+06 -6.391586735844612122e-03 2.343581803143024445e-02 -5.326322279870510101e-03
3.509798579261921812e+06 -6.391586735844612122e-03 2.237055450677871704e-02 0.000000000000000000e+00
3.509798591769890860e+06 -5.326322279870510101e-03 1.278317347168922424e-02 0.000000000000000000e+00
3.509798621868172195e+06 -1.491370238363742828e-02 2.130528911948204041e-02 1.065264455974102020e-03
3.509798632060984150e+06 -6.391586735844612122e-03 1.384843792766332626e-02 -1.065264455974102020e-02
3.509798660184162203e+06 -5.326322279870510101e-03 2.450108155608177185e-02 2.130528911948204041e-03
3.509798671799786855e+06 -9.587380103766918182e-03 2.130528911948204041e-02 7.456851191818714142e-03
3.509798701931504998e+06 -8.522115647792816162e-03 2.130528911948204041e-02 -5.326322279870510101e-03
3.509798711808119901e+06 -7.456851191818714142e-03 2.024002373218536377e-02 -1.065264455974102020e-03
3.509798741718119942e+06 2.130528911948204041e-03 2.769687585532665253e-02 0.000000000000000000e+00
3.509798751849994995e+06 -1.171790901571512222e-02 1.491370238363742828e-02 -2.130528911948204041e-03
3.509798778590516187e+06 -8.522115647792816162e-03 2.343581803143024445e-02 -3.195793367922306061e-03
3.509798791898015887e+06 -1.065264455974102020e-02 2.876213937997817993e-02 -3.195793367922306061e-03
3.509798822082234081e+06 -3.195793367922306061e-03 2.556634694337844849e-02 -4.261057823896408081e-03
3.509798831923068035e+06 -6.391586735844612122e-03 2.237055450677871704e-02 -1.065264455974102020e-03
3.509798860753693152e+06 -1.491370238363742828e-02 1.917476020753383636e-02 0.000000000000000000e+00
3.509798871961036231e+06 -9.587380103766918182e-03 1.704423129558563232e-02 5.326322279870510101e-03
3.509798902213693131e+06 -4.261057823896408081e-03 2.024002373218536377e-02 -5.326322279870510101e-03
3.509798912021035794e+06 -9.587380103766918182e-03 2.663161233067512512e-02 -4.261057823896408081e-03
3.509798940818327945e+06 -8.522115647792816162e-03 2.663161233067512512e-02 5.326322279870510101e-03
3.509798952373067848e+06 -4.261057823896408081e-03 2.130528911948204041e-02 5.326322279870510101e-03
3.509798981901661027e+06 -6.391586735844612122e-03 1.491370238363742828e-02 -6.391586735844612122e-03
3.509798992334578186e+06 -8.522115647792816162e-03 2.450108155608177185e-02 9.587380103766918182e-03
3.509799019729369786e+06 -9.587380103766918182e-03 1.704423129558563232e-02 4.261057823896408081e-03
3.509799032124525867e+06 -7.456851191818714142e-03 2.769687585532665253e-02 -2.130528911948204041e-03
3.509799061999734025e+06 -1.597896590828895569e-02 2.769687585532665253e-02 -1.065264455974102020e-03
3.509799072151870001e+06 -9.587380103766918182e-03 2.237055450677871704e-02 3.195793367922306061e-03
3.509799102069109213e+06 -1.278317347168922424e-02 1.917476020753383636e-02 0.000000000000000000e+00
3.509799112195619848e+06 0.000000000000000000e+00 2.237055450677871704e-02 -5.326322279870510101e-03
3.509799141002494842e+06 -9.587380103766918182e-03 2.343581803143024445e-02 7.456851191818714142e-03
3.509799152596504893e+06 -6.391586735844612122e-03 1.704423129558563232e-02 4.261057823896408081e-03
3.509799182142233942e+06 -1.384843792766332626e-02 2.024002373218536377e-02 -4.261057823896408081e-03
3.509799192606661003e+06 -8.522115647792816162e-03 1.491370238363742828e-02 1.065264455974102020e-03
3.509799220782130025e+06 -2.024002373218536377e-02 1.810949668288230896e-02 8.522115647792816162e-03
3.509799232651297003e+06 -5.326322279870510101e-03 2.876213937997817993e-02 6.391586735844612122e-03
3.509799260440567974e+06 -1.491370238363742828e-02 3.089267015457153320e-02 1.065264455974102020e-03
3.509799272696504835e+06 -8.522115647792816162e-03 2.769687585532665253e-02 2.130528911948204041e-03
3.509799300779473968e+06 -5.326322279870510101e-03 1.491370238363742828e-02 -2.130528911948204041e-03
3.509799312395150773e+06 0.000000000000000000e+00 2.450108155608177185e-02 -8.522115647792816162e-03
3.509799342297181953e+06 -1.171790901571512222e-02 3.408846259117126465e-02 -3.195793367922306061e-03
3.509799352425203193e+06 -1.065264455974102020e-02 2.663161233067512512e-02 -6.391586735844612122e-03
3.509799380936504807e+06 -1.278317347168922424e-02 1.810949668288230896e-02 6.391586735844612122e-03
3.509799392480099108e+06 -9.587380103766918182e-03 2.130528911948204041e-02 -3.195793367922306061e-03
3.509799422359264921e+06 -7.456851191818714142e-03 2.556634694337844849e-02 -4.261057823896408081e-03
3.509799432500203140e+06 -5.326322279870510101e-03 2.024002373218536377e-02 -4.261057823896408081e-03
3.509799462747286074e+06 -1.065264455974102020e-03 2.663161233067512512e-02 -5.326322279870510101e-03
3.509799472878172062e+06 -1.384843792766332626e-02 2.130528911948204041e-02 -1.065264455974102020e-03
3.509799500202963129e+06 -8.522115647792816162e-03 2.130528911948204041e-02 -6.391586735844612122e-03
3.509799512855567038e+06 -1.065264455974102020e-02 2.769687585532665253e-02 -4.261057823896408081e-03
3.509799542713535950e+06 -2.024002373218536377e-02 2.769687585532665253e-02 0.000000000000000000e+00
3.509799552899265196e+06 -5.326322279870510101e-03 2.663161233067512512e-02 3.195793367922306061e-03
3.509799581112389918e+06 -1.171790901571512222e-02 2.769687585532665253e-02 1.065264455974102020e-03
3.509799592975358944e+06 -8.522115647792816162e-03 2.769687585532665253e-02 -4.261057823896408081e-03
3.509799622539681848e+06 -7.456851191818714142e-03 2.024002373218536377e-02 -4.261057823896408081e-03
3.509799632717181928e+06 -1.171790901571512222e-02 2.024002373218536377e-02 5.326322279870510101e-03
3.509799660881922115e+06 -1.597896590828895569e-02 3.302319720387458801e-02 -9.587380103766918182e-03
3.509799672710880172e+06 -1.171790901571512222e-02 1.704423129558563232e-02 -4.261057823896408081e-03
3.509799701029578224e+06 -1.171790901571512222e-02 2.024002373218536377e-02 -7.456851191818714142e-03
3.509799712771974038e+06 -7.456851191818714142e-03 2.556634694337844849e-02 -2.130528911948204041e-03
3.509799742967963219e+06 -5.326322279870510101e-03 2.769687585532665253e-02 2.130528911948204041e-03
3.509799752700775862e+06 -2.024002373218536377e-02 1.917476020753383636e-02 0.000000000000000000e+00
3.509799781627962831e+06 -1.065264455974102020e-02 1.278317347168922424e-02 4.261057823896408081e-03
3.509799793168379925e+06 -7.456851191818714142e-03 1.810949668288230896e-02 0.000000000000000000e+00
3.509799822586087976e+06 -2.024002373218536377e-02 2.343581803143024445e-02 -4.261057823896408081e-03
3.509799833205099218e+06 -4.261057823896408081e-03 2.876213937997817993e-02 0.000000000000000000e+00
3.509799861169265117e+06 -5.326322279870510101e-03 2.769687585532665253e-02 -2.130528911948204041e-03
3.509799873283431865e+06 -5.326322279870510101e-03 2.130528911948204041e-02 2.130528911948204041e-03
3.509799902634994127e+06 -8.522115647792816162e-03 2.556634694337844849e-02 -1.065264455974102020e-03
3.509799913293691818e+06 -1.384843792766332626e-02 1.917476020753383636e-02 -5.326322279870510101e-03
3.509799940977494232e+06 -3.195793367922306061e-03 1.597896590828895569e-02 -5.326322279870510101e-03
3.509799952858170960e+06 -7.456851191818714142e-03 2.663161233067512512e-02 0.000000000000000000e+00
3.509799983059316874e+06 -1.597896590828895569e-02 2.663161233067512512e-02 5.326322279870510101e-03
3.509799992916401010e+06 -1.704423129558563232e-02 1.810949668288230896e-02 3.195793367922306061e-03
3.509800021859838162e+06 -1.171790901571512222e-02 2.024002373218536377e-02 2.130528911948204041e-03
3.509800032931347843e+06 -8.522115647792816162e-03 2.450108155608177185e-02 2.130528911948204041e-03
3.509800063325411174e+06 -8.522115647792816162e-03 2.343581803143024445e-02 -1.491370238363742828e-02
3.509800072963640094e+06 -4.261057823896408081e-03 1.704423129558563232e-02 6.391586735844612122e-03
3.509800103297962807e+06 -8.522115647792816162e-03 2.876213937997817993e-02 0.000000000000000000e+00
3.509800113513900898e+06 -1.810949668288230896e-02 2.769687585532665253e-02 -2.130528911948204041e-03
3.509800139714420773e+06 -1.065264455974102020e-02 2.343581803143024445e-02 1.065264455974102020e-03
3.509800153523795772e+06 -6.391586735844612122e-03 2.769687585532665253e-02 -3.195793367922306061e-03
3.509800182956712786e+06 -1.065264455974102020e-02 2.769687585532665253e-02 -1.065264455974102020e-03
3.509800193263328169e+06 -8.522115647792816162e-03 2.130528911948204041e-02 3.195793367922306061e-03
3.509800221587703098e+06 -6.391586735844612122e-03 2.769687585532665253e-02 6.391586735844612122e-03
3.509800233125722967e+06 -1.704423129558563232e-02 2.024002373218536377e-02 1.065264455974102020e-03
3.509800263483744115e+06 -1.810949668288230896e-02 2.556634694337844849e-02 1.065264455974102020e-03
3.509800273252598010e+06 -7.456851191818714142e-03 2.556634694337844849e-02 2.130528911948204041e-03
3.509800302127703093e+06 -3.195793367922306061e-03 1.810949668288230896e-02 -6.391586735844612122e-03
3.509800313268119004e+06 -1.171790901571512222e-02 2.982740476727485657e-02 -6.391586735844612122e-03
3.509800343576453160e+06 -1.491370238363742828e-02 1.597896590828895569e-02 -4.261057823896408081e-03
3.509800353247911204e+06 -5.326322279870510101e-03 1.917476020753383636e-02 -3.195793367922306061e-03
3.509800380875828210e+06 -8.522115647792816162e-03 2.024002373218536377e-02 -1.065264455974102020e-03
3.509800393118327949e+06 -1.278317347168922424e-02 1.810949668288230896e-02 2.130528911948204041e-03
3.509800423391764984e+06 -1.171790901571512222e-02 2.556634694337844849e-02 -2.130528911948204041e-03
3.509800433317233808e+06 -1.065264455974102020e-02 1.704423129558563232e-02 0.000000000000000000e+00
3.509800463180932216e+06 -1.917476020753383636e-02 2.130528911948204041e-02 -3.195793367922306061e-03
3.509800473357025068e+06 -1.384843792766332626e-02 2.024002373218536377e-02 -3.195793367922306061e-03
3.509800501866661012e+06 -8.522115647792816162e-03 2.450108155608177185e-02 1.065264455974102020e-03
3.509800513383223210e+06 -1.171790901571512222e-02 1.917476020753383636e-02 3.195793367922306061e-03
3.509800543289004825e+06 -5.326322279870510101e-03 2.130528911948204041e-02 -8.522115647792816162e-03
3.509800553423014935e+06 -2.130528911948204041e-03 2.024002373218536377e-02 -1.065264455974102020e-03
3.509800582305150107e+06 -2.130528911948204041e-03 1.917476020753383636e-02 -4.261057823896408081e-03
3.509800593484420795e+06 -7.456851191818714142e-03 2.876213937997817993e-02 1.065264455974102020e-03
3.509800621627338231e+06 -1.278317347168922424e-02 2.450108155608177185e-02 -2.130528911948204041e-03
3.509800633616347797e+06 -6.391586735844612122e-03 2.130528911948204041e-02 -1.065264455974102020e-03
3.509800662154628895e+06 -7.456851191818714142e-03 2.237055450677871704e-02 -1.171790901571512222e-02
3.509800673549681902e+06 -5.326322279870510101e-03 3.408846259117126465e-02 8.522115647792816162e-03
3.509800703909317032e+06 -9.587380103766918182e-03 2.130528911948204041e-02 2.130528911948204041e-03
3.509800713591452222e+06 -8.522115647792816162e-03 1.917476020753383636e-02 -8.522115647792816162e-03
3.509800742542545777e+06 -3.195793367922306061e-03 1.917476020753383636e-02 -1.065264455974102020e-03
3.509800754119108897e+06 -1.278317347168922424e-02 2.343581803143024445e-02 0.000000000000000000e+00
3.509800783531973138e+06 -1.597896590828895569e-02 2.769687585532665253e-02 0.000000000000000000e+00
3.509800793659472838e+06 -1.171790901571512222e-02 2.556634694337844849e-02 0.000000000000000000e+00
3.509800823531399947e+06 -1.278317347168922424e-02 2.450108155608177185e-02 -2.130528911948204041e-03
3.509800833701347932e+06 -5.326322279870510101e-03 1.278317347168922424e-02 0.000000000000000000e+00
3.509800861817025114e+06 -1.384843792766332626e-02 2.450108155608177185e-02 3.195793367922306061e-03
3.509800873732233886e+06 -6.391586735844612122e-03 2.876213937997817993e-02 4.261057823896408081e-03
3.509800904121661093e+06 -2.237055450677871704e-02 1.917476020753383636e-02 1.065264455974102020e-03
3.509800914261713158e+06 -1.278317347168922424e-02 2.343581803143024445e-02 -1.065264455974102020e-03
3.509800942240775097e+06 -1.491370238363742828e-02 3.621899336576461792e-02 -3.195793367922306061e-03
3.509800954300201964e+06 -2.024002373218536377e-02 2.450108155608177185e-02 -2.130528911948204041e-03
3.509800983699108940e+06 -4.261057823896408081e-03 2.343581803143024445e-02 -2.130528911948204041e-03
3.509800994349680841e+06 -1.384843792766332626e-02 2.237055450677871704e-02 3.195793367922306061e-03
3.509801022354525048e+06 -1.171790901571512222e-02 2.556634694337844849e-02 8.522115647792816162e-03
3.509801034356868826e+06 -7.456851191818714142e-03 1.597896590828895569e-02 -5.326322279870510101e-03
3.509801062067858875e+06 -1.491370238363742828e-02 2.556634694337844849e-02 -3.195793367922306061e-03
3.509801074436139781e+06 -1.065264455974102020e-02 2.556634694337844849e-02 3.195793367922306061e-03
3.509801103804837912e+06 -1.810949668288230896e-02 2.450108155608177185e-02 0.000000000000000000e+00
3.509801113956295885e+06 -1.171790901571512222e-02 2.024002373218536377e-02 -9.587380103766918182e-03
3.509801142911869101e+06 -1.597896590828895569e-02 2.876213937997817993e-02 1.384843792766332626e-02
3.509801154154994059e+06 -8.522115647792816162e-03 2.343581803143024445e-02 2.130528911948204041e-03
3.509801183955098037e+06 -8.522115647792816162e-03 2.237055450677871704e-02 -1.065264455974102020e-03
3.509801194208431058e+06 -1.491370238363742828e-02 2.982740476727485657e-02 4.261057823896408081e-03
3.509801223008796107e+06 -1.171790901571512222e-02 2.237055450677871704e-02 4.261057823896408081e-03
3.509801234568691812e+06 -5.326322279870510101e-03 1.491370238363742828e-02 2.130528911948204041e-03
3.509801264157076832e+06 -6.391586735844612122e-03 2.343581803143024445e-02 2.130528911948204041e-03
3.509801274607494008e+06 -2.024002373218536377e-02 1.917476020753383636e-02 -5.326322279870510101e-03
3.509801301915619057e+06 -2.130528911948204041e-02 2.237055450677871704e-02 0.000000000000000000e+00
3.509801314658274874e+06 -1.065264455974102020e-02 2.769687585532665253e-02 -6.391586735844612122e-03
3.509801344211034942e+06 -3.195793367922306061e-03 1.917476020753383636e-02 0.000000000000000000e+00
3.509801354338744190e+06 -1.171790901571512222e-02 2.343581803143024445e-02 -3.195793367922306061e-03
3.509801382700879127e+06 -1.810949668288230896e-02 2.130528911948204041e-02 4.261057823896408081e-03
3.509801394073951989e+06 -1.704423129558563232e-02 2.237055450677871704e-02 -7.456851191818714142e-03
3.509801424024681095e+06 -4.261057823896408081e-03 2.024002373218536377e-02 -1.065264455974102020e-03
3.509801434283223003e+06 -2.130528911948204041e-03 1.278317347168922424e-02 -1.065264455974102020e-03
3.509801464686399791e+06 -9.587380103766918182e-03 1.917476020753383636e-02 -7.456851191818714142e-03
3.509801474317337852e+06 -1.171790901571512222e-02 2.237055450677871704e-02 1.065264455974102020e-03
3.509801501515150070e+06 -6.391586735844612122e-03 2.982740476727485657e-02 2.130528911948204041e-03
3.509801514355046209e+06 -8.522115647792816162e-03 2.024002373218536377e-02 5.326322279870510101e-03
3.509801544691869058e+06 -1.917476020753383636e-02 2.343581803143024445e-02 -3.195793367922306061e-03
3.509801554890722968e+06 -1.065264455974102020e-02 1.597896590828895569e-02 -3.195793367922306061e-03
3.509801582865826786e+06 -5.326322279870510101e-03 1.917476020753383636e-02 -1.065264455974102020e-03
3.509801594425098039e+06 -1.065264455974102020e-03 2.343581803143024445e-02 -9.587380103766918182e-03
3.509801624323796015e+06 -1.065264455974102020e-02 2.663161233067512512e-02 -3.195793367922306061e-03
3.509801634559160098e+06 -8.522115647792816162e-03 2.130528911948204041e-02 -3.195793367922306061e-03
3.509801662932701875e+06 -5.326322279870510101e-03 1.810949668288230896e-02 -4.261057823896408081e-03
3.509801674513379112e+06 -1.384843792766332626e-02 1.917476020753383636e-02 -6.391586735844612122e-03
3.509801704394055996e+06 -7.456851191818714142e-03 2.130528911948204041e-02 -8.522115647792816162e-03
3.509801714543222915e+06 -1.278317347168922424e-02 2.556634694337844849e-02 5.326322279870510101e-03
3.509801742615826894e+06 -1.704423129558563232e-02 2.556634694337844849e-02 3.195793367922306061e-03
3.509801754572597798e+06 -1.384843792766332626e-02 2.450108155608177185e-02 -2.130528911948204041e-03
3.509801784952702001e+06 -6.391586735844612122e-03 9.587380103766918182e-03 -7.456851191818714142e-03
3.509801794640567154e+06 -1.278317347168922424e-02 1.704423129558563232e-02 2.130528911948204041e-03
3.509801824997546151e+06 -7.456851191818714142e-03 2.237055450677871704e-02 1.065264455974102020e-03
3.509801834644524846e+06 -1.278317347168922424e-02 2.450108155608177185e-02 8.522115647792816162e-03
3.509801863298222888e+06 -1.278317347168922424e-02 2.130528911948204041e-02 -7.456851191818714142e-03
3.509801875174525194e+06 -6.391586735844612122e-03 2.237055450677871704e-02 -5.326322279870510101e-03
3.509801904608326964e+06 -1.171790901571512222e-02 2.130528911948204041e-02 6.391586735844612122e-03
3.509801914746764116e+06 2.130528911948204041e-03 1.384843792766332626e-02 -3.195793367922306061e-03
3.509801943198535126e+06 -8.522115647792816162e-03 2.130528911948204041e-02 -1.171790901571512222e-02
3.509801954760046210e+06 -7.456851191818714142e-03 2.663161233067512512e-02 -1.065264455974102020e-03
3.509801982941348106e+06 -1.171790901571512222e-02 1.491370238363742828e-02 8.522115647792816162e-03
3.509801994799212087e+06 -1.491370238363742828e-02 2.130528911948204041e-02 2.130528911948204041e-03
3.509802023281400092e+06 -1.278317347168922424e-02 1.384843792766332626e-02 -4.261057823896408081e-03
3.509802034854576923e+06 0.000000000000000000e+00 2.024002373218536377e-02 3.195793367922306061e-03
3.509802065259837080e+06 -1.278317347168922424e-02 2.663161233067512512e-02 -9.587380103766918182e-03
3.509802075361555908e+06 -1.597896590828895569e-02 2.876213937997817993e-02 -4.261057823896408081e-03
3.509802103397494182e+06 -2.130528911948204041e-02 2.024002373218536377e-02 5.326322279870510101e-03
3.509802115402337164e+06 -7.456851191818714142e-03 2.769687585532665253e-02 0.000000000000000000e+00
3.509802144774159882e+06 -7.456851191818714142e-03 2.450108155608177185e-02 3.195793367922306061e-03
3.509802155480983201e+06 -7.456851191818714142e-03 2.450108155608177185e-02 2.130528911948204041e-03
3.509802184861504007e+06 -1.278317347168922424e-02 2.769687585532665253e-02 3.195793367922306061e-03
3.509802195491503924e+06 -1.597896590828895569e-02 2.769687585532665253e-02 1.065264455974102020e-03
3.509802222680358216e+06 -1.065264455974102020e-02 2.130528911948204041e-02 1.065264455974102020e-03
3.509802235033796169e+06 -1.171790901571512222e-02 9.587380103766918182e-03 -5.326322279870510101e-03
3.509802264909940772e+06 -9.587380103766918182e-03 1.810949668288230896e-02 2.130528911948204041e-03
3.509802275090565905e+06 -1.278317347168922424e-02 1.704423129558563232e-02 1.065264455974102020e-02
3.509802303544368129e+06 -2.130528911948204041e-03 2.130528911948204041e-02 -3.195793367922306061e-03
3.509802315113066230e+06 -1.065264455974102020e-02 1.278317347168922424e-02 5.326322279870510101e-03
3.509802345029159915e+06 -1.065264455974102020e-02 4.793690145015716553e-02 3.195793367922306061e-03
3.509802355147702154e+06 -8.522115647792816162e-03 1.065264455974102020e-02 -9.587380103766918182e-03
3.509802384108951781e+06 -1.491370238363742828e-02 1.917476020753383636e-02 -5.326322279870510101e-03
3.509802395674420986e+06 -9.587380103766918182e-03 2.343581803143024445e-02 0.000000000000000000e+00
3.509802423341503832e+06 -2.130528911948204041e-03 1.384843792766332626e-02 -5.326322279870510101e-03
3.509802435718066059e+06 -1.597896590828895569e-02 2.663161233067512512e-02 -3.195793367922306061e-03
3.509802465144420043e+06 -1.278317347168922424e-02 2.237055450677871704e-02 -7.456851191818714142e-03
3.509802475263587199e+06 -5.326322279870510101e-03 2.556634694337844849e-02 -2.130528911948204041e-03
3.509802503725827206e+06 -1.704423129558563232e-02 1.597896590828895569e-02 -2.130528911948204041e-03
3.509802515317388810e+06 -6.391586735844612122e-03 2.450108155608177185e-02 9.587380103766918182e-03
3.509802545684420038e+06 -1.491370238363742828e-02 2.663161233067512512e-02 5.326322279870510101e-03
3.509802555342181120e+06 -1.597896590828895569e-02 2.556634694337844849e-02 -1.065264455974102020e-03
3.509802583819888998e+06 -1.597896590828895569e-02 2.982740476727485657e-02 0.000000000000000000e+00
3.509802595385618042e+06 -1.065264455974102020e-02 1.810949668288230896e-02 5.326322279870510101e-03
3.509802625318430830e+06 -7.456851191818714142e-03 2.237055450677871704e-02 0.000000000000000000e+00
3.509802635289525148e+06 -1.278317347168922424e-02 2.982740476727485657e-02 3.195793367922306061e-03
3.509802662958431058e+06 -4.261057823896408081e-03 2.982740476727485657e-02 1.065264455974102020e-03
3.509802675460514147e+06 -1.704423129558563232e-02 2.556634694337844849e-02 8.522115647792816162e-03
3.509802705830149818e+06 -1.384843792766332626e-02 2.769687585532665253e-02 6.391586735844612122e-03
3.509802716007649899e+06 -9.587380103766918182e-03 1.597896590828895569e-02 5.326322279870510101e-03
3.509802743995357770e+06 -1.065264455974102020e-02 2.556634694337844849e-02 2.130528911948204041e-03
3.509802755550931208e+06 -1.917476020753383636e-02 2.130528911948204041e-02 5.326322279870510101e-03
3.509802785480983090e+06 -5.326322279870510101e-03 2.343581803143024445e-02 -5.326322279870510101e-03
3.509802795571816154e+06 -1.384843792766332626e-02 2.982740476727485657e-02 -5.326322279870510101e-03
3.509802825464524794e+06 -1.171790901571512222e-02 2.663161233067512512e-02 4.261057823896408081e-03
3.509802835609524976e+06 -1.384843792766332626e-02 1.810949668288230896e-02 -3.195793367922306061e-03
3.509802862831139006e+06 -1.491370238363742828e-02 2.343581803143024445e-02 -2.130528911948204041e-03
3.509802875501242932e+06 -1.171790901571512222e-02 2.237055450677871704e-02 -7.456851191818714142e-03
3.509802905575462151e+06 -1.597896590828895569e-02 2.024002373218536377e-02 -1.065264455974102020e-03
3.509802915528378915e+06 -9.587380103766918182e-03 1.917476020753383636e-02 1.065264455974102020e-03
3.509802944026452024e+06 -1.065264455974102020e-02 2.343581803143024445e-02 2.130528911948204041e-03
3.509802955563118216e+06 -9.587380103766918182e-03 2.556634694337844849e-02 5.326322279870510101e-03
3.509802986125306226e+06 -1.491370238363742828e-02 1.491370238363742828e-02 3.195793367922306061e-03
3.509802996376764029e+06 -9.587380103766918182e-03 2.876213937997817993e-02 -6.391586735844612122e-03
3.509803024114733096e+06 -6.391586735844612122e-03 2.450108155608177185e-02 5.326322279870510101e-03
3.509803035811190959e+06 -7.456851191818714142e-03 2.769687585532665253e-02 0.000000000000000000e+00
3.509803065740149003e+06 -4.261057823896408081e-03 3.408846259117126465e-02 3.195793367922306061e-03
3.509803075876086950e+06 -4.261057823896408081e-03 2.450108155608177185e-02 1.171790901571512222e-02
3.509803103539419826e+06 -9.587380103766918182e-03 2.343581803143024445e-02 3.195793367922306061e-03
3.509803115925358143e+06 -1.065264455974102020e-02 2.982740476727485657e-02 -6.391586735844612122e-03
3.509803145783273969e+06 -2.130528911948204041e-03 2.024002373218536377e-02 -5.326322279870510101e-03
3.509803155947597232e+06 -1.384843792766332626e-02 2.556634694337844849e-02 6.391586735844612122e-03
3.509803185859837104e+06 -1.171790901571512222e-02 2.982740476727485657e-02 -4.261057823896408081e-03
3.509803195976660121e+06 -1.491370238363742828e-02 2.982740476727485657e-02 4.261057823896408081e-03
3.509803224447858054e+06 -7.456851191818714142e-03 2.130528911948204041e-02 5.326322279870510101e-03
3.509803236186659895e+06 -1.065264455974102020e-02 2.130528911948204041e-02 2.130528911948204041e-03
3.509803265903430991e+06 -4.261057823896408081e-03 1.704423129558563232e-02 -2.130528911948204041e-03
3.509803276190149132e+06 -9.587380103766918182e-03 2.876213937997817993e-02 -3.195793367922306061e-03
3.509803304561346769e+06 -1.597896590828895569e-02 1.810949668288230896e-02 -1.065264455974102020e-02
3.509803316245148890e+06 -1.917476020753383636e-02 3.089267015457153320e-02 8.522115647792816162e-03
3.509803344255825970e+06 -1.065264455974102020e-03 1.171790901571512222e-02 0.000000000000000000e+00
3.509803356282806024e+06 -1.065264455974102020e-03 2.343581803143024445e-02 -3.195793367922306061e-03
3.509803384612962138e+06 -4.261057823896408081e-03 2.556634694337844849e-02 2.130528911948204041e-03
3.509803396151191089e+06 -6.391586735844612122e-03 2.876213937997817993e-02 2.130528911948204041e-03
3.509803426040357910e+06 -1.597896590828895569e-02 1.810949668288230896e-02 -9.587380103766918182e-03
3.509803436187337153e+06 -1.597896590828895569e-02 2.024002373218536377e-02 5.326322279870510101e-03
3.509803466115877964e+06 -1.278317347168922424e-02 2.343581803143024445e-02 -8.522115647792816162e-03
3.509803476242910139e+06 -1.384843792766332626e-02 2.556634694337844849e-02 3.195793367922306061e-03
3.509803505201660097e+06 -2.130528911948204041e-02 2.024002373218536377e-02 5.326322279870510101e-03
3.509803516745930072e+06 -1.278317347168922424e-02 2.982740476727485657e-02 6.391586735844612122e-03
3.509803546168743167e+06 -1.065264455974102020e-02 3.089267015457153320e-02 4.261057823896408081e-03
3.509803556778118014e+06 -5.326322279870510101e-03 2.450108155608177185e-02 2.130528911948204041e-03
3.509803583979212213e+06 -7.456851191818714142e-03 2.982740476727485657e-02 -5.326322279870510101e-03
3.509803596366816200e+06 -2.130528911948204041e-02 2.024002373218536377e-02 -9.587380103766918182e-03
3.509803626220826060e+06 -1.065264455974102020e-02 3.089267015457153320e-02 6.391586735844612122e-03
3.509803636385253165e+06 -1.171790901571512222e-02 3.408846259117126465e-02 -3.195793367922306061e-03
3.509803664880514145e+06 -1.384843792766332626e-02 2.663161233067512512e-02 -5.326322279870510101e-03
3.509803676433065906e+06 -1.384843792766332626e-02 2.130528911948204041e-02 -8.522115647792816162e-03
3.509803706791659817e+06 -1.065264455974102020e-03 2.450108155608177185e-02 2.130528911948204041e-03
3.509803716482284945e+06 -1.065264455974102020e-03 2.130528911948204041e-02 3.195793367922306061e-03
3.509803745446035173e+06 -2.130528911948204041e-03 2.237055450677871704e-02 1.065264455974102020e-03
3.509803756494889036e+06 -4.261057823896408081e-03 2.237055450677871704e-02 1.065264455974102020e-03
3.509803785199264064e+06 -1.491370238363742828e-02 2.450108155608177185e-02 -6.391586735844612122e-03
3.509803796545200981e+06 8.522115647792816162e-03 1.384843792766332626e-02 4.261057823896408081e-03
3.509803826887701172e+06 -4.261057823896408081e-03 2.237055450677871704e-02 0.000000000000000000e+00
3.509803837082856800e+06 -6.391586735844612122e-03 1.810949668288230896e-02 -3.195793367922306061e-03
3.509803865056712180e+06 -1.810949668288230896e-02 3.089267015457153320e-02 4.261057823896408081e-03
3.509803876822389197e+06 -1.491370238363742828e-02 2.663161233067512512e-02 -4.261057823896408081e-03
3.509803906512128189e+06 -2.130528911948204041e-03 2.556634694337844849e-02 3.195793367922306061e-03
3.509803916812337004e+06 -1.491370238363742828e-02 1.810949668288230896e-02 6.391586735844612122e-03
3.509803945136867929e+06 -1.491370238363742828e-02 1.597896590828895569e-02 2.130528911948204041e-03
3.509803957002596930e+06 -9.587380103766918182e-03 2.450108155608177185e-02 0.000000000000000000e+00
3.509803986579264048e+06 -9.587380103766918182e-03 2.450108155608177185e-02 1.065264455974102020e-03
3.509803997228169814e+06 -1.278317347168922424e-02 2.982740476727485657e-02 6.391586735844612122e-03
3.509804024427180178e+06 -1.065264455974102020e-02 2.450108155608177185e-02 -1.065264455974102020e-03
3.509804036760149058e+06 -1.278317347168922424e-02 2.450108155608177185e-02 -3.195793367922306061e-03
3.509804066644003149e+06 -1.065264455974102020e-03 2.876213937997817993e-02 -5.326322279870510101e-03
3.509804076825201046e+06 -1.171790901571512222e-02 2.769687585532665253e-02 -1.065264455974102020e-03
3.509804105726658832e+06 -1.065264455974102020e-03 1.917476020753383636e-02 -1.171790901571512222e-02
3.509804116845096927e+06 1.065264455974102020e-03 1.597896590828895569e-02 3.195793367922306061e-03
3.509804147174055222e+06 -2.130528911948204041e-03 2.769687585532665253e-02 3.195793367922306061e-03
3.509804157370200846e+06 -1.597896590828895569e-02 2.876213937997817993e-02 -1.384843792766332626e-02
3.509804186806607060e+06 -1.810949668288230896e-02 2.237055450677871704e-02 4.261057823896408081e-03
3.509804196945929900e+06 -1.065264455974102020e-02 1.917476020753383636e-02 -6.391586735844612122e-03
3.509804223672804888e+06 -8.522115647792816162e-03 2.343581803143024445e-02 -1.065264455974102020e-03
3.509804236958899070e+06 -1.597896590828895569e-02 2.237055450677871704e-02 8.522115647792816162e-03
3.509804266871763859e+06 -8.522115647792816162e-03 2.024002373218536377e-02 6.391586735844612122e-03
3.509804276999420021e+06 1.065264455974102020e-03 2.663161233067512512e-02 3.195793367922306061e-03
3.509804305780565832e+06 -9.587380103766918182e-03 2.769687585532665253e-02 4.261057823896408081e-03
3.509804317051451188e+06 -1.810949668288230896e-02 2.237055450677871704e-02 -4.261057823896408081e-03
3.509804347428794950e+06 -1.278317347168922424e-02 2.876213937997817993e-02 2.130528911948204041e-03
3.509804357086971868e+06 -4.261057823896408081e-03 2.237055450677871704e-02 -7.456851191818714142e-03
3.509804385732127819e+06 -1.704423129558563232e-02 2.024002373218536377e-02 -4.261057823896408081e-03
3.509804397116191220e+06 -7.456851191818714142e-03 2.769687585532665253e-02 -5.326322279870510101e-03
3.509804427206816152e+06 -6.391586735844612122e-03 2.663161233067512512e-02 -4.261057823896408081e-03
3.509804437178637832e+06 -1.917476020753383636e-02 1.491370238363742828e-02 -5.326322279870510101e-03
3.509804464966868050e+06 -1.491370238363742828e-02 1.917476020753383636e-02 0.000000000000000000e+00
3.509804477368378080e+06 -1.491370238363742828e-02 2.343581803143024445e-02 -3.195793367922306061e-03
3.509804507110826205e+06 -3.195793367922306061e-03 1.278317347168922424e-02 -1.491370238363742828e-02
3.509804517225356773e+06 -1.491370238363742828e-02 2.130528911948204041e-02 0.000000000000000000e+00
3.509804547137753107e+06 -1.171790901571512222e-02 2.024002373218536377e-02 -6.391586735844612122e-03
3.509804557281868067e+06 -1.384843792766332626e-02 2.450108155608177185e-02 -1.065264455974102020e-02
3.509804585768690798e+06 -3.195793367922306061e-03 1.491370238363742828e-02 -4.261057823896408081e-03
3.509804597298585810e+06 -8.522115647792816162e-03 1.704423129558563232e-02 -2.130528911948204041e-03
3.509804627229263075e+06 -5.326322279870510101e-03 3.408846259117126465e-02 -6.391586735844612122e-03
3.509804637414107099e+06 -1.597896590828895569e-02 2.024002373218536377e-02 1.065264455974102020e-03
3.509804666246242821e+06 -8.522115647792816162e-03 1.917476020753383636e-02 -3.195793367922306061e-03
3.509804677870618179e+06 -1.278317347168922424e-02 2.450108155608177185e-02 0.000000000000000000e+00
3.509804705554939806e+06 -1.065264455974102020e-02 2.556634694337844849e-02 2.130528911948204041e-03
3.509804717891710810e+06 -1.065264455974102020e-03 2.450108155608177185e-02 -5.326322279870510101e-03
3.509804745913846884e+06 -8.522115647792816162e-03 1.810949668288230896e-02 5.326322279870510101e-03
3.509804757962335832e+06 -6.391586735844612122e-03 1.171790901571512222e-02 -8.522115647792816162e-03
3.509804787344940007e+06 -1.384843792766332626e-02 2.237055450677871704e-02 6.391586735844612122e-03
3.509804798001710791e+06 -7.456851191818714142e-03 2.450108155608177185e-02 -6.391586735844612122e-03
3.509804827398742083e+06 -1.917476020753383636e-02 2.237055450677871704e-02 -3.195793367922306061e-03
3.509804837537700776e+06 -9.587380103766918182e-03 1.491370238363742828e-02 0.000000000000000000e+00
3.509804866056920029e+06 -9.587380103766918182e-03 1.917476020753383636e-02 1.065264455974102020e-03
3.509804877572753001e+06 -7.456851191818714142e-03 2.237055450677871704e-02 3.195793367922306061e-03
3.509804907500930130e+06 -9.587380103766918182e-03 1.917476020753383636e-02 0.000000000000000000e+00
3.509804917628378142e+06 -2.130528911948204041e-03 2.343581803143024445e-02 0.000000000000000000e+00
3.509804945243222173e+06 -1.065264455974102020e-02 1.491370238363742828e-02 3.195793367922306061e-03
3.509804957652439829e+06 -1.065264455974102020e-03 1.491370238363742828e-02 1.065264455974102020e-03
3.509804987545878161e+06 -1.065264455974102020e-02 2.556634694337844849e-02 5.326322279870510101e-03
3.509804997693690006e+06 -8.522115647792816162e-03 2.663161233067512512e-02 2.130528911948204041e-03
3.509805026173430029e+06 -5.326322279870510101e-03 2.024002373218536377e-02 -6.391586735844612122e-03
3.509805037746762857e+06 -7.456851191818714142e-03 3.302319720387458801e-02 0.000000000000000000e+00
3.509805067622127943e+06 -1.065264455974102020e-03 2.130528911948204041e-02 2.130528911948204041e-03
3.509805078249366954e+06 -8.522115647792816162e-03 3.302319720387458801e-02 1.065264455974102020e-03
3.509805106264366768e+06 -8.522115647792816162e-03 2.024002373218536377e-02 9.587380103766918182e-03
3.509805118286815006e+06 -1.065264455974102020e-03 2.343581803143024445e-02 -7.456851191818714142e-03
3.509805145993950777e+06 0.000000000000000000e+00 2.769687585532665253e-02 -5.326322279870510101e-03
3.509805157852700911e+06 -1.278317347168922424e-02 1.704423129558563232e-02 -2.130528911948204041e-03
3.509805187750982121e+06 -1.597896590828895569e-02 2.024002373218536377e-02 0.000000000000000000e+00
3.509805197892024182e+06 -1.278317347168922424e-02 2.237055450677871704e-02 0.000000000000000000e+00
3.509805226858533919e+06 -8.522115647792816162e-03 1.810949668288230896e-02 2.130528911948204041e-03
3.509805237923481967e+06 -8.522115647792816162e-03 1.917476020753383636e-02 -2.130528911948204041e-03
3.509805268267231993e+06 -5.326322279870510101e-03 2.024002373218536377e-02 -3.195793367922306061e-03
3.509805277982232161e+06 -1.597896590828895569e-02 2.556634694337844849e-02 2.130528911948204041e-03
3.509805306911346037e+06 -1.384843792766332626e-02 2.876213937997817993e-02 0.000000000000000000e+00
3.509805318475200795e+06 -6.391586735844612122e-03 2.237055450677871704e-02 -2.130528911948204041e-03
3.509805347898950800e+06 -1.384843792766332626e-02 2.769687585532665253e-02 -2.130528911948204041e-03
3.509805358043690212e+06 -1.597896590828895569e-02 1.704423129558563232e-02 0.000000000000000000e+00
3.509805385701398831e+06 -1.065264455974102020e-02 2.130528911948204041e-02 8.522115647792816162e-03
3.509805398082648870e+06 -1.278317347168922424e-02 2.556634694337844849e-02 -3.195793367922306061e-03
3.509805427993169054e+06 -2.556634694337844849e-02 2.663161233067512512e-02 2.130528911948204041e-03
3.509805438111398835e+06 -8.522115647792816162e-03 2.024002373218536377e-02 -2.130528911948204041e-03
3.509805468517752830e+06 -5.326322279870510101e-03 1.171790901571512222e-02 -2.130528911948204041e-03
3.509805478154628072e+06 -1.384843792766332626e-02 1.810949668288230896e-02 -7.456851191818714142e-03
3.509805507122023031e+06 -2.130528911948204041e-03 2.024002373218536377e-02 -2.130528911948204041e-03
3.509805518208742142e+06 -1.597896590828895569e-02 2.130528911948204041e-02 -2.130528911948204041e-03
3.509805548600460868e+06 -1.491370238363742828e-02 1.704423129558563232e-02 -2.130528911948204041e-03
3.509805558228429873e+06 -1.171790901571512222e-02 1.704423129558563232e-02 -5.326322279870510101e-03
3.509805585471867118e+06 -1.810949668288230896e-02 2.024002373218536377e-02 1.065264455974102020e-03
3.509805598273951095e+06 -1.171790901571512222e-02 2.343581803143024445e-02 6.391586735844612122e-03
3.509805628659002949e+06 -1.597896590828895569e-02 2.663161233067512512e-02 1.065264455974102020e-03
3.509805638534314930e+06 -2.130528911948204041e-02 1.917476020753383636e-02 -7.456851191818714142e-03
3.509805666775565129e+06 -1.491370238363742828e-02 2.556634694337844849e-02 -8.522115647792816162e-03
3.509805678337804973e+06 -6.391586735844612122e-03 1.917476020753383636e-02 -1.065264455974102020e-03
3.509805708274784032e+06 -8.522115647792816162e-03 2.663161233067512512e-02 -4.261057823896408081e-03
3.509805718383638188e+06 -1.171790901571512222e-02 2.237055450677871704e-02 3.195793367922306061e-03
3.509805746894314885e+06 -1.384843792766332626e-02 2.556634694337844849e-02 -2.130528911948204041e-03
3.509805758436242118e+06 -1.384843792766332626e-02 1.917476020753383636e-02 -9.587380103766918182e-03
3.509805788806503173e+06 -3.195793367922306061e-03 1.597896590828895569e-02 6.391586735844612122e-03
3.509805798784940038e+06 -1.065264455974102020e-02 2.343581803143024445e-02 -2.130528911948204041e-03
3.509805826156762894e+06 -5.326322279870510101e-03 1.491370238363742828e-02 -1.065264455974102020e-03
3.509805838510461152e+06 -3.195793367922306061e-03 2.130528911948204041e-02 1.065264455974102020e-03
3.509805868551086169e+06 -3.195793367922306061e-03 2.450108155608177185e-02 2.130528911948204041e-03
3.509805878718168940e+06 -1.065264455974102020e-02 2.130528911948204041e-02 1.384843792766332626e-02
3.509805908595460933e+06 -1.065264455974102020e-02 2.450108155608177185e-02 -3.195793367922306061e-03
3.509805919070044067e+06 -1.065264455974102020e-02 1.597896590828895569e-02 -2.130528911948204041e-03
3.509805947071242146e+06 -8.522115647792816162e-03 1.917476020753383636e-02 6.391586735844612122e-03
3.509805958465564996e+06 -1.171790901571512222e-02 2.237055450677871704e-02 -1.065264455974102020e-03
3.509805988680772949e+06 -1.278317347168922424e-02 3.089267015457153320e-02 0.000000000000000000e+00
3.509805998825252056e+06 -2.130528911948204041e-02 2.876213937997817993e-02 0.000000000000000000e+00
3.509806027281763032e+06 -1.384843792766332626e-02 2.663161233067512512e-02 -2.130528911948204041e-03
3.509806038854626939e+06 -6.391586735844612122e-03 2.237055450677871704e-02 2.130528911948204041e-03
3.509806066984574776e+06 -7.456851191818714142e-03 2.024002373218536377e-02 1.065264455974102020e-03
3.509806078890408855e+06 -1.065264455974102020e-02 1.491370238363742828e-02 -1.065264455974102020e-03
3.509806107712544035e+06 -1.171790901571512222e-02 2.343581803143024445e-02 -1.278317347168922424e-02
3.509806118774054106e+06 -1.171790901571512222e-02 2.237055450677871704e-02 1.065264455974102020e-03
3.509806149122439791e+06 -1.597896590828895569e-02 2.343581803143024445e-02 7.456851191818714142e-03
3.509806158805043902e+06 -1.597896590828895569e-02 2.343581803143024445e-02 -2.130528911948204041e-03
3.509806189206814859e+06 -1.278317347168922424e-02 2.343581803143024445e-02 -6.391586735844612122e-03
3.509806198843690101e+06 -1.491370238363742828e-02 2.343581803143024445e-02 -5.326322279870510101e-03
3.509806227811189834e+06 -3.195793367922306061e-03 2.876213937997817993e-02 2.130528911948204041e-03
3.509806238909314852e+06 -9.587380103766918182e-03 1.704423129558563232e-02 -1.065264455974102020e-03
3.509806269256658852e+06 -1.278317347168922424e-02 2.343581803143024445e-02 -1.065264455974102020e-03
3.509806279390200041e+06 -1.384843792766332626e-02 2.130528911948204041e-02 5.326322279870510101e-03
3.509806306748221163e+06 -2.130528911948204041e-03 3.302319720387458801e-02 1.065264455974102020e-03
3.509806319111501798e+06 -1.171790901571512222e-02 2.237055450677871704e-02 1.065264455974102020e-03
3.509806348850096110e+06 -9.587380103766918182e-03 1.810949668288230896e-02 5.326322279870510101e-03
3.509806359166554175e+06 -5.326322279870510101e-03 1.384843792766332626e-02 0.000000000000000000e+00
3.509806387650928926e+06 -1.384843792766332626e-02 2.556634694337844849e-02 8.522115647792816162e-03
3.509806399053898174e+06 -1.278317347168922424e-02 2.982740476727485657e-02 -1.065264455974102020e-03
3.509806428840824869e+06 -1.171790901571512222e-02 2.663161233067512512e-02 -6.391586735844612122e-03
3.509806439568846021e+06 -1.491370238363742828e-02 2.450108155608177185e-02 -5.326322279870510101e-03
3.509806467536918819e+06 -8.522115647792816162e-03 2.663161233067512512e-02 5.326322279870510101e-03
3.509806479607022833e+06 -1.491370238363742828e-02 2.769687585532665253e-02 1.065264455974102020e-03
3.509806507249575108e+06 -1.917476020753383636e-02 2.237055450677871704e-02 2.130528911948204041e-03
3.509806519621815067e+06 -7.456851191818714142e-03 2.556634694337844849e-02 -6.391586735844612122e-03
3.509806549088845961e+06 -5.326322279870510101e-03 1.065264455974102020e-02 -4.261057823896408081e-03
3.509806559667596128e+06 -1.278317347168922424e-02 2.450108155608177185e-02 -2.130528911948204041e-03
3.509806587656553835e+06 -1.597896590828895569e-02 1.704423129558563232e-02 -1.065264455974102020e-03
3.509806599742336199e+06 -6.391586735844612122e-03 1.065264455974102020e-02 -2.130528911948204041e-03
3.509806629119678866e+06 -6.391586735844612122e-03 2.663161233067512512e-02 1.065264455974102020e-03
3.509806639115876984e+06 -5.326322279870510101e-03 1.917476020753383636e-02 4.261057823896408081e-03
3.509806667898376938e+06 -1.065264455974102020e-02 1.491370238363742828e-02 4.261057823896408081e-03
3.509806679310929030e+06 -3.195793367922306061e-03 2.556634694337844849e-02 -3.195793367922306061e-03
3.509806709220512770e+06 -7.456851191818714142e-03 2.556634694337844849e-02 1.278317347168922424e-02
3.509806719356033020e+06 -1.597896590828895569e-02 2.556634694337844849e-02 -7.456851191818714142e-03
3.509806747496293858e+06 -1.491370238363742828e-02 2.556634694337844849e-02 -4.261057823896408081e-03
3.509806759853480849e+06 -9.587380103766918182e-03 8.522115647792816162e-03 2.130528911948204041e-03
3.509806789295304101e+06 -1.065264455974102020e-03 2.024002373218536377e-02 1.065264455974102020e-02
3.509806799890251830e+06 -1.278317347168922424e-02 2.343581803143024445e-02 -5.326322279870510101e-03
3.509806829343272839e+06 -5.326322279870510101e-03 3.621899336576461792e-02 4.261057823896408081e-03
3.509806839962127153e+06 -6.391586735844612122e-03 1.917476020753383636e-02 -4.261057823896408081e-03
3.509806867928585038e+06 -8.522115647792816162e-03 2.556634694337844849e-02 1.171790901571512222e-02
3.509806879983325023e+06 -1.065264455974102020e-02 2.450108155608177185e-02 6.391586735844612122e-03
3.509806909403741825e+06 -8.522115647792816162e-03 2.450108155608177185e-02 4.261057823896408081e-03
3.509806919534939807e+06 -1.491370238363742828e-02 2.450108155608177185e-02 2.130528911948204041e-03
3.509806946142440196e+06 -7.456851191818714142e-03 2.130528911948204041e-02 4.261057823896408081e-03
3.509806959437803831e+06 -9.587380103766918182e-03 2.663161233067512512e-02 -1.065264455974102020e-03
3.509806989824783057e+06 0.000000000000000000e+00 2.237055450677871704e-02 1.065264455974102020e-03
3.509806999866242055e+06 -1.065264455974102020e-02 2.130528911948204041e-02 -1.065264455974102020e-03
3.509807028266867157e+06 -3.195793367922306061e-03 2.663161233067512512e-02 1.065264455974102020e-03
3.509807039652856067e+06 -1.278317347168922424e-02 2.663161233067512512e-02 -9.587380103766918182e-03
3.509807070032491814e+06 -1.065264455974102020e-02 2.450108155608177185e-02 2.130528911948204041e-03
3.509807080194626935e+06 -1.278317347168922424e-02 2.663161233067512512e-02 -1.065264455974102020e-03
3.509807108472282998e+06 -4.261057823896408081e-03 2.876213937997817993e-02 1.065264455974102020e-03
3.509807119718168862e+06 -1.384843792766332626e-02 1.917476020753383636e-02 -3.195793367922306061e-03
3.509807149633429013e+06 -2.024002373218536377e-02 3.195793181657791138e-02 -5.326322279870510101e-03
3.509807159760668874e+06 -3.195793367922306061e-03 2.343581803143024445e-02 -2.130528911948204041e-03
3.509807187309523113e+06 -1.171790901571512222e-02 1.704423129558563232e-02 8.522115647792816162e-03
3.509807199814679101e+06 -1.278317347168922424e-02 2.450108155608177185e-02 -5.326322279870510101e-03
3.509807229710668791e+06 -1.278317347168922424e-02 2.130528911948204041e-02 3.195793367922306061e-03
3.509807239832230844e+06 -1.065264455974102020e-02 2.343581803143024445e-02 3.195793367922306061e-03
3.509807270254313946e+06 -1.065264455974102020e-02 2.024002373218536377e-02 3.195793367922306061e-03
3.509807279880928807e+06 -1.171790901571512222e-02 2.343581803143024445e-02 2.130528911948204041e-03
3.509807308828481007e+06 -1.278317347168922424e-02 2.450108155608177185e-02 2.130528911948204041e-03
3.509807319925148040e+06 -2.130528911948204041e-03 1.065264455974102020e-02 -1.065264455974102020e-03
3.509807350224053953e+06 -4.261057823896408081e-03 2.556634694337844849e-02 4.261057823896408081e-03
3.509807359957803972e+06 -4.261057823896408081e-03 1.917476020753383636e-02 1.065264455974102020e-03
3.509807388474367093e+06 -1.065264455974102020e-02 2.343581803143024445e-02 -4.261057823896408081e-03
3.509807400481867138e+06 -1.171790901571512222e-02 2.556634694337844849e-02 -4.261057823896408081e-03
3.509807428143220954e+06 -1.491370238363742828e-02 1.704423129558563232e-02 4.261057823896408081e-03
3.509807440039782785e+06 -9.587380103766918182e-03 2.343581803143024445e-02 3.195793367922306061e-03
3.509807468507700134e+06 -1.278317347168922424e-02 2.130528911948204041e-02 -1.065264455974102020e-03
3.509807480071450118e+06 -1.917476020753383636e-02 2.450108155608177185e-02 2.130528911948204041e-03
3.509807509995095897e+06 -9.587380103766918182e-03 2.024002373218536377e-02 3.195793367922306061e-03
3.509807520103688817e+06 -9.587380103766918182e-03 2.130528911948204041e-02 1.065264455974102020e-03
3.509807550014627166e+06 -1.384843792766332626e-02 2.024002373218536377e-02 2.130528911948204041e-03
3.509807560166294221e+06 -2.130528911948204041e-03 2.343581803143024445e-02 -5.326322279870510101e-03
3.509807589101240970e+06 -1.065264455974102020e-03 2.024002373218536377e-02 3.195793367922306061e-03
3.509807600684105884e+06 -1.384843792766332626e-02 1.917476020753383636e-02 2.130528911948204041e-03
3.509807630058064125e+06 -6.391586735844612122e-03 2.130528911948204041e-02 -4.261057823896408081e-03
3.509807640713845845e+06 -1.491370238363742828e-02 2.982740476727485657e-02 -3.195793367922306061e-03
3.509807667918168008e+06 -7.456851191818714142e-03 3.089267015457153320e-02 6.391586735844612122e-03
3.509807680718584917e+06 -7.456851191818714142e-03 2.343581803143024445e-02 2.130528911948204041e-03
3.509807710154054221e+06 -1.704423129558563232e-02 2.876213937997817993e-02 -8.522115647792816162e-03
3.509807720797752030e+06 -1.917476020753383636e-02 2.876213937997817993e-02 8.522115647792816162e-03
3.509807748796084896e+06 -1.384843792766332626e-02 3.408846259117126465e-02 -5.326322279870510101e-03
3.509807760345615912e+06 -7.456851191818714142e-03 2.343581803143024445e-02 0.000000000000000000e+00
3.509807790248428937e+06 -1.278317347168922424e-02 3.195793181657791138e-02 -4.261057823896408081e-03
3.509807800392804202e+06 -5.326322279870510101e-03 2.237055450677871704e-02 4.261057823896408081e-03
3.509807828859366011e+06 -1.065264455974102020e-03 2.876213937997817993e-02 0.000000000000000000e+00
3.509807840415042825e+06 -1.384843792766332626e-02 1.704423129558563232e-02 -2.130528911948204041e-03
3.509807870327075012e+06 -8.522115647792816162e-03 2.876213937997817993e-02 1.065264455974102020e-03
3.509807880469209980e+06 -4.261057823896408081e-03 2.769687585532665253e-02 -1.065264455974102020e-03
3.509807907582855783e+06 -8.522115647792816162e-03 2.343581803143024445e-02 3.195793367922306061e-03
3.509807920516865794e+06 -1.278317347168922424e-02 3.728425502777099609e-02 -1.065264455974102020e-03
3.509807950426709838e+06 -1.491370238363742828e-02 2.237055450677871704e-02 6.391586735844612122e-03
3.509807960687804036e+06 -3.195793367922306061e-03 2.663161233067512512e-02 -3.195793367922306061e-03
3.509807990446188953e+06 0.000000000000000000e+00 2.556634694337844849e-02 -2.130528911948204041e-03
3.509808000582959969e+06 -1.704423129558563232e-02 1.917476020753383636e-02 0.000000000000000000e+00
3.509808029218845069e+06 -7.456851191818714142e-03 1.917476020753383636e-02 -5.326322279870510101e-03
3.509808040790199768e+06 -7.456851191818714142e-03 2.769687585532665253e-02 -3.195793367922306061e-03
3.509808071032231208e+06 -5.326322279870510101e-03 2.024002373218536377e-02 3.195793367922306061e-03
3.509808080803272780e+06 -2.130528911948204041e-03 1.810949668288230896e-02 -1.065264455974102020e-03
3.509808108814626932e+06 -4.261057823896408081e-03 9.587380103766918182e-03 -1.065264455974102020e-03
3.509808120839417912e+06 -1.065264455974102020e-02 2.982740476727485657e-02 3.195793367922306061e-03
3.509808151069521904e+06 -7.456851191818714142e-03 9.587380103766918182e-03 7.456851191818714142e-03
3.509808160892647225e+06 -3.195793367922306061e-03 2.556634694337844849e-02 2.130528911948204041e-03
3.509808191093168221e+06 -2.130528911948204041e-03 2.982740476727485657e-02 0.000000000000000000e+00
3.509808200918116141e+06 -1.491370238363742828e-02 2.130528911948204041e-02 -5.326322279870510101e-03
3.509808229766084813e+06 -1.491370238363742828e-02 1.278317347168922424e-02 1.065264455974102020e-03
3.509808241297803819e+06 -1.065264455974102020e-02 2.450108155608177185e-02 -6.391586735844612122e-03
3.509808270855252165e+06 -1.171790901571512222e-02 3.089267015457153320e-02 -3.195793367922306061e-03
3.509808281009730883e+06 -9.587380103766918182e-03 2.769687585532665253e-02 5.326322279870510101e-03
3.509808307747542858e+06 -7.456851191818714142e-03 2.769687585532665253e-02 -3.195793367922306061e-03
3.509808321034521796e+06 -3.195793367922306061e-03 2.982740476727485657e-02 -7.456851191818714142e-03
3.509808350967335049e+06 -2.130528911948204041e-03 2.237055450677871704e-02 4.261057823896408081e-03
3.509808361072699074e+06 -4.261057823896408081e-03 2.663161233067512512e-02 -3.195793367922306061e-03
3.509808389878376853e+06 -6.391586735844612122e-03 1.917476020753383636e-02 5.326322279870510101e-03
3.509808401134002022e+06 -1.171790901571512222e-02 1.597896590828895569e-02 -1.065264455974102020e-03
3.509808431323167868e+06 -1.065264455974102020e-02 1.810949668288230896e-02 -5.326322279870510101e-03
3.509808441149210092e+06 -6.391586735844612122e-03 2.450108155608177185e-02 -7.456851191818714142e-03
3.509808469998063985e+06 -7.456851191818714142e-03 2.130528911948204041e-02 0.000000000000000000e+00
3.509808481189574115e+06 -9.587380103766918182e-03 2.876213937997817993e-02 6.391586735844612122e-03
3.509808511448428966e+06 -1.917476020753383636e-02 2.237055450677871704e-02 0.000000000000000000e+00
3.509808521238896996e+06 -4.261057823896408081e-03 2.663161233067512512e-02 2.130528911948204041e-03
3.509808549227231182e+06 -9.587380103766918182e-03 2.450108155608177185e-02 -2.130528911948204041e-03
3.509808561588949058e+06 -1.597896590828895569e-02 2.024002373218536377e-02 -9.587380103766918182e-03
3.509808591185668018e+06 -1.810949668288230896e-02 2.343581803143024445e-02 6.391586735844612122e-03
3.509808601299731061e+06 -1.491370238363742828e-02 2.024002373218536377e-02 -3.195793367922306061e-03
3.509808631102491170e+06 -1.491370238363742828e-02 2.130528911948204041e-02 -2.130528911948204041e-03
3.509808641364679206e+06 -1.278317347168922424e-02 2.663161233067512512e-02 -9.587380103766918182e-03
3.509808669700460043e+06 -2.130528911948204041e-02 2.237055450677871704e-02 1.384843792766332626e-02
3.509808681388896890e+06 1.065264455974102020e-03 3.621899336576461792e-02 -2.130528911948204041e-03
3.509808711634106003e+06 -1.278317347168922424e-02 2.663161233067512512e-02 0.000000000000000000e+00
3.509808721759262029e+06 -8.522115647792816162e-03 2.130528911948204041e-02 5.326322279870510101e-03
3.509808749891241081e+06 -1.597896590828895569e-02 2.237055450677871704e-02 6.391586735844612122e-03
3.509808761806761846e+06 -8.522115647792816162e-03 2.663161233067512512e-02 -3.195793367922306061e-03
3.509808789639626164e+06 -8.522115647792816162e-03 1.917476020753383636e-02 2.130528911948204041e-03
3.509808801820511930e+06 -1.065264455974102020e-02 3.089267015457153320e-02 5.326322279870510101e-03
3.509808829998219851e+06 -2.130528911948204041e-02 2.237055450677871704e-02 5.326322279870510101e-03
3.509808841859835200e+06 -1.278317347168922424e-02 1.704423129558563232e-02 3.195793367922306061e-03
3.509808871267803013e+06 -2.024002373218536377e-02 2.769687585532665253e-02 -3.195793367922306061e-03
3.509808881937490776e+06 -1.171790901571512222e-02 2.130528911948204041e-02 -8.522115647792816162e-03
3.509808911488376092e+06 -1.384843792766332626e-02 3.195793181657791138e-02 -4.261057823896408081e-03
3.509808921604834963e+06 -1.278317347168922424e-02 2.556634694337844849e-02 0.000000000000000000e+00
3.509808949798689224e+06 -8.522115647792816162e-03 2.450108155608177185e-02 -5.326322279870510101e-03
3.509808961658168118e+06 -1.384843792766332626e-02 2.024002373218536377e-02 -6.391586735844612122e-03
3.509808991240771953e+06 -7.456851191818714142e-03 3.195793181657791138e-02 -5.326322279870510101e-03
