2.025140474587499921e+04 -9.976845979690551758e-02 8.909311145544052124e-02 -2.241410613059998114e-01
2.025143135687500035e+04 -1.135785356163978993e-01 -2.888705730438231867e-01 -2.041505463421345104e-02
2.025145797087499886e+04 -5.193989872932434082e-01 -8.741014599800109863e-01 -2.656867206096649170e-01
2.025148454887499975e+04 -1.050196290016174094e+00 -8.984588384628295898e-01 -6.863209605216979980e-01
2.025151116087500122e+04 -1.258929252624511941e+00 -4.967576861381530762e-01 -1.130815863609313965e+00
2.025153777187499873e+04 -1.498747348785399947e+00 -4.630993306636809748e-01 -1.416907072067260964e+00
2.025156438287499986e+04 -2.023098230361938032e+00 -1.114574193954467995e+00 -7.230874300003051758e-01
2.025159096387500176e+04 -2.953824996948242188e+00 -2.687666654586791992e+00 -4.782116040587425232e-02
2.025161757487499926e+04 -3.882986068725585938e+00 -3.767035245895386186e+00 1.910596489906311035e-01
2.025164418687500074e+04 -4.633506774902343750e+00 -3.858964443206787109e+00 -2.964739203453063965e-01
2.025167079787499824e+04 -5.114108562469482422e+00 -4.151342868804931641e+00 -6.454518437385559082e-01
2.025169740487500167e+04 -5.368252754211425781e+00 -4.149659156799316406e+00 -1.554741859436034879e-01
2.025172400187500170e+04 -5.551005363464354581e+00 -4.283781528472900391e+00 4.273844957351685125e-01
2.025175060187499912e+04 -5.755505561828613281e+00 -4.447175502777099609e+00 9.614900946617126465e-01
2.025177721287500026e+04 -5.814034461975097656e+00 -5.020580768585205078e+00 1.463908433914185014e+00
2.025180380587499894e+04 -5.858302116394042969e+00 -5.533197879791259766e+00 2.180747747421265093e+00
2.025183040487499966e+04 -5.505018711090087891e+00 -5.963432788848876953e+00 2.858208417892456055e+00
2.025185701587500080e+04 -5.004347324371337891e+00 -6.380954265594482422e+00 3.103448152542113814e+00
2.025188362787499864e+04 -4.168951988220214844e+00 -6.068305969238281250e+00 3.059360742568970171e+00
2.025191021787499994e+04 -3.658169031143188032e+00 -4.598394393920898438e+00 2.629652738571166992e+00
2.025193681987500167e+04 -2.655196666717528853e+00 -2.769781351089477983e+00 2.044678211212158203e+00
2.025196343087499918e+04 -9.639864563941955566e-01 -1.460919499397278054e+00 -1.829926818609237948e-01
2.025199004187500032e+04 -1.209622502326965110e+00 -1.811260342597960982e+00 3.581798076629639227e-01
2.025201665387500179e+04 -6.037831902503967285e-01 -2.726804733276367188e+00 1.047864913940429910e+00
2.025204323487500005e+04 -3.548846542835236151e-01 -2.140780448913574219e+00 8.357865214347839355e-01
2.025206984587500119e+04 -1.083350479602813998e-01 -1.166688561439513938e+00 4.210284054279326837e-01
2.025209644087500055e+04 -1.684223413467406949e-01 -7.039615511894226074e-01 2.260094583034515103e-01
2.025212306887500017e+04 1.028989404439926009e-01 1.481157820671796972e-02 4.487588107585906982e-01
2.025214964887500173e+04 5.068663954734802246e-01 7.101076841354370117e-01 3.211728036403656006e-01
2.025217627387500033e+04 3.861623704433441162e-01 6.172274351119995117e-01 1.953198611736297885e-01
2.025220287187500071e+04 1.114557459950446944e-01 4.190998077392578125e-01 6.913862377405166626e-02
2.025222948287499821e+04 -2.355077862739562988e-01 2.528286874294281006e-01 -7.725635170936584473e-02
2.025225606387500011e+04 1.172945052385330061e-01 5.250390172004699707e-01 -3.756233751773834229e-01
2.025228267887499896e+04 -2.056542485952377042e-01 1.847793310880661011e-01 -3.730770945549011230e-01
2.025230928687499909e+04 -5.345199704170227051e-01 -3.652354776859282892e-01 -1.032065823674201965e-01
2.025233589787500023e+04 -4.997673034667968750e-01 -1.256978362798691073e-01 -1.741066426038742065e-01
2.025236250087499866e+04 -2.804389297962189276e-01 3.181130290031433105e-01 -1.999901235103606900e-01
2.025238908987499963e+04 -2.044424116611480990e-01 5.182268023490905762e-01 -4.253008365631104071e-01
2.025241570187500110e+04 -2.476409077644347867e-01 6.263068914413452148e-01 -3.101704120635985773e-01
2.025244231287499861e+04 -1.516301929950714111e-01 6.679287552833557129e-01 -2.231818139553070068e-01
2.025246888887499881e+04 -7.914585620164871216e-02 6.533643007278442383e-01 -1.750192195177077970e-01
2.025249550487500164e+04 -1.799326241016387939e-01 5.817884802818298340e-01 -1.154325678944587985e-01
2.025252211587499914e+04 -3.674224615097045898e-01 4.841248989105225164e-01 -2.075399011373519897e-01
2.025254872687500028e+04 -3.643800318241118830e-01 2.551057338714600164e-01 -1.035144105553627014e-01
2.025257530887499888e+04 -4.505998492240905762e-01 9.894151985645294189e-02 2.993378788232802998e-02
2.025260191987500002e+04 -4.424904882907866877e-01 1.294526904821395874e-01 2.612601965665816914e-02
2.025262853087500116e+04 -3.755615055561066229e-01 7.294935733079910278e-02 -1.113138627260922952e-03
2.025265514287499900e+04 -2.660986185073853094e-01 -1.478532105684280118e-01 -1.172627881169319014e-01
2.025268175387500014e+04 -2.779736518859862726e-01 -3.931946754455565851e-01 -1.608549952507019043e-01
2.025270833487499840e+04 -3.575866818428040106e-01 -6.898381710052490234e-01 -1.447754353284836093e-01
2.025273495387499861e+04 -3.526203930377960205e-01 -6.651888489723205566e-01 -3.828156888484954834e-01
2.025276155687500068e+04 -4.186209738254547119e-01 -3.749864995479583740e-01 -4.962057769298552912e-01
2.025278816887499852e+04 -4.133340120315551758e-01 -2.053419202566147128e-01 -3.948107659816741943e-01
2.025281474987500042e+04 -2.649202942848206122e-01 2.937857806682587017e-02 -2.648325264453887939e-01
2.025284135687500020e+04 -6.644872575998306274e-02 3.170967400074005127e-01 -1.580534875392914096e-01
2.025286797187499906e+04 -1.025920584797859053e-01 2.176786810159682950e-01 -3.196823224425315857e-02
2.025289458287500020e+04 -9.381389245390892029e-03 1.034910231828689992e-01 4.261511191725730896e-02
2.025292115687499972e+04 8.951884508132934570e-02 6.576961278915405273e-02 -5.041867122054100037e-02
2.025294777587499993e+04 -5.533791705965995789e-02 2.359028458595275879e-01 -1.647576391696929932e-01
2.025297438687500107e+04 5.565318465232849121e-02 2.520935833454132080e-01 -2.336853742599487027e-01
2.025300099787499857e+04 -5.499900132417678833e-02 6.820646673440933228e-02 -8.557525277137756348e-02
2.025302757887500047e+04 6.013061478734015725e-02 1.838775724172591886e-01 -9.535291790962219238e-02
2.025305418987500161e+04 1.943124383687973022e-01 3.176774978637694757e-01 -8.805306255817413330e-02
2.025308080187499945e+04 3.058073222637177069e-01 3.584536015987396240e-01 -1.339415311813353937e-01
2.025310740787499890e+04 3.153035044670104980e-01 3.110557496547698975e-01 -2.763253152370452881e-01
2.025313399387499885e+04 2.789067924022675116e-01 1.615923047065734863e-01 -3.878245055675507147e-01
2.025316060487499999e+04 1.705587804317474088e-01 -5.727436766028404236e-02 -3.761128187179564875e-01
2.025318721687500147e+04 1.250217705965042114e-01 -6.817854591645300388e-05 -3.816866278648375910e-01
2.025321380687499914e+04 8.026332408189773560e-02 1.150993630290031017e-01 -2.998071610927581787e-01
2.025324043887500011e+04 8.505438268184661865e-02 2.552520930767058771e-01 -2.116405069828032892e-01
2.025326701587500065e+04 1.114330291748047014e-01 4.022541940212249756e-01 -1.538766324520111084e-01
2.025329362687500179e+04 1.101728528738021989e-01 3.449124693870543878e-01 -8.518063277006149292e-02
2.025332024287500099e+04 9.423758834600448608e-02 2.998441755771636963e-01 -7.522667944431304932e-02
2.025334685387499849e+04 1.428600251674652100e-01 2.144727110862731934e-01 -4.383368790149688721e-02
2.025337344987499819e+04 1.583401113748550137e-01 1.799127012491225919e-01 -1.059125363826752056e-02
2.025340005987499899e+04 2.425716221332550049e-01 2.287224233150481900e-01 -2.569509111344813954e-02
2.025342665687499903e+04 2.646526396274567206e-01 1.987976282835006991e-01 -4.243952035903930664e-02
2.025345326887500050e+04 2.502348423004149836e-01 2.371289283037185947e-01 -3.180852532386779785e-02
2.025347984987499876e+04 2.796968817710875910e-01 2.710499763488770086e-01 -1.109567470848559986e-02
2.025350646087499990e+04 3.220928311347960871e-01 3.230978846549987793e-01 -1.397226122207940058e-03
2.025353307187500104e+04 4.062583446502686102e-01 5.377935171127319336e-01 5.874272435903549194e-02
2.025355965487499998e+04 5.250982642173767090e-01 7.986388206481933594e-01 1.517488658428192139e-01
2.025358626387500044e+04 6.634973883628845215e-01 1.103435635566710982e+00 2.750948965549468994e-01
2.025361287587499828e+04 7.904502749443054199e-01 1.327350616455077903e+00 3.720602989196776789e-01
2.025363948687499942e+04 8.674796223640441895e-01 1.356912374496459961e+00 4.297211468219757080e-01
2.025366609787500056e+04 8.514548540115356445e-01 1.183391571044922097e+00 5.234906673431396484e-01
2.025369267887499882e+04 9.349939823150634766e-01 1.308895826339721902e+00 6.659617424011230469e-01
2.025371929087500030e+04 1.094965934753417969e+00 1.872690558433532937e+00 6.254659295082092285e-01
2.025374591587499890e+04 1.429215550422668013e+00 2.678522825241088867e+00 5.259627699851989746e-01
2.025377251287499894e+04 1.463289618492126021e+00 3.060193777084351030e+00 6.956853270530700684e-01
2.025379912487500042e+04 1.257488012313842995e+00 2.995266199111938032e+00 1.014399528503417969e+00
2.025382570487499834e+04 1.374068498611449973e+00 3.181321859359741211e+00 1.393379688262939009e+00
2.025385231687499981e+04 1.899179935455322044e+00 4.095448017120361328e+00 1.582362890243530051e+00
2.025387892787500095e+04 2.454499244689940962e+00 4.456897735595703125e+00 1.753254175186157005e+00
2.025390553887499846e+04 2.046012878417969194e+00 4.618758678436279297e+00 1.488366484642029031e+00
2.025393213987499985e+04 1.350419163703918013e+00 5.201987266540527344e+00 1.035760402679442915e+00
2.025395873087500149e+04 1.541933536529541016e+00 4.586428165435791016e+00 1.319295048713684082e+00
2.025398534287499933e+04 1.856567859649657981e+00 1.866137981414794922e+00 2.217884778976439986e+00
2.025401195387500047e+04 1.834413528442383035e+00 -8.768661618232727051e-01 2.162738084793090820e+00
2.025403855587499856e+04 1.215029001235961914e+00 -1.588001966476439986e+00 1.150684237480164018e+00
2.025406514587499987e+04 3.792949616909027100e-01 2.144892364740371982e-01 3.657383024692534845e-01
2.025409175787500135e+04 2.590868473052979071e-01 1.859651803970336914e+00 1.600316613912582120e-01
2.025411836787499851e+04 3.982988297939301092e-01 2.829353809356689009e+00 2.801908552646636963e-01
2.025414494987500075e+04 5.906109809875488281e-01 3.541756629943848100e+00 4.097316563129425049e-01
2.025417156087499825e+04 4.845671951770781916e-01 3.139940261840819868e+00 -1.739337295293807983e-01
2.025419817187499939e+04 3.348000943660736084e-01 1.794945597648621050e+00 -3.111919760704041082e-01
2.025422478387500087e+04 2.187528610229491910e-01 1.017333149909972922e+00 1.116741970181465010e-01
2.025425139487499837e+04 5.438044667243957520e-01 8.010298013687133789e-01 2.128815352916718084e-01
2.025427797587500027e+04 5.438492894172668457e-01 1.668826103210448997e+00 3.021601587533951153e-02
2.025430458587500107e+04 5.900519490242004395e-01 2.545830726623535156e+00 -3.888936042785645086e-01
2.025433119087500017e+04 5.533717274665832520e-01 2.960986375808715820e+00 -7.091066241264343262e-01
2.025435780987500038e+04 3.468095362186431885e-01 2.886049747467041016e+00 -1.007678508758544922e+00
2.025438441087500178e+04 3.590462505817412775e-01 3.223477840423583984e+00 -9.451724886894226074e-01
2.025441100187499978e+04 2.954956889152526855e-01 3.134482383728026900e+00 -7.971904277801513672e-01
2.025443761287500092e+04 -7.675028592348098755e-02 2.532797098159790039e+00 -1.022608160972594993e+00
2.025446422487499876e+04 -1.221214532852172990e-01 2.536306858062744141e+00 -9.631502032279968262e-01
2.025449080487500032e+04 1.047905385494232039e-01 2.488249778747559038e+00 -6.538643836975097656e-01
2.025451741687500180e+04 2.358555197715759000e-01 2.131120920181273970e+00 -4.334476292133330744e-01
2.025454402787499930e+04 3.174670636653900146e-01 1.615448117256164995e+00 -1.952300965785979947e-01
2.025457063487499909e+04 3.820301592350006104e-01 1.481798052787780984e+00 8.426178991794586182e-02
2.025459721987499870e+04 4.761915802955626886e-01 1.365508317947387917e+00 2.442689090967178067e-01
2.025462383187500018e+04 3.438935577869414728e-01 1.406132340431212935e+00 5.859609842300415039e-01
2.025465044287500132e+04 1.842954009771347046e-01 9.432289600372314453e-01 6.941186785697937012e-01
2.025467705387499882e+04 4.865157231688498757e-02 9.140778183937072754e-01 4.920996129512786865e-01
2.025470366587500030e+04 4.511947929859160822e-01 -8.684636652469635010e-02 1.817718893289566040e-01
2.025473024587499822e+04 7.758810520172119141e-01 -7.110189795494079590e-01 4.345302879810333252e-01
2.025475687287500114e+04 7.425265312194824219e-01 -9.047090262174606323e-02 2.471825033426285068e-01
2.025478345687500041e+04 7.451477050781250000e-01 6.896210312843322754e-01 -6.420987099409103394e-02
2.025481007987499834e+04 6.494762897491455078e-01 4.192959368228911798e-01 1.503080036491155971e-02
2.025483665687499888e+04 4.692106842994689941e-01 2.967203557491301935e-01 -1.281028985977173129e-01
2.025486327187500137e+04 2.959731519222260077e-01 1.207674145698546919e+00 -1.145614013075828969e-01
2.025488988387499921e+04 2.780431807041168213e-01 9.842539429664611816e-01 -5.048348307609558105e-01
2.025491649487500035e+04 1.478987038135529120e-01 5.874956846237182617e-01 -5.872495770454406738e-01
2.025494309587500175e+04 9.098431468009948730e-02 6.564592123031616211e-01 -4.746207594871520996e-01
2.025496968687499975e+04 1.200436875224113048e-01 3.751671910285950262e-01 -1.529054641723633090e-01
2.025499629887500123e+04 3.676074445247650146e-01 1.475741416215896884e-01 1.430691182613373080e-01
2.025502290987499873e+04 1.026516035199165067e-01 -1.223056077957153098e+00 1.186854019761086065e-01
2.025505001516667107e+04 -7.659112215042114258e-01 -2.274210214614868164e+00 3.568837419152259827e-02
2.025507662616666858e+04 -1.289937376976012962e+00 -3.151619195938109907e+00 1.148823574185370983e-01
2.025510323716666971e+04 -1.142664074897765891e+00 -2.238904237747191939e+00 1.390895694494246881e-01
2.025512982316666967e+04 -1.053936854004860063e-01 -4.078747928142548163e-01 2.546388208866118830e-01
2.025515644516667089e+04 3.973882496356964111e-01 5.308914184570312500e-01 9.193389862775802612e-02
2.025518304116667059e+04 4.231167957186698914e-02 2.030175775289536078e-01 -9.520630352199077606e-03
2.025520965216667173e+04 -1.427114158868789950e-01 -2.192829400300979892e-01 2.377076633274554859e-02
2.025523626416666957e+04 6.027901545166969299e-02 1.873745955526829113e-02 4.024072550237178802e-03
2.025526287516667071e+04 1.061145216226577932e-02 5.035091564059258201e-02 -1.392065896652638912e-03
2.025528945616666897e+04 -3.382346034049987793e-02 -4.197753220796585083e-02 8.687396533787250519e-03
2.025531605516666968e+04 1.871956139802933086e-02 1.112873665988444935e-02 1.459553604945539886e-04
2.025534267816667125e+04 -2.614466706290841103e-03 1.398401986807584936e-02 6.085719447582960129e-03
2.025536929016666909e+04 -6.568788550794124603e-03 3.072669962421060042e-03 4.911556839942932129e-03
2.025539589016667014e+04 -1.045299880206584930e-02 -4.102362785488367081e-03 6.153516937047243118e-03
2.025542248216666849e+04 -2.660289639607071877e-03 7.975731976330280304e-03 7.428419776260852814e-03
2.025544909316666963e+04 7.339672651141881943e-03 2.930700313299893899e-03 2.080662961816414920e-04
2.025547570416667077e+04 -9.201370179653167725e-03 -7.734940852969884872e-03 6.270030979067087173e-03
2.025550230616666886e+04 -2.563288202509284019e-03 1.057083066552877079e-02 2.530955709517002106e-03
2.025552890916667093e+04 -9.026343002915382385e-03 2.162996912375092940e-03 1.230490766465664083e-02
2.025555550816667164e+04 -8.988572284579277039e-03 3.408435499295591874e-03 9.855862706899642944e-03
2.025558211816666881e+04 -3.881463548168540001e-03 7.011662703007459641e-03 7.424730341881513596e-03
2.025560870016667104e+04 -1.398499961942433964e-02 6.026218179613351822e-03 1.834525726735591888e-02
2.025563531116666854e+04 -1.408342272043227976e-02 -9.781708649825304747e-05 1.594390161335467945e-02
2.025566192316667002e+04 1.002655830234288952e-03 -1.612476422451436953e-03 7.513948250561952591e-03
2.025568853416667116e+04 1.337269786745310047e-03 1.679869182407855988e-02 8.614848367869853973e-03
2.025571514516666866e+04 -6.711435504257678986e-03 -1.126513816416263927e-02 8.745593950152397156e-03
2.025574172616667056e+04 3.833266207948327065e-03 1.429836358875036066e-02 2.546051051467657089e-03
2.025576833716667170e+04 -1.542722713202238083e-02 -7.411994040012359619e-03 7.441811263561248779e-03
2.025579494516666819e+04 -1.279166783206165054e-03 9.504238143563270569e-03 3.763630287721753120e-03
2.025582155616666932e+04 -1.985367125598714027e-04 -3.215185424778609926e-04 3.836096031591296196e-03
2.025584814116666894e+04 -1.465403591282665946e-03 -1.526185194961727099e-03 1.394982682541012981e-03
2.025587475216667008e+04 4.860311746597290039e-03 8.257616427727043629e-04 2.641318598762155013e-03
2.025590136616666859e+04 -5.158111918717622757e-03 2.225701464340091185e-03 1.247854233952238885e-04
2.025592797516666906e+04 2.306092297658323808e-03 -1.561955898068845055e-03 3.859900403767824173e-03
2.025595457616667045e+04 1.981316320598125111e-02 -6.777998991310595599e-03 2.791344188153744178e-03
2.025598116716666846e+04 -1.546213589608668934e-02 -9.790004231035709381e-03 1.233625505119561976e-02
2.025600777816666960e+04 -4.075331613421440125e-03 -6.319629494100809097e-03 9.947068989276885986e-03
2.025603439016667107e+04 -7.502360735088586807e-03 1.214336138218640934e-02 8.581581525504589081e-03
2.025606097116666933e+04 -1.266390830278396953e-02 3.622758667916059060e-03 2.502921270206571059e-03
2.025608758216667047e+04 -1.222517166752367941e-04 3.443203400820494132e-03 1.112773641943931927e-02
2.025611419316667161e+04 -8.891921490430831909e-03 3.571242792531847954e-03 3.747943090274930000e-03
2.025614078516666996e+04 -1.141244918107985930e-02 2.376354997977613969e-03 7.798252772772684693e-05
2.025616741616667059e+04 -7.639024261152371764e-05 3.400346031412481828e-03 -1.073362887836992957e-03
2.025619399716666885e+04 -1.277306955307721918e-02 -2.475018613040446801e-03 6.201503332704305649e-03
2.025622060816666999e+04 6.129027344286441803e-03 -3.619838098529726267e-04 3.872960107401012941e-03
2.025624721916667113e+04 -1.268988568335772081e-02 1.193082076497375965e-03 2.516915090382099152e-03
2.025627382816667159e+04 -7.009399996604770422e-05 3.416135674342513084e-03 1.456478785257787054e-04
2.025630041116667053e+04 -5.163669586181640625e-03 -1.672045618761331114e-04 1.354970620013773008e-03
2.025632703316667175e+04 -1.335404929704963944e-03 3.465473186224699020e-03 5.016340408474206924e-03
2.025635363416666951e+04 -5.125085823237895966e-03 2.307460643351078033e-03 4.998551681637763977e-03
2.025638024516667065e+04 -5.241438280791044235e-03 -3.811463480815290971e-03 7.478166837245225906e-03
2.025640685216667043e+04 3.725823713466525078e-03 6.905598100274801254e-03 7.523299660533666611e-03
2.025643343816667038e+04 -6.529318168759346008e-03 -3.948924131691455841e-03 8.746830746531486511e-03
2.025646004916667152e+04 -2.301218046341091123e-04 -4.079645033925771713e-03 3.909421153366565704e-03
2.025648666016666903e+04 2.434118418022989793e-03 3.213336924090981050e-03 -1.001615310087800026e-03
2.025651325816666940e+04 4.957180470228195190e-03 4.419919103384017944e-03 3.887295490130782127e-03
2.025653985216666842e+04 -4.030288197100163373e-03 -6.472611799836158752e-03 1.459411927498877048e-03
2.025656646416666990e+04 3.752515185624361038e-03 6.890101358294487000e-03 2.642755862325429916e-03
2.025659306016666960e+04 4.742189776152372360e-03 -7.847308181226253510e-03 2.747305901721119881e-03
2.025661968616666854e+04 -9.084548801183700562e-03 -7.593665737658739090e-03 5.093127954751253128e-03
2.025664628216666824e+04 1.638058456592262062e-04 1.677341200411320080e-02 3.772767260670661926e-03
2.025667287816667158e+04 -4.177633672952651978e-03 -1.505515351891517986e-02 1.515068695880473094e-03
2.025669949016666942e+04 -2.611920703202486038e-03 2.103017177432775064e-03 3.850783221423625946e-03
2.025672610116667056e+04 -4.583559930324553749e-02 4.710249975323677063e-02 2.034567296504974018e-02
2.025675268216666882e+04 -5.856342613697052002e-02 -2.993520349264144897e-02 2.686885930597782135e-02
2.025677929616667097e+04 3.310499712824820778e-02 -3.775423392653465271e-02 9.232033975422382355e-03
2.025680590516667144e+04 1.640326157212257038e-02 7.905300706624984741e-02 1.027089776471256993e-03
2.025683251616666894e+04 -1.105776801705360066e-02 2.190372720360755920e-02 9.761639870703220367e-03
2.025685909716667084e+04 1.433748845010996038e-02 -1.037187576293945035e-01 -2.149660431314260039e-04
2.025688570816666834e+04 -2.110569551587105144e-02 1.957608200609683990e-02 -4.929105285555124283e-03
2.025691231916666948e+04 -6.350115686655044556e-02 4.376748576760292053e-02 2.756904251873492848e-02
2.025693893116667095e+04 -3.591768443584442139e-02 -3.161104395985603333e-02 1.482926681637763977e-02
2.025696551716667091e+04 8.347632735967636108e-02 3.620479255914688110e-02 1.151719409972428929e-02
2.025699212316667035e+04 -4.577698186039925315e-02 -2.038035355508327137e-02 1.713205315172671925e-02
2.025701873416667149e+04 -6.244509946554899216e-03 1.081136614084243948e-02 1.597078517079352986e-02
2.025704534616666933e+04 2.720074960961937904e-03 1.922062784433364868e-02 1.109652779996394938e-02
2.025707195716667047e+04 -1.594440080225468029e-02 -4.059466719627379677e-02 4.049393348395824432e-03
2.025709855616667119e+04 1.802879385650157928e-03 3.638404980301856995e-02 3.656390123069285913e-03
2.025712514916666987e+04 -1.524942088872193943e-02 -2.567958785220981078e-03 5.021468270570039749e-03
2.025715176716666974e+04 1.235518697649239973e-02 -4.252548329532145586e-03 1.131646148860455080e-02
2.025717837216666885e+04 -4.810523986816406250e-02 5.796853825449944236e-02 3.206603927537798882e-03
2.025720495216667041e+04 2.004009485244750977e-02 5.265790969133377075e-03 7.677386049181222916e-03
2.025723156416666825e+04 -9.656840004026889801e-03 -3.838562592864037254e-02 6.547469645738601685e-03
2.025725817516666939e+04 3.047884638363030147e-05 1.052009128034115011e-02 7.507738191634416580e-03
2.025728478616667053e+04 -2.357365796342492104e-03 1.667627878487110138e-02 2.572538563981651826e-03
2.025731136716666879e+04 -1.308805122971535076e-02 -1.992388628423213959e-02 6.403204053640365601e-03
2.025733797216667153e+04 8.826187811791896820e-03 1.145101524889468973e-02 -4.648227710276842117e-03
2.025736459016667141e+04 -7.687238045036792755e-03 3.185715060681105094e-03 2.617646241560577913e-03
2.025739118016666907e+04 -9.195000864565372467e-03 -1.027079112827778036e-02 5.137049593031406403e-03
2.025741781316667038e+04 6.543088238686323166e-03 2.626862190663814892e-02 8.659882470965385437e-03
2.025744439316666831e+04 -2.340948022902011871e-02 -3.211420401930809021e-02 2.747540595009922981e-03
2.025747100516666978e+04 4.745575133711099625e-03 -4.387952387332916260e-03 3.971314057707787427e-03
2.025749761616667092e+04 -1.160718221217394049e-02 -5.333831533789634705e-03 2.649259986355901198e-03
2.025752421616666834e+04 1.357161067426205028e-02 1.182004489237443019e-04 5.187265109270811081e-03
2.025755080816667032e+04 -1.639052876271307035e-03 -6.976560689508914948e-03 5.132773891091346741e-03
2.025757742016667180e+04 2.735496265813707872e-03 2.607027627527714123e-02 4.943175707012414932e-03
2.025760404116666905e+04 -5.488413851708173752e-03 -1.182500366121531053e-02 2.700170036405324936e-03
2.025763064216667044e+04 -4.015467711724340916e-04 -8.224190212786197662e-03 5.150263663381338120e-03
2.025765722316666870e+04 -6.000410765409469604e-03 2.866189740598202099e-02 1.208226894959806962e-03
2.025768383416666984e+04 -5.314082838594912615e-03 1.682665606494992971e-04 3.778702579438685937e-03
2.025771045216666971e+04 -1.162164472043514078e-02 -9.428602643311023712e-04 4.964388906955718994e-03
2.025773705716666882e+04 4.817886278033257398e-03 4.912085365504026413e-03 7.475407328456640244e-03
2.025776364116667173e+04 -1.155677624046803041e-02 2.741335425525904135e-03 6.161311641335487366e-03
2.025779026216666898e+04 -2.883247332647442818e-03 -4.786680452525615692e-03 2.609314164146780968e-03
2.025781686016666936e+04 -2.618103288114070892e-03 9.933398105204105377e-03 3.733657766133546829e-03
2.025784347216667084e+04 -1.309353206306695938e-02 -1.097376085817814047e-02 6.163135636597871780e-03
2.025787008316666834e+04 -1.366654643788933971e-03 1.088007446378468947e-02 1.216478878632188060e-03
2.025789666416667023e+04 -9.221742860972881317e-03 -6.152033805847167969e-03 2.497438341379166083e-03
2.025792327516667137e+04 4.761906340718269348e-03 2.184526296332478957e-03 1.315185916610061906e-03
2.025794988716666921e+04 -9.070397354662418365e-03 2.442708471789956093e-03 4.882213193923234940e-03
2.025797648216666857e+04 9.940958116203546524e-04 3.508589696139097214e-03 8.602561429142951965e-03
2.025800307916666861e+04 -1.574020134285091920e-03 -1.422097411705181003e-04 4.949826747179031372e-03
2.025802969016666975e+04 -1.549886655993760066e-03 2.059348393231629892e-03 1.182018197141587951e-03
2.025805630116667089e+04 -6.593591533601284027e-03 9.162644273601472378e-04 -6.362650310620665550e-05
2.025808291316666873e+04 -5.403359420597553253e-03 -2.785040531307458878e-03 -3.087451113970018923e-05
2.025810949316667029e+04 7.195909507572650909e-03 -5.377519992180168629e-04 3.698694985359907150e-03
2.025813610516667177e+04 -4.129943437874317169e-03 -1.570227788761257908e-03 2.410493558272718950e-03
2.025816270316666851e+04 -4.087807610630989075e-03 8.880480309017002583e-04 3.614831948652863936e-03
2.025818932716667041e+04 -5.423885304480791092e-03 -2.995836781337856813e-03 -1.265118335140869021e-04
2.025821590916666901e+04 2.257760148495436148e-03 4.218888469040393829e-03 -2.562868874520062967e-03
2.025824252016667015e+04 -6.711183581501244631e-03 -4.183976445347070694e-03 3.533497219905256791e-03
2.025826913116667129e+04 -5.394561216235160828e-03 -1.774795469827950001e-03 -1.353526604361831925e-03
2.025829573916667141e+04 -2.906708279624580903e-03 -1.781839178875088909e-03 7.203829474747180939e-03
2.025832234916666857e+04 -5.265699699521064758e-03 5.594287998974323273e-03 1.039381837472320037e-03
2.025834894716666895e+04 -4.176141228526830673e-03 -4.255069419741631422e-03 -2.547759795561432838e-03
2.025837554616666966e+04 2.191483275964856148e-03 2.847649855539203124e-03 8.326195180416107178e-03
2.025840215716667080e+04 -6.617373321205377579e-03 5.070221959613263607e-04 -1.477088429965079048e-03
2.025842876816666831e+04 3.602717770263553099e-03 8.898783475160598755e-03 -5.124235060065984726e-03
2.025845534916667020e+04 -2.816795138642191887e-03 2.914147218689322038e-03 3.413269063457847075e-03
2.025848196116667168e+04 -1.181634888052940022e-02 -7.963178679347038269e-03 4.645938519388437271e-03
2.025850857216666918e+04 3.422757843509316011e-03 3.501527244225143844e-04 3.472708864137529893e-03
2.025853517716666829e+04 4.799802787601947784e-03 7.532000076025724411e-03 5.777965765446423617e-03
2.025856176416666858e+04 8.200976997613906860e-03 -1.339958235621451985e-02 2.279561012983322144e-03
2.025858837516666972e+04 6.605133967241272330e-05 2.230558730661869049e-02 -1.670881290920078971e-03
2.025861497516667077e+04 -9.171891026198863983e-03 -8.145462488755583763e-04 4.521534312516450882e-03
2.025864159816666870e+04 -1.109817996621132070e-02 -3.758467733860015869e-02 4.752677399665117264e-03
2.025866820916666984e+04 -6.388807203620672226e-03 1.259948872029780995e-02 -2.868561074137688117e-03
2.025869480616666988e+04 -1.601788774132728924e-02 -3.261109814047812722e-02 -1.922657975228503075e-04
2.025872141016666865e+04 1.737101934850215912e-02 5.906797479838132858e-03 -1.538900076411664052e-03
2.025874801316667072e+04 -5.010318476706743240e-03 1.981069333851337086e-02 1.880245865322649045e-03
2.025877462416666822e+04 -2.083596028387546886e-02 -2.037819102406502117e-02 5.701979156583547592e-03
2.025880122016667156e+04 1.981174945831298828e-02 2.194064203649758859e-03 9.434821549803018570e-04
2.025882781616667125e+04 8.820414543151855469e-03 2.081443183124065052e-02 6.847426295280457410e-03
2.025885442816666909e+04 -1.178894285112619053e-02 -7.048290222883223620e-03 4.455160815268754959e-03
2.025888103916667023e+04 9.767428040504455566e-03 2.246929332613945007e-03 7.898135227151215076e-04
2.025890762016666849e+04 -7.960934191942214966e-03 -4.797202534973621368e-03 1.938883564434946017e-03
2.025893423116666963e+04 -5.330996122211217880e-03 1.285923644900321960e-03 6.962470361031591892e-04
2.025896084216667077e+04 3.703682683408259912e-03 1.463150884956120924e-02 3.108606208115816116e-03
2.025898744016667115e+04 -9.165776893496513367e-03 -2.327671507373452187e-03 6.955563439987599850e-04
2.025901403416667017e+04 9.462904999963939190e-04 1.185282715596259074e-03 3.180146915838121934e-03
2.025904064616667165e+04 -9.065047837793827057e-03 2.490933751687407060e-03 5.788054550066590309e-04
2.025906725716666915e+04 -6.666820496320723620e-03 -3.679609391838312149e-03 1.856267917901277976e-03
2.025909386816667029e+04 3.504529362544416948e-03 2.264372538775206046e-03 -5.549933994188904762e-04
2.025912048016667177e+04 -9.123149327933788300e-03 5.950414197286590934e-05 5.476347170770168304e-03
2.025914706116667003e+04 -5.408807191997765627e-03 -3.701866837218403816e-03 1.866512466222048023e-03
2.025917367416666821e+04 -4.047057125717402372e-03 1.159882522188127041e-03 -3.036518581211566925e-03
2.025920028316666867e+04 -7.946033030748367310e-03 -4.878896754235029221e-03 3.078073495998979048e-03
2.025922689516667015e+04 2.318029524758458138e-03 5.908896680921316147e-03 4.213239531964063644e-03
2.025925347516667171e+04 -5.406222306191921234e-03 -5.016960669308900833e-03 -6.455773254856467247e-04
2.025928008716666955e+04 -6.635831668972969055e-03 -2.515727886930108070e-03 5.430167075246571627e-03
2.025930669816667069e+04 -1.531200134195386930e-03 1.058751018717885017e-03 1.780887483619153066e-03
2.025933330916666819e+04 -6.772603373974561691e-03 -1.112742349505423979e-02 -6.126571679487824440e-04
2.025935989716666882e+04 -5.295436363667249680e-03 1.119823544286191030e-03 5.364684038795530796e-04
2.025938650216667156e+04 -5.350984167307615280e-03 -2.601532032713294029e-03 2.923123538494110107e-03
2.025941311316666906e+04 -4.089576657861471176e-03 -2.628786955028771920e-03 1.712101860903203054e-03
2.025943972416667020e+04 -6.493968889117240906e-03 3.552984213456511064e-03 2.875759731978178024e-03
2.025946630516666846e+04 -1.519810408353805976e-03 1.022820128127932982e-03 5.366315599530935287e-03
2.025949291616666960e+04 9.639902855269610882e-04 -1.495779608376323960e-03 5.198346916586160660e-04
2.025951952816667108e+04 -6.521666888147593412e-03 2.337482525035738945e-03 5.325253121554852399e-03
2.025954614116666926e+04 -2.732963766902685165e-03 3.503138897940516038e-03 6.563388742506504059e-03
2.025957275016666972e+04 -4.112672060728073120e-03 -5.120796617120504379e-03 2.875358331948519187e-03
2.025959933116667162e+04 -2.453690685797482729e-04 -2.917304227594286203e-04 4.295919497963041067e-04
2.025962595116666853e+04 -2.764867385849357085e-03 -2.366023836657404900e-04 2.852968638762832122e-03
2.025965255416667060e+04 2.291571348905562921e-03 8.907933370210230350e-04 4.394346906337887049e-04
2.025967916516667174e+04 -2.815493848174809976e-03 -3.937084693461656570e-03 -2.002276014536619186e-03
2.025970574616667000e+04 -6.505506113171576586e-03 1.050938153639435985e-03 1.600676216185092926e-03
2.025973235716667114e+04 -5.296959076076745987e-03 -2.688488224521278901e-03 2.790920902043581009e-03
2.025975896916666898e+04 -2.403475082246586951e-04 -1.561477663926780007e-03 3.774151555262506008e-04
2.025978558016667012e+04 -7.830435410141944885e-03 -3.870703279972075982e-03 2.782817231491208076e-03
2.025981216716667041e+04 3.531104885041714148e-03 -1.627719029784203009e-03 4.038800834678112918e-04
2.025983877216666951e+04 -2.799259033054112954e-03 -3.964535892009735107e-03 1.597677706740797000e-03
2.025986537916666930e+04 -5.128847900778055191e-03 7.143836934119462967e-03 7.609383668750525388e-03
2.025989199516666849e+04 -6.598223000764846802e-03 -7.636498659849166870e-03 -2.120325807482004166e-03
2.025991857616667039e+04 -1.650372520089149041e-03 -1.013009436428547079e-02 8.910191245377063751e-03
2.025994518716667153e+04 -1.957313070306553895e-04 -3.680800436995924061e-04 2.755364635959268050e-03
2.025997179816666903e+04 -6.514657288789749146e-03 -1.462312415242194913e-03 7.601387798786163330e-03
2.025999838016667127e+04 -2.054637006949633089e-04 -1.610080827958882072e-03 -8.954504737630486488e-04
2.026002499016666843e+04 -2.520543057471514182e-03 9.477678686380386353e-03 2.362032391829415885e-04
2.026005163104167150e+04 -3.914356697350740433e-03 2.146806800737977028e-03 1.496321754530071995e-03
2.026007823904167162e+04 -1.904793462017551064e-04 -1.629479113034904003e-03 3.928840626031160355e-03
2.026010485304167014e+04 1.174304517917335033e-03 4.486178047955036163e-03 5.118028726428747177e-03
2.026013146504167162e+04 -9.059237316250801086e-03 -6.401063408702611923e-03 -9.778452804312109947e-04
2.026015804504166954e+04 -1.355294836685061021e-03 2.040059538558125062e-03 -3.422133391723037200e-03
2.026018462804166847e+04 -9.012532420456409454e-03 -2.690176712349057198e-03 6.319027859717606631e-03
2.026021126804166852e+04 -1.023510098457336079e-02 -1.456890255212784030e-03 2.643113723024725914e-03
2.026023787904166966e+04 -2.690380904823542075e-03 -4.106606822460889816e-03 -3.446409944444894791e-03
2.026026448304166843e+04 -2.101681602653115988e-04 -5.361221265047788620e-03 2.390504378126933900e-04
2.026029107204166939e+04 -3.867235267534852028e-03 8.376587065868079662e-04 1.740148436510934884e-04
2.026031768304167053e+04 -2.509493613615632057e-03 5.705327261239290237e-03 -3.508834168314934211e-03
2.026034429404167167e+04 -7.802992593497037888e-03 -7.664319127798079577e-03 3.865540726110339165e-03
2.026037088304166900e+04 1.156945363618433042e-03 7.553476607427000999e-04 1.429724157787859006e-03
2.026039748604167107e+04 -7.660326082259416580e-03 -3.164730733260511810e-04 1.378655899316072030e-03
2.026042409804166891e+04 -3.927328623831272125e-03 -4.092197865247725573e-03 2.591529162600636049e-03
2.026045070704166938e+04 -6.338756997138261795e-03 8.419606019742786884e-04 -1.116995001211761995e-03
2.026047729004166831e+04 4.873170051723718643e-03 -4.251810722053050995e-03 1.432063872925936959e-03
2.026050390104166945e+04 -2.597943646833301024e-03 8.180956356227397919e-04 8.669431321322917938e-03
2.026053051204167059e+04 -6.404245272278785706e-03 -2.837137551978230043e-03 -1.091297133825718923e-03
2.026055712404166843e+04 1.175860757939517064e-03 -5.116537213325500488e-04 1.644001895328983936e-04
2.026058370504167033e+04 -5.096702836453914642e-03 -1.655471511185169003e-03 1.295160735026001930e-03
2.026061031604167147e+04 -1.274271402508019967e-03 7.208526949398219585e-04 -1.134560792706907012e-03
2.026063692104167058e+04 1.190639566630125046e-03 -1.770309987477957986e-03 1.191258561448193951e-04
2.026066353904167045e+04 -6.325467489659786224e-03 -4.114010662306100130e-04 6.047534770914352753e-05
2.026069015004167159e+04 -6.831799692008644342e-05 -1.742223743349313953e-03 1.331739826127886989e-03
2.026071673104166985e+04 2.534723374992609024e-03 3.119200235232710838e-03 1.317377900704741044e-03
2.026074333204167124e+04 -6.443316116929054260e-03 -9.024837985634803772e-03 6.346328882500529289e-05
2.026076995304166849e+04 -9.925049729645252228e-03 6.990106310695409775e-03 1.154588186182081916e-03
2.026079656504166996e+04 -3.876681439578533173e-03 -6.625981535762547579e-03 -2.374243456870317025e-03
2.026082314204167051e+04 -6.288324482738971710e-03 -4.336018173489720171e-04 1.229304005391895988e-03
2.026084975704166936e+04 -3.775099990889430046e-03 -4.775084962602704763e-04 1.246916828677058003e-03
2.026087636804167050e+04 -2.503012306988238855e-03 7.376594003289937973e-04 3.688120283186436133e-03
2.026090298004166834e+04 -7.632712833583354950e-03 -5.316037684679031372e-03 1.254588947631418922e-03
2.026092956004166990e+04 -6.307827774435281754e-03 -4.148520529270172119e-03 -1.236444804817437909e-03
2.026095617204167138e+04 -2.425916725769639015e-03 1.917500281706451936e-03 -1.250245142728090069e-03
2.026098278304166888e+04 -1.265971455723047040e-03 -2.999020740389823914e-03 1.231065834872425036e-03
2.026100937604167120e+04 5.443650661618448794e-05 6.634434685111045837e-04 2.436196664348245101e-03
2.026103597504166828e+04 -7.569576613605022430e-03 -4.114411305636168394e-03 1.197446021251380010e-03
2.026106258604166942e+04 1.297175884246825955e-03 -5.949306068941950798e-04 1.390160286973696033e-05
2.026108919704167056e+04 1.445121481083333059e-03 5.520687904208899412e-03 1.144747366197407029e-03
2.026111580904166840e+04 -1.003048103302717035e-02 -4.106944892555475235e-03 -2.527532400563358827e-03
2.026114239004167030e+04 -3.691297490149735971e-03 -5.218019941821694374e-04 1.151571166701615074e-03
2.026116900104167144e+04 -1.015568245202302933e-02 -1.021638885140419006e-02 2.393599133938550949e-03
2.026119559504167046e+04 8.800049312412738800e-03 -5.668536759912967682e-03 -3.609976731240748925e-03
2.026122222404167042e+04 -6.135635543614625931e-03 3.202589694410562949e-03 1.112445024773478942e-03
2.026124880504166867e+04 -3.797035431489347978e-03 -6.656762212514877319e-03 -2.588267489045393061e-05
2.026127543004167092e+04 5.265865474939346313e-03 5.428401287645102415e-03 -1.312513835728168054e-03
2.026130202704167095e+04 -1.521373074501753027e-02 -1.381315104663372040e-02 4.779328592121601105e-03
2.026132863904166879e+04 2.188761573052034053e-04 4.291273653507232666e-03 -1.337481662631035068e-03
2.026135522004167069e+04 -1.208483823575079007e-03 -5.508090369403362274e-03 -3.721505636349319978e-03
2.026138183104166819e+04 -1.084966934286057949e-03 1.866881502792238972e-03 -1.089544311980717020e-04
2.026140844204166933e+04 -2.404179191216826005e-03 -1.795426011085510037e-03 -1.312971580773591995e-03
2.026143504904166912e+04 -2.396188676357268853e-03 -3.021115204319357872e-03 2.314575714990497069e-03
2.026146164604166916e+04 -3.525326494127511978e-03 3.112301696091889901e-03 -2.613233169540762901e-03
2.026148826404166903e+04 -1.116358209401369095e-03 -3.073920728638768196e-03 -4.995695315301418304e-03
2.026151485704167135e+04 -1.071110833436250903e-03 -6.210680585354566574e-04 -5.010906141251325607e-03
2.026154146804166885e+04 -1.104416791349648996e-03 -1.830805558711289926e-03 -1.342163304798305035e-03
2.026156808004167033e+04 -1.088818069547414997e-03 -5.933592910878360271e-04 1.090228557586669922e-03
2.026159466004166825e+04 1.478261430747807026e-03 -6.654063472524285316e-04 -2.590794581919908957e-03
2.026162127204166973e+04 -2.245602663606404824e-03 1.854120288044214032e-03 -2.631686395034193993e-03
2.026164787704166883e+04 -7.334462832659482956e-03 -1.741485786624253013e-03 -3.861123695969582038e-03
2.026167449404166837e+04 -3.546081250533462004e-03 6.827326724305748940e-04 4.688987042754889402e-03
2.026170107504167026e+04 -9.880171157419681549e-03 -2.906626323238015175e-03 -2.088188775815069946e-04
2.026172768504167107e+04 2.755542052909731865e-03 5.468213930726051331e-04 -1.366709358990191980e-03
2.026175429804166924e+04 -8.600883185863494873e-03 -1.701800152659415982e-03 -2.069472247967497056e-04
2.026178090904167038e+04 -4.880034830421209335e-03 -7.935158908367156982e-03 -6.277919281274080276e-03
2.026180749004166864e+04 -5.968279205262660980e-03 1.914366031996906021e-03 -2.689559943974018097e-03
2.026183410104166978e+04 -3.536856733262538910e-03 -3.045431803911923929e-03 -5.080041941255331039e-03
2.026186071704166898e+04 -1.008067396469414017e-03 -1.852023880928755023e-03 -2.630526199936867194e-03
2.026188732404166876e+04 -2.226956654340029196e-03 6.337070954032242298e-04 -2.141805744031443921e-04
2.026191391904167176e+04 -2.315761754289269014e-03 -4.271259065717458725e-03 -1.816436561057344079e-04
2.026194051604167180e+04 -2.274214988574386077e-03 -5.530238617211580276e-03 -6.307824980467557907e-03
2.026196712704166930e+04 -6.039278116077184677e-03 -4.210368264466524124e-03 -2.406650601187720895e-04
2.026199373904167078e+04 3.442710440140218085e-04 5.692105623893439770e-04 -3.889331826940178871e-03
2.026202032004166904e+04 1.589742489159106991e-03 5.634496337734162807e-04 -2.202152682002634081e-04
2.026204693104167018e+04 -9.152622078545391560e-04 5.974961095489561558e-04 -2.676605945453048186e-03
2.026207354204167132e+04 -3.461393993347882791e-03 -5.682888440787792206e-04 9.751823381520807743e-04
2.026210014204166873e+04 -3.460988868027925058e-03 -5.674732965417206287e-04 9.759061504155397415e-04
2.026212673404167072e+04 -8.499659597873687744e-03 -4.171677399426698685e-03 -1.504556508734822056e-03
2.026215334604166856e+04 -9.777809493243694305e-03 -5.375567357987164584e-03 -1.504384563304484107e-03
2.026217995704166970e+04 -2.171308035030961037e-03 -1.828464563004672961e-03 -1.476571778766810894e-03
2.026220656804167083e+04 -8.524457924067974091e-03 -5.391313228756189346e-03 -2.745588426478207111e-04
2.026223314904166909e+04 -2.111087553203105927e-03 6.036720005795359612e-04 -6.371235474944114685e-03
2.026225976104167057e+04 -3.415427636355162101e-03 -1.821075798943639018e-03 -5.143010523170232773e-03
2.026228636104167163e+04 2.870258875191212134e-03 -4.384423606097698212e-03 -5.109008867293596268e-03
2.026231298304166921e+04 1.313093863427639008e-02 6.465760059654712677e-03 -7.552071008831262589e-03
2.026233956404167111e+04 -7.125219330191612244e-03 -5.115228123031556606e-04 -1.539633958600461049e-03
2.026236618304167132e+04 -4.723870661109685898e-03 -6.686851847916842374e-03 -1.481839222833513997e-03
2.026239278704167009e+04 4.257928114384412766e-03 2.959007164463400841e-03 -3.925427794456481934e-03
2.026241939804167123e+04 -8.403602056205272675e-03 -1.714196754619478963e-03 -1.537895645014941909e-03
2.026244597904166949e+04 -6.020400673151016235e-03 -1.156684663146734064e-02 -1.476560137234627984e-03
2.026247259004167063e+04 -3.346867859363555908e-03 -1.773302559740840955e-03 4.577073734253644943e-03
2.026249920104167177e+04 -1.948445220477879047e-03 5.553040187805891037e-03 2.098455792292952971e-03
2.026252581304166961e+04 -4.602878354489803314e-03 -3.008376108482480049e-03 -2.741701900959014893e-03
2.026255241704166838e+04 1.672362792305647893e-03 -3.107805270701646805e-03 -2.583786263130605221e-04
2.026257900504166901e+04 -4.606021568179131422e-03 -3.002288285642861886e-03 -1.520422752946615002e-03
2.026260561204166879e+04 -8.173183305189013481e-04 -1.836223527789115906e-03 -2.820806112140417099e-04
2.026263222804167162e+04 -3.261958714574574991e-03 -1.813500304706395106e-03 -6.413863506168127060e-03
2.026265880804166954e+04 4.331480304244906252e-04 -5.547976121306419373e-03 -3.923757467418909073e-03
2.026268542004167102e+04 -3.253743750974535942e-03 -5.649517988786101341e-04 -1.540665165521204038e-03
2.026271203104166852e+04 -8.596710977144539356e-04 -6.729812361299991608e-03 9.571644477546215057e-04
2.026273862404167085e+04 -4.528125282377004623e-03 -1.773257390595972972e-03 -2.759583061560987993e-03
2.026276522304167156e+04 5.490394309163093567e-03 -4.418239463120698929e-03 -6.334802135825157166e-03
2.026279183404166906e+04 4.474687390029430389e-03 6.664235610514879227e-03 -2.766598481684923172e-03
2.026281844604167054e+04 -5.800482351332902908e-03 -5.422201473265886307e-03 -2.754174405708909035e-03
2.026284505704167168e+04 5.903499550186097622e-04 6.049560615792870522e-04 -1.530947047285736041e-03
2.026287163804166994e+04 -5.721894092857837677e-03 -4.999116063117980957e-04 8.752825087867677212e-04
2.026289824904167108e+04 -1.959635876119136810e-03 -1.813299721106887081e-03 -3.970217425376176834e-03
2.026292484704167146e+04 -4.535460844635962573e-03 -5.453089252114295959e-03 -5.182645283639431000e-03
2.026295147204167006e+04 -6.540928152389824390e-04 6.130117108114063740e-04 -5.196363665163516998e-03
2.026297804904167060e+04 -5.669952835887671384e-03 -4.890226409770548344e-04 8.687351946718990803e-04
2.026300466004167174e+04 -3.186641028150916100e-03 -3.006945597007871108e-03 -3.977434709668158618e-03
2.026303127504167060e+04 -6.846240139566361904e-04 -3.034780034795403047e-03 -2.998241689056158066e-04
2.026305788704166844e+04 -3.182655898854136033e-03 -1.753203338012099049e-03 2.115970011800528006e-03
2.026308449804166958e+04 -1.910855295136570930e-03 -1.796251744963228919e-03 -2.754643326625227928e-03
2.026311107904167147e+04 -6.092834519222378731e-04 6.347873713821172714e-04 -2.761578653007746176e-03
2.026313769004166898e+04 -6.130717811174690723e-04 -1.790125621482729912e-03 9.078599396161735058e-04
2.026316430204167045e+04 -5.569604109041392803e-04 1.905530574731528976e-03 4.544832743704319000e-03
2.026319090304166821e+04 -1.069800928235054016e-02 -2.822702284902334213e-03 4.509353544563055038e-03
2.026321749404166985e+04 -1.868842635303735950e-03 -1.766422763466835022e-03 9.016413823701441288e-04
2.026324410504167099e+04 -1.823831116780638912e-03 6.868854397907853127e-04 8.865835261531174183e-04
2.026327071604166849e+04 7.044831290841102600e-04 6.220720824785530567e-04 -3.975662868469954404e-03
2.026329732804166997e+04 -4.371226765215396881e-03 -4.172400571405887604e-03 -1.541932113468647003e-03
2.026332390504167051e+04 1.941438415087759061e-03 -3.066346282139420943e-03 -3.946603275835514069e-03
2.026335052704167174e+04 -4.251326899975538254e-03 1.950067817233503082e-03 -4.020217340439558029e-03
2.026337712704166916e+04 -6.928051356226205826e-03 -6.579268723726272583e-03 -1.540609868243336894e-03
2.026340374204167165e+04 -4.302981775254011154e-03 -4.912424483336508274e-04 -1.562948687933384938e-03
2.026343032304166991e+04 -1.745422254316508987e-03 1.917658373713492913e-03 -1.560780685395001931e-03
2.026345693504167139e+04 -4.235990811139345169e-03 3.188609611243010001e-03 -1.584960729815066078e-03
2.026348354604166889e+04 3.218246158212422891e-03 -4.287407267838717374e-03 -1.493318704888225035e-03
2.026351015704167003e+04 -4.875298473052679950e-04 -5.360569339245557785e-04 -3.221119113732128793e-04
2.026353673804166829e+04 -5.580163560807704926e-03 -4.126112908124923706e-03 -3.313571505714207888e-04
2.026356333904166968e+04 5.885054357349872589e-03 3.001388395205140114e-03 -7.621879689395427704e-03
2.026358996104167090e+04 -4.200207069516181946e-03 1.968154218047856851e-03 -4.021454136818647385e-03
2.026361657204166841e+04 -6.884245201945304871e-03 -6.550085730850697431e-03 8.982942672446370125e-04
2.026364314404167089e+04 -5.523284431546925631e-03 -1.687609241344035105e-03 -4.004292190074920654e-03
2.026366976404167144e+04 -4.281581379473209381e-03 -1.688012504018842957e-03 8.848347933962941170e-04
2.026369637604166928e+04 7.630471372976899147e-04 -1.802666112780570984e-03 -5.180206149816513062e-03
2.026372297904167135e+04 -5.417779320850968361e-04 -4.227182362228631973e-03 -3.951741848140954971e-03
2.026374956804166868e+04 -1.615614979527890899e-03 5.601296667009592056e-03 -5.243405699729919434e-03
2.026377617904166982e+04 -3.017223905771971183e-03 -1.718531013466418006e-03 -1.543281949125230096e-03
2.026380279004167096e+04 8.506526355631649494e-04 -5.323585355654358864e-04 -1.530218054540454908e-03
2.026382939604167041e+04 3.352691885083913803e-03 -1.818522461690009074e-03 -5.164437927305698395e-03
2.026385598204167036e+04 -2.936952281743288040e-03 -1.697193831205368042e-03 -2.766478341072798209e-03
2.026388259404166820e+04 -4.245409741997718811e-03 -4.116707015782594681e-03 -3.180997155141084844e-04
2.026390920704167002e+04 -7.988484576344490051e-03 -2.828792668879032135e-03 -1.570887165144086101e-03
2.026393581604167048e+04 -4.245024174451828003e-03 -4.116057883948087692e-03 -3.167336108162999153e-04
2.026396239704166874e+04 9.152957936748862267e-04 3.154326928779482841e-03 -3.297844668850303238e-04
2.026398900904167022e+04 -2.978166332468390031e-03 -6.583577487617731094e-03 -2.730253851041198210e-03
2.026401559804167118e+04 8.734912844374775887e-04 -1.733418321236968040e-03 -2.958974801003932953e-04
2.026404223104166886e+04 -2.877235645428299904e-03 -4.352402174845337868e-04 8.911876357160508633e-04
2.026406881204167075e+04 -2.795026637613772912e-03 3.222984960302710967e-03 -4.011815413832663622e-03
2.026409541104167147e+04 -3.898564900737255812e-04 -1.699754619039594910e-03 2.137851202860475020e-03
2.026412203504166973e+04 -5.404401104897260666e-03 -1.627107616513967948e-03 -1.555631984956562953e-03
2.026414864604167087e+04 -7.981773465871810913e-03 -7.696592714637517929e-03 -1.528268563561141057e-03
2.026417522804166947e+04 -2.813924103975296021e-03 -4.369556263554840738e-04 -3.981193993240594864e-03
2.026420183804167027e+04 6.007594522088766098e-03 6.296241772361099720e-04 -5.148864816874265671e-03
2.026422844904167141e+04 -5.281628109514713287e-03 2.060804516077042060e-03 -4.012893419712781906e-03
2.026425506104166925e+04 -1.564068137668072960e-03 -4.467789258342235738e-04 -1.530424226075411060e-03
2.026428164204167115e+04 -2.820706227794290023e-03 -4.245619929861276800e-04 -1.538039417937397957e-03
2.026430825304166865e+04 -4.125409759581089020e-03 -2.849630080163478851e-03 -3.100160975009202957e-04
2.026433486404166979e+04 -7.850926369428634644e-03 -2.759481547400354905e-03 8.922514389269053936e-04
2.026436144504167169e+04 -4.114972427487373352e-03 -5.294173955917358398e-03 -2.725367434322834015e-03
2.026438805604166919e+04 -1.333548920229076905e-03 9.378630667924880981e-03 -2.803500508889555931e-03
2.026441466804167067e+04 -2.970121568068861961e-03 -1.144758891314267939e-02 -2.675452502444386049e-03
2.026444127904167181e+04 8.681466802954673767e-03 6.739025004208087921e-03 -5.157672334462404251e-03
2.026446786904166947e+04 -4.088356625288724899e-03 -4.071559756994246569e-03 -3.950124606490135193e-03
2.026449447104167120e+04 2.315659774467349052e-03 -4.945679102092981339e-04 -6.360268220305442810e-03
2.026452108304166904e+04 -2.806882839649916129e-03 -5.300730932503938675e-03 -3.921539057046175003e-03
2.026454769404167018e+04 -6.482959259301424026e-03 -3.338464885018765926e-04 -5.198270548135042191e-03
2.026457427504166844e+04 -2.754670334979892211e-03 -1.599692041054368019e-03 9.360029944218695164e-04
2.026460088604166958e+04 -1.442049862816930034e-03 8.151202928274869919e-04 -2.730711130425333977e-03
2.026462749704167072e+04 1.000229851342738108e-03 -2.902526408433914185e-03 -1.468747155740856907e-03
2.026465408604167169e+04 -2.696322277188301086e-03 -2.854042453691362901e-03 -1.001999154686927969e-02
2.026468068904167012e+04 -2.767282072454690933e-03 -5.269267596304416656e-03 -1.463299267925322056e-03
2.026470730104167160e+04 2.400387078523635864e-03 1.990335993468761010e-03 -3.916156478226184845e-03
2.026473390104166901e+04 -2.691410190891473943e-04 -6.549888290464878082e-03 -3.876425093039869828e-03
2.026476052304167024e+04 3.612261498346925215e-03 -4.838005115743725950e-04 -3.890144173055886789e-03
2.026478710404166850e+04 -1.795065327314659953e-04 -1.643531140871345997e-03 -3.906886093318462372e-03
2.026481371604166998e+04 -1.607382582733407888e-04 -1.669488963671029048e-03 -1.000584848225117077e-02
2.026484032804167146e+04 -2.644656691700220108e-03 -1.578706316649914005e-03 -3.905722871422768073e-03
2.026486693804166862e+04 -1.353240513708441907e-04 -1.617359695956110954e-03 -2.667875960469245911e-03
2.026489354504166840e+04 -6.462365388870239258e-03 -3.959194291383028030e-03 -2.693532267585397200e-03
2.026492013904167106e+04 1.166188740171492100e-03 8.142318110913038254e-04 -2.673565177246928215e-03
2.026494674204166949e+04 -2.685089129954576059e-03 -4.035499878227710724e-03 -5.106579046696423617e-03
2.026497335304167063e+04 -5.097369663417339325e-03 2.157091861590743065e-03 -1.502546831034123898e-03
2.026499993104167152e+04 -7.683016359806060791e-03 -3.900500247254968123e-03 9.795360965654253960e-04
2.026502654504167003e+04 -1.381857902742922089e-03 -4.037210252135992050e-03 -5.077176727354527387e-03
2.026505318474999876e+04 4.986412357538939390e-03 7.633545319549739361e-04 -3.845747560262680054e-03
2.026507979574999990e+04 -1.306977006606758075e-03 8.905949071049690247e-04 -2.273878199048340050e-04
2.026510638774999825e+04 -5.113424733281136426e-03 -1.506127417087554932e-03 -2.676223171874880791e-03
2.026513298774999930e+04 -3.767293412238359018e-03 3.377625951543449922e-03 -2.699049422517418861e-03
2.026515959875000044e+04 3.600289346650242805e-03 -6.576419807970523834e-03 -5.023069214075803757e-03
2.026518619475000014e+04 2.561692614108324051e-03 3.286564489826560020e-03 -2.633508294820785956e-03
2.026521279074999984e+04 -8.891782723367214203e-03 -5.114337429404258728e-03 -6.313630379736422625e-03
2.026523940275000132e+04 -1.214940566569566944e-03 3.364716889336705208e-03 -2.175905829062685099e-04
2.026526601374999882e+04 -8.936338126659393311e-03 -6.307955365628004074e-03 1.016140216961503029e-03
2.026529260875000182e+04 -1.270575448870659091e-03 -3.296371141914278269e-04 -3.851850051432847977e-03
2.026531920574999822e+04 -1.071565275196916948e-04 -3.993262071162462234e-03 4.721221514046192169e-03
2.026534581774999970e+04 -1.101308269426227050e-03 7.064470089972019196e-03 -2.143198071280494061e-04
2.026537240875000134e+04 -1.250248868018388965e-03 -1.530356123112142086e-03 -2.597580663859844208e-03
2.026539902874999825e+04 -1.115829916670918031e-03 5.828180350363255414e-03 -2.644928405061364174e-03
2.026542562075000023e+04 -8.848655968904495239e-03 -5.086651537567377090e-03 -5.063049029558897018e-03
2.026545223175000137e+04 3.861517412587999864e-03 3.293596440926194191e-03 -1.372867496684194045e-03
2.026547884374999921e+04 -5.123831797391176224e-03 -7.604918442666530609e-03 -5.019991658627986908e-03
2.026550545475000035e+04 -3.744409419596194787e-03 -1.510749803856014989e-03 -8.710495196282863617e-03
2.026553203574999861e+04 5.660777242155746303e-05 -3.115734143648297137e-04 -4.761496558785439405e-03
2.026555865574999916e+04 -2.616233890876173973e-03 -8.846265263855457306e-03 -3.501961473375558853e-03
2.026558525775000089e+04 1.017600204795598984e-02 3.191217547282576995e-03 -4.715983290225267410e-03
2.026561186974999873e+04 -5.069474224001169205e-03 -5.111789330840110779e-03 -1.101322006434201977e-03
2.026563845075000063e+04 -3.790432587265967889e-03 -3.906884230673313141e-03 -1.099980436265469031e-03
2.026566505574999974e+04 1.355015556327998909e-04 4.611568991094827652e-03 -1.129644224420190074e-03
2.026569167274999927e+04 2.417002804577351050e-03 -1.014689076691865921e-02 -5.643948446959257126e-03
2.026571828475000075e+04 5.250782705843448639e-03 6.967965979129076004e-03 -8.177806623280048370e-03
2.026574486574999901e+04 -1.195445423945785002e-03 -1.494990079663693905e-03 -5.723725073039531708e-03
2.026577147675000015e+04 1.012419816106558020e-02 -4.511384177021682262e-04 -1.994384219869970842e-03
2.026579808775000129e+04 -7.458876352757214633e-03 -1.518673088867217031e-04 -4.552737344056367874e-03
2.026582468774999870e+04 -6.310349795967339602e-03 -5.051963031291961670e-03 1.588569371961056969e-03
2.026585127574999933e+04 -1.217130688019097068e-03 -3.922204952687025070e-03 -5.469185300171375275e-03
2.026587789174999853e+04 3.819847479462624030e-03 -4.026128910481929779e-03 -9.094155393540859222e-03
2.026590450274999966e+04 5.262641236186028394e-03 7.010856643319129944e-03 -4.276501014828681946e-03
2.026593108375000156e+04 -7.384028285741806030e-03 3.574352711439133124e-03 5.428408621810376644e-04
2.026595769474999906e+04 -3.666622098535298867e-03 -1.916792825795710087e-04 -4.286763723939657211e-03
2.026598430575000020e+04 -3.752349643036723137e-03 -3.843640675768256187e-03 1.838200609199702957e-03
2.026601090074999956e+04 2.668121596798301177e-03 2.140722237527370019e-03 -6.698306649923324585e-03
2.026603751974999977e+04 -3.624820150434970856e-03 1.064261537976562977e-03 -2.852839417755603790e-03
2.026606410975000108e+04 -6.230852566659451398e-03 -3.791007446125150161e-03 -1.616931171156466007e-03
2.026609072074999858e+04 1.445947913452982903e-03 3.429688513278961182e-03 -2.832864644005895095e-03
2.026611733174999972e+04 -4.918459337204694748e-03 -1.173861674033104967e-04 2.029149094596505165e-03
2.026614391275000162e+04 5.204454530030488968e-03 2.121717669069766998e-03 -6.457853596657514572e-03
2.026617052474999946e+04 -4.851086065173149109e-03 2.304187277331947847e-03 -5.305037368088960648e-03
2.026619712274999983e+04 -2.542101312428712845e-03 -9.975335560739040375e-03 -3.782734507694839998e-03
2.026622373375000097e+04 8.031611330807209015e-03 1.804429106414318085e-02 -6.337573751807212830e-03
2.026625032775000000e+04 -1.260521728545426975e-02 -9.781982749700546265e-03 -1.891979482024908066e-04
2.026627693875000114e+04 5.097513087093830109e-03 -3.959159832447767258e-03 -1.090563237085006996e-04
2.026630355074999898e+04 -1.017412869259715080e-03 4.719818476587533951e-03 -3.866822458803654151e-03
2.026633016175000012e+04 -3.694180864840745926e-03 -3.809183370321989059e-03 -1.387148513458668969e-03
2.026635674274999838e+04 8.559282124042510986e-02 8.334268629550933838e-02 9.013357013463973999e-02
2.026638334174999909e+04 6.197835505008698204e-02 2.372077405452727994e-01 1.062262505292892040e-01
2.026640996575000099e+04 -1.235704496502876004e-01 -1.710145026445389072e-01 -1.186618488281965082e-02
2.026643657674999849e+04 5.080581456422805786e-02 8.346541970968246460e-02 -2.947341650724411011e-02
2.026646317175000149e+04 4.210741445422173240e-02 9.354855120182037354e-02 -2.756308531388639970e-03
2.026648976875000153e+04 -1.396029163151978926e-02 5.663143098354340293e-02 2.639678306877613068e-02
2.026651637974999903e+04 3.049724735319614063e-02 8.285509049892425537e-02 3.018027916550635945e-02
2.026654299175000051e+04 4.312822222709655762e-02 1.525441706180573065e-01 2.143138460814952850e-02
2.026656957174999843e+04 4.640145227313041687e-02 1.992305815219878873e-01 5.042548850178719261e-02
2.026659618374999991e+04 2.815804444253445019e-02 2.377088814973830899e-01 7.933087646961212158e-02
2.026662279475000105e+04 1.162995677441359087e-02 2.918676435947418213e-01 5.324112623929976723e-02
2.026664938175000134e+04 1.181483641266822988e-02 2.991483509540557861e-01 3.611440211534500122e-02
2.026667598675000045e+04 -1.388273946940899069e-02 1.315513998270035068e-01 4.193660616874694824e-02
2.026670259874999829e+04 -9.363508969545364380e-02 -2.373086512088775912e-01 9.037482738494873047e-02
2.026672920974999943e+04 -5.000030249357224205e-02 -2.426219731569289884e-01 1.736654639244079867e-01
2.026675579075000132e+04 9.250759333372116089e-02 2.576401829719542902e-01 1.224940121173859059e-01
2.026678239775000111e+04 6.322667002677917480e-02 1.736868172883987080e-02 4.703059792518615723e-02
2.026680901274999997e+04 3.878455609083175659e-02 1.220181137323379933e-01 3.275303915143013000e-02
2.026683561774999907e+04 3.737132623791695335e-02 -9.262567013502120972e-02 3.782934322953224182e-02
2.026686220574999970e+04 -6.655851751565933228e-02 -2.236576080322265903e-01 -4.739701747894287109e-02
2.026688881675000084e+04 5.265774726867675781e-01 -5.316272974014282227e-01 -1.939046829938889105e-01
2.026691540874999919e+04 4.644725024700164795e-01 -1.122115254402161089e+00 -2.538417279720305841e-01
2.026694203874999948e+04 3.834240138530731201e-01 -9.187452197074890137e-01 -8.126316964626312256e-02
2.026696861975000138e+04 7.529336810111999512e-01 -1.918572545051574929e+00 -2.722532153129578192e-01
2.026699523174999922e+04 6.935175061225891113e-01 -1.767044782638550027e+00 -8.454544097185134888e-02
2.026702184275000036e+04 3.485412001609802246e-01 -1.252700924873352051e+00 2.842990458011627197e-01
2.026704845375000150e+04 2.738123834133148193e-01 -1.139580845832824929e+00 3.220927715301514227e-01
2.026707503474999976e+04 1.614824235439301092e-01 -5.697225332260131836e-01 5.749946832656860352e-01
2.026710164575000090e+04 2.453364245593548168e-02 -4.767229259014130194e-01 1.098088860511780007e+00
2.026712825774999874e+04 5.790754221379756927e-03 -4.002960920333861750e-01 1.105997800827025923e+00
2.026715486374999819e+04 1.460802406072617132e-01 -1.499256253242492898e+00 8.872967958450317383e-01
2.026718144975000178e+04 -1.804515123367310125e-01 -2.924984216690063032e+00 9.360643029212951660e-01
2.026720806074999928e+04 -6.889789104461669922e-01 -4.424772262573242188e+00 1.274482965469359907e+00
2.026723467275000075e+04 -8.455541133880615234e-01 -1.783602714538573997e+00 2.019666671752930132e+00
2.026726128374999826e+04 -2.070744514465332031e+00 3.864028215408325195e+00 2.274154901504517046e+00
2.026728786174999914e+04 -2.037337779998778853e+00 4.348063945770263672e+00 2.850692272186278853e+00
2.026731447575000129e+04 -2.563109159469604048e+00 6.060137748718261719e+00 3.702064752578734907e+00
2.026734108674999879e+04 -2.922883749008179155e+00 5.015025138854979581e+00 4.538680553436279297e+00
2.026736766775000069e+04 -2.455633640289307085e+00 5.316242694854736328e+00 3.184316396713256836e+00
2.026739427874999819e+04 -6.190596222877502441e-01 3.935490131378173828e+00 2.302882194519042969e+00
2.026742089074999967e+04 1.094267129898071067e+00 2.790943384170531782e+00 1.632451176643372026e+00
2.026744750175000081e+04 2.168900012969971147e+00 1.918509483337401900e+00 5.790777206420898438e-01
2.026747408374999941e+04 2.698455810546875000e+00 9.891553521156311035e-01 -5.385542511940002441e-01
2.026750069375000021e+04 4.164223194122313565e+00 1.632435321807861106e+00 -1.277285218238831010e+00
2.026752729375000126e+04 6.331075668334960938e+00 -9.573764801025390625e-01 -6.746684312820434570e-01
2.026755389775000003e+04 5.288846492767333984e+00 -2.583873510360718218e+00 -2.028741598129272017e+00
2.026758049775000109e+04 5.039198875427246094e+00 -4.316497802734375000e+00 -1.425960421562195046e+00
2.026760710874999859e+04 5.113166809082031250e+00 -3.137638092041016069e+00 2.735662460327147882e-01
2.026763371974999973e+04 5.900092124938964844e+00 -5.300632476806640625e+00 9.007539153099060059e-01
2.026766033175000121e+04 4.820060729980468750e+00 -5.994791030883789062e+00 -6.171455383300781250e-01
2.026768691274999946e+04 3.391581535339355025e+00 -5.195856571197509766e+00 -9.845643043518066406e-01
2.026771352375000060e+04 2.743155956268310991e+00 -3.992106199264525923e+00 -4.478495121002197266e-01
2.026774012275000132e+04 2.775224208831787109e+00 -3.310656547546387163e+00 9.930733591318130493e-02
2.026776674674999958e+04 3.727087497711182085e+00 -4.224974155426025391e+00 -9.265456199645996094e-01
2.026779332675000114e+04 4.911023139953613281e+00 -4.209034442901611328e+00 -1.211571693420409934e+00
2.026781993874999898e+04 4.996567726135253906e+00 -4.620336055755615234e+00 -1.220471620559691939e+00
2.026784654975000012e+04 3.668424367904663086e+00 -5.427817344665527344e+00 -2.435479402542113814e+00
2.026787313074999838e+04 2.668524265289307085e+00 -3.869113206863402876e+00 -2.387824773788452148e+00
2.026789973475000079e+04 1.800703406333922896e+00 -3.126923561096190962e+00 -1.105276226997375044e+00
2.026792635575000168e+04 7.469124794006347656e-01 -1.347770452499390093e+00 -2.273668199777602872e-01
2.026795296474999850e+04 -4.517987072467803955e-01 1.511752903461456021e-01 -5.619547516107559204e-02
2.026797954975000175e+04 -3.124264180660247803e-01 -5.058809518814086914e-01 -2.204926311969757080e-01
2.026800615774999824e+04 1.837301105260848999e-01 -1.489212870597838911e+00 -6.205971240997314453e-01
2.026803276774999904e+04 2.186132669448853094e-01 -9.838925600051879883e-01 -7.920849323272705078e-01
2.026805937975000052e+04 3.340564966201782227e-01 -5.471161603927612305e-01 -5.977843999862670898e-01
2.026808596475000013e+04 1.940168738365173062e-01 -3.251809477806090753e-01 -3.439782857894896906e-01
2.026811257174999992e+04 -7.148428261280059814e-02 -9.375158697366714478e-02 -1.081525832414626936e-01
2.026813918275000105e+04 -2.578645348548889160e-01 8.222970366477966309e-02 -1.740048229694365900e-01
2.026816579374999856e+04 -2.106029838323592862e-01 2.851342260837554932e-01 -4.385670423507689875e-01
2.026819239274999927e+04 -2.431222945451735895e-01 1.707574874162673950e-01 -3.526201844215393066e-01
2.026821898674999829e+04 -1.616375446319580078e-01 -9.260693192481994629e-02 -2.112424224615097046e-01
2.026824559774999943e+04 -9.294872730970382690e-02 3.032102435827254902e-02 -1.579169631004332941e-01
2.026827220875000057e+04 -2.589568495750427246e-01 5.105429291725158691e-01 -1.426887214183807095e-01
2.026829878974999883e+04 -3.765812218189240057e-01 6.133396625518798828e-01 -1.136529669165610990e-01
2.026832540074999997e+04 -2.318511754274368009e-01 3.319097757339478094e-01 -2.047639489173888883e-01
2.026835200774999976e+04 -1.124520525336265980e-01 1.073204949498176991e-01 -3.049612045288085938e-01
2.026837859274999937e+04 4.258335754275321960e-02 1.341043114662170133e-01 -2.882440090179442804e-01
2.026840520475000085e+04 2.083018049597740173e-02 9.859628230333328247e-02 -3.684393465518950861e-01
2.026843181574999835e+04 -1.084753200411796986e-01 1.706661283969878873e-01 -4.002799093723297119e-01
2.026845842275000177e+04 -1.479208022356033048e-01 2.905728220939636230e-01 -3.476594984531403143e-01
2.026848500775000139e+04 -2.943957149982451837e-01 3.850003778934478760e-01 -3.858634829521179199e-01
2.026851161974999923e+04 -3.851491510868073065e-01 3.681286573410034180e-01 -3.985599279403687079e-01
2.026853823075000037e+04 -2.439276278018951138e-01 3.327446877956389826e-01 -3.449222147464752197e-01
2.026856481875000100e+04 -3.078470937907696117e-02 2.868585586547852118e-01 -4.420206844806671143e-01
2.026859142274999977e+04 -2.114671096205711018e-02 2.558144927024840753e-01 -4.893317222595214844e-01
2.026861803375000090e+04 -8.913452923297882080e-02 2.634971141815186102e-01 -4.080912768840789795e-01
2.026864464375000171e+04 -1.453889906406402865e-01 4.367041587829589844e-01 -3.010300695896149237e-01
2.026867125674999988e+04 -1.811669468879699985e-01 5.181948542594909668e-01 -4.193713888525962830e-02
2.026869783775000178e+04 -2.112888842821120938e-01 5.400694608688354492e-01 7.118292897939682007e-02
2.026872445974999937e+04 -2.683598697185515802e-01 2.426200658082962036e-01 -2.920189797878264826e-01
2.026875105975000042e+04 -2.305983603000640869e-01 2.979721128940582275e-01 -3.885182142257689875e-01
2.026877767174999826e+04 -1.060987636446952959e-01 3.409298360347747803e-01 -1.598224341869353970e-01
2.026880425275000016e+04 -2.055507600307464877e-01 9.030605852603912354e-02 -3.637903034687042236e-01
2.026883086375000130e+04 -2.680950760841370184e-01 1.647396832704544067e-01 -4.281431734561920166e-01
2.026885747474999880e+04 -2.004129588603973111e-01 2.400302886962890903e-01 -3.305866718292235773e-01
2.026888405575000070e+04 -1.196850612759590010e-01 1.272048354148865024e-01 -2.756164669990540106e-01
2.026891066674999820e+04 -7.677832990884780884e-02 9.020967781543731689e-02 -1.445383131504059115e-01
2.026893727874999968e+04 -7.199846953153610229e-02 2.379284054040909091e-01 -8.840023539960384369e-03
2.026896388975000082e+04 -2.470704019069671908e-01 1.912691742181777954e-01 -1.646434515714645108e-01
2.026899047074999908e+04 -3.301769793033599854e-01 1.854338198900223056e-01 -1.505170762538909912e-01
2.026901706874999945e+04 -2.359298169612885077e-01 2.189937829971312921e-01 5.119822546839714050e-02
2.026904369375000169e+04 -8.891053497791290283e-02 1.590224355459212979e-01 1.160196736454963962e-01
2.026907030474999920e+04 1.087706908583641052e-02 2.920335903763771057e-02 6.522388663142920408e-03
2.026909688575000109e+04 1.106460317969322066e-01 -3.063639812171458851e-02 -9.123904258012771606e-02
2.026912349674999859e+04 1.718779802322387973e-01 -4.885683581233025291e-02 -8.338898420333862305e-02
2.026915010774999973e+04 1.440378427505492887e-01 -5.689648166298866272e-02 -7.009963691234588623e-02
2.026917671975000121e+04 2.826831042766571045e-01 -8.459801226854324341e-02 4.691434651613234780e-02
2.026920329974999913e+04 4.386580586433411200e-01 -3.661363422870635986e-01 -2.338020130991936077e-02
2.026922991175000061e+04 5.556387901306152344e-01 -3.993247747421265204e-01 1.545321792364119928e-01
2.026925652275000175e+04 6.142985820770263672e-01 -3.834398984909058172e-01 3.793074786663054865e-01
2.026928311775000111e+04 5.401369929313659668e-01 -2.932650744915009100e-01 5.038805007934570312e-01
2.026930971475000115e+04 3.837742805480957031e-01 -6.653966754674911499e-02 3.793287575244904120e-01
2.026933632674999899e+04 1.153649762272835055e-01 1.385588049888611117e-01 1.870711296796798984e-01
2.026936293775000013e+04 -9.825142472982406616e-02 1.820904314517975131e-01 2.065178938210010876e-02
2.026938951874999839e+04 -1.126692295074463029e-01 2.367801517248153964e-01 1.263381391763687134e-01
2.026941612974999953e+04 -1.149263605475425998e-01 1.917057186365128119e-01 1.829682141542434970e-01
2.026944274075000067e+04 -1.273270845413208008e-01 1.891759037971497137e-01 1.145802736282349049e-01
2.026946933975000138e+04 -8.066209405660629272e-02 1.843328177928925116e-01 3.562077134847640991e-02
2.026949593375000040e+04 -6.092752516269683838e-02 7.806187868118286133e-02 -6.114613637328147888e-02
2.026952254475000154e+04 -3.181332349777221680e-02 9.611855447292327881e-02 -2.080182917416096081e-02
2.026954914774999997e+04 -2.603625319898128856e-02 1.490717232227324884e-01 4.964492097496985695e-02
2.026957576775000052e+04 -3.986869752407073975e-02 1.329725086688995084e-01 -4.184386134147644043e-02
2.026960234774999844e+04 -3.902249736711382866e-04 9.052358567714691162e-02 -4.983349144458770752e-02
2.026962895974999992e+04 7.778754830360412598e-02 1.088981479406356950e-01 -2.137852832674980164e-02
2.026965557075000106e+04 1.524941879324615002e-03 1.210265606641768993e-01 -8.052919805049896240e-02
2.026968216675000076e+04 -7.198338862508535385e-03 1.374465376138687134e-01 -5.055292975157499313e-03
2.026970876275000046e+04 -1.386866351822390881e-04 1.178724989295005937e-01 3.659618645906447670e-02
2.026973535674999948e+04 -1.222647447139025081e-02 7.514598220586776733e-02 3.679893538355827332e-02
2.026976198574999944e+04 -3.193204104900360107e-02 8.877388387918472290e-02 -1.222157943993807012e-02
2.026978856675000134e+04 -2.184875868260860096e-02 9.484700858592987061e-02 1.587016507983208050e-02
2.026981517774999884e+04 9.084540419280529022e-03 6.729647517204284668e-02 1.260003447532653982e-02
2.026984178874999998e+04 2.256412431597710003e-02 4.992561787366867065e-02 2.256676927208900105e-02
2.026986837575000027e+04 -2.126313187181949962e-02 5.426311865448951721e-02 -3.371030790731310844e-03
2.026989498074999938e+04 -4.015375394374132156e-03 1.130745708942413053e-01 5.003594979643821716e-02
2.026992159574999823e+04 2.032771520316601147e-02 1.358921527862549106e-01 3.540642559528350830e-02
2.026994820374999836e+04 6.603343784809112549e-02 1.009599789977073947e-01 8.718577772378921509e-02
2.026997481474999950e+04 1.147981639951468034e-02 8.252844959497451782e-02 1.418436765670776090e-01
2.027000140974999886e+04 -1.036793440580368042e-01 1.727693825960159024e-01 1.148586347699165067e-01
2.027002800774999923e+04 -1.952902972698211947e-01 2.580206990242003839e-01 1.649267673492431918e-01
2.027005464037500133e+04 -2.363886386156081876e-01 2.947238683700562079e-01 2.583497464656829834e-01
2.027008122137499959e+04 -2.368244528770447055e-01 2.601133286952971857e-01 1.963554471731185913e-01
2.027010783237500073e+04 -2.048569172620773038e-01 2.789007425308228094e-01 1.317816227674483975e-01
2.027013442837500043e+04 -2.828342914581298828e-01 3.490727543830872137e-01 1.539787650108337125e-01
2.027016105537499971e+04 -3.748317956924437921e-01 3.422716259956359863e-01 1.924519687891005915e-01
2.027018765237499974e+04 -3.378383517265319824e-01 3.023430109024047852e-01 1.880841553211211881e-01
2.027021424737499910e+04 -2.524731457233428955e-01 2.896218597888947088e-01 1.472573727369307917e-01
2.027024085537499923e+04 -2.187869250774384100e-01 2.767827212810515802e-01 1.524485051631926935e-01
2.027026746937500138e+04 -2.054279595613479892e-01 2.595833837985991877e-01 2.014546692371368131e-01
2.027029405037499964e+04 -1.973929107189177912e-01 2.177315056324005127e-01 2.017855793237685880e-01
2.027032066237500112e+04 -2.492354661226273138e-01 2.638919353485106867e-01 1.681942492723464966e-01
2.027034727337499862e+04 -3.048672676086425781e-01 3.214709460735321045e-01 2.064840346574783048e-01
2.027037385037499917e+04 -3.133614063262938898e-01 2.638290524482727051e-01 1.763115972280502042e-01
2.027040046537500166e+04 -2.851105034351348877e-01 2.164302021265029907e-01 1.109342798590659956e-01
2.027042706437499874e+04 -2.277893871068953913e-01 1.859122067689895907e-01 8.733151108026504517e-02
2.027045368537499962e+04 -1.674373596906661987e-01 1.135816946625709950e-01 6.137342378497123718e-02
2.027048026937499890e+04 -1.128486245870589932e-01 6.830100715160369873e-02 2.543773688375949860e-02
2.027050688037500004e+04 -5.819377303123474121e-02 9.539439529180526733e-02 -1.219724491238594055e-02
2.027053349137500118e+04 -4.495038464665412903e-02 6.703510135412216187e-02 8.821131661534309387e-03
2.027056010237499868e+04 -8.886954933404922485e-02 1.477441340684891025e-01 5.313576385378838279e-02
2.027058668337500058e+04 -9.453619271516799927e-02 1.859809011220932007e-01 7.724779844284057617e-02
2.027061330537500180e+04 -1.359234005212784091e-01 1.928878575563431064e-01 8.669103682041168213e-02
2.027063990637499955e+04 -2.005775719881058017e-01 2.433962672948837003e-01 1.554701775312423984e-01
2.027066651737500069e+04 -1.882051080465317050e-01 2.371563613414764127e-01 1.812155246734618863e-01
2.027069309837499895e+04 -2.010379582643508911e-01 2.176274806261062900e-01 1.519832611083984097e-01
2.027071970937500009e+04 -1.536604464054107944e-01 1.984397917985916138e-01 1.634136289358139038e-01
2.027074632137500157e+04 -1.807035505771636963e-01 2.194609940052031916e-01 9.111309051513671875e-02
2.027077290237499983e+04 -3.191659152507781982e-01 2.733304202556610107e-01 6.909455358982086182e-02
2.027079951337500097e+04 -4.788394272327423096e-01 3.474926948547362726e-01 1.139010637998580933e-01
2.027082612837499983e+04 -8.483616709709167480e-01 7.001494169235229492e-01 1.566796898841857910e-01
2.027085273637499995e+04 -1.271347761154175027e+00 9.533095359802246094e-01 2.363644391298294067e-01
2.027087931337500049e+04 -1.675188422203063965e+00 1.099781990051269975e+00 4.047291278839110773e-01
2.027090592337500129e+04 -1.931483864784240945e+00 9.819654226303100586e-01 4.855468869209290106e-01
2.027093253937500049e+04 -1.916090965270996094e+00 1.027296066284179910e+00 2.498784959316253940e-01
2.027095915037500163e+04 -1.717302560806273970e+00 1.027200579643249956e+00 1.865421533584595004e-01
2.027098573137499989e+04 -1.317376732826232910e+00 6.862444877624511719e-01 1.365691721439362127e-01
2.027101232437499857e+04 -8.231962323188781738e-01 1.760149300098418912e-01 -9.100032597780227661e-02
2.027103895437499887e+04 -3.265736699104309082e-01 -1.066826954483986040e-01 -1.760972589254378995e-01
2.027106556537500001e+04 -2.966049872338772167e-02 -2.946223318576812744e-01 -1.557891517877579013e-01
2.027109214437500123e+04 1.948653012514114102e-01 -3.043219745159149170e-01 -6.516336649656295776e-02
2.027111875737499940e+04 2.602357864379882812e-01 -2.967108190059661865e-01 -2.451568841934204102e-02
2.027114536937500088e+04 1.412526965141296109e-01 -1.811704188585281095e-01 1.081323102116585055e-01
2.027117194937499880e+04 -5.255455523729324341e-02 -1.735490858554840088e-01 2.300163209438323975e-01
2.027119856137500028e+04 -1.556526869535445889e-01 -1.915507204830646862e-02 3.344494700431823730e-01
2.027122517237500142e+04 -1.961141824722290039e-01 4.808926209807395935e-02 3.996183872222899836e-01
2.027125177037500180e+04 -1.410863250494003018e-01 7.465339452028274536e-02 2.412027865648269931e-01
2.027127836737499820e+04 -3.688510879874228737e-02 1.051401942968368947e-01 5.503527075052260659e-02
2.027130497637499866e+04 1.225763559341430942e-01 2.749990858137607921e-02 5.539565160870552063e-02
2.027133158737499980e+04 1.207233443856239041e-01 -6.926188617944717407e-02 8.408766239881515503e-02
2.027135819837500094e+04 -5.264902114868164062e-02 7.492093741893768311e-02 9.417562931776046753e-02
2.027138477937499920e+04 -1.753189116716384888e-01 1.015918105840682983e-01 8.830315619707107544e-02
2.027141139037500034e+04 -2.553872168064116877e-01 1.289462745189667026e-01 1.219480037689208984e-01
2.027143800237500182e+04 -3.296188712120056152e-01 2.539396286010742188e-01 7.060883194208145142e-02
2.027146459437500016e+04 -2.776494622230529785e-01 2.075966745615004938e-01 6.273448467254638672e-02
2.027149119437500121e+04 -1.635633707046509067e-01 5.471695587038993835e-02 6.939037889242172241e-02
2.027151780537499872e+04 -1.207482963800430020e-01 1.212638765573502003e-01 2.897662483155727040e-02
2.027154441437499918e+04 -1.274013519287109097e-01 1.679463386535645086e-01 1.642611436545848846e-02
2.027157099737500175e+04 -2.256117910146712979e-01 1.724802255630492887e-01 9.748565405607223511e-02
2.027159760937499959e+04 -4.998749792575836182e-01 3.202256262302399237e-01 2.374211996793746948e-01
2.027162422037500073e+04 -7.627548575401306152e-01 5.325810909271240234e-01 3.282047510147094727e-01
2.027165083137499823e+04 -9.288263320922851562e-01 5.244827866554260254e-01 3.320323526859282892e-01
2.027167741237500013e+04 -1.059876680374145952e+00 5.909807085990905762e-01 4.234424233436583918e-01
2.027170402337500127e+04 -9.206946492195129395e-01 3.589458167552947998e-01 3.844291865825653076e-01
2.027173060837500088e+04 -7.588772177696228027e-01 2.588417232036591131e-01 3.068694174289702814e-01
2.027175724637500025e+04 -4.843686223030089777e-01 5.463801696896553040e-02 1.624289005994797030e-01
2.027178382737499851e+04 -2.385598272085190097e-01 -1.355092376470566073e-01 2.991098538041115154e-02
2.027181043537499863e+04 -1.974017322063446045e-01 -2.106320671737194061e-02 -4.734864458441734314e-03
2.027183705037500113e+04 -1.975039839744567871e-01 1.189830303192138949e-01 3.826212137937545776e-02
2.027186366137499863e+04 -2.197777032852173129e-01 1.314710527658463080e-01 -2.228127093985677199e-03
2.027189024237500053e+04 -1.759090274572371881e-01 4.076582565903664329e-02 -8.917669951915740967e-02
2.027191684537499896e+04 -8.628033101558685303e-02 4.991298541426659324e-02 -1.630535572767257968e-01
2.027194346437499917e+04 2.629510872066020966e-02 -4.522217810153961182e-02 -1.445867866277694980e-01
2.027197004537500106e+04 8.155430667102336884e-03 -6.804609298706054688e-02 -1.079521849751472057e-01
2.027199665237500085e+04 -4.730951786041259766e-02 -1.070993486791848963e-02 -1.257797330617904941e-01
2.027202326837500004e+04 -9.071502089500427246e-02 1.944403164088726044e-02 -1.384649127721785944e-01
2.027204987937500118e+04 -1.205053329467773021e-01 4.461546242237091064e-02 -1.132050082087517062e-01
2.027207646037499944e+04 -1.138649806380272050e-01 -2.052500145509839058e-03 -9.821034222841262817e-02
2.027210307537499830e+04 -1.475679427385329923e-01 1.332428678870200937e-02 -8.511664718389511108e-02
2.027212968337499842e+04 -1.655800938606261929e-01 7.160224765539169312e-02 -1.607914268970489849e-02
2.027215629437499956e+04 -1.567527204751968106e-01 7.768636196851730347e-02 7.123428862541913986e-03
2.027218289537500095e+04 -1.178718432784081060e-01 -1.668479992076755004e-03 -2.990887314081192017e-02
2.027220948637499896e+04 9.212055802345275879e-02 -9.315834194421768188e-02 -1.889484822750092108e-01
2.027223609737500010e+04 3.233502209186553955e-01 -1.722720563411712924e-01 -2.369000464677810947e-01
2.027226267837499836e+04 2.723693251609802246e-01 -1.243133097887039046e-01 -1.350734233856200894e-01
2.027228929037499984e+04 1.103655174374579967e-01 2.839325927197932850e-02 -9.324409812688827515e-02
2.027231590137500098e+04 -1.178327389061450958e-02 8.074395358562469482e-02 -1.163656935095787048e-01
2.027234251237499848e+04 6.418371107429265976e-03 4.861800372600554726e-02 -9.528996050357818604e-02
2.027236910637500114e+04 3.876621276140213013e-02 3.591806069016457298e-02 -6.326784193515777588e-02
2.027239570437500151e+04 -6.413211673498153687e-02 1.263677179813385010e-01 7.430008612573146820e-03
2.027242231637499935e+04 -1.488741138018667915e-03 3.040505200624465942e-02 -9.137521684169769287e-02
2.027244891237499905e+04 -2.076467499136925177e-03 -6.513442099094390869e-02 -5.902318283915519714e-02
2.027247550837499875e+04 -1.161759346723556935e-01 2.284692972898482929e-02 -3.718679025769233704e-02
2.027250211937499989e+04 -2.200950831174849909e-01 1.167586445808411061e-01 -2.019910700619221081e-02
2.027252873037500103e+04 -2.362479716539382935e-01 1.218196228146553040e-01 -4.961742460727692344e-02
2.027255532737500107e+04 -3.089221417903900146e-01 2.066050469875335971e-01 -2.991816401481628071e-02
2.027258192337500077e+04 -1.374478787183761874e-01 1.340538412332535068e-01 -2.222797870635986051e-01
2.027260853437499827e+04 -6.933324038982391357e-02 -2.658422589302062988e-01 -2.179509103298186978e-01
2.027263514537499941e+04 -1.202273890376091003e-01 2.168085873126983920e-01 -2.262284606695175171e-02
2.027266172637500131e+04 -1.768148690462111872e-01 7.544591277837753296e-02 -3.426151722669600747e-02
