6.224054500749999715e+04 3.067842498421669006e-02 -8.859487622976303101e-02 1.788873970508575093e-02
6.224057161850001285e+04 1.002299413084983999e-02 -4.518369212746620178e-02 4.308439418673515320e-02
6.224059821150000062e+04 2.662827447056769978e-02 -2.951740846037865032e-02 4.548077285289763710e-02
6.224062481049999769e+04 4.410318657755851746e-02 -1.963585615158081055e-02 3.552889823913574219e-02
6.224065139150000323e+04 1.070539876818657060e-01 -1.714708283543587078e-02 1.641140505671501160e-02
6.224067800249999709e+04 1.469131112098694125e-01 -3.751335293054580688e-02 6.944865453988313675e-03
6.224070458350000263e+04 1.614603549242019931e-01 -7.228013128042221069e-02 -3.315388411283493042e-02
6.224073116450000089e+04 1.681825965642929077e-01 -1.165516152977943004e-01 -3.164886310696601868e-02
6.224075777550000203e+04 2.151819020509720126e-01 -1.528195291757583896e-01 -6.299752276390790939e-04
6.224078435650000029e+04 1.917698234319686890e-01 -1.253890246152878085e-01 5.065083503723145399e-03
6.224081094150000717e+04 1.581900268793106079e-01 -1.051950752735137939e-01 9.748754091560840607e-04
6.224083754850000696e+04 1.693514734506607056e-01 -1.115234196186065951e-01 4.695795942097902298e-03
6.224086415950000082e+04 1.716104298830032071e-01 -1.250660121440886896e-01 3.540438367053865953e-03
6.224089074050001364e+04 1.702056676149368009e-01 -1.348922401666640958e-01 -6.179464515298604965e-03
6.224091732149999734e+04 1.693153381347655972e-01 -1.165025904774665971e-01 -1.611610315740108143e-02
6.224094392849999713e+04 1.781942844390868863e-01 -1.129834949970244945e-01 -2.226700633764266968e-02
6.224097051349999674e+04 1.854779869318007868e-01 -1.265796273946762085e-01 -1.975378021597861897e-02
6.224099712550001277e+04 1.641596257686614990e-01 -1.237490177154541016e-01 -1.993538811802864075e-02
6.224102370550000342e+04 1.328604072332381925e-01 -1.195837780833244046e-01 -3.605466336011887291e-02
6.224105031749999762e+04 1.131843551993370056e-01 -9.593179821968078613e-02 -3.757637366652488708e-02
6.224107689750000281e+04 1.246941834688187062e-01 -8.383913338184356689e-02 -3.149962052702903748e-02
6.224110347850000107e+04 1.267219632863998136e-01 -1.108245849609375000e-01 -2.765050716698170055e-02
6.224113009050000255e+04 1.309614777565001886e-01 -9.130109101533889771e-02 -4.848781228065490723e-02
6.224115667050000047e+04 1.074583455920219005e-01 -7.122722268104553223e-02 -4.758491367101669312e-02
6.224118328250000195e+04 8.635041117668151855e-02 -5.860218778252602317e-02 -5.516747012734413147e-02
6.224120986350000021e+04 7.491406798362731934e-02 -6.329279392957687378e-02 -4.664842784404755333e-02
6.224123647450000135e+04 3.400841727852820656e-02 -3.436388820409774780e-02 -5.317039787769318321e-02
6.224126305550000689e+04 -2.304236404597758900e-02 4.654550459235906601e-03 -6.230122596025466919e-02
6.224128963650001242e+04 -5.916138738393784263e-02 2.374721504747867931e-02 -5.038085952401161194e-02
6.224131624750001356e+04 -1.022216007113457004e-01 7.737049460411071777e-02 -2.525972202420235027e-02
6.224134282849999727e+04 -1.094024851918220936e-01 1.021737158298492015e-01 1.004367880523204977e-02
6.224136942750000162e+04 -1.110964566469193060e-01 8.271551132202148438e-02 4.572755843400955200e-02
6.224139602049999667e+04 -7.754651457071304321e-02 6.503579020500183105e-02 6.809213012456893921e-02
6.224142263150001236e+04 -4.944630712270736694e-02 2.286130376160145153e-02 7.706819474697113037e-02
6.224144921850001265e+04 -3.813336417078971863e-02 2.018476091325283051e-02 6.364573538303375244e-02
6.224147579350000160e+04 -2.836839482188225139e-02 2.747320337221025987e-03 4.417283087968826294e-02
6.224150240450000274e+04 3.773709293454885049e-03 -3.106470964848994862e-02 1.400472782552241932e-02
6.224152898650000134e+04 3.158096224069595337e-02 -2.672994136810303081e-02 -1.158169470727444042e-02
6.224155557350000163e+04 7.522002607583999634e-02 -4.401199147105216980e-02 -3.665319085121154785e-02
6.224158217750000040e+04 1.399056315422058105e-01 -8.073541522026062012e-02 -3.847239166498184204e-02
6.224160878850000154e+04 1.743660271167755127e-01 -1.155678555369376997e-01 -1.126065384596586054e-02
6.224163536950000707e+04 1.965680569410324097e-01 -1.342873722314834872e-01 8.483685553073883057e-03
6.224166195050001261e+04 1.840795427560805997e-01 -1.266345977783203125e-01 2.540804073214530945e-02
6.224168856150000647e+04 1.813201308250426969e-01 -1.400657743215560913e-01 2.667864598333835949e-02
6.224171514249999746e+04 1.733795106410979947e-01 -9.707436710596084595e-02 4.367175977677106857e-03
6.224174175350001315e+04 1.158726885914802968e-01 -8.138948678970336914e-02 -5.891110748052597046e-03
6.224176833449999685e+04 7.041139155626296997e-02 -2.165586873888969074e-02 6.845309864729642868e-03
6.224179492650001339e+04 -5.936187226325274381e-03 1.890078769065439918e-03 3.918190672993659973e-02
6.224182152650000353e+04 -4.726090654730796814e-02 7.443390320986509323e-03 2.431916631758213043e-02
6.224184810750000179e+04 -6.821692734956741333e-02 2.863097004592419018e-02 1.674373075366019856e-02
6.224187471450000157e+04 -9.035768359899520874e-02 5.474209412932395935e-02 1.031954865902661930e-02
6.224190129950000119e+04 -9.801749885082244873e-02 4.742524400353431702e-02 -3.106052754446864128e-03
6.224192790850000165e+04 -9.792758524417877197e-02 5.231253802776336670e-02 -5.580958910286427412e-03
6.224195449950000329e+04 -1.125135421752929965e-01 7.830066978931427002e-02 -1.317515224218369051e-02
6.224198110350000206e+04 -1.023700162768363953e-01 8.299788087606430054e-02 -1.803763210773468018e-02
6.224200768450000032e+04 -1.074059009552001953e-01 8.434611558914184570e-02 -9.553233161568641663e-03
6.224203426450001280e+04 -1.187677606940269054e-01 8.209260553121566772e-02 -8.397891186177730560e-03
6.224206087650000700e+04 -8.015560358762741089e-02 6.425802409648895264e-02 -1.927958452142775059e-03
6.224208745750001253e+04 -2.415173500776290894e-02 3.757907822728157043e-02 1.690713316202164043e-02
6.224211406850000640e+04 6.933229416608810425e-02 -8.097453392110764980e-04 3.604673966765403748e-02
6.224214064949999738e+04 1.759289801120758057e-01 -8.122617751359939575e-02 3.474982827901840210e-02
6.224216726050001307e+04 2.614634931087493896e-01 -1.490854024887084961e-01 9.995715692639350891e-03
6.224219384149999678e+04 2.913244962692260742e-01 -1.718452721834183017e-01 -2.503548935055733074e-02
6.224222045250001247e+04 2.912202179431914728e-01 -1.829982697963714877e-01 -5.550886690616607666e-02
6.224224703350000345e+04 2.442830353975296021e-01 -1.417504996061325073e-01 -7.439028471708297729e-02
6.224227361450000171e+04 1.475080996751785001e-01 -7.635013759136199951e-02 -9.743007272481918335e-02
6.224230022849999659e+04 8.452763408422470093e-02 -1.891021057963370930e-02 -1.214116737246512950e-01
6.224232680650000111e+04 -1.263131666928530086e-02 9.685798734426498413e-02 -1.301475465297698975e-01
6.224235341750000225e+04 -1.328356862068175992e-01 1.909863948822020929e-01 -1.303531229496001920e-01
6.224238000650000322e+04 -2.223177999258041104e-01 2.515723109245299738e-01 -1.020699292421340942e-01
6.224240660950000165e+04 -2.998167574405670166e-01 2.901179194450377863e-01 -1.499805226922035044e-02
6.224243319050000719e+04 -3.810143470764160156e-01 2.649675905704497736e-01 7.979211956262588501e-02
6.224245977150001272e+04 -4.049062728881835938e-01 2.041947394609451016e-01 1.315567195415497104e-01
6.224248638250000658e+04 -3.759043812751770020e-01 1.435837894678116122e-01 1.469274014234543124e-01
6.224251296349999757e+04 -3.060684204101561945e-01 1.103595346212386946e-01 1.268709897994995117e-01
6.224253957450001326e+04 -2.232674658298491877e-01 9.272333979606628418e-02 7.385791093111038208e-02
6.224256615549999697e+04 -1.329968869686126987e-01 8.504357933998107910e-02 2.772053331136703144e-02
6.224259276750001300e+04 -6.417755037546157837e-02 6.410451978445053101e-02 5.137475673109292984e-03
6.224261934749999637e+04 3.545352816581726074e-02 1.075346395373344074e-02 -1.092475373297929937e-02
6.224264592850000190e+04 1.140376552939414978e-01 -2.631074376404285084e-02 -3.455561771988868713e-02
6.224267252450001251e+04 1.534285545349121094e-01 -7.241027057170867920e-02 -3.764692321419715881e-02
6.224269912050000130e+04 1.652442514896393100e-01 -1.118146330118179044e-01 -2.762961760163306843e-02
6.224272572850000142e+04 1.819979399442673007e-01 -1.387956887483597079e-01 -1.163290347903967077e-02
6.224275231350000104e+04 1.981640011072159091e-01 -1.451491862535476962e-01 4.355013836175203323e-03
6.224277892450000218e+04 2.109445333480834961e-01 -1.318359971046448031e-01 1.410511415451765060e-02
6.224280551549999655e+04 2.295098304748534879e-01 -1.468779891729355136e-01 1.675812527537345886e-02
6.224283211650000158e+04 2.443979233503341952e-01 -1.594523489475249967e-01 5.952953360974788666e-03
6.224285869750000711e+04 2.471113950014114102e-01 -1.509642153978348056e-01 -7.515503093600273132e-03
6.224288527449999674e+04 2.346550524234772006e-01 -1.458591520786285123e-01 -1.374986022710799997e-02
6.224291188950000651e+04 2.035226970911026001e-01 -1.268427520990371982e-01 3.004393074661492868e-03
6.224293847049999749e+04 1.471412032842636108e-01 -1.147578582167625011e-01 1.598959416151047100e-02
6.224296508150001318e+04 9.224684536457061768e-02 -9.170132130384445190e-02 2.041038498282432903e-02
6.224299166249999689e+04 2.997383475303649902e-02 -3.388239443302155235e-02 1.960580050945281982e-02
6.224301827350001258e+04 -2.149694785475730896e-02 3.942338749766349792e-02 2.489960007369517933e-02
6.224304485749999731e+04 -5.771734192967414856e-02 5.232966318726540306e-02 2.705307304859161030e-02
6.224307143550000183e+04 -8.061025291681289673e-02 3.677460178732872009e-02 2.459218911826610912e-02
6.224309804650000297e+04 -9.137310087680816650e-02 6.387814879417419434e-02 7.270005065947771072e-03
6.224312462350000715e+04 -9.137979894876480103e-02 6.261445581912994385e-02 -5.100315684103406966e-05
6.224315123850000236e+04 -1.037602052092552046e-01 7.262864708900451660e-02 -3.877908224239944978e-03
6.224317781950000062e+04 -1.088251397013663968e-01 7.638332992792129517e-02 -5.133525002747774124e-03
6.224320443050000176e+04 -1.052067130804062028e-01 6.646098941564559937e-02 -1.480335928499698986e-02
6.224323099250000087e+04 -6.781348586082458496e-02 4.860601946711540222e-02 -1.932406052947044026e-02
6.224325762350000150e+04 -4.783715680241584778e-02 4.089729115366935730e-02 -2.037793770432471882e-02
6.224328420350000670e+04 -1.546323858201503927e-02 2.816358953714371074e-02 3.089621197432280020e-03
6.224331077950000326e+04 5.901712179183959961e-02 -1.968366652727127075e-02 2.218704670667647968e-02
6.224333739650000643e+04 1.444684565067290982e-01 -9.369488805532455444e-02 3.422759845852851868e-02
6.224336397649999708e+04 2.304405421018599909e-01 -1.369755119085311890e-01 2.164160273969173084e-02
6.224339058850001311e+04 2.928534746170043945e-01 -1.664450317621231079e-01 -1.439531426876783024e-02
6.224341716849999648e+04 2.940312922000885010e-01 -1.751630008220672885e-01 -4.121137037873268127e-02
6.224344377649999660e+04 2.494656145572662076e-01 -1.400838941335678101e-01 -5.517224594950675964e-02
6.224347036150000349e+04 1.447442919015884122e-01 -9.283913671970367432e-02 -5.373463407158852317e-02
6.224349697249999736e+04 2.302995324134827007e-02 -9.651503525674343109e-03 -3.679676353931427002e-02
6.224352355350000289e+04 -1.004495546221732954e-01 4.775128141045569680e-02 -8.682534098625183105e-03
6.224355013450000115e+04 -1.954273730516433993e-01 8.518818765878677368e-02 3.435823693871498108e-02
6.224357674550000229e+04 -2.542896866798400879e-01 1.010177135467529019e-01 5.827420204877852700e-02
6.224360332650000055e+04 -3.089371323585510254e-01 1.375715285539627075e-01 6.132786720991135337e-02
6.224362993750000169e+04 -3.248835504055023193e-01 1.599551737308501920e-01 6.595353782176971436e-02
6.224365651149999758e+04 -3.048536181449890137e-01 1.558838933706284124e-01 6.493493914604187012e-02
6.224368312950000109e+04 -2.574960589408875067e-01 1.291804462671279907e-01 3.981103003025054932e-02
6.224370971950000239e+04 -2.034822851419449130e-01 1.207012459635734974e-01 1.185890287160872979e-03
6.224373628550000285e+04 -1.571490317583084106e-01 1.062653735280037065e-01 -2.769033424556254994e-02
6.224376290250001330e+04 -1.348604112863540927e-01 8.620277792215347290e-02 -3.716869652271270752e-02
6.224378948349999700e+04 -9.499600529670715332e-02 6.333532184362411499e-02 -5.627179890871047974e-02
6.224381609249999747e+04 -5.770793557167053223e-02 4.060263186693192222e-02 -5.465196818113327026e-02
6.224384267549999640e+04 -3.430887311697006226e-02 2.431179210543632854e-02 -3.853666409850121238e-02
6.224386928649999754e+04 2.431729994714260101e-02 2.485805889591575103e-03 -2.336676046252251018e-02
6.224389586750000308e+04 4.243490472435951233e-02 -3.456069156527519226e-02 -4.698954988270998001e-03
6.224392247949999728e+04 3.514165803790091774e-02 -2.093858271837234150e-02 -4.837049636989831924e-03
6.224394905950000248e+04 3.809916973114013672e-02 3.541418351233005957e-03 -4.979989025741815567e-03
6.224397564050000074e+04 2.900852449238299977e-02 -1.224399916827679027e-02 -3.710032440721989112e-03
6.224400225150000188e+04 1.642981357872486115e-02 -4.642921965569257736e-03 -2.618521451950072809e-03
6.224402883250000741e+04 1.157558709383011038e-02 6.522390525788068771e-03 7.048265542834997177e-03
6.224405544450000161e+04 -3.345550224184989929e-02 1.961221359670161854e-02 1.399191841483115976e-02
6.224408203450000292e+04 -4.558779299259185791e-02 4.186272248625755310e-02 4.013846628367900848e-03
6.224410863650000101e+04 -5.216762796044349670e-02 2.603927254676818848e-02 6.524964701384305954e-03
6.224413521750000655e+04 -4.998213052749633789e-02 1.010485552251338959e-02 1.885052770376205097e-02
6.224416225799999665e+04 -6.624418497085571289e-02 2.016869187355041851e-02 1.589299179613590024e-03
6.224418885400000727e+04 -7.865606993436813354e-02 2.772228606045246124e-02 -4.646764602512121201e-03
6.224421543500001280e+04 -3.970430418848990700e-02 2.703003026545048107e-02 -5.608708132058382034e-03
6.224424203500000294e+04 1.883013732731341969e-02 -2.218724228441714807e-03 -5.037916824221611023e-03
6.224426862699999765e+04 4.747555404901505210e-02 -1.621261611580849041e-02 -3.548516193404794173e-03
6.224429523800001334e+04 6.881871074438095093e-02 -1.782537437975406994e-02 -5.844840779900550842e-03
6.224432181899999705e+04 7.748378813266754150e-02 -1.797357760369778026e-02 -1.557418890297413046e-02
6.224434843000001274e+04 8.064462989568710327e-02 -5.115626752376555703e-02 -1.533902157098055059e-02
6.224437501199999679e+04 6.580737233161926270e-02 -3.865542262792587280e-02 -2.162349224090576172e-02
6.224440161800000351e+04 3.798744827508925698e-02 -4.798963293433188698e-02 -2.296231500804423939e-02
6.224442820000000211e+04 -6.967423832975327969e-04 -3.258294984698296287e-02 -2.209231629967689861e-02
6.224445478400000138e+04 -2.753112465143204082e-02 1.205294951796532024e-02 -2.255438640713692058e-02
6.224448139500000252e+04 -4.607722908258438110e-02 2.955623902380466114e-02 -1.671428605914115906e-02
6.224450797600000078e+04 -5.616340413689613342e-02 3.230385854840279319e-02 1.005117688328028072e-02
6.224453458700000192e+04 -6.323333829641342163e-02 6.071282923221588135e-02 2.568789012730121959e-02
6.224456116800000018e+04 -7.074211537837982178e-02 6.457681208848953247e-02 3.781786188483238220e-02
6.224458775800000149e+04 -8.070626109838485718e-02 7.091413438320159912e-02 4.503452405333518982e-02
6.224461436000000685e+04 -9.707464277744293213e-02 6.746347993612289429e-02 3.274977579712867737e-02
6.224464094100001239e+04 -9.080178290605545044e-02 6.484472751617431641e-02 2.060772664844990124e-02
6.224466753100000642e+04 -9.317295998334884644e-02 6.349011510610580444e-02 -2.605315065011382103e-03
6.224469413299999724e+04 -8.568533509969711304e-02 5.839175730943679810e-02 -1.594785414636135101e-02
6.224472074500001327e+04 -5.197563022375106812e-02 4.677118733525276184e-02 -1.198907382786273956e-02
6.224474732100000256e+04 -2.216626703739165913e-02 2.785352244973183025e-02 -9.230340830981731415e-03
6.224477393700001267e+04 1.885188929736613880e-02 3.849301952868700027e-03 -2.704780083149671988e-03
6.224480051799999637e+04 3.740058839321135781e-02 -1.367193646728991942e-02 -7.349169347435235977e-03
6.224482711700000073e+04 5.628334358334541321e-02 -2.021624892950057983e-02 -2.320024650543928146e-03
6.224485371000000305e+04 5.028106644749640725e-02 -4.146331455558537570e-03 1.194376149214803956e-03
6.224488029000000097e+04 3.505461663007736206e-02 -1.247643213719130083e-02 -1.290012965910136917e-03
6.224490690200000245e+04 9.793093428015708923e-03 -2.064974978566170086e-02 -8.719060570001602173e-03
6.224493348300000071e+04 2.625508233904838996e-03 -9.097540751099586487e-04 -1.255270745605229984e-02
6.224496009400000185e+04 3.160645440220832825e-02 4.755558911710978422e-03 -2.634112024679780006e-03
6.224498667500000738e+04 6.760957837104797363e-02 -2.909039892256259918e-02 3.919561859220266342e-03
6.224501325800001359e+04 1.044454202055930953e-01 -7.760477066040039062e-02 -3.941246541216968948e-04
6.224503986700000678e+04 1.307266503572463989e-01 -8.546825498342514038e-02 -9.934389963746070862e-03
6.224506647800000064e+04 1.267375797033309937e-01 -1.001856327056885043e-01 -2.572992630302906036e-02
6.224509303900000668e+04 8.928308635950088501e-02 -8.979385346174240112e-02 -4.557332023978233337e-02
6.224511963999999716e+04 4.992495849728584290e-02 -4.122743383049964905e-02 -3.883464261889457703e-02
6.224514625100001285e+04 -4.212717991322278976e-03 2.731055393815040935e-02 -1.280273497104644949e-02
6.224517283700001281e+04 -6.140295788645744324e-02 5.529892444610595703e-02 1.348598022013903011e-02
6.224519944299999770e+04 -1.249464005231857022e-01 8.711790293455123901e-02 2.017201110720634114e-02
6.224522602400000324e+04 -1.731397956609725952e-01 1.333814412355422974e-01 2.565009146928786885e-02
6.224525263499999710e+04 -2.303681969642638883e-01 1.637813150882720947e-01 1.409104466438292937e-02
6.224527921600000263e+04 -2.401795536279678067e-01 1.799659430980682095e-01 2.978691644966601978e-02
6.224530579700000089e+04 -2.352559715509414950e-01 1.762428283691405972e-01 4.083026200532913208e-02
6.224533240800000203e+04 -2.116075307130813876e-01 1.498936116695404053e-01 3.383452817797660828e-02
6.224535898900000029e+04 -1.481432318687438965e-01 1.144111976027488986e-01 3.083048760890961040e-02
6.224538560100000177e+04 -5.738953873515129089e-02 5.755702406167984009e-02 1.961254514753818859e-02
6.224541220200000680e+04 3.481076657772064209e-02 9.217503480613231659e-03 -2.632820280268787904e-03
6.224543877400000201e+04 9.734402596950531006e-02 -1.412237156182528063e-02 -3.866229578852654197e-02
6.224546537300000637e+04 1.385851204395293912e-01 -2.712135575711727142e-02 -3.953067958354949951e-02
6.224549198500000057e+04 1.631107777357100885e-01 -5.815912038087844849e-02 -2.452028356492519032e-02
6.224551856400001270e+04 1.828921139240264893e-01 -8.680891245603561401e-02 -7.137304171919822693e-03
6.224554514599999675e+04 1.891140043735503873e-01 -9.060868620872497559e-02 -9.515685960650444031e-03
6.224557175800001278e+04 1.803704649209975919e-01 -8.675330877304077148e-02 -4.721382632851600647e-03
6.224559833700000308e+04 1.730991154909133911e-01 -7.316292077302932739e-02 -1.218216028064489018e-02
6.224562494999999763e+04 1.657957136631011963e-01 -6.078189983963965676e-02 -1.597224548459053040e-02
6.224565153100000316e+04 1.436089277267456055e-01 -3.582884743809700012e-02 -1.018366031348704945e-02
6.224567814199999702e+04 9.527610987424850464e-02 -9.328340180218219757e-03 -9.200291824527084827e-04
6.224570472300000256e+04 4.541289433836936951e-02 1.363997627049685045e-02 1.043617143295705102e-03
6.224573133399999642e+04 2.900684718042612076e-03 2.793251909315586090e-02 1.287180185317992991e-02
6.224575791500000196e+04 -2.447016350924969066e-02 4.312665015459060669e-02 1.137861981987953013e-02
6.224578451900000073e+04 -4.068129137158393860e-02 4.952802136540412903e-02 7.575111463665962219e-03
6.224581110700000136e+04 -5.320393666625022888e-02 5.094917118549346924e-02 1.385482260957360051e-03
6.224583768800000689e+04 -7.065962255001068115e-02 5.987580120563507080e-02 8.531869389116764069e-03
6.224586429900000076e+04 -7.766413688659667969e-02 8.202130347490310669e-02 2.542573399841785084e-02
6.224589088000001357e+04 -7.654220610857009888e-02 7.715649157762527466e-02 4.010887816548346779e-02
6.224591749100000015e+04 -7.031891494989395142e-02 7.335658371448516846e-02 3.773638233542442322e-02
6.224594407900000078e+04 -5.765696242451667786e-02 7.803145796060562134e-02 3.534712642431259155e-02
6.224597066900000209e+04 -6.032653525471687317e-02 7.075047492980957031e-02 4.269390180706977844e-02
6.224599726400001236e+04 -6.693708896636962891e-02 5.245489254593849182e-02 4.032985121011734009e-02
6.224602384599999641e+04 -6.531313061714172363e-02 5.835128203034400940e-02 3.175702318549156189e-02
6.224605045699999755e+04 -4.404032975435256958e-02 5.432244762778282166e-02 3.802114352583885193e-02
6.224607703700000275e+04 -2.309512346982955933e-02 2.937095612287521015e-02 2.734158933162688862e-02
6.224610364899999695e+04 2.310270071029663086e-02 1.261103153228759939e-02 2.775284834206103932e-02
6.224613022900000215e+04 6.580621749162673950e-02 9.364781901240348816e-03 1.828826777637004852e-02
6.224615684100000362e+04 8.695590496063232422e-02 -2.037635771557689147e-03 2.093717828392982136e-02
6.224618342200000188e+04 1.146332323551177979e-01 -1.502584200352429997e-02 1.387410238385201021e-02
6.224621003300000302e+04 1.260473281145096103e-01 -7.829983718693256378e-03 2.243539877235889088e-02
6.224623659600000246e+04 1.072030887007713040e-01 -6.245233584195374575e-03 2.839566394686698914e-02
6.224626319500000682e+04 6.880342960357666016e-02 2.510979957878589977e-02 3.037086501717567097e-02
6.224628980600000068e+04 3.021748922765254974e-02 4.666284471750258706e-02 3.485571965575218201e-02
6.224631638700001349e+04 -1.374466437846422022e-02 4.992952942848206260e-02 4.430810734629631042e-02
6.224634299800000736e+04 -1.995324343442916870e-02 5.622356012463570335e-02 5.642801523208618164e-02
6.224636956500000088e+04 -2.003650180995463978e-02 4.870720207691193321e-02 6.380183994770050049e-02
6.224639619000000675e+04 -1.243184693157673056e-02 5.099404975771903992e-02 5.651617795228958130e-02
6.224642277100001229e+04 3.088559489697217941e-03 7.400293648242950439e-02 5.036443844437599182e-02
6.224644934500000090e+04 -1.056747138500213970e-02 8.407128602266311646e-02 5.386262387037277222e-02
6.224647596299999714e+04 -3.660069406032562256e-02 1.066780462861060957e-01 6.939960271120071411e-02
6.224650254400000267e+04 -1.024748682975769043e-01 1.496042162179946899e-01 8.209840953350067139e-02
6.224652914400000736e+04 -2.003466337919234952e-01 2.235968112945556918e-01 9.804309159517288208e-02
6.224655573600000207e+04 -2.860633730888367254e-01 2.841183543205261230e-01 1.275818794965744019e-01
6.224658234700000321e+04 -2.854149937629700262e-01 2.597958445549011230e-01 1.802144795656203946e-01
6.224660892400000739e+04 -2.434667795896529874e-01 2.186204642057419101e-01 1.917503476142883023e-01
6.224663553200000024e+04 -1.245783865451813022e-01 1.132744103670119962e-01 1.456602513790130893e-01
6.224666212000000087e+04 8.363024145364761353e-02 9.974439628422260284e-03 8.550374954938888550e-02
6.224668873200000235e+04 2.565437257289885919e-01 -1.026501804590224942e-01 4.346556216478347778e-02
6.224671531200000027e+04 3.934180736541748047e-01 -1.849617362022399902e-01 7.102926261723042402e-03
6.224674189300001308e+04 4.865877330303192139e-01 -2.467550039291382113e-01 -1.626023557037115097e-03
6.224676850500000728e+04 5.351879000663757324e-01 -2.671752572059630793e-01 1.347438525408506046e-02
6.224679510499999742e+04 5.253934264183044434e-01 -2.484907209873198908e-01 3.890667110681533813e-02
6.224682167800000025e+04 4.863083958625792902e-01 -1.801776587963103970e-01 7.357472926378250122e-02
6.224684827799999766e+04 4.354527294635773260e-01 -1.374303996562958041e-01 1.058938056230545044e-01
6.224687487500000134e+04 3.990435600280762274e-01 -1.381738930940628052e-01 1.214787065982819020e-01
6.224690146999999706e+04 3.593657314777374268e-01 -1.105392798781394958e-01 1.088306456804276068e-01
6.224692807699999685e+04 2.834289669990540106e-01 -7.622759044170379639e-02 7.393554598093032837e-02
6.224695465800000238e+04 2.062965482473373136e-01 -3.946944698691368103e-02 3.291161730885505676e-02
6.224698124300000200e+04 1.132492348551750044e-01 2.465557493269443859e-02 1.478033419698476965e-02
6.224700785400000314e+04 1.554138213396072041e-02 4.356839880347251892e-02 1.888830773532390941e-02
6.224703443500000139e+04 -3.095945902168751110e-02 4.314396157860755920e-02 1.492135226726531982e-02
6.224706104600000253e+04 -3.102274984121322979e-02 4.197478294372559288e-02 2.835530787706375122e-02
6.224708762700000079e+04 -1.846431940793991089e-02 4.553941637277603149e-02 5.282157287001609802e-02
6.224711423800000193e+04 -3.265462443232536316e-02 1.988471858203411102e-02 1.995612308382987976e-02
6.224714081900000019e+04 -4.164604097604752281e-02 5.222087725996971130e-03 -3.182113170623778863e-03
6.224716743000000133e+04 -6.297294795513153076e-02 1.059140358120203018e-02 1.616532914340496063e-02
6.224719401100000687e+04 -8.621516078710556030e-02 -1.705724373459815979e-02 5.279707536101341248e-02
6.224722059200001240e+04 -8.043119311332702637e-02 -4.288817197084426880e-02 6.155156716704369285e-02
6.224724720300001354e+04 -3.954146802425385215e-02 -7.173919677734375000e-02 8.153682947158813477e-02
6.224727378399999725e+04 4.747729748487473228e-02 -1.260660588741301935e-01 7.271494716405868530e-02
6.224730036500000278e+04 1.151231303811073026e-01 -1.445910334587096890e-01 3.668412938714026711e-02
6.224732697599999665e+04 1.629924774169921875e-01 -1.418316662311553955e-01 1.868445239961146961e-02
6.224735358800001268e+04 1.531951874494552890e-01 -1.306988894939422885e-01 2.390075969742611051e-04
6.224738016700000298e+04 1.391754895448684970e-01 -1.427569091320038119e-01 -8.318198844790458679e-03
6.224740677999999753e+04 1.627799272537230890e-01 -1.604085415601730069e-01 -2.269237302243709911e-02
6.224743336100000306e+04 2.258797883987427035e-01 -2.192762047052382868e-01 -4.506633430719376304e-02
6.224745994100000098e+04 3.140521943569182794e-01 -2.835402190685272217e-01 -7.821971923112869263e-02
6.224748655300000246e+04 3.476394116878510077e-01 -3.075659871101378839e-01 -1.071292012929915966e-01
6.224751313400000072e+04 2.775664627552031916e-01 -2.916422784328461248e-01 -1.150319799780846058e-01
6.224753974500000186e+04 1.462007761001586914e-01 -2.599219679832457941e-01 -1.246643140912055969e-01
6.224756632300000638e+04 4.025396890938282013e-03 -1.959937065839766901e-01 -1.065086722373961986e-01
6.224759293700000126e+04 -9.596724808216094971e-02 -1.649612188339233121e-01 -6.232178956270217896e-02
6.224761951800000679e+04 -9.863300621509552002e-02 -1.022959202528000017e-01 -5.055458843708038330e-02
6.224764612900000066e+04 -9.258540719747543335e-02 -4.721820354461669922e-02 -5.575957149267196655e-02
6.224767271000001347e+04 -8.832745999097824097e-02 -2.029863372445106853e-02 -5.468942224979401329e-02
6.224769929099999717e+04 -7.320490479469299316e-02 -1.433602720499039043e-02 -3.266692161560059288e-02
6.224772587100000237e+04 -5.200125277042388916e-02 -2.077972702682017933e-02 -1.784173585474491119e-02
6.224775248299999657e+04 -2.812433429062366139e-02 -1.868827827274799000e-02 -4.275499377399682999e-03
6.224777909399999771e+04 -1.689425110816955913e-02 -2.380868233740330089e-02 -7.826538756489753723e-03
6.224780568200001289e+04 -1.067514065653086056e-02 -2.886194735765457153e-02 -1.629149727523326874e-02
6.224783228599999711e+04 -1.555556897073983973e-02 -2.143112570047378887e-02 -2.003314346075057983e-02
6.224785886700000265e+04 -1.795752719044685017e-02 -1.651370525360107075e-02 -2.740497514605522156e-02
6.224788547799999651e+04 -2.530729770660400044e-02 -7.844913750886917114e-03 -3.849476203322411277e-02
6.224791205900000205e+04 -2.577384375035763134e-02 -3.612125292420387268e-02 -5.417233332991600037e-02
6.224793866000000708e+04 -3.095413371920585979e-02 -4.587343335151671669e-02 -6.146161258220673301e-02
6.224796525100000144e+04 -3.558759763836860657e-02 -2.494187839329243053e-02 -6.407026201486587524e-02
6.224799183200000698e+04 -4.783180728554726341e-02 -7.552532013505697250e-03 -6.548706442117691040e-02
6.224801844400000118e+04 -5.753961205482482910e-02 1.226892601698637009e-02 -6.080282479524611733e-02
6.224804502400000638e+04 -5.380341038107872009e-02 1.350933685898780996e-02 -4.248555377125740051e-02
6.224807163600000058e+04 -4.493726417422295311e-02 1.828679442405701031e-02 -3.635801747441291809e-02
6.224809821700001339e+04 -2.365215681493281971e-02 1.298378221690654928e-02 -4.106184095144271851e-02
6.224812482800000726e+04 1.081743510439991951e-03 -1.080250833183526993e-02 -5.050096288323401711e-02
6.224815138399999705e+04 2.424628473818302155e-02 -5.173544213175774314e-02 -5.983828753232955933e-02
6.224817798900000344e+04 6.524527072906494141e-02 -8.073873072862625122e-02 -7.523766905069351196e-02
6.224820460099999764e+04 6.427301466464996338e-02 -6.853629648685455322e-02 -9.484966099262237549e-02
6.224823118200000317e+04 2.790962345898151051e-02 6.940258899703621864e-04 -1.211811229586600980e-01
6.224825779299999704e+04 -6.669790297746658325e-02 1.188739687204360962e-01 -1.287014782428740900e-01
6.224828437400000257e+04 -1.110611706972122054e-01 1.687535941600800116e-01 -1.220053136348723949e-01
6.224831095900000219e+04 -1.156220287084579051e-01 1.309369802474975863e-01 -9.005222469568252563e-02
6.224833756600000197e+04 -8.053516596555709839e-02 6.176299229264259338e-02 -5.640770122408866882e-02
6.224836417700000311e+04 6.299927365034818649e-03 7.388256490230560303e-02 -2.052744664251804005e-02
6.224839075800000137e+04 3.098734281957149853e-02 5.394196882843971252e-02 7.833896204829216003e-03
6.224841734400000132e+04 -2.469321340322494854e-02 3.157006949186325073e-02 -2.147527877241373062e-03
6.224844395000000077e+04 -4.101714864373207092e-02 3.435676544904708862e-02 8.707729168236255646e-03
6.224847053100001358e+04 -1.158076450228690962e-01 6.879881769418716431e-02 9.199172258377075195e-03
6.224849714200000017e+04 -1.477585136890411099e-01 4.117374122142791748e-02 1.649267598986626018e-02
6.224852372300001298e+04 -1.584682166576384943e-01 7.059432100504636765e-03 2.764078043401240956e-02
6.224855033400000684e+04 -1.607919484376907071e-01 1.690520159900188099e-02 2.512960880994797100e-02
6.224857692500000121e+04 -1.529348641633986872e-01 3.016186133027077068e-02 1.919224625453352928e-03
6.224860350800000015e+04 -1.362500488758086881e-01 3.924704715609549782e-02 -1.277056429535151048e-02
6.224863010699999722e+04 -1.264069378376007080e-01 2.552676759660243988e-02 -2.481415867805480957e-02
6.224865670600000158e+04 -1.287784129381180087e-01 2.914419211447238922e-02 -4.925866797566413879e-02
6.224868329999999696e+04 -1.810195147991179865e-01 5.448509007692337036e-02 -7.661709189414978027e-02
6.224870988000000216e+04 -2.530600726604462225e-01 1.023911461234092990e-01 -7.253471016883850098e-02
6.224873647399999754e+04 -2.952154576778411865e-01 1.438653022050858099e-01 -1.574515551328659058e-02
6.224876307200000156e+04 -3.294675350189208984e-01 1.361222267150878906e-01 4.020741954445838928e-02
6.224878966400000354e+04 -3.270961940288544256e-01 1.337637752294540128e-01 7.196056842803955078e-02
6.224881626500000129e+04 -2.607450187206267755e-01 1.216134503483772000e-01 8.590445667505264282e-02
6.224884287600000243e+04 -1.859937310218811035e-01 8.470611274242401123e-02 8.298792690038681030e-02
6.224886945700000069e+04 -1.120328977704048018e-01 6.854690611362457275e-02 5.186704173684120178e-02
6.224889603800001350e+04 -3.071232326328754078e-02 3.992805257439613342e-02 6.232532206922770414e-03
6.224892264900000737e+04 5.422503873705863953e-02 3.910481929779052734e-03 -3.322362899780272744e-02
6.224894923000001290e+04 1.257251352071762085e-01 -7.594007253646850586e-02 -5.051757395267487266e-02
6.224897584100000677e+04 1.674201786518096924e-01 -1.318522840738297064e-01 -4.376803338527678749e-02
6.224900241500000266e+04 2.084814310073853094e-01 -1.571732610464096069e-01 -5.796651169657707214e-02
6.224902903300001344e+04 2.231155633926391879e-01 -1.832298338413239081e-01 -6.623606383800506592e-02
6.224905561399999715e+04 2.415378093719481867e-01 -2.068626582622528076e-01 -6.595614552497863770e-02
6.224908219100000133e+04 2.410914450883865079e-01 -2.378555834293364923e-01 -6.461327522993087769e-02
6.224910880599999655e+04 2.538185715675354004e-01 -2.332787960767745972e-01 -8.896309137344360352e-02
6.224913538700000208e+04 2.440940290689468106e-01 -2.146959304809570035e-01 -8.671315014362335205e-02
6.224916199200000119e+04 1.551575958728790006e-01 -1.297192722558974942e-01 -9.030942618846893311e-02
6.224918854691666638e+04 7.193468511104583740e-02 -7.549738138914108276e-02 -8.999253809452056885e-02
6.224921515791666752e+04 3.407258540391921997e-02 -7.962788641452789307e-02 -6.459607928991317749e-02
6.224924173891667306e+04 1.355755515396595001e-02 -9.881532192230224609e-02 -4.629679769277573326e-02
6.224926835091666726e+04 2.665542764589190049e-03 -7.659264653921127319e-02 -1.478870585560798992e-02
6.224929493091667246e+04 -4.147149622440338135e-02 -8.062328398227691650e-02 8.125157095491886139e-03
6.224932154291666666e+04 -5.292772501707077026e-02 -8.776102960109710693e-02 1.298159733414649963e-02
6.224934812291667185e+04 -2.042593620717525135e-02 -9.690378606319427490e-02 1.692194677889347076e-02
6.224937470391667011e+04 4.379570018500089645e-03 -1.157568767666816989e-01 1.355035416781901966e-02
6.224940131591667159e+04 -4.139965400099754333e-03 -1.008955389261246005e-01 1.095152460038661957e-02
6.224942789591666951e+04 -1.258875336498022079e-02 -8.110225945711135864e-02 1.442154217511414961e-02
6.224945449291667319e+04 -2.557710558176040996e-02 -3.422783687710762024e-02 2.012285403907299042e-02
6.224948108391666756e+04 -5.377740412950515747e-02 4.294711165130138397e-03 1.846027374267578125e-02
6.224950767091666785e+04 -5.335129797458648682e-02 2.633861266076565136e-02 1.099820528179406946e-02
6.224953428091666865e+04 -3.694293275475502014e-02 2.971976809203625072e-02 8.642893284559249878e-03
6.224956089191666979e+04 -4.275292158126831055e-03 2.662826329469681133e-02 -5.763255525380373001e-03
6.224958745891667058e+04 3.695922717452049255e-02 1.238146144896746029e-02 -1.150158327072858984e-02
6.224961405391667358e+04 5.676515772938728333e-02 -1.402986422181128935e-02 -1.486390922218560999e-02
6.224964066491666745e+04 6.810603290796279907e-02 -1.301849447190762087e-02 -1.845969632267951965e-02
6.224966724591667298e+04 5.410408973693847656e-02 -2.510360442101955067e-02 -3.312001377344130776e-02
6.224969385691666685e+04 5.004561319947242737e-02 -3.972884640097618103e-02 -2.695313282310963024e-02
6.224972043691667204e+04 4.609596729278563759e-02 -4.821666330099105835e-02 -1.960342377424240112e-02
6.224974704891667352e+04 4.614356532692909241e-02 -4.451212659478188255e-02 -1.352670229971409017e-02
6.224977362991667178e+04 4.145269095897675254e-02 -2.477039024233818054e-02 -6.367799360305070877e-03
6.224980024091667292e+04 5.496750771999359131e-02 -4.219450801610946655e-02 -8.601977489888668060e-03
6.224982682191667118e+04 7.230412960052490234e-02 -5.598400905728340149e-02 -5.955486558377742767e-03
6.224985343391667266e+04 7.392834126949310303e-02 -3.640059009194374084e-02 -9.738282300531864166e-03
6.224988001391667058e+04 5.901305377483367920e-02 -2.756218984723091125e-02 -1.234017964452504938e-02
6.224990659491666884e+04 3.133243694901465676e-02 -2.954025752842425953e-02 -1.495177485048771078e-02
6.224993319491667353e+04 1.008800044655800039e-02 -2.303821593523025860e-02 -1.635463349521160126e-02
6.224995978691666824e+04 1.742644608020782124e-02 -3.420784324407578209e-02 -1.622899994254111897e-02
6.224998639891666971e+04 3.994662314653397300e-02 -3.824177756905555725e-02 -6.290984805673360825e-03
6.225001295991666848e+04 3.474978357553482056e-02 -4.671558737754821777e-02 -1.390252378769218922e-03
6.225003959091666911e+04 2.871412038803100933e-02 -3.311378136277198792e-02 -1.521128113381565051e-03
6.225006617191666737e+04 5.430910270661115646e-03 4.409860994201154059e-04 2.981329103931785064e-03
6.225009275091667223e+04 1.192701049149036061e-02 1.512819621711969029e-02 2.122936025261878967e-02
6.225011936391666677e+04 9.281080216169357300e-03 7.814968004822731018e-03 2.126318402588367115e-02
6.225014594491667231e+04 1.319967024028301066e-02 1.256904937326907938e-02 1.736905076541006999e-03
6.225017255591667345e+04 3.942062333226203918e-02 2.271823119372129007e-03 -2.902464941143989997e-03
6.225019913691667170e+04 6.324377655982971191e-02 6.616693572141230106e-04 5.804800428450107574e-03
6.225022574791667284e+04 7.221990823745727539e-02 1.282779593020677913e-02 1.920168660581111908e-02
6.225025232891667110e+04 7.435225695371627808e-02 -6.815994624048470583e-03 2.544271014630794872e-02
6.225027893991667224e+04 6.548395007848739624e-02 -1.033742446452379053e-02 2.662594988942145954e-02
6.225030552091667050e+04 4.427203163504601219e-02 -1.366410520859063105e-03 2.886211499571799885e-02
6.225033213191667164e+04 1.939568552188575051e-03 2.022381685674190868e-02 2.599475346505641937e-02
6.225035869091666973e+04 -2.529887855052947998e-02 4.152870178222656250e-02 1.835158281028271068e-02
6.225038529391666816e+04 -4.024770110845565796e-02 4.538981616497039795e-02 -1.291248947381973050e-03
6.225041190191666828e+04 -3.105281293392181050e-02 6.605716794729232788e-02 -7.465136703103780746e-03
6.225043847691667179e+04 -3.904676437377929688e-02 4.293109849095345237e-02 2.394853159785271125e-03
6.225046509691666870e+04 -3.789554908871650696e-02 4.054021090269088745e-02 2.193987742066383015e-02
6.225049167791666696e+04 -6.139919534325599670e-02 6.308309733867645264e-02 3.261572867631912231e-02
6.225051827891667199e+04 -1.000712960958480974e-01 6.960246711969375610e-02 3.108886070549488068e-02
6.225054486991667363e+04 -1.218640059232711931e-01 4.920323938131331704e-02 4.816324636340141296e-02
6.225057148191666784e+04 -1.089626178145409047e-01 6.863679736852645874e-02 5.544362589716911316e-02
6.225059806191667303e+04 -1.175213009119033952e-01 8.229932934045791626e-02 5.895850062370300293e-02
6.225062464291667129e+04 -1.262579411268233975e-01 8.236773312091827393e-02 3.937915340065956116e-02
6.225065125491667277e+04 -1.390846967697144110e-01 6.660227477550506592e-02 2.963695488870143890e-02
6.225067783491667069e+04 -1.204516515135764937e-01 5.018763616681098938e-02 2.012466453015803944e-02
6.225070444691667217e+04 -9.050961583852767944e-02 3.611912950873374939e-02 9.432890452444553375e-03
6.225073104291666823e+04 -1.045440062880516052e-01 1.905011944472790111e-02 -2.349463105201720844e-02
6.225075761391667038e+04 -1.268553286790848056e-01 3.159546107053756714e-02 -5.057201907038688660e-02
6.225078423291666695e+04 -1.499336361885071078e-01 7.618381083011627197e-02 -4.736662283539772034e-02
6.225081083091667097e+04 -1.814882606267929077e-01 1.406083554029464999e-01 -3.092177957296371113e-02
6.225083741191666923e+04 -2.024964243173598966e-01 1.630965918302536011e-01 -1.165622007101774042e-02
6.225086398391667171e+04 -1.899470984935759943e-01 1.654102951288222989e-01 7.942590862512588501e-03
6.225089060391666862e+04 -1.830233335494995117e-01 1.372146904468536099e-01 4.111768305301666260e-02
6.225091718491666688e+04 -1.759134978055953979e-01 1.163013353943825046e-01 5.716866254806519249e-02
6.225094377791666921e+04 -1.687508821487427035e-01 9.657300263643264771e-02 6.344992667436599731e-02
6.225097037691667356e+04 -1.400680243968963901e-01 8.756519854068756104e-02 8.322213590145111084e-02
6.225099698791666742e+04 -1.028130725026130954e-01 6.488125026226043701e-02 9.582100808620452881e-02
6.225102356891667296e+04 -8.687240630388259888e-02 4.369992390275002220e-02 8.877343684434890747e-02
6.225105017991666682e+04 -6.670977175235748291e-02 4.577769711613655090e-02 8.401123434305191040e-02
6.225107676091667236e+04 -5.539394170045852661e-02 4.053479433059691689e-02 5.240033566951751709e-02
6.225110337191667350e+04 -5.661809071898459694e-02 3.673359006643295288e-02 1.947209797799586903e-02
6.225112995091667108e+04 -3.277019783854485252e-02 3.005445562303065907e-02 -9.619932621717453003e-03
6.225115653391667001e+04 -1.408142130821942936e-02 1.736451126635074962e-02 -3.138424083590508201e-02
6.225118314491667115e+04 -5.121606402099133405e-03 2.444580942392348896e-02 -5.698109418153762817e-02
6.225120972591666941e+04 -8.781140670180320740e-03 2.812679111957550049e-02 -7.167708128690719604e-02
6.225123633791667089e+04 -3.244979679584503174e-02 3.832096979022026062e-02 -8.044649660587310791e-02
6.225126291791666881e+04 -3.877753764390944741e-02 3.597828745841979980e-02 -8.047427982091903687e-02
6.225128952391666826e+04 -3.386339917778968811e-02 3.227408230304718018e-02 -6.577406823635101318e-02
6.225131611091666855e+04 -5.511642992496489785e-02 4.382729157805442810e-02 -3.426333516836165688e-02
6.225134272191666969e+04 -1.025363206863403043e-01 6.685470789670944214e-02 -9.104366414248943329e-03
6.225136929991666693e+04 -1.634005457162857056e-01 1.084214970469474931e-01 1.198817859403789043e-03
6.225139588291667314e+04 -2.248512059450150091e-01 1.168879866600037037e-01 6.844354327768087387e-03
6.225142249591666769e+04 -2.801380455493927002e-01 1.216409131884575029e-01 2.963391877710818897e-02
6.225144907591667288e+04 -3.612174987792968750e-01 1.599950492382050116e-01 5.691510811448097229e-02
6.225147568691666675e+04 -4.928843677043914795e-01 2.507801651954650879e-01 8.716877549886703491e-02
6.225150226791667228e+04 -5.851031541824340820e-01 3.716158568859099787e-01 1.357746869325638095e-01
6.225152887891667342e+04 -5.995494723320007324e-01 4.150237143039702814e-01 1.854158937931061069e-01
6.225155545991667168e+04 -5.577123165130615234e-01 3.689760565757750910e-01 2.043027430772781095e-01
6.225158207091667282e+04 -5.122174620628356934e-01 3.129557371139525812e-01 2.013167291879653931e-01
6.225160865191667108e+04 -4.822297096252440851e-01 3.013398945331572931e-01 1.906134784221648892e-01
6.225164057291667268e+04 -4.696597158908843994e-01 2.973298728466033936e-01 1.846079826354979914e-01
6.225166716391666705e+04 -4.270884990692139227e-01 2.854663729667664129e-01 1.678900271654129028e-01
6.225169376591667242e+04 -3.423860371112822931e-01 2.384592741727828979e-01 1.394857168197632113e-01
6.225172034591667034e+04 -2.552713155746459961e-01 1.852600276470184049e-01 1.074782609939575057e-01
6.225174695791667182e+04 -1.725300103425979892e-01 1.677090823650360107e-01 7.398511469364166260e-02
6.225177353891667008e+04 -1.134956926107407033e-01 1.603965759277344028e-01 4.269603639841079712e-02
6.225180011891666800e+04 -2.173474244773387909e-02 9.001939743757247925e-02 3.034598194062710155e-02
6.225182673091666948e+04 8.349639922380447388e-02 -1.476103789173067050e-03 1.091397833079100002e-02
6.225185331491666875e+04 1.192842721939087053e-01 -4.398209229111670754e-02 -2.639687992632389069e-02
6.225187992291666887e+04 1.514965891838074008e-01 -7.411537319421768188e-02 -5.405309423804283142e-02
6.225190650391666713e+04 1.623089164495467862e-01 -1.013043224811553955e-01 -5.503556132316588662e-02
6.225193310291667149e+04 1.584160774946213046e-01 -1.073615625500679016e-01 -5.258896574378014305e-02
6.225195969591666653e+04 1.573051065206527988e-01 -9.873869270086288452e-02 -4.899307340383529663e-02
6.225198630691666767e+04 1.622714251279830933e-01 -9.874182939529418945e-02 -2.943878993391991009e-02
6.225201288291667151e+04 1.648254841566086093e-01 -9.632784873247146606e-02 -2.821729704737662922e-02
6.225203947591666656e+04 1.597809940576553067e-01 -9.872940927743911743e-02 -3.677500411868094704e-02
6.225206607991667261e+04 1.624468863010405939e-01 -9.144186973571777344e-02 -4.290558025240898132e-02
6.225209266091667087e+04 1.509075015783309937e-01 -1.034960597753525058e-01 -4.046203568577765725e-02
6.225211927191667201e+04 1.472842544317244928e-01 -9.482043981552124023e-02 -3.565614297986031273e-02
6.225214585291667026e+04 1.125187128782272061e-01 -6.962470710277557373e-02 -2.507032454013824116e-02
6.225217246391667140e+04 8.516135811805725098e-02 -5.066796764731407166e-02 -8.290932513773441315e-03
6.225219904491666966e+04 8.640468865633010864e-02 -4.689446836709976196e-02 1.854257658123970032e-02
6.225222565591667080e+04 9.127249568700790405e-02 -5.430385097861289978e-02 2.717277780175209045e-02
6.225225223691666906e+04 8.992442488670349121e-02 -5.918086692690849304e-02 2.841889485716820110e-02
6.225227883491667308e+04 8.511302620172500610e-02 -4.806833341717720032e-02 2.465216442942618977e-02
6.225230542891666846e+04 7.259450852870941162e-02 -4.539204016327857971e-02 2.454891428351401936e-02
6.225233200991666672e+04 6.895293295383453369e-02 -3.795522451400756836e-02 2.691476605832577099e-02
6.225235861991666752e+04 7.925165444612503052e-02 -2.841505967080593109e-02 4.956528078764677048e-03
6.225238520191667340e+04 9.050381928682327271e-02 -3.356605023145675659e-02 -5.920459982007741928e-03
6.225241181391666760e+04 9.303782880306243896e-02 -3.490080311894416809e-02 -2.053985930979251862e-02
6.225243841291667195e+04 8.789336681365966797e-02 -4.219926148653029702e-02 -2.663153037428855896e-02
6.225246500591666700e+04 8.303991705179214478e-02 -3.607153519988059998e-02 -4.744978994131088257e-02
6.225249158691667253e+04 7.917214930057525635e-02 -3.964290395379065773e-02 -3.769325837492942810e-02
6.225251819791666640e+04 8.163192123174667358e-02 -4.213021323084831238e-02 -3.522083163261414268e-02
6.225254477891667193e+04 6.747893244028091431e-02 -5.903016403317450783e-02 -2.910099178552627910e-02
6.225257135991667019e+04 5.973186716437339783e-02 -6.992419809103012085e-02 -2.663817256689072002e-02
6.225259795391667285e+04 5.593303218483924866e-02 -7.107372581958770752e-02 -2.421347424387932171e-02
6.225262455191666959e+04 4.711199179291725159e-02 -7.213984429836273193e-02 -2.304382063448429108e-02
6.225265116291667073e+04 3.590703010559082031e-02 -6.832320988178253174e-02 -1.584540493786334991e-02
6.225267774391666899e+04 1.745226234197616924e-02 -4.715819656848906777e-02 -1.976787298917770039e-02
6.225270435491667013e+04 -3.380476729944347902e-03 -1.733144186437129974e-02 -1.644301787018775940e-02
6.225273093591666839e+04 -2.585410512983798981e-02 -7.068179547786712646e-03 -4.458153154700993624e-03
6.225275754691666953e+04 -3.685592487454413674e-02 9.052974171936511993e-03 -9.517005644738674164e-03
6.225278410591666761e+04 -3.683196753263474205e-02 1.279727276414632971e-02 5.101676564663648605e-03
6.225281070891667332e+04 -3.666111826896666787e-02 2.010254561901092876e-02 6.258985958993434906e-03
6.225283731991666718e+04 -3.662369027733802795e-02 2.256637252867221832e-02 8.682379499077796936e-03
6.225286391091666883e+04 -5.053444579243659973e-02 1.664620451629161835e-02 1.306875725276767991e-03
6.225289051191666658e+04 -5.897495523095130920e-02 3.517125919461250305e-02 -4.973762203007935610e-03
6.225291709291667212e+04 -6.498422473669052124e-02 5.376914516091346741e-02 1.560438517481088985e-02
6.225294369991667190e+04 -8.002312481403350830e-02 5.901541560888289711e-02 3.255410492420197227e-02
6.225297028191667050e+04 -9.143965691328048706e-02 5.433461815118789673e-02 3.861256688833236694e-02
6.225299689691667299e+04 -8.520653098821640015e-02 4.926068708300591209e-02 4.474803432822226784e-02
6.225302347691667092e+04 -7.907823473215103149e-02 4.181790351867675781e-02 5.093559995293617249e-02
6.225305008891667239e+04 -8.725512772798538208e-02 7.380601763725280762e-02 3.846444934606552124e-02
6.225307666991667065e+04 -7.465045154094696045e-02 7.730102539062500000e-02 4.706240072846412659e-02
6.225310324991666857e+04 -4.009655490517616272e-02 4.108372330665587685e-02 4.021233692765235901e-02
6.225312986191667005e+04 1.051267958246171041e-03 1.940759643912315022e-02 1.866572350263595928e-02
6.225315644291666831e+04 5.614324659109116294e-02 6.094644311815500259e-03 2.028559893369675030e-02
6.225318305391666945e+04 8.969683945178985596e-02 -1.410946529358625065e-02 2.429834008216857910e-02
6.225320962991667329e+04 1.043217405676842013e-01 -3.889765217900276184e-02 2.577582560479640961e-02
6.225323624591666885e+04 1.081791445612906993e-01 -3.783385455608367920e-02 3.829162800684570832e-03
6.225326282291667303e+04 1.154594719409943043e-01 -5.395779758691787720e-02 -6.999388802796602249e-03
6.225328943191667349e+04 1.115685179829597057e-01 -6.127259880304337242e-02 -1.186102256178856069e-02
6.225331601891666651e+04 9.461865574121475220e-02 -2.544219419360160828e-02 -9.813366457819938660e-03
6.225334261491666985e+04 8.242638409137725830e-02 -1.846144325099885030e-03 7.030759472399950027e-03
6.225336921091667318e+04 8.863367140293121338e-02 -3.110431833192706108e-03 2.416443824768066059e-02
6.225339579191667144e+04 1.194067820906638960e-01 -3.798842802643775940e-02 2.826329879462718964e-02
6.225342240291667258e+04 1.490578353404999057e-01 -6.800138205289840698e-02 1.767923682928084980e-02
6.225344898391667084e+04 1.842631995677947998e-01 -6.740096956491470337e-02 1.668713241815567017e-02
6.225347559491667198e+04 1.938434392213821134e-01 -8.955889195203781128e-02 3.885818645358086326e-02
6.225350217591667024e+04 1.760341227054595947e-01 -9.779068082571029663e-02 5.584412440657615662e-02
6.225352878791667172e+04 1.597068905830383023e-01 -9.499850869178771973e-02 6.791892647743225098e-02
6.225355536791666964e+04 1.418623775243758878e-01 -1.069112569093703946e-01 7.764120399951934814e-02
6.225358197991667112e+04 1.355882287025451938e-01 -1.068107634782790999e-01 7.515987008810043335e-02
6.225360855991666904e+04 1.269464939832687100e-01 -9.932354092597961426e-02 6.895294785499572754e-02
6.225363514191666764e+04 1.120267361402512013e-01 -9.298858791589736938e-02 5.417143180966377258e-02
6.225366175291666877e+04 9.744076430797576904e-02 -6.830112636089324951e-02 3.557318449020385742e-02
6.225368833291666670e+04 7.887341827154159546e-02 -5.452640354633331299e-02 2.437619492411613117e-02
6.225371494391666783e+04 7.018978148698806763e-02 -4.949741810560225747e-02 1.696274615824222912e-02
6.225374152591666643e+04 8.813092112541198730e-02 -3.143121674656867981e-02 1.207917463034391056e-02
6.225376813691666757e+04 8.344466984272003174e-02 -1.420912798494100918e-02 3.390610218048096137e-03
6.225379471791667311e+04 7.990678399801254272e-02 -1.887123566120862961e-03 8.399439393542706966e-04
6.225382132891666697e+04 7.998956739902496338e-02 4.289474338293076429e-03 1.055733859539031982e-02
6.225384790991667251e+04 5.249030888080596924e-02 1.209603063762187958e-02 1.027666218578814940e-02
6.225387449091667077e+04 1.634087413549422871e-02 2.868665196001530041e-02 1.114781107753515070e-02
6.225390110191667191e+04 5.175495054572820663e-03 3.875067457556725242e-02 2.321046032011508942e-02
6.225392768291667016e+04 1.408813521265983928e-02 4.724029079079627991e-02 3.663825243711472252e-02
6.225395429391667130e+04 2.777587808668613087e-02 3.838085755705832741e-02 2.946993894875049938e-02
6.225398087491666956e+04 4.009073600172997215e-02 2.215798571705817829e-02 1.623971574008465160e-02
6.225400748691667104e+04 4.222012683749198914e-02 1.216783537529408932e-03 1.389653421938418995e-02
6.225403406691666896e+04 2.928946400061250167e-03 -1.648959517478942871e-02 1.497202087193726973e-02
6.225406064391667314e+04 3.579642158001660867e-03 1.655150391161442150e-02 -1.103613642044364972e-03
6.225408725891666836e+04 -2.496244013309479107e-02 -3.075540065765380859e-02 7.561528123915194598e-03
6.225411387091666984e+04 1.328666415065526962e-02 -3.271486144512892203e-03 -5.785407498478888598e-03
6.225414043791667063e+04 1.288253162056208004e-02 -2.534801885485649109e-02 -5.641735158860682574e-03
6.225416703191667330e+04 3.265856951475142739e-02 -4.285808280110359192e-02 -1.736116595566272952e-03
6.225419361112500337e+04 2.547591924667358051e-02 -2.436294592916965138e-02 -9.229004383087158203e-03
6.225422019212500163e+04 2.806506678462028850e-02 -2.074573747813701977e-02 -1.289794500917195927e-02
6.225424680412500311e+04 3.945839032530785301e-02 -1.603442989289760937e-02 -1.163365598767996008e-02
6.225427338412500103e+04 6.266017258167266846e-02 -5.324627459049224854e-02 -1.123168598860502070e-02
6.225429999612500251e+04 7.483322173357009888e-02 -7.555849105119705200e-02 -1.466251630336046045e-02
6.225432657712500077e+04 7.607048004865646362e-02 -7.932916283607482910e-02 -3.049106709659099926e-02
6.225435318812500191e+04 5.746554955840110779e-02 -6.801815330982208252e-02 -4.411230236291884682e-02
6.225437976012499712e+04 3.892420604825019836e-02 -5.050623789429665306e-02 -4.191216826438903809e-02
6.225440635012501298e+04 2.397403120994567871e-03 -5.351207777857779763e-02 -3.481387719511985779e-02
6.225443296112500684e+04 -2.657849527895450939e-02 -5.540759861469268799e-02 -2.401119098067283977e-02
6.225445954212501238e+04 -5.074863880872725747e-02 -2.224983647465705872e-03 -2.330224961042403828e-02
6.225448612512499676e+04 -9.469062834978103638e-02 1.017757575027645068e-03 -1.995259523391723980e-02
6.225451273412499722e+04 -1.132079288363457004e-01 2.101511321961880077e-02 -1.044451631605624979e-02
6.225453934212499735e+04 -1.243804842233657976e-01 2.983184903860092163e-02 -3.254832932725549178e-03
6.225456592812499730e+04 -1.130027547478675981e-01 3.457251191139221191e-02 4.111926071345806122e-03
6.225459253712501231e+04 -1.017149984836577953e-01 3.314923867583274841e-02 4.196814261376857758e-03
6.225461911812500330e+04 -8.159564435482025146e-02 3.403365984559059143e-02 6.764673627912998199e-03
6.225464572912499716e+04 -6.532437354326248169e-02 2.754626795649528850e-02 -8.946836926043033600e-03
6.225467229312499694e+04 -4.654751718044281006e-02 2.587622031569480896e-02 -2.600870281457901001e-02
6.225469889112500096e+04 -4.644029214978218079e-02 2.949681319296360016e-02 -3.945656120777130127e-02
6.225472550212500209e+04 -5.638610199093818665e-02 3.580997511744499207e-02 -3.835033252835273743e-02
6.225475208312500035e+04 -7.917896658182144165e-02 2.639056742191315044e-02 -3.966071084141731262e-02
6.225477869512500183e+04 -7.970485836267471313e-02 6.941033154726028442e-02 -2.286806516349315990e-02
6.225480527512500703e+04 -9.285158663988113403e-02 4.026123881340026855e-02 -8.119815960526466370e-03
6.225483188712500123e+04 -7.573141902685165405e-02 2.157003432512282978e-02 -4.307639319449663162e-03
6.225485846712500643e+04 -4.683377221226692200e-02 2.106059156358242035e-02 -4.113384522497653961e-03
6.225488507912500063e+04 -3.192124888300895691e-02 9.703947231173515320e-03 -1.614143326878548015e-02
6.225491164112500701e+04 -2.862308919429779053e-02 -1.737546361982822071e-02 -2.326348423957825054e-02
6.225493824012499681e+04 -3.214660973753780127e-04 1.768723502755165100e-02 -2.697000652551651001e-02
6.225496485212501284e+04 -2.339684590697288860e-02 -7.685142569243907928e-03 -3.061542846262454987e-02
6.225499145012500230e+04 -4.102848097681999207e-02 -7.317254319787024584e-03 -1.731360703706740986e-02
6.225501804412499769e+04 -2.420013770461082112e-02 3.047580830752849926e-02 -1.017178595066071077e-02
6.225504464412500238e+04 -6.333652883768081665e-02 2.136132493615150105e-02 -7.930549792945384979e-03
6.225507123612499709e+04 -7.332377880811691284e-02 2.522338926792145122e-02 -6.799950264394283295e-03
6.225509781712500262e+04 -7.570140063762664795e-02 3.262704610824584961e-02 -6.863821297883987427e-03
6.225512442812499648e+04 -7.425037026405334473e-02 4.491199180483818054e-02 2.825848059728742079e-03
6.225515100912500202e+04 -7.357856631278991699e-02 1.300969347357749939e-02 4.263498354703187943e-03
6.225517762012500316e+04 -7.853085547685623169e-02 2.912021987140179027e-02 7.699863519519566622e-03
6.225520420112500142e+04 -6.966085731983184814e-02 3.263419121503829956e-02 5.295445676892995834e-03
6.225523078212500695e+04 -6.447149813175201416e-02 3.860297799110413292e-02 -1.179207395762204950e-02
6.225525739312500082e+04 -5.448781326413155296e-02 3.348825499415398338e-02 -1.901464164257049907e-02
6.225528397412501363e+04 -3.437376394867897034e-02 3.437649086117743752e-02 -1.522778254002333034e-02
6.225531058512500022e+04 -1.553452201187610973e-02 3.531353548169136047e-02 -5.348493810743092623e-03
6.225533717112500017e+04 -1.699020341038703918e-02 3.416911140084266663e-02 -7.864545099437236786e-03
6.225536377812500723e+04 7.843063212931156158e-03 1.778819411993027080e-02 -6.373457610607147217e-03
6.225539035812501243e+04 2.761388383805752147e-02 2.913011121563612873e-04 -2.768244667095131833e-05
6.225541696012500324e+04 3.114377334713935852e-02 -1.201748289167881012e-02 4.954206757247447968e-03
6.225544355012499727e+04 9.570979513227939606e-03 -2.266263589262961994e-02 8.539335802197456360e-03
6.225547016212501330e+04 -2.646040730178356171e-02 1.306633814238012054e-03 1.424020342528820038e-02
6.225549673312500090e+04 -3.105337731540203094e-02 2.846072241663933147e-02 3.355244174599648216e-02
6.225552332312500221e+04 -3.589425981044769287e-02 4.210774600505828857e-02 3.337337821722031334e-02
6.225554993512499641e+04 -3.179641440510749817e-02 6.044763699173927307e-02 3.572125732898712158e-02
6.225557651612500194e+04 -4.902860149741172791e-02 8.163792639970779419e-02 4.278770834207534790e-02
6.225560312712500308e+04 -6.963856518268585205e-02 1.212104111909866055e-01 3.140962868928909302e-02
6.225562970812500134e+04 -1.069366261363029064e-01 1.464761495590209961e-01 4.807761311531066895e-02
6.225565631912500248e+04 -1.325634717941283902e-01 1.949346661567687988e-01 8.541592210531234741e-02
6.225568290012500074e+04 -2.309609055519104004e-01 2.532562315464019775e-01 1.087477058172225952e-01
6.225570951112500188e+04 -2.356731742620467862e-01 2.793202996253966730e-01 1.597955673933028897e-01
6.225573609212500014e+04 -2.177608460187911987e-01 3.012022376060485840e-01 1.866175234317780096e-01
6.225576266212500195e+04 -1.923105865716933927e-01 2.555140554904937744e-01 2.224806547164916992e-01
6.225578927112500241e+04 -1.669211536645889005e-01 2.672806382179260254e-01 2.103749811649323065e-01
6.225581586512501235e+04 -1.041737347841262956e-01 2.587309181690216064e-01 1.913262605667113980e-01
6.225584247512501315e+04 -7.553678005933761597e-02 1.685087531805037897e-01 1.542923897504807074e-01
6.225586905712499720e+04 -1.045980900526047030e-01 2.115073800086975098e-01 4.154414683580399253e-02
6.225589566812501289e+04 -2.586565613746643066e-01 2.185619026422500888e-01 -9.007510542869567871e-02
6.225592224912499660e+04 -4.591040909290314276e-01 1.626294553279876987e-01 -2.240256071090697965e-01
6.225594886112501263e+04 -5.380123853683471680e-01 9.748757630586624146e-02 -2.900017797946929932e-01
6.225597544112500327e+04 -4.497343897819519043e-01 1.017686650156974931e-01 -3.589845895767211914e-01
6.225600205312499747e+04 -4.418076574802399237e-01 3.867952525615692139e-02 -4.475766420364379883e-01
6.225602863312500267e+04 -2.927536666393280029e-01 9.051762521266937256e-03 -4.537147879600524902e-01
6.225605521412500093e+04 -1.539182066917418878e-01 -7.754910737276077271e-02 -3.387492895126342773e-01
6.225608182612500241e+04 -2.178494185209274014e-01 -4.140114784240722656e-02 -1.832480281591415128e-01
6.225610840612500033e+04 -1.567292511463165006e-01 8.547699451446533203e-02 -9.827835857868194580e-02
6.225613501812500181e+04 7.416848838329315186e-02 2.765887081623076837e-01 -7.116594910621643066e-02
6.225616159712500667e+04 3.607577383518218994e-01 4.276531040668488104e-01 5.053341737948358059e-04
6.225618818512500729e+04 6.252075433731079102e-01 2.676787376403809149e-01 1.143551021814346036e-01
6.225621479112500674e+04 8.895493149757385254e-01 1.040837615728378018e-01 2.416487187147141058e-01
6.225624140212500060e+04 1.024454951286315918e+00 7.137248665094375610e-02 3.196287453174591064e-01
6.225626799112500157e+04 9.927597045898437500e-01 -6.431137211620807648e-03 3.553158044815062921e-01
6.225629459412500728e+04 7.394394278526306152e-01 1.460500955581665039e-01 2.562313973903656006e-01
6.225632117512501281e+04 6.215764880180358887e-01 -4.604061841964722235e-01 2.484901547431946078e-01
6.225634775712499686e+04 7.869322299957275391e-01 -3.667467534542083740e-01 1.684476286172867099e-01
6.225637436712499766e+04 5.167333483695983887e-01 -2.194922268390656073e-01 2.108117640018463135e-01
6.225640094812500320e+04 5.692967176437377930e-01 -2.025054544210433960e-01 3.818573057651519775e-01
6.225642755612500332e+04 4.610904455184937079e-01 -3.214216530323029120e-01 5.283320546150207520e-01
6.225645414712499769e+04 5.567358732223510742e-01 -1.846727579832077026e-01 4.829205572605133057e-01
6.225648075112499646e+04 3.589541316032410223e-01 -2.843952775001525879e-01 4.468826949596405029e-01
6.225650733212500199e+04 2.628950476646422785e-01 2.129920013248920094e-02 3.893116116523743231e-01
6.225653394412500347e+04 2.993194945156573902e-02 4.093479812145233154e-01 3.778636753559113104e-01
6.225656052412500139e+04 1.311326771974563876e-01 4.456136226654052734e-01 3.819580972194672186e-01
6.225658710512500693e+04 4.644055068492888849e-01 2.433029562234879095e-01 3.477008342742919922e-01
6.225661369112500688e+04 6.238517165184020996e-01 8.063795417547225952e-02 2.619996666908264160e-01
6.225664029712501360e+04 5.136023163795471191e-01 2.169972062110900879e-01 1.383547931909560880e-01
6.225666690912500053e+04 2.614936828613281250e-01 2.270981222391129095e-01 2.802271582186222076e-02
6.225669350112500251e+04 1.848919987678528110e-01 2.971030473709105890e-01 1.482933387160301035e-02
6.225672010112500720e+04 1.211248263716697970e-01 2.643222808837891180e-01 1.183267980813979964e-01
6.225674667712499649e+04 9.614597074687480927e-04 2.411368638277054111e-01 2.250447422266005915e-01
6.225677328912501252e+04 -1.317443102598190030e-01 2.692181169986724854e-01 2.203139960765838901e-01
6.225679987412499759e+04 -1.366545408964157104e-01 2.615914344787598211e-01 1.385886818170546930e-01
6.225682648512501328e+04 -6.549002230167388916e-02 2.244894206523894986e-01 7.586674392223358154e-02
6.225685306612499699e+04 7.162663340568542480e-02 1.594484448432922086e-01 6.257206946611404419e-02
6.225687964712500252e+04 1.805787831544876099e-01 6.418087333440780640e-02 3.708979114890099266e-02
6.225690625812499638e+04 2.800830602645874023e-01 2.202525036409496827e-03 1.132346410304307938e-02
6.225693283912500192e+04 3.514377474784851074e-01 -8.499035239219665527e-02 -2.262550638988614082e-03
6.225695945012500306e+04 3.542453348636627197e-01 -1.403078436851500910e-01 -1.651695184409618031e-02
6.225698603112500132e+04 2.686930000782012939e-01 -1.474532932043076117e-01 -3.168009221553801796e-02
6.225701264212500246e+04 1.823352724313735962e-01 -1.275375783443450928e-01 -3.360766544938086769e-02
6.225703923812501307e+04 1.260585039854049960e-01 -1.080458015203475952e-01 -1.093067694455385035e-02
6.225706583112500084e+04 5.408133566379547119e-02 -5.519688874483109214e-02 1.659783069044352011e-03
6.225709241112501331e+04 2.091332525014876972e-02 -1.038088463246822010e-02 1.700228080153464924e-02
6.225711899712501327e+04 1.020327731966971935e-01 -1.136989220976829945e-01 2.368377754464745955e-03
6.225714560712500679e+04 1.205594092607498030e-01 -1.337058395147323886e-01 -9.575532749295234680e-03
6.225717218812501233e+04 1.397049278020859042e-01 -1.206216663122176985e-01 -2.661520987749100078e-02
6.225719880712500162e+04 1.424606293439865112e-01 -1.084274500608443936e-01 -3.278308361768723228e-02
6.225722538012499717e+04 1.075677797198296010e-01 -9.437473863363265991e-02 -4.653361439704895020e-02
6.225725199212501320e+04 6.271367520093917847e-02 -7.146331667900085449e-02 -3.845002502202987671e-02
6.225727858012500656e+04 -5.445894785225391388e-03 -1.748277619481087078e-02 -3.316229581832885742e-02
6.225730518412501260e+04 -2.823767252266407013e-02 -2.564320340752601970e-02 -2.715659700334072113e-02
6.225733176512500359e+04 -4.280373826622962952e-02 5.351529922336339951e-03 -1.159582752734423031e-02
6.225735837612499745e+04 -4.265131056308746338e-02 1.394995674490928997e-02 -9.209730662405490875e-03
6.225738495712500298e+04 -6.571169197559356689e-02 5.474331974983215332e-02 -3.281787037849426270e-02
6.225741156812499685e+04 -7.776635140180587769e-02 8.066886663436889648e-02 -4.527936503291130066e-02
6.225743814912500238e+04 -1.035773828625679016e-01 1.117725968360901018e-01 -5.054338276386260986e-02
6.225746472912500030e+04 -1.143212616443634033e-01 7.644078135490417480e-02 -3.696581721305847168e-02
6.225749134112500178e+04 -8.995559811592102051e-02 3.555656597018241882e-02 -2.921400964260100971e-02
6.225751792212500732e+04 -7.270852476358413696e-02 1.686147786676884044e-02 -2.653698623180389057e-02
6.225754453512500186e+04 -6.411518156528472900e-02 4.410467110574244586e-03 -3.372103348374366760e-02
6.225757112912499724e+04 -5.632989108562468789e-02 1.399376615881920034e-02 -5.569878965616226196e-02
6.225759772512500058e+04 -5.106808245182036660e-02 2.741281129419803966e-02 -5.209492519497870705e-02
6.225762430112499715e+04 -4.758788272738456726e-02 1.266371179372072046e-02 -4.465636983513832092e-02
6.225765091712500725e+04 -5.361704900860785744e-02 2.751182951033115040e-02 -3.991487249732018211e-02
6.225767749812501279e+04 -6.997763365507125854e-02 2.657782286405563008e-02 -3.879692032933235168e-02
6.225770411012500699e+04 -8.375910669565200806e-02 2.807983011007308960e-02 -2.824901603162289013e-02
6.225773069012499764e+04 -8.501207828521728516e-02 3.061302378773688923e-02 -1.485237665474414999e-02
6.225775727112500317e+04 -8.359120786190032959e-02 3.916532918810843727e-02 -1.733973808586597096e-02
6.225778388212499704e+04 -8.608144521713256836e-02 4.043634235858917236e-02 -1.736696995794773102e-02
6.225781046312500257e+04 -8.206970989704132080e-02 5.260725319385529258e-02 -2.352537401020526886e-02
6.225783707512499677e+04 -6.101238355040550232e-02 3.378688916563987732e-02 -3.424474969506263733e-02
6.225786365512500197e+04 -5.369761958718299866e-02 2.138996683061122894e-02 -3.411564975976943970e-02
6.225789026712500345e+04 -7.257450371980667114e-02 2.302264422178268086e-02 -1.717250794172286987e-02
6.225791684812500171e+04 -6.280759721994400024e-02 9.407056495547294617e-03 -4.815434571355581284e-03
6.225794345112500014e+04 -6.010919809341430664e-02 1.790385507047176014e-02 -1.461498532444239010e-02
6.225797003912500077e+04 -6.012807041406630776e-02 1.541360374540091081e-02 -2.314249612390995026e-02
6.225799662112500664e+04 -5.035579204559326172e-02 -1.980442088097333908e-03 -3.394540026783943176e-02
6.225802323212500050e+04 -3.530378639698029258e-02 -2.208002842962741852e-03 -2.530420199036597859e-02
6.225804983412501315e+04 -2.704541012644768108e-02 -3.179609403014183044e-02 -2.505388483405112873e-02
6.225807642412500718e+04 -2.666522935032844890e-02 -1.220602262765168970e-02 -3.250277042388916016e-02
6.225810300512501271e+04 -3.393546864390373230e-02 2.643436193466186957e-03 -3.264965489506720803e-02
6.225812961612500658e+04 -4.382680356502532959e-02 1.265818066895007914e-02 -2.668000757694244038e-02
6.225815619712499756e+04 -3.490800410509108803e-02 2.239488437771796833e-02 -8.380953222513198853e-03
6.225818280812501325e+04 -2.241709083318709980e-02 1.850608922541141857e-02 -5.830052774399518967e-03
6.225820938912499696e+04 -1.979030482470988880e-02 2.210306376218796123e-02 -8.609093725681304932e-03
6.225823600012501265e+04 -3.731114417314528725e-02 2.482697181403636932e-02 -1.728425174951552998e-02
6.225826258112500363e+04 -2.361321076750754963e-02 1.720918342471123089e-02 -2.080366201698780060e-02
6.225828916212500189e+04 -1.908794604241847992e-02 -9.850202128291130066e-03 -1.815518550574779857e-02
6.225831578012501268e+04 -2.882458269596099854e-02 7.488829549401999387e-03 -1.955786719918251038e-02
6.225834235412500129e+04 -2.630877867341041912e-02 7.438331376761198044e-03 -2.076132781803607941e-02
6.225836896512500243e+04 -2.625308372080326080e-02 1.113321166485548019e-02 -1.712525077164173126e-02
6.225839556012501271e+04 -2.746639959514141083e-02 1.478538848459720959e-02 -1.858285441994667053e-02
6.225842215812500217e+04 -4.591767117381095886e-02 3.720330446958541870e-02 -1.641595363616943012e-02
6.225844873812500737e+04 -4.204355925321578979e-02 4.453821107745171287e-02 -6.678517442196607590e-03
6.225847532712500106e+04 -2.217835746705532074e-02 3.445883467793464661e-02 1.304274145513772964e-02
6.225850193112500710e+04 -3.379225963726640181e-03 2.916356734931468964e-02 -2.173289685742930120e-04
6.225852854212500097e+04 -1.444840338081120924e-02 4.160558059811592102e-02 -5.255027674138545990e-03
6.225855512312500650e+04 -3.590532345697284178e-03 1.805285550653934132e-02 -3.363094583619385958e-04
6.225858170412499749e+04 8.690158836543560028e-03 1.877321279607713006e-03 -2.588456030935049057e-03
6.225860831012499693e+04 1.233626063913106918e-02 -5.563626997172831622e-03 -6.175801157951354980e-03
6.225863489612499689e+04 1.855533383786677967e-02 -9.358613751828670502e-03 -7.331013679504395399e-03
6.225866150712501258e+04 9.040126577019691467e-03 2.276783250272274017e-02 7.031533867120742798e-03
6.225868808812500356e+04 2.126962505280971874e-02 6.667975336313247681e-03 2.186110801994800915e-02
6.225871469912499742e+04 3.468771278858184814e-02 -1.580003462731837879e-02 8.724039420485496521e-03
6.225874128012500296e+04 3.374013304710388184e-02 -1.120574888773262934e-03 -4.803358111530542374e-03
6.225876789112499682e+04 3.145808354020118713e-02 1.243481505662203009e-02 -3.167459726682864130e-05
6.225879447212500236e+04 1.258472539484501058e-02 1.280358154326676975e-02 8.380679413676261902e-03
6.225882105912500265e+04 -7.436458021402359009e-03 1.807398721575737000e-02 1.065518148243426930e-02
6.225884766412500176e+04 -1.484474726021289999e-02 2.557038702070713043e-02 1.177791506052017038e-02
6.225887424512500729e+04 -3.674453357234597206e-03 1.676004379987717022e-02 5.811027716845273972e-03
6.225890084912501334e+04 2.614500932395457874e-02 -2.279510255903006034e-03 4.972564522176980972e-03
6.225892743712500669e+04 2.631785348057746887e-02 6.285207346081733704e-03 3.540220859576947987e-05
6.225895404912500089e+04 1.763105951249599110e-02 1.257759425789117987e-02 1.154914614744483991e-03
6.225898062012500304e+04 1.365236379206180919e-02 2.874912694096564813e-03 1.095279306173324932e-02
6.225900724112500029e+04 8.503100834786891937e-03 -5.669643636792898178e-03 -5.319099727785214782e-06
6.225903382112501276e+04 8.618598803877830505e-03 1.715180580504239039e-03 6.046198308467864990e-03
6.225906041612500121e+04 2.348606660962105144e-02 -1.345285587012767965e-02 -8.325508795678615570e-03
6.225908701412501250e+04 2.978326566517353058e-02 -1.358486060053109949e-02 -1.316390465945005070e-02
6.225911362512500637e+04 1.349329575896262949e-02 -1.084527000784873962e-02 -1.329132076352835048e-02
6.225914020612499735e+04 -1.534218527376651937e-02 -4.135516006499528885e-03 2.333559328690170808e-03
6.225916678712500288e+04 -2.268363162875175129e-02 7.039827760308980942e-03 3.433685982599854036e-03
6.225919339512500301e+04 -3.354407474398612976e-02 3.050868026912212025e-02 -4.112448543310165405e-03
6.225921997612500127e+04 -3.742129355669022300e-02 2.569644711911677967e-02 1.994745340198277993e-03
6.225924658412500139e+04 -2.005179785192013134e-02 1.426532864570618023e-02 1.691358350217342030e-02
6.225927316812500067e+04 5.983785260468721390e-03 -7.090066093951463699e-03 7.468030322343111038e-03
6.225929977912500181e+04 1.726171560585499157e-02 -1.102205645292997013e-02 -4.633123055100440979e-03
6.225932635512501292e+04 5.080516915768384933e-03 1.004164479672908956e-02 -6.077576894313097000e-03
6.225935297112500120e+04 -1.121274102479218916e-02 1.404534373432398016e-02 2.326451707631349997e-03
6.225937955212500674e+04 -2.510081231594086040e-02 1.186802610754967083e-02 9.569753892719745636e-03
6.225940616312500060e+04 -3.009432181715964924e-02 1.305919513106345957e-02 1.326865982264279972e-02
6.225943274412501341e+04 -2.383837103843688965e-02 1.046894211322068995e-02 7.227673195302486420e-03
6.225945932512499712e+04 -1.499850861728191029e-02 1.150836702436209072e-02 -4.157170405960641801e-05
6.225948593612501281e+04 7.625703699886798859e-03 1.109980233013629913e-02 -2.331652678549290137e-03
6.225951251712499652e+04 7.626069709658622742e-03 1.110006030648946936e-02 -2.333681099116802216e-03
6.225953912912501255e+04 -3.592934226617217064e-03 1.746269874274731029e-02 4.869492258876562119e-03
6.225956570912500320e+04 -1.247706357389687971e-02 1.259568147361279054e-02 1.468498166650534023e-02
6.225959232112499740e+04 -1.751847192645072937e-02 1.144655514508485968e-02 1.222050655633210962e-02
6.225961889712500124e+04 -6.113613955676555634e-03 1.488377992063760931e-02 2.513390267267822786e-03
6.225964551512499747e+04 -1.169652445241809108e-03 9.879219345748424530e-03 1.391781406709924069e-04
6.225967209412500233e+04 -2.541467081755400138e-03 3.774936543777585030e-03 1.390321645885705948e-03
6.225969870512500347e+04 1.197892590425908999e-03 1.234282855875789902e-03 -3.448451403528451920e-03
6.225972528612500173e+04 4.926061723381280899e-03 1.226283493451773903e-03 9.996460750699043274e-03
6.225975188512501336e+04 1.491326466202736074e-02 -5.233045201748610410e-03 1.262292265892028982e-02
6.225977847812500113e+04 1.242276933044195002e-02 -5.220696330070495605e-03 5.286285653710365295e-03
6.225980505912500666e+04 -8.590389043092727661e-03 1.353511214256286968e-02 1.361564151011406942e-03
6.225983167212500121e+04 -2.214269898831843983e-02 2.975373715162276875e-02 8.484296500682830811e-03
6.225985825112501334e+04 -1.873519085347652088e-02 1.007035374641417937e-02 9.858708828687667847e-03
6.225988486212500720e+04 -3.817935008555651145e-03 -3.278299845987930894e-05 3.925007767975330353e-03
6.225991143812499649e+04 1.009281165897846048e-02 7.682688883505761623e-04 -7.962970412336289883e-04
6.225993805412500660e+04 4.947072360664606094e-03 -4.006835632026196393e-03 8.959542028605937958e-03
6.225996463512499759e+04 1.125945243984461004e-02 -2.901525003835558891e-03 6.553078070282936096e-03
6.225999124612501328e+04 2.557577565312385993e-03 8.953058277256786823e-04 -2.071198076009749933e-03
6.226001783612500731e+04 2.490130253136157990e-03 -1.525838859379291968e-03 5.264959763735532761e-03
6.226004440812500252e+04 -9.974813088774681091e-03 3.584015183150767846e-03 1.489026821218430996e-03
6.226007101912499638e+04 -8.684488944709300995e-03 4.772639367729425430e-03 -2.169255865737795830e-03
6.226009762312500243e+04 -7.343019358813762665e-03 8.286603726446628571e-03 1.544841448776423931e-03
6.226012421212500340e+04 1.354950363747775988e-03 3.236575517803430991e-03 4.076851066201925278e-03
6.226015079212500132e+04 -2.425668062642217116e-03 2.060523489490150972e-03 3.992632846347988194e-04
6.226017739612500736e+04 1.272664591670035969e-02 6.722078192979097366e-03 5.348856095224618912e-03
6.226020399712501239e+04 5.198926199227570620e-03 6.838666740804910660e-03 1.637202454730867906e-03
6.226023059112500050e+04 -3.570118453353642984e-03 8.214660920202732086e-03 3.497522266115993261e-04
6.226025717612500739e+04 -1.721251383423804890e-02 1.563440263271332134e-02 -4.612837918102741241e-03
6.226028378812500159e+04 -8.439599536359310150e-03 1.425320655107497995e-02 -4.545441828668118391e-03
6.226031036912500713e+04 -2.340117469429969788e-03 5.595047958195210371e-03 4.092787392437458038e-03
6.226033695012501266e+04 -1.091566751711070971e-03 5.583154503256083402e-03 6.541337352246046066e-03
6.226036356112500653e+04 -6.035581696778535843e-03 9.329295717179775238e-03 1.603111973963678100e-03
6.226039013312500174e+04 -3.664667252451180978e-03 1.937072956934571049e-03 4.107848741114140424e-03
6.226041675312501320e+04 -1.233232486993074070e-02 5.604910198599100113e-03 2.857504179701209068e-03
6.226044333412499691e+04 -9.689062833786010742e-03 1.166579686105250965e-02 -3.265829524025321007e-03
6.226046994512501260e+04 -1.470756158232689077e-02 1.300186850130558014e-02 1.572097069583833001e-03
6.226049652612500358e+04 -6.031287368386983871e-03 7.984426803886890411e-03 1.142385788261890064e-02
6.226052311912501318e+04 8.993869647383689880e-03 5.276697687804698944e-03 1.398241985589265997e-02
6.226054971812500298e+04 1.391523610800505031e-02 -2.212836174294352965e-03 4.303495399653911591e-03
6.226057632912499685e+04 2.024992182850838054e-02 1.377168227918446064e-03 9.201622568070888519e-03
6.226060291112500272e+04 1.403060927987099041e-02 1.327730133198202090e-03 9.202362969517707825e-03
6.226062949112500064e+04 1.889953017234801899e-02 -8.604153059422969818e-03 1.979535445570946173e-03
6.226065610212500178e+04 5.115305073559284210e-03 -7.156184874475002289e-03 -3.002841025590897040e-03
6.226068267612499767e+04 -9.854906238615512848e-03 -7.542649400420486927e-04 -1.925653661601244970e-03
6.226070929512500152e+04 -1.977317966520785938e-02 8.038646541535854340e-03 5.271550267934799194e-03
6.226073587512500671e+04 -1.852012053132056843e-02 8.022229187190532684e-03 6.501778960227966309e-03
6.226076246512500074e+04 -2.096864767372607838e-02 6.708649452775716782e-03 6.311763543635606766e-03
6.226078906712501339e+04 -1.201965659856795918e-02 1.388628501445055008e-02 2.226820506621151892e-04
6.226081567912500032e+04 -3.168014809489250183e-03 1.742700301110744129e-02 3.917867783457040787e-03
6.226084226012501313e+04 -3.264480037614703178e-03 1.127426233142614018e-02 -9.213373414240777493e-04
6.226086884912500682e+04 -2.120078075677156015e-03 6.378391757607460022e-03 6.439779419451951981e-03
6.226089545212501253e+04 -2.236279658973217010e-03 -1.007171231321990056e-03 3.872743982356042212e-04
6.226092203312500351e+04 2.915287390351295038e-03 6.272288039326667786e-03 2.812865655869245963e-03
6.226094864712501294e+04 2.148630470037459980e-02 -1.380578801035881042e-02 4.102830775082111359e-03
6.226097522512500291e+04 2.291422151029109955e-02 -6.522960029542446136e-03 -8.137710392475128174e-03
6.226100183612499677e+04 2.776110917329787861e-02 -1.642257347702980042e-02 -8.040770888328552246e-03
6.226102839912500349e+04 1.643336750566959034e-02 -1.619784533977508892e-02 -2.019069623202085061e-03
6.226105501812500734e+04 3.998640459030866623e-03 -7.355252280831336975e-03 6.379545200616121292e-03
6.226108160912500171e+04 -8.469163440167903900e-03 -2.239223336800932884e-03 3.823566716164350943e-03
6.226110822112500318e+04 -6.939310114830732346e-03 7.385336793959140778e-03 -2.484563970938324928e-03
6.226113480112500110e+04 -1.676958799362182964e-02 1.983292400836944927e-02 -1.412120065651834011e-03
6.226116138212500664e+04 -2.060565724968909870e-02 1.747889444231987000e-02 5.898347590118646622e-03
6.226118799312500050e+04 -1.683585904538631092e-02 1.867129467427730907e-02 1.323633268475533052e-02
6.226121457412501331e+04 -1.071676053106784994e-02 8.729152381420135498e-03 8.463609963655471802e-03
6.226124117912501242e+04 -1.294974610209465027e-02 2.347434125840663910e-02 4.690777044743298617e-03
6.226126776612501271e+04 -5.552753806114196777e-03 1.215522456914185957e-02 5.875726696103811264e-03
6.226129437812500692e+04 -1.996639417484403090e-03 -1.450163428671658039e-03 -4.992577247321605682e-03
6.226132095812499756e+04 -1.321591343730687922e-02 4.912147298455238342e-03 2.209419384598731995e-03
6.226134757012501359e+04 -2.705253474414348949e-02 5.176196340471506119e-03 6.996178068220615387e-03
6.226137415012499696e+04 -2.448078244924544941e-02 8.821056224405765533e-03 9.431335143744945526e-03
6.226140076212501299e+04 -2.425643987953662872e-02 2.108556404709815979e-02 9.352096356451511383e-03
6.226142734312499670e+04 -1.922599971294403076e-02 1.973422057926655163e-02 8.537124376744031906e-04
6.226145391612500680e+04 1.893405453301965973e-03 3.300338517874478860e-03 2.172245411202311949e-03
6.226148053512500337e+04 1.058777235448359923e-02 -1.744350767694414096e-03 5.922505632042884827e-03
6.226150711612500163e+04 -5.742748267948626605e-03 -1.462382497265934944e-03 4.591000266373158369e-03
6.226153370512500260e+04 -2.302369847893714905e-02 1.602206937968730927e-02 5.579335615038871765e-03
6.226156030812500103e+04 -2.538439631462097168e-02 2.339736185967921864e-02 -5.855275085195899010e-04
6.226158691912500217e+04 -1.566797867417335857e-02 6.083221174776554108e-03 6.914427503943443298e-03
6.226161350012500043e+04 -1.175449509173632015e-02 9.550116024911403656e-03 -5.447349976748228073e-04
6.226164011112500157e+04 -1.787617988884449005e-02 1.949873939156531941e-02 5.448727868497371674e-03
6.226166669212500710e+04 2.089380752295256095e-03 1.305026095360518022e-02 1.416488084942102085e-02
6.226169330312500097e+04 9.321897290647029877e-03 -4.263020120561122894e-03 1.188822090625762939e-02
6.226171988412500650e+04 6.797263864427804947e-03 -6.720066536217927933e-03 9.059599251486361027e-04
6.226174649512500037e+04 -9.298712946474552155e-03 5.809392780065535632e-03 -4.166341386735439301e-03
6.226177307612501318e+04 -1.307212188839912068e-02 7.139114663004875183e-03 4.339688923209905624e-03
6.226179967212500196e+04 -1.186080463230610067e-02 8.483282290399074554e-04 4.256810992956160632e-03
