6.163573541487500188e+04 -8.523357659578323364e-02 -4.636682197451590798e-02 3.707403689622879028e-02
6.163576202587500302e+04 3.360258787870407104e-02 -8.546059578657150269e-02 -8.236180990934371948e-03
6.163578860087500652e+04 -1.379307266324759050e-02 -6.624600291252136230e-02 -1.355942990630864924e-02
6.163581518787500681e+04 -1.272951951250433922e-03 -6.011128425598145225e-02 3.772593289613723755e-02
6.163584179887500068e+04 -1.634319312870502125e-02 -4.727315157651901245e-02 1.083036959171295027e-01
6.163586837987501349e+04 -9.307571686804294586e-03 -5.675332248210906982e-02 2.145586460828781128e-01
6.163589496187499753e+04 -2.083217166364192963e-02 -7.359407842159271240e-02 2.243878990411757868e-01
6.163592157187501289e+04 -1.675282791256904949e-02 -7.127540558576583862e-02 1.878330707550049106e-01
6.163594815287499659e+04 1.466917246580124075e-02 -2.550351805984973907e-02 9.018499404191970825e-02
6.163597476387501229e+04 -4.392608534544706345e-03 3.014282789081335068e-03 1.555749215185642069e-02
6.163600134487500327e+04 -2.652067504823207855e-02 3.455607220530509949e-02 8.603390306234359741e-02
6.163602792587500153e+04 2.588872984051704060e-02 2.706043981015681874e-02 2.207211554050446112e-01
6.163605453687500267e+04 1.363513432443141937e-02 5.846614483743906021e-03 7.561823725700378418e-02
6.163608112087500194e+04 -1.673346012830733906e-02 -2.717086486518383026e-02 -8.570943959057331085e-03
6.163610772887500207e+04 7.726990617811679840e-03 -1.679327571764587922e-03 -2.678938582539558064e-02
6.163613430987500033e+04 1.547672040760516947e-02 8.815379114821553230e-04 -1.813470944762229919e-02
6.163616089087501314e+04 1.372817251831292933e-02 4.165130108594893715e-02 1.700541935861111034e-02
6.163618750187500700e+04 2.710934914648532867e-02 8.258608169853687286e-03 -7.056687958538532257e-03
6.163621408287501254e+04 2.364053204655646931e-02 -5.051803961396217346e-02 3.077175002545117898e-03
6.163624066387500352e+04 -2.402643114328384052e-02 1.546397805213928049e-02 -8.594631217420101166e-03
6.163626726087500720e+04 4.435589909553527832e-02 -2.990960702300072063e-02 -2.367527596652508129e-02
6.163629383687499649e+04 4.535475373268126748e-02 -5.684498324990273216e-02 -2.711213938891888012e-02
6.163632046687499678e+04 -1.357680745422839945e-02 2.177902683615684856e-02 -2.337259938940405846e-03
6.163634704787500232e+04 1.327176112681626927e-02 4.227517172694206238e-02 5.058458074927330017e-03
6.163637362887500058e+04 -3.733684122562407753e-02 9.745029360055923462e-02 8.974331617355346680e-02
6.163640023987500172e+04 -2.384070865809917103e-02 -6.222167238593102195e-02 8.725669980049133301e-02
6.163642682087500725e+04 -2.646718733012675892e-02 -2.959273196756840099e-02 -4.229242354631423950e-02
6.163645341287500196e+04 -1.775230281054973949e-02 -1.218278147280216044e-02 5.524109676480293274e-02
6.163648001287500665e+04 3.103024885058403015e-02 -3.019522503018378864e-02 3.985792770981789329e-02
6.163650659387499763e+04 1.909933239221572876e-02 -6.793215288780629635e-04 7.861385121941566467e-03
6.163653320487501333e+04 -3.773572295904160240e-02 5.320428311824799278e-02 -2.450401522219181061e-02
6.163655978587499703e+04 -2.301093004643917084e-02 1.033477932214736938e-01 5.756068043410778046e-03
6.163658636687500257e+04 -3.769342601299285889e-02 5.197098106145858765e-02 -1.962172426283359875e-02
6.163661297787499643e+04 -9.365724027156829834e-02 3.769849427044392066e-03 -5.869416892528533936e-02
6.163663954987501347e+04 -2.300489321351050984e-02 9.237748384475708008e-02 -9.976463392376899719e-03
6.163666616987500311e+04 2.087466269731521884e-01 -1.394490003585814875e-01 9.315151721239089966e-02
6.163669275087500137e+04 2.192571014165878018e-01 1.724138297140597950e-02 5.680050700902938843e-02
6.163671933187500690e+04 1.192682534456253052e-01 -3.911576420068740845e-02 -4.963632300496100686e-02
6.163674594287500076e+04 3.036399930715560913e-02 -1.703383922576904019e-01 -1.176808178424835066e-01
6.163677252387501358e+04 -5.009488388895987770e-02 -5.654363334178925254e-02 -1.566879823803902019e-02
6.163679912687499746e+04 -5.352494865655899048e-02 -3.934505954384803772e-02 -2.434579469263553966e-02
6.163682571587501297e+04 -2.849968895316123962e-02 1.521471142768860037e-02 -7.212285697460174561e-02
6.163685229687499668e+04 -3.071059100329875946e-02 -8.606920391321182251e-02 4.443996027112007141e-02
6.163687888987501356e+04 -6.562721729278564453e-02 -5.688640102744101784e-02 1.257575750350951871e-01
6.163690548887500336e+04 -5.775719881057739258e-02 -5.491901934146881104e-02 5.014779791235923767e-02
6.163693206987500162e+04 -5.517707392573357322e-02 -5.254231765866280296e-02 4.282915219664573669e-02
6.163695866687501257e+04 -8.430416695773601532e-03 -4.365263879299163818e-02 2.844302216544746919e-03
6.163698526187500102e+04 -1.551128458231688066e-02 -2.275621891021728863e-02 -1.686137169599533081e-02
6.163701187387500249e+04 -2.397102676331996918e-02 -5.463949870318174362e-03 -2.435259148478507996e-02
6.163703845387500041e+04 -1.638976298272610058e-02 6.692964234389364719e-04 1.286786515265702984e-03
6.163706503487501323e+04 -7.338243070989847183e-03 1.777569763362408031e-02 2.197548374533652912e-02
6.163709164687500015e+04 2.601300738751887928e-02 4.896086081862450340e-02 -7.289249449968338013e-03
6.163711822687501262e+04 -9.596052579581737518e-03 2.131442166864871979e-02 -2.319847233593463898e-02
6.163714480787500361e+04 -1.571186818182468067e-02 2.371723949909209858e-02 -6.960280239582061768e-02
6.163717141587499646e+04 4.169445484876632690e-02 2.838528342545032848e-02 1.015700027346611023e-01
6.163719799987500301e+04 -3.592656925320625305e-02 -6.536155939102172852e-02 1.078955054283142090e+00
6.163722461187499721e+04 2.832646109163761139e-02 -1.120470389723778049e-01 7.588165402412414551e-01
6.163725119187500241e+04 -5.460236221551895142e-02 -1.136198639869689941e-01 3.410139679908751886e-01
6.163727777287500066e+04 -5.359563231468200684e-02 -6.724081188440322876e-02 2.894708812236785889e-01
6.163730438487500214e+04 -5.403177440166472695e-02 -5.454858019948005676e-02 1.014957576990127980e-01
6.163733096487500734e+04 -3.511367738246917725e-02 -9.650655835866928101e-02 -1.628511548042297086e-01
6.163735757687500154e+04 1.055710613727569996e-01 1.959004998207091938e-02 -2.615079581737517755e-01
6.163738416087500082e+04 6.439759861677885056e-03 6.519203633069992065e-02 -4.896149784326553345e-02
6.163741073787499772e+04 4.867170378565788269e-02 6.010498851537703774e-02 8.189989626407623291e-02
6.163743734987500648e+04 2.175625413656235088e-02 1.980026997625828136e-02 1.366516947746277029e-02
6.163746393987500051e+04 3.774009644985198975e-02 -2.636448014527558847e-03 -3.159772837534546852e-03
6.163749051087500266e+04 3.054057434201240886e-02 1.714509911835193981e-02 2.761549782007933097e-03
6.163751712287499686e+04 -1.633313670754433025e-02 -4.138519521802663803e-03 -3.509674919769167900e-03
6.163754370287500205e+04 -9.771027602255344391e-03 1.045175548642873938e-02 -7.222541607916355133e-03
6.163757031487500353e+04 -2.894625253975391041e-02 -1.139802858233452017e-02 -3.160612657666205666e-02
6.163759688487501262e+04 -6.150604225695133209e-03 5.319657502695918083e-04 -1.689244247972964894e-02
6.163762347587500699e+04 -5.605924129486083984e-02 8.848511427640914917e-02 -2.390875481069087982e-02
6.163765008787500119e+04 1.125317439436913057e-02 6.162695959210395813e-02 -4.977715667337179184e-03
6.163767666887500673e+04 2.334491582587360902e-03 -1.800551638007164001e-02 -3.304970450699328943e-03
6.163770327987500059e+04 7.036854512989521027e-03 3.468339145183563232e-02 -4.835180472582578659e-03
6.163772986087501340e+04 3.231287747621536255e-02 -2.957611717283726085e-02 -1.886593550443648945e-02
6.163775644087499677e+04 -1.210488658398389990e-02 -5.711255222558975220e-02 -3.850570321083068848e-02
6.163778305487501348e+04 1.856101863086223949e-02 -1.485567481722682986e-04 -1.768359914422034870e-02
6.163780963387499651e+04 -1.426137145608664079e-02 -6.856706924736499786e-03 -4.430151078850030899e-03
6.163783621387500170e+04 -3.196838079020380974e-03 -2.056428790092467915e-02 -7.926555350422859192e-03
6.163786282587500318e+04 5.546391475945711136e-03 -2.313596569001674999e-02 -1.747032045386732058e-03
6.163788940687500144e+04 1.017893757671117956e-02 -4.529852047562599182e-02 -5.223117768764495850e-03
6.163791601787500258e+04 -8.259689435362815857e-03 -2.163163572549819946e-02 -6.182165816426277161e-04
6.163794259887500084e+04 -2.311427379027009010e-03 -3.887251392006874084e-02 5.640588700771331787e-03
6.163796917787501297e+04 2.430283091962337147e-02 -2.076716534793376923e-02 4.352325201034545898e-02
6.163799579087500024e+04 3.351407125592231750e-02 -6.376705318689346313e-02 6.339656561613082886e-02
6.163802237187501305e+04 8.916503749787807465e-03 3.101998753845692028e-02 3.941985592246056297e-02
6.163804895087500336e+04 3.812790149822831154e-03 -4.502080380916594765e-02 2.159286662936210979e-02
6.163807556387501245e+04 3.228635713458061218e-02 -2.643015468493103981e-03 6.862783338874577609e-03
6.163810214487500343e+04 2.281471900641917835e-02 2.943315915763378143e-02 5.373247899115085602e-03
6.163812874287500017e+04 -8.545827120542526245e-03 3.240215033292769692e-02 -3.396227024495602088e-03
6.163815533787500317e+04 1.828097179532051086e-02 5.647852271795272827e-02 -3.372631035745143890e-03
6.163818194787499669e+04 5.042755603790283203e-02 -3.343264386057853699e-02 4.502209648489952087e-02
6.163820852887500223e+04 9.113041311502456665e-02 -9.149711113423109055e-04 6.704274564981460571e-02
6.163823510987500049e+04 7.808564603328704834e-02 -9.637608379125595093e-02 7.002599537372589111e-02
6.163826172087500163e+04 9.159377217292785645e-02 -3.382561355829238892e-02 1.233789548277855058e-01
6.163828830187500716e+04 1.401529461145401001e-01 -3.789142146706581116e-02 2.274399697780609131e-01
6.163831488287501270e+04 9.440092742443084717e-02 -1.528592705726624090e-01 1.193179339170455933e-01
6.163834149387500656e+04 -4.269601404666901329e-02 -1.080530658364295959e-01 -7.561199367046356201e-03
6.163836807487499755e+04 -1.713387109339236866e-02 -1.399331726133823048e-02 2.965732011944055991e-03
6.163839468587501324e+04 -3.375137969851493835e-02 -9.835385531187057495e-02 2.195123583078383966e-03
6.163842126687499695e+04 -9.132514707744121552e-03 1.667245291173458099e-02 3.453766182065010071e-02
6.163844784787500248e+04 4.565776791423559189e-03 1.031345315277575926e-02 3.833158686757087708e-02
6.163847446187499736e+04 1.480784732848406011e-02 -4.498747363686562278e-02 5.828809738159179688e-02
6.163850103987500188e+04 6.165931746363639832e-02 -1.384102404117583951e-01 2.068472504615783969e-01
6.163852765087500302e+04 8.721400052309036255e-02 -1.666284650564194003e-01 3.109097480773925781e-01
6.163855467316666909e+04 1.264035552740097046e-01 -1.638794094324111938e-01 2.550306022167205811e-01
6.163858126216667006e+04 9.401107579469680786e-02 -8.493759483098983765e-02 2.213496565818786899e-01
6.163860787316667120e+04 -5.166590958833693764e-02 2.345022559165954937e-02 9.810224175453186035e-03
6.163863444116667233e+04 6.459020823240280151e-02 -6.028926745057106018e-02 1.270464211702347079e-01
6.163866106516667060e+04 8.502950519323348999e-02 -1.172331199049950062e-01 9.217929840087890625e-02
6.163868764616666886e+04 -7.406234741210937500e-02 3.989268466830254295e-02 3.273379430174828270e-02
6.163871424316667253e+04 7.645799219608306885e-02 -4.618668928742408752e-02 3.186858445405960083e-02
6.163874083816666825e+04 -5.272441357374191284e-02 -4.298701882362365723e-02 -3.855647146701812744e-02
6.163876741916666651e+04 7.118236273527145386e-02 -7.631859183311462402e-02 -1.106539294123650014e-01
6.163879400016667205e+04 6.304327398538589478e-02 8.671279251575469971e-02 -1.752326041460036954e-01
6.163882061116667319e+04 3.332633757963777022e-03 -5.247450619935988686e-02 2.050212025642395020e-02
6.163884719216667145e+04 -1.085126176476478993e-01 8.816659450531005859e-02 2.980398945510387074e-02
6.163887380316667259e+04 -9.980294853448867798e-02 6.925934553146362305e-02 -5.175580084323883057e-02
6.163890038416667085e+04 -1.452859193086623868e-01 5.908701196312903664e-02 -3.613039106130599976e-02
6.163892696516666911e+04 4.788760468363761902e-02 -1.662951111793518066e-01 -1.870607770979404103e-02
6.163895357616667025e+04 8.589895814657211304e-02 -7.606633007526397705e-02 7.789958268404006958e-03
6.163898015716666850e+04 5.893507599830626748e-02 -4.005731269717215798e-02 -2.388796769082545800e-03
6.163900676816666964e+04 -4.477917216718196869e-03 3.837102558463811874e-04 1.278115343302487980e-02
6.163903334916666790e+04 -7.249925285577774048e-02 6.170841678977013328e-02 1.558118406683207079e-02
6.163905992816667276e+04 -8.763284236192703247e-02 5.827868357300757668e-02 1.184328459203243082e-02
6.163908653816667356e+04 -5.406079813838005066e-03 2.384599298238753926e-02 4.434161633253098228e-02
6.163911312216667284e+04 -1.724750176072121013e-02 5.952579528093338013e-02 1.962507329881190907e-02
6.163913971116666653e+04 8.368316106498241425e-03 1.991371065378189087e-02 4.080229625105857849e-02
6.163916631416667224e+04 5.345086101442574587e-03 -1.580029167234897960e-02 -4.121176432818174362e-03
6.163919289516667050e+04 -1.403579264879226962e-01 8.923472836613655090e-03 -2.736633419990540106e-01
6.163921950116666994e+04 -7.586007565259933472e-02 -1.749634146690368930e-01 -2.744374573230742853e-01
6.163924608716666989e+04 -3.839124739170073769e-02 -8.141037821769714355e-02 -5.762489885091782310e-02
6.163927269916667137e+04 4.061414673924446106e-02 5.857931077480316162e-02 1.151607744395733053e-02
6.163929927916666929e+04 -2.083396166563034058e-02 -5.427244585007429123e-03 -4.329152405261993408e-03
6.163932586016666755e+04 1.446312852203845978e-02 8.058718231040984392e-05 -5.350097548216581345e-03
6.163935247216666903e+04 1.422456558793783014e-02 -1.216186769306660045e-02 -3.899760195054113865e-04
6.163937904816667287e+04 3.171468153595923684e-02 -1.736076921224594116e-02 3.421589499339460893e-03
6.163940563316667249e+04 -1.647183788008987904e-03 1.389050949364900936e-02 1.772136078216135936e-03
6.163943224416667363e+04 1.544026192277670080e-02 -1.464167796075344086e-02 -1.584464800544082902e-03
6.163945882716667256e+04 2.825864404439926147e-02 -1.246896717930212888e-04 3.285113489255309105e-03
6.163948543716667336e+04 2.936607226729393005e-02 -8.741999976336956024e-03 9.099511080421507359e-04
6.163951201716667128e+04 5.958072468638420105e-02 -5.559580749832093716e-04 2.912125177681446075e-02
6.163953859816666954e+04 5.960150808095932007e-02 -3.081416245549916787e-03 9.622012265026569366e-03
6.163956518816667085e+04 3.932582959532737732e-02 -8.631967753171920776e-02 -2.778661809861660004e-02
6.163959179016666894e+04 2.880416810512543072e-02 -3.940990567207335732e-02 -7.420815527439117432e-03
6.163961840216667042e+04 -8.695163577795028687e-02 1.901095546782017101e-02 -3.052476979792118073e-02
6.163964496516666986e+04 -2.502465806901454926e-02 4.504762962460517883e-02 5.090717226266860962e-03
6.163967156316666660e+04 5.809328332543373108e-02 -1.398353278636932026e-02 2.190611325204372059e-02
6.163969817016666639e+04 -1.920979656279087067e-02 1.793614402413367878e-02 1.648867735639214949e-03
6.163972475016667158e+04 2.398964762687683105e-02 -2.832363732159138073e-02 -2.581415697932243000e-02
6.163975136316667340e+04 -2.822433039546012878e-02 5.800811108201742172e-03 -6.867479532957077026e-03
6.163977794816667301e+04 -4.801459610462188721e-02 1.576801575720309864e-02 -5.586279556155204773e-02
6.163980452816667093e+04 -7.619661837816238403e-02 3.513143211603164673e-02 -2.025783061981200894e-01
6.163983114016667241e+04 -5.146876350045204163e-02 6.368656456470489502e-02 -3.099641799926757812e-01
6.163985772116667067e+04 -7.994039356708526611e-02 8.872655779123306274e-02 -3.090937435626984198e-01
6.163988430116666859e+04 -1.318908184766769132e-01 1.526999771595000943e-01 -2.000517249107361117e-01
6.163991091316667007e+04 -1.845348179340363104e-01 2.548656165599822998e-01 -5.345124378800392151e-02
6.163993749416666833e+04 -4.076294228434562683e-02 1.632708162069320956e-01 6.158025562763214111e-02
6.163996410516666947e+04 -7.637394592165946960e-03 4.982351511716843345e-02 6.499089300632476807e-02
6.163999068616666773e+04 3.845348581671714783e-02 -5.183559283614159324e-02 7.410532329231500626e-03
6.164001726616667293e+04 1.059865280985831937e-01 -1.552460193634032926e-01 -8.417686074972152710e-02
6.164004387816666713e+04 3.347617015242577293e-02 -6.439962983131408691e-02 -8.160266280174255371e-02
6.164007047216666979e+04 -7.845882326364517212e-03 2.998880110681056976e-02 1.632028259336948048e-02
6.164009707016666653e+04 5.206626281142234802e-02 5.589307285845279694e-03 8.341500535607337952e-03
6.164012363616666698e+04 8.809781819581985474e-02 -4.537798464298248291e-03 8.307243883609771729e-02
6.164015024216666643e+04 8.424644172191619873e-02 -1.945428177714347839e-02 2.214342728257178913e-02
6.164017684316667146e+04 8.478341251611709595e-02 -1.362180560827254971e-01 -2.587997727096081127e-02
6.164020342416666972e+04 -1.756065189838408869e-01 6.353238224983215332e-02 -2.101383870467544036e-03
6.164023002916666883e+04 3.901635482907295227e-02 -9.491001814603805542e-02 -2.279749140143394123e-02
6.164025661616666912e+04 -1.028826925903559078e-02 -4.002214968204498291e-02 -1.372964587062596928e-02
6.164028319716666738e+04 2.427460253238677979e-02 -3.761117113754152818e-03 -2.752969274297357039e-03
6.164030981316667021e+04 -2.244301699101924896e-02 -1.647449471056460987e-02 -7.866462692618370056e-03
6.164033638916666678e+04 1.813352666795254101e-02 3.682851092889904976e-03 -4.069213755428791046e-03
6.164036300016666792e+04 4.132091533392667770e-03 -7.129054050892590609e-03 -1.018769945949316025e-02
6.164038958116667345e+04 1.288198307156562979e-02 -8.482684381306171417e-03 -4.019745625555515289e-03
6.164041616216667171e+04 7.941906340420246124e-03 -3.483251435682177977e-03 -2.865423215553164048e-03
6.164044277316667285e+04 -8.559812791645526886e-03 -1.680066622793674122e-02 -2.972726523876189839e-02
6.164046935416667111e+04 -1.236184127628803080e-02 -1.669204980134963989e-02 -2.121124602854251862e-02
6.164049593916667072e+04 -2.473714062944055037e-03 -2.794460952281951904e-02 -3.326576203107833862e-02
6.164052254616667051e+04 5.552635528147220612e-03 -1.091818674467504025e-03 -3.338873386383057335e-02
6.164054912716666877e+04 -4.354323726147413254e-03 1.146549824625254024e-02 -9.133562445640563965e-03
6.164057573816666991e+04 -4.454598296433687210e-03 9.094446897506713867e-03 1.040169224143028086e-02
6.164060231916666817e+04 -1.809747517108916889e-02 2.038395404815673828e-02 1.389334071427584041e-02
6.164062890016666643e+04 1.617257948964833996e-03 -8.270382531918585300e-04 1.416235044598579060e-02
6.164065549316666875e+04 2.821247652173041950e-02 7.217785343527793884e-03 -2.794572850689291954e-03
6.164068209216667310e+04 3.348307684063910744e-02 2.314492315053940166e-02 1.177870947867632086e-02
6.164070870316666696e+04 -2.914534416049718857e-03 2.372763305902481079e-02 -1.888090861029922962e-03
6.164073526416667301e+04 4.410527646541594592e-03 1.381906121969223022e-02 7.984457537531852722e-03
6.164076186516667076e+04 -1.140780746936797922e-02 4.358197376132010720e-02 1.500572916120290930e-02
6.164078846216666716e+04 3.164571151137351990e-02 -1.124900020658970053e-02 -6.304583512246608734e-03
6.164081505416666914e+04 -2.812477760016917835e-02 1.028439030051231037e-02 -8.005885034799575806e-02
6.164084166816667130e+04 3.030297718942165028e-02 -8.749154210090637207e-02 -4.363373294472693703e-02
6.164086824916666956e+04 -1.933059096336365093e-02 2.398510836064815868e-02 4.376335418783128262e-04
6.164089483016666782e+04 -3.282987512648106055e-03 6.497891619801521301e-03 -1.153233181685208927e-02
6.164092144116666896e+04 -3.068852936848998070e-03 2.002429403364658009e-02 -6.438964628614485264e-04
6.164094802216666722e+04 -7.531475741416215897e-03 -2.169964835047721863e-02 -2.235655114054679871e-02
6.164097463316666835e+04 -1.001080591231585069e-02 -2.421994134783745159e-02 -4.797717928886414268e-02
6.164100121416666661e+04 -2.081676200032233845e-02 1.176100596785545002e-02 -7.024331134743988514e-04
6.164102779516667215e+04 1.785585470497607838e-02 -2.367421519011259079e-03 9.411197155714035034e-03
6.164105440616667329e+04 1.328533515334128987e-02 2.349075116217136036e-02 1.530603505671023976e-02
6.164108098716667155e+04 -1.183314947411417961e-03 6.062832847237586975e-02 3.326431289315223694e-02
6.164110759916667303e+04 -4.425509367138147354e-03 1.389632374048233032e-02 -4.271322395652532578e-03
6.164113417916667095e+04 -1.049398817121982921e-02 2.753654494881629944e-02 5.357192363590002060e-03
6.164116077816666802e+04 7.375781890004873276e-03 4.445963725447654724e-02 1.756840571761130940e-02
6.164118737116667035e+04 1.331489998847245997e-02 2.343608252704143871e-02 4.325016867369413376e-03
6.164121395216666861e+04 4.950003232806921005e-03 -1.941695064306259155e-02 -3.215625765733420849e-04
6.164124055216667330e+04 -6.130449939519166946e-03 -1.197976153343915939e-02 -2.972294948995113026e-02
6.164126714416666800e+04 4.976294934749603271e-03 -1.943151280283927917e-02 -7.634934037923812866e-03
6.164129372516667354e+04 1.413054391741752971e-02 2.552596153691411018e-03 6.921086926013231277e-03
6.164132032516667095e+04 -1.105425041168927973e-02 -3.211389062926173210e-03 -1.150703430175781077e-02
6.164134691716667294e+04 1.410905085504055023e-02 6.630258576478809118e-05 -3.827889740932732821e-04
6.164137349816667120e+04 -2.347504720091820197e-03 -5.824035964906215668e-03 -6.494353525340557098e-03
6.164140010916667234e+04 -3.874540561810135841e-03 -2.554627507925033916e-02 -3.443445265293121338e-02
6.164142669016667060e+04 1.642136275768280029e-02 -1.359179336577654058e-02 -2.461722493171691895e-02
6.164145330216667207e+04 3.238710388541222313e-02 1.760278455913066864e-02 -1.235400587320328036e-01
6.164147988216667000e+04 -3.583883121609687805e-02 2.968103159219026999e-03 -9.705722332000732422e-02
6.164150646316666825e+04 -8.813527971506118774e-02 3.469508513808249733e-02 -6.833075731992721558e-02
6.164153306316667295e+04 -7.413040101528167725e-02 1.678111255168915072e-01 -1.520836949348449985e-01
6.164155965516666765e+04 -8.126939833164215088e-02 9.483937174081802368e-02 -3.101614117622374933e-01
6.164158626716666913e+04 -6.040165200829505920e-02 -2.208488062024116863e-02 -2.619549445807934154e-02
6.164161284816666739e+04 5.756944790482521057e-02 2.696875035762786865e-01 1.202847808599472046e-01
6.164163942816667259e+04 1.468733251094818115e-01 2.654742896556854248e-01 7.820513099431991577e-02
6.164166604016666679e+04 1.739637181162834167e-02 3.176556229591370184e-01 -1.450792234390974045e-02
6.164169262016667199e+04 -2.343281954526900968e-01 4.399443864822388250e-01 3.743828274309635162e-03
6.164171923216667346e+04 -4.718716144561768133e-01 5.903637409210205078e-01 6.472754478454589844e-02
6.164174580716666969e+04 -5.450567603111267090e-01 9.405933022499084473e-01 1.863614022731781006e-01
6.164177239316666964e+04 -5.758721232414245605e-01 1.260886192321776900e+00 6.513115167617797852e-01
6.164179900516667112e+04 -9.336853623390197754e-01 1.762742042541503906e+00 6.321756243705749512e-01
6.164182557316667226e+04 -1.045124173164367898e+00 2.067874908447266069e+00 6.660099029541015625e-01
6.164185219716667052e+04 -9.413209557533264160e-01 2.371195793151855025e+00 5.902659296989440918e-01
6.164187877816666878e+04 -1.018816351890563965e+00 3.224002122879027876e+00 5.975107550621032715e-01
6.164190535816666670e+04 -1.214320182800292969e+00 3.519119262695312056e+00 5.259260535240173340e-01
6.164193197016666818e+04 -1.313071608543395996e+00 3.982634544372559038e+00 6.405368447303771973e-01
6.164195855116666644e+04 -1.346832394599914995e+00 4.526774883270263672e+00 9.404944777488708496e-01
6.164198513116667164e+04 -1.589161396026611106e+00 4.462615966796875000e+00 1.288240790367126021e+00
6.164201174316667311e+04 -1.435192227363585982e+00 4.241312980651854581e+00 1.806819081306457964e+00
6.164203832416667137e+04 -1.225043177604675071e+00 3.954097270965576172e+00 2.063897371292113814e+00
6.164206493516667251e+04 -8.103638887405395508e-01 4.144019126892089844e+00 1.997078537940979004e+00
6.164209151616667077e+04 -2.007773816585541049e-01 3.570883274078369141e+00 1.878060102462768999e+00
6.164211809716666903e+04 5.358141660690307617e-01 2.345663070678710938e+00 1.559246420860290971e+00
6.164214470816667017e+04 1.229416966438293013e+00 1.378738641738892046e+00 1.218911290168761985e+00
6.164217128916666843e+04 1.918243646621704102e+00 6.674481630325317383e-01 6.804191470146179199e-01
6.164219790016666957e+04 2.530253648757935014e+00 4.713285863399506170e-01 3.759066462516785223e-01
6.164222448116666783e+04 3.072266101837158203e+00 5.695774555206298828e-01 5.433341860771179199e-02
6.164225107116666913e+04 3.430795192718505859e+00 9.458844661712646484e-01 -2.629877030849456787e-01
6.164227767316666723e+04 3.741567134857178178e+00 1.443333745002747026e+00 -2.788577079772949219e-01
6.164230425416667276e+04 3.919659137725830078e+00 1.941657900810241921e+00 -6.502772122621536255e-02
6.164233085316666984e+04 3.980797767639160156e+00 2.374745607376099077e+00 1.899375766515732089e-01
6.164235744616667216e+04 4.030363559722900391e+00 2.649629592895507812e+00 4.104939401149749756e-01
6.164238402716667042e+04 4.119036674499511719e+00 2.691096544265747070e+00 4.315510392189025879e-01
6.164241064116667258e+04 4.229249477386474609e+00 2.571892976760863814e+00 2.659296691417694092e-01
6.164243721916666982e+04 4.353767395019531250e+00 2.273354530334473100e+00 1.076940074563026012e-01
6.164246383016667096e+04 4.477509975433349609e+00 1.865704059600830078e+00 -3.640225157141684792e-02
6.164249041116666922e+04 4.573874950408936435e+00 1.487103581428528054e+00 -9.913027286529541016e-02
6.164251699216666748e+04 4.623924732208251953e+00 1.144303202629088911e+00 -1.477835699915885925e-02
6.164254360316666862e+04 4.613515377044677734e+00 9.489749073982238770e-01 1.657968014478682917e-01
6.164257018316666654e+04 4.547854423522949219e+00 8.383657336235046387e-01 4.210850000381469727e-01
6.164259679516666802e+04 4.448678493499755859e+00 8.890649676322937012e-01 6.775193214416503906e-01
6.164262337616667355e+04 4.338216781616210938e+00 9.537727236747741699e-01 1.006988644599914995e+00
6.164264995716667181e+04 4.264274597167968750e+00 7.353949546813964844e-01 1.272697210311890093e+00
6.164267656816667295e+04 4.242400169372558594e+00 4.541783928871154785e-01 1.403743624687195046e+00
6.164270314916667121e+04 4.205325126647949219e+00 2.093800157308577936e-01 1.383160591125488059e+00
6.164272973016666947e+04 4.200787544250488281e+00 -1.208593174815178056e-01 1.312118887901305930e+00
6.164275634116667061e+04 4.242423057556152344e+00 -4.665638208389282227e-01 1.257348418235779031e+00
6.164278292216666887e+04 4.295707225799561435e+00 -8.489293456077575684e-01 1.283423423767090066e+00
6.164280953316667001e+04 4.434969425201416016e+00 -1.693033695220947044e+00 1.270433783531188965e+00
6.164283610016667080e+04 4.427288532257080078e+00 -1.573017954826354980e+00 1.198985815048217995e+00
6.164286270116666856e+04 4.305222034454345703e+00 -1.073897957801819070e+00 9.398699998855590820e-01
6.164288930616666767e+04 4.256044387817382812e+00 -2.937419712543488104e-01 7.172016501426696777e-01
6.164291590316667134e+04 4.193631649017333984e+00 1.390767246484755915e-01 6.895131468772888184e-01
6.164294249816666706e+04 4.181085586547851562e+00 3.315126299858093262e-01 5.978687405586242676e-01
6.164296907916667260e+04 4.204205513000488281e+00 3.228457272052764893e-01 3.894513249397277832e-01
6.164299565716666984e+04 4.156944274902343750e+00 3.551957905292510986e-01 1.680536940693854939e-02
6.164302227116667200e+04 3.816113710403441939e+00 1.082054138183593972e+00 -1.025347635149956027e-01
6.164304885216667026e+04 3.705115079879761186e+00 9.434481263160705566e-01 1.843078434467316021e-02
6.164307546316667140e+04 3.449565172195435014e+00 3.391868472099304199e-01 2.415675073862076083e-01
6.164310204416666966e+04 3.191887378692626953e+00 -2.454478144645690918e-01 4.560197889804840088e-01
6.164312862516666792e+04 2.873933553695679155e+00 -5.890165567398071289e-01 8.514788746833801270e-01
6.164315523616666906e+04 2.660433769226074219e+00 -8.835775256156921387e-01 1.088701605796813965e+00
6.164318181716666732e+04 2.836128234863280806e+00 -1.104291081428528054e+00 6.948201656341552734e-01
6.164320842916666879e+04 3.834362268447875977e+00 -8.703266382217407227e-01 -4.298484325408936102e-01
6.164323501316666807e+04 5.022736072540283203e+00 -2.993365824222565252e-01 -1.710433244705199973e+00
6.164326159016667225e+04 5.748254776000976562e+00 -2.232906669378280917e-01 -2.158742189407349077e+00
6.164328820216666645e+04 5.832543849945068359e+00 -4.599456787109375000e-01 -2.355478286743164062e+00
6.164331478216667165e+04 5.394568920135498047e+00 -1.027722001075745073e+00 -2.666963577270507812e+00
6.164334137816666771e+04 4.771713256835938388e+00 -1.198185801506042036e+00 -2.637042522430419922e+00
6.164336797416667105e+04 3.737131118774414062e+00 -5.725851058959960938e-01 -1.761110663414001021e+00
6.164339455516666931e+04 2.248827219009398970e+00 -1.298079043626785001e-01 -7.540041804313659668e-01
6.164342114616667095e+04 1.060201406478882058e+00 5.060864090919494629e-01 -3.964704871177672785e-01
6.164344774716666871e+04 3.455890715122222900e-01 1.009871602058411089e+00 -8.572170138359069824e-01
6.164347432816666696e+04 -1.179175525903702060e-01 1.008513569831847922e+00 -1.359299540519713911e+00
6.164350092416667030e+04 -5.739374756813049316e-01 4.253399968147277832e-01 -1.617120385169982910e+00
6.164352752016666636e+04 -1.110748529434204102e+00 -1.634310036897659024e-01 -1.796139121055603027e+00
6.164355410087500059e+04 -1.804474353790282981e+00 -5.032966136932373047e-01 -1.794847369194030984e+00
6.164358068187501340e+04 -2.432438135147095171e+00 -4.574048817157744806e-01 -1.684652447700500044e+00
6.164360726187499677e+04 -2.924765348434447798e+00 -1.951432973146438876e-01 -1.484705209732056108e+00
6.164363387387501280e+04 -3.148996591567993164e+00 1.719639599323272983e-01 -1.195822834968566895e+00
6.164366045387500344e+04 -2.824209451675415039e+00 6.291407346725463867e-01 -1.105187416076659934e+00
6.164368706587499764e+04 -9.063111543655395508e-01 1.200116753578186035e+00 -5.471674203872680664e-01
6.164371364687500318e+04 2.440577030181885210e+00 1.679764389991760032e+00 3.186771273612976074e-01
6.164374022687500110e+04 4.727403163909912109e+00 1.361448884010314941e+00 7.118101119995117188e-01
6.164376683887500258e+04 4.981338977813720703e+00 1.157525897026062012e+00 1.117474317550658958e+00
6.164379341987500084e+04 4.407165527343750000e+00 6.394113302230834961e-01 1.239091157913208008e+00
6.164382002687500062e+04 3.378317594528197798e+00 1.222470626235007962e-01 8.611086010932922363e-01
6.164384661187500024e+04 1.205964565277100053e+00 -3.443128466606140137e-01 -1.298649162054061890e-01
6.164387319287501305e+04 -9.243755936622619629e-01 -5.641675591468811035e-01 -6.440483331680297852e-01
6.164389978787500149e+04 -1.680559754371643066e+00 -1.284672141075134055e+00 -9.737218022346496582e-01
6.164392638287499722e+04 -1.768110752105712891e+00 -1.443224310874938965e+00 -8.305065035820007324e-01
6.164395299587501358e+04 -1.183213829994202104e+00 -1.164016008377074973e+00 -5.490678548812866211e-01
6.164397957687499729e+04 -5.188270211219787598e-01 -9.704688191413879395e-01 -4.617396593093872070e-01
6.164400614687500638e+04 -1.341428905725479126e-01 -9.460616111755371094e-01 -3.422118127346038818e-01
6.164403276887499669e+04 8.704358711838722229e-03 -9.291469454765319824e-01 -1.034609600901603976e-01
6.164405934987500223e+04 3.171252831816673279e-02 -9.270727634429931641e-01 1.870518177747725885e-01
6.164408593387500150e+04 1.092414855957030972e-01 -9.764713644981384277e-01 4.282474219799041748e-01
6.164411254187500163e+04 1.627668440341948908e-01 -9.029748439788818359e-01 6.208854317665100098e-01
6.164413911887501308e+04 2.042344510555267056e-01 -6.774929761886596680e-01 7.319107651710510254e-01
6.164416573387500102e+04 2.199216037988662997e-01 -3.472265601158142090e-01 8.542704582214355469e-01
6.164419231487500656e+04 2.518332898616790771e-01 -3.973995149135590293e-02 8.817243576049804688e-01
6.164421889587499754e+04 3.274196982383728027e-01 1.332761347293854037e-01 6.297490596771240234e-01
6.164424550687501323e+04 1.846173554658890048e-01 -1.962300091981888095e-01 1.637033671140671054e-01
6.164427208187500219e+04 -2.817638516426085871e-01 -5.940933227539062500e-01 -1.222574338316917003e-01
6.164429869887501263e+04 -7.872897982597351074e-01 -7.786196470260620117e-01 -3.135107159614562988e-01
6.164432527987500362e+04 -1.145681023597717063e+00 -7.945492863655090332e-01 -3.511752784252166748e-01
6.164435186087500188e+04 -1.185474276542664018e+00 -7.428408861160278320e-01 -1.870759725570678988e-01
6.164437847187500302e+04 -7.013456225395202637e-01 -5.604019761085510254e-01 1.609032042324542999e-03
6.164440505287500127e+04 -8.744914084672927856e-02 -3.832572102546691895e-01 6.186835840344429016e-02
6.164443162787499750e+04 4.471475183963776190e-01 -2.259092479944229126e-01 4.364711418747901917e-02
6.164445824487500067e+04 8.234761953353881836e-01 -6.458707898855209351e-02 1.580407656729220997e-02
6.164448482587501348e+04 9.362536668777465820e-01 1.273600906133652011e-01 3.846329823136330345e-02
6.164451141687500058e+04 9.900996685028076172e-01 3.226871192455291748e-01 3.508624807000160217e-02
6.164453801787501288e+04 9.225481748580932617e-01 4.022158980369567871e-01 -6.153287831693887711e-03
6.164456462887500675e+04 8.893910646438598633e-01 2.384162545204162875e-01 -4.067170899361371994e-03
6.164459122187500179e+04 8.146063685417175293e-01 1.695272698998450886e-02 1.115894913673401018e-01
6.164461779087500327e+04 6.879891157150268555e-01 -3.360408125445247130e-03 2.890085279941558838e-01
6.164464440187499713e+04 7.052518129348754883e-01 -1.267480254173279086e-01 4.802711606025695801e-01
6.164467098287500266e+04 3.194344043731688898e-01 -1.198500469326972961e-01 5.032750368118286133e-01
6.164469759387499653e+04 9.909573197364807129e-02 -3.219294846057891846e-01 2.518165409564971924e-01
6.164472417487500206e+04 -1.242629885673522949e-01 -3.473575413227080744e-01 -1.425509434193373073e-02
6.164475075587500032e+04 -3.520809113979340155e-01 -3.307230472564697266e-01 -2.171927094459533969e-01
6.164477736287500011e+04 -4.570509195327758789e-01 -3.057778477668762207e-01 -2.668597698211669922e-01
6.164480394387501292e+04 -3.315669596195220947e-01 -3.052371442317963202e-01 -1.977036148309707919e-01
6.164483055887500086e+04 -8.269075304269790649e-02 -2.933883368968964178e-01 -1.314601004123688022e-01
6.164485713987500640e+04 1.635717414319514881e-02 -2.960920929908751886e-01 -6.418970972299575806e-02
6.164488372087499738e+04 -1.094062700867653032e-01 -3.075582087039948065e-01 -1.076535135507584034e-01
6.164491033187501307e+04 -4.474103450775145929e-01 -3.204712569713593084e-01 -2.159653604030609131e-01
6.164493690487500135e+04 -7.589313983917236328e-01 -3.453119993209838867e-01 -4.216257333755493164e-01
6.164496352487501281e+04 -9.021625518798828125e-01 -3.528693914413452148e-01 -4.835327267646790106e-01
6.164499010487500345e+04 -8.403414487838745117e-01 -3.253726661205291748e-01 -3.978990912437438965e-01
6.164501668987500307e+04 -7.080456018447875977e-01 -2.791400551795958918e-01 -2.313962578773499090e-01
6.164504329687500285e+04 -6.429882645606994629e-01 -1.935787051916121881e-01 -3.876151889562606812e-02
6.164506987787500111e+04 -6.041641235351562500e-01 -1.203549876809120039e-01 3.055468574166297913e-02
6.164509647987500648e+04 -5.489274263381958008e-01 4.805475007742643356e-03 -2.236967347562313080e-02
6.164512306987500051e+04 -4.404723346233367920e-01 8.611167967319488525e-02 -6.979867815971374512e-02
6.164514965087501332e+04 -1.823824048042297086e-01 1.236045584082603038e-01 1.578851230442523956e-02
6.164517626287500025e+04 2.104073017835617065e-01 1.848198324441910068e-01 1.692875772714614868e-01
6.164520284287501272e+04 6.340969800949096680e-01 2.834230065345764160e-01 3.092577457427979071e-01
6.164522942387499643e+04 1.017047524452209029e+00 4.182389080524445135e-01 4.207202792167664129e-01
6.164525603587501246e+04 1.290318727493285911e+00 6.078360676765441895e-01 5.542698502540588379e-01
6.164528261587500310e+04 1.473149657249450906e+00 6.042295098304748535e-01 7.495012879371643066e-01
6.164530921687500086e+04 1.421402812004088911e+00 1.246054396033287048e-01 8.365232944488525391e-01
6.164533580787500250e+04 1.192253947257996050e+00 -4.517139494419097900e-01 8.192998766899108887e-01
6.164536238887500076e+04 8.579820394515991211e-01 -5.534678697586059570e-01 6.078979969024658203e-01
6.164538900087500224e+04 6.056385040283203125e-01 -4.919537603855133057e-01 4.703820049762725830e-01
6.164541558087500016e+04 4.519118666648864746e-01 -3.127509057521820068e-01 4.315666556358336847e-01
6.164544217687500350e+04 1.900832653045654019e-01 -1.044140532612801014e-01 1.636873930692673007e-01
6.164546877387500717e+04 5.390260368585587242e-02 5.692649260163307190e-02 3.726372867822647095e-02
6.164549535387501237e+04 5.799647420644760132e-02 5.891357362270355225e-02 -5.422599241137505272e-02
6.164552193887499743e+04 2.214029803872108113e-02 3.481531515717505715e-02 -3.837193548679351807e-01
6.164554854687499756e+04 5.025269836187362671e-02 2.359661161899566928e-01 -5.642145276069641113e-01
6.164557515787501325e+04 6.433818340301513672e-01 4.169293344020844061e-01 -2.723086476325988770e-01
6.164560173587500321e+04 1.092008471488953081e+00 6.331622004508972168e-01 2.111686468124389926e-01
6.164562831887500215e+04 8.000579476356506348e-01 4.132275581359862726e-01 6.474618911743164062e-01
6.164565493087500363e+04 8.531881868839263916e-02 1.696203202009201050e-01 6.943366527557373047e-01
6.164568151187500189e+04 -5.986160039901733398e-01 -8.928594738245010376e-02 4.487054049968718927e-01
6.164570812287500303e+04 -1.145829439163208008e+00 -3.029634654521942139e-01 1.548832058906554898e-01
6.164573470387500129e+04 -1.525427937507628950e+00 -4.636744856834412176e-01 2.653400041162968029e-02
6.164576128487500682e+04 -1.626151204109191895e+00 -4.729381799697875977e-01 2.714444138109683990e-02
6.164578789587500069e+04 -1.476477146148682085e+00 -4.556533098220825195e-01 9.513080120086669922e-02
6.164581447687501350e+04 -1.161238789558411089e+00 -3.960849344730377197e-01 1.187980324029922069e-01
6.164584108787500736e+04 -8.440764546394348145e-01 -3.186169266700745184e-01 3.377452120184897683e-02
6.164586766887501290e+04 -6.588802933692932129e-01 -2.401289194822311124e-01 -6.664942950010299683e-02
6.164589424987499660e+04 -5.387167334556579590e-01 -8.458793908357620239e-02 -2.059665322303771973e-01
6.164592086087501229e+04 -4.830289483070374090e-01 -7.374541833996772766e-03 -2.805308103561400812e-01
6.164594744187500328e+04 -5.373818278312683105e-01 2.310666739940643033e-01 -4.008203446865081787e-01
6.164597405287499714e+04 -6.403385400772094727e-01 3.475113809108734131e-01 -5.608861446380615234e-01
6.164600063387500268e+04 -7.202535271644592285e-01 3.645708858966826837e-01 -6.298548579216003418e-01
6.164602721587500127e+04 -7.179642915725708008e-01 3.484884500503540039e-01 -6.516927480697631836e-01
6.164605382587500208e+04 -7.372625470161437988e-01 3.293310999870299738e-01 -6.211926341056823730e-01
6.164608040687500034e+04 -7.542304992675781250e-01 4.175794124603270929e-01 -7.097341418266296387e-01
6.164610700887501298e+04 -8.410205245018005371e-01 3.877804577350615900e-01 -8.626188635826110840e-01
6.164613359887500701e+04 -1.098911881446837935e+00 4.073449671268463135e-01 -1.077976942062377930e+00
6.164616017987501255e+04 -1.277659535408020020e+00 4.564824998378754217e-01 -1.508951663970947044e+00
6.164618677987500269e+04 -1.092800378799438032e+00 3.465649485588073730e-01 -1.776621580123900923e+00
6.164621337187499739e+04 -7.136530280113220215e-01 1.719988733530045111e-01 -1.448400974273682085e+00
6.164623995287500293e+04 -5.884673595428466797e-01 1.249193400144577026e-01 -7.591432929039001465e-01
6.164626656387499679e+04 -5.349792242050170898e-01 3.391126170754432678e-02 -3.079824447631835938e-01
6.164629314487500233e+04 -2.771548330783843994e-01 -5.299312621355056763e-02 -6.167588755488395691e-02
6.164631975587500347e+04 7.491671293973922729e-02 6.325341761112213135e-02 1.692699640989303866e-01
6.164634634987501340e+04 4.448698163032531738e-01 3.274888992309569757e-01 3.676315546035767157e-01
6.164637291787500726e+04 7.728632092475891113e-01 6.152979731559753418e-01 4.557522237300872803e-01
6.164639952887500112e+04 9.379244446754455566e-01 8.304085135459899902e-01 3.736816346645355225e-01
6.164642610987500666e+04 8.525360822677612305e-01 8.728479146957397461e-01 1.934830695390701016e-01
6.164645272087500052e+04 6.295315623283386230e-01 8.046448230743408203e-01 -3.326047584414482117e-02
6.164647930187501333e+04 4.256725311279296875e-01 6.247204542160034180e-01 -2.005724608898163119e-01
6.164650588287499704e+04 1.610028594732285101e-01 4.629292488098145086e-01 -1.097586825489998003e-01
6.164653248487500241e+04 4.596827179193496704e-02 3.172570466995239258e-01 5.766324698925018311e-02
6.164655907487499644e+04 -4.109784588217735291e-02 1.919876635074614923e-01 2.397025972604751864e-01
6.164658568587499758e+04 -1.568512171506881991e-01 1.482532620429992953e-01 4.247747659683228094e-01
6.164661226987499685e+04 -2.839941680431365967e-01 1.508268266916275024e-01 5.019940137863159180e-01
6.164663884787500137e+04 -3.890275657176970880e-01 1.122015118598937988e-01 5.039906501770019531e-01
6.164666545887500251e+04 -4.457813799381256104e-01 9.966278076171875000e-02 4.927257001399993896e-01
6.164669203587500670e+04 -3.771137297153472900e-01 1.375697702169418057e-01 4.599945247173308771e-01
6.164671865087500191e+04 -2.741084396839141846e-01 2.731834053993225098e-01 4.658818244934082031e-01
6.164674523187500017e+04 -1.896227598190307895e-01 4.275324642658234198e-01 4.751755297183989923e-01
6.164677181287501298e+04 -1.194337680935859958e-01 4.713262915611267090e-01 3.923838734626770020e-01
6.164679842387500685e+04 -1.545852720737456998e-01 2.980220317840576172e-01 1.736902445554732999e-01
6.164682500487501238e+04 -2.573471367359160822e-01 -9.301980957388877869e-03 -1.031226441264152943e-01
6.164685161687500658e+04 -4.082438945770264227e-01 -1.816179603338242132e-01 -2.811125814914702814e-01
6.164687819687499723e+04 -4.003436267375946045e-01 -3.222711384296417236e-01 -4.301102459430695135e-01
6.164690477787500276e+04 -2.055296152830123901e-01 -3.459159135818480890e-01 -5.653005242347717285e-01
6.164693138987499697e+04 1.022815853357315063e-01 -3.039905726909636896e-01 -6.806505918502807617e-01
6.164695796987500216e+04 4.300429522991179865e-01 -4.058823585510253906e-01 -7.790578007698059082e-01
6.164698458187499637e+04 5.979564189910888672e-01 -5.543915033340454102e-01 -6.769081950187683105e-01
6.164701116187500156e+04 5.151703953742980957e-01 -4.927342832088469904e-01 -3.728555142879486084e-01
6.164703775287500321e+04 2.876854240894318182e-01 -4.332774281501770020e-01 -3.437340632081031799e-02
6.164706435487500130e+04 1.651918292045592984e-01 -5.039820671081542969e-01 1.385273188352585116e-01
6.164709093487500650e+04 5.084756389260292053e-02 -4.793083369731903076e-01 2.669361531734467108e-01
6.164711752087500645e+04 -7.808502763509750366e-02 -3.687625229358673096e-01 3.397668004035950262e-01
6.164714412787501351e+04 -1.501249521970748901e-01 -1.072224974632263045e-01 3.790332078933715820e-01
6.164717070787499688e+04 -7.712232321500778198e-02 9.488089382648468018e-02 3.183961808681488037e-01
6.164719731087500259e+04 6.313367187976837158e-02 1.914565861225127896e-01 2.430472373962402066e-01
6.164722390087499662e+04 1.040990501642227034e-01 1.511765420436859131e-01 1.728368103504180908e-01
6.164725048087500181e+04 3.816189989447593689e-02 1.179499924182891984e-01 1.640776544809340876e-01
6.164727709287500329e+04 -1.304411441087723056e-01 3.619479387998580933e-02 1.464158743619919101e-01
6.164730367287500121e+04 -2.775897383689879816e-01 -1.122397258877753934e-01 1.135029196739197055e-01
6.164733028087500134e+04 -3.967613279819489081e-01 -1.652692854404448908e-01 1.313615292310714999e-01
6.164735686587500095e+04 -3.928802311420441229e-01 -2.329220771789551059e-01 1.025787666440009932e-01
6.164738344587501342e+04 -3.168503642082213800e-01 -2.087289392948150912e-01 4.560902714729309082e-02
6.164741005787500035e+04 -2.315141111612319946e-01 -1.552302092313765924e-01 -1.759035163559019999e-03
6.164743663887501316e+04 -2.299205660820007047e-01 -2.030322253704071045e-01 1.199501473456620997e-02
6.164746324987500702e+04 -3.328063786029816229e-01 -3.224575221538544256e-01 6.212433055043221214e-02
6.164748983087501256e+04 -4.494010210037230890e-01 -4.329883456230164129e-01 1.255323439836502075e-01
6.164751641087500320e+04 -4.673994779586791992e-01 -4.459359049797058105e-01 1.779661625623703003e-01
6.164754301787500299e+04 -3.925661444664000910e-01 -3.342465162277222235e-01 2.106656283140181940e-01
6.164756960387500294e+04 -2.292790859937668124e-01 -2.059433907270432074e-01 1.889389753341675082e-01
6.164759621487499680e+04 -5.544853955507277748e-02 -1.220541596412658969e-01 1.541283279657363892e-01
6.164762279787500302e+04 8.177624642848968506e-02 -4.986077174544333718e-02 1.021019816398621022e-01
6.164764937687500060e+04 1.244144290685653964e-01 4.346721805632114410e-03 4.830426722764968872e-02
6.164767598787500174e+04 1.378055512905121127e-01 3.817073255777359009e-02 -1.652389578521252025e-02
6.164770257887500338e+04 1.446994990110397061e-01 6.487040221691131592e-02 -5.569649115204811096e-02
6.164772917987500114e+04 1.438811421394347867e-01 8.691424876451492310e-02 -6.805976480245590210e-02
6.164775576087500667e+04 1.315346211194992065e-01 9.814948588609695435e-02 -7.431437075138092041e-02
6.164778233987499698e+04 1.112483441829680980e-01 8.869751542806625366e-02 -7.316650450229644775e-02
6.164780895287501335e+04 7.192671298980712891e-02 6.726534664630889893e-02 -8.425572514533996582e-02
6.164783553387499705e+04 2.881670743227005005e-02 4.844355583190917969e-02 -7.464530318975448608e-02
6.164786214487501275e+04 7.300040218979120255e-03 4.652646556496620178e-02 -3.817406296730042198e-02
6.164788872587499645e+04 3.227600827813147805e-02 4.117434471845626831e-02 -3.546182066202163696e-02
6.164791530687500199e+04 3.590480983257293701e-02 3.250267356634140015e-02 -4.147411137819290161e-02
6.164794191387500177e+04 1.318832114338874990e-02 3.053041733801364899e-02 -2.574204467236996044e-02
6.164796851587500714e+04 3.056778572499752045e-02 2.171764522790909160e-02 -9.699651971459388733e-03
6.164799510987500253e+04 6.193690747022628784e-02 1.745508611202239990e-02 -1.921084150671958923e-02
6.164802169087500079e+04 7.440645992755889893e-02 9.821557439863681793e-03 -3.249341994524002075e-02
6.164804827187501360e+04 4.889280721545218727e-02 -1.309409923851490021e-02 -4.714880511164665222e-02
6.164807488287500018e+04 2.969691529870032830e-03 -5.031924694776535034e-02 -4.964363574981688759e-02
6.164810146387501300e+04 -8.923592977225780487e-03 -7.948267459869384766e-02 -3.488219156861305237e-02
6.164812805887500144e+04 2.845167368650436054e-02 -9.226953238248825073e-02 -5.256330594420433044e-03
6.164815464287500072e+04 6.711048632860183716e-02 -1.051178500056267062e-01 1.583383232355118145e-02
6.164818123687500338e+04 8.952341973781585693e-02 -1.140315979719161987e-01 3.068433888256549835e-02
6.164820783387500705e+04 1.019646674394607960e-01 -1.203651428222655972e-01 3.324827551841735840e-02
6.164823442887500278e+04 1.343559920787811002e-01 -1.419327408075332919e-01 -1.778429956175386906e-03
6.164826103587500256e+04 1.831650584936141968e-01 -1.626494973897933960e-01 -5.622266232967376709e-02
6.164828760587499710e+04 2.465403079986571988e-01 -2.143585830926894864e-01 -1.262304484844208041e-01
6.164831420187500044e+04 2.734153270721436102e-01 -2.665963470935822088e-01 -1.830583661794661920e-01
6.164834081287500157e+04 2.891771197319030762e-01 -3.025567531585692804e-01 -2.083395123481749933e-01
6.164836739387500711e+04 3.127524256706237793e-01 -3.201668858528137207e-01 -2.141650468111037930e-01
6.164839400487500097e+04 3.634135127067565918e-01 -2.951996028423308771e-01 -1.920304298400878906e-01
6.164842058587500651e+04 4.423885047435759943e-01 -2.314107418060303012e-01 -1.553248316049576083e-01
6.164844716687499749e+04 5.255660414695739746e-01 -1.431401371955872137e-01 -1.138740181922913014e-01
6.164847377787501318e+04 6.090553998947143555e-01 -4.147242009639739990e-02 -9.447626769542694092e-02
6.164850035887499689e+04 6.971128582954406738e-01 3.056012652814387928e-02 -1.004712581634521068e-01
6.164852693987500243e+04 7.738476395606994629e-01 1.015534400939940990e-01 -1.089710220694541931e-01
6.164855353166667192e+04 8.432182669639587402e-01 1.862719208002089899e-01 -9.443388879299163818e-02
6.164858011266667017e+04 9.223761558532714844e-01 2.598662376403809149e-01 -5.901401489973068237e-02
6.164860672466667165e+04 9.737129211425781250e-01 3.228767216205596924e-01 -3.102847002446651112e-02
6.164863330166666856e+04 9.768224358558654785e-01 3.584724664688109796e-01 -1.416283845901489084e-02
6.164865988566666783e+04 9.379909038543701172e-01 3.665375113487244207e-01 -9.594608098268508911e-03
6.164868649666666897e+04 8.839362859725952148e-01 3.637503385543823242e-01 -2.335677668452262878e-02
6.164871306366666977e+04 8.396311998367309570e-01 3.385681509971619207e-01 -6.984588503837585449e-02
6.164873968966666871e+04 7.937040328979492188e-01 2.849884927272797186e-01 -1.649587601423264105e-01
6.164876626966666663e+04 7.442129850387573242e-01 2.425063550472260077e-01 -2.613907754421234131e-01
6.164879286066666828e+04 7.339596748352050781e-01 2.240963280200957974e-01 -3.052574694156646729e-01
6.164881944266666687e+04 7.589994072914123535e-01 2.174912840127944946e-01 -3.123651146888732910e-01
6.164884604266667156e+04 7.877680659294128418e-01 2.108776867389678955e-01 -3.060289323329926092e-01
6.164887265466667304e+04 8.052516579627990723e-01 2.069481462240219116e-01 -2.936760783195496161e-01
6.164889923566667130e+04 7.784250974655151367e-01 1.852950006723403931e-01 -2.973151803016663153e-01
6.164892581566666922e+04 6.886543035507202148e-01 1.536920517683028897e-01 -3.123342096805573065e-01
6.164895242766667070e+04 5.531550049781799316e-01 9.842989593744277954e-02 -3.128311336040496826e-01
6.164897900766666862e+04 4.163405001163483221e-01 4.452605545520781777e-02 -2.853237986564636230e-01
6.164900559266666824e+04 3.086319863796234131e-01 2.406756859272717996e-03 -2.527821958065032959e-01
6.164903220066666836e+04 2.047938555479049960e-01 -3.362948074936866760e-02 -2.165824770927428922e-01
6.164905878066667356e+04 8.488032966852188110e-02 -5.843002349138259888e-02 -1.989160180091857910e-01
6.164908539266666776e+04 -4.991709440946578979e-02 -7.695058733224868774e-02 -2.082317173480988104e-01
6.164911197366667329e+04 -1.441753655672073087e-01 -7.903574407100677490e-02 -2.234865725040436069e-01
6.164913858266666648e+04 -2.261074185371398926e-01 -9.358444809913635254e-02 -2.336962372064589899e-01
6.164916516566667269e+04 -3.200935125350952148e-01 -1.496526598930358887e-01 -2.485909909009932917e-01
6.164919176166666875e+04 -4.330237209796906073e-01 -2.052508294582366943e-01 -2.318937778472900113e-01
6.164921835166667006e+04 -5.137365460395812988e-01 -2.109599858522414884e-01 -1.787111610174179077e-01
6.164924493866667035e+04 -5.591785311698913574e-01 -2.111241668462753018e-01 -1.180099397897720059e-01
6.164927154966667149e+04 -6.582986712455749512e-01 -1.894467473030090054e-01 -4.805111885070800781e-02
6.164929814166667347e+04 -7.972123026847839355e-01 -1.437446177005768100e-01 2.514330856502056122e-02
6.164932471166666801e+04 -8.763554692268371582e-01 -1.323064863681792935e-01 7.822254300117492676e-02
6.164935132266666915e+04 -8.284786939620971680e-01 -1.793769598007201871e-01 1.691383272409439087e-01
6.164937791166667012e+04 -6.148995161056518555e-01 -2.316634804010390958e-01 2.965748608112335205e-01
6.164940451466666855e+04 -6.076737046241760254e-01 -3.214347660541533869e-01 2.764782607555388849e-01
6.164943109566666681e+04 -7.632831931114196777e-01 -4.702012538909912109e-01 1.349021792411803922e-01
6.164945769766667217e+04 -9.232437610626220703e-01 -5.707679390907287598e-01 5.764019489288330078e-02
6.164948428766667348e+04 -8.876857161521911621e-01 -6.167104840278625488e-01 7.526323199272155762e-02
6.164951086866667174e+04 -7.290523648262023926e-01 -5.972981452941894531e-01 1.042533293366432051e-01
6.164953745466667169e+04 -6.455541253089904785e-01 -4.994188249111176092e-01 9.928045421838760376e-02
6.164956406066667114e+04 -6.045824289321899414e-01 -3.985482752323151190e-01 4.520214349031447670e-02
6.164959064166666940e+04 -5.367958545684814453e-01 -3.435402512550354004e-01 -8.393131196498870850e-03
6.164961725266667054e+04 -4.146413505077362061e-01 -3.284616172313690186e-01 4.521844908595085144e-03
6.164964382866666710e+04 -2.665370404720305841e-01 -3.308407366275786798e-01 5.798757448792458274e-02
6.164967043366667349e+04 -1.504785269498825073e-01 -3.682537674903870184e-01 1.065919026732445041e-01
6.164969702566666820e+04 -1.101406291127205034e-01 -4.315501153469086248e-01 1.024008765816688954e-01
6.164972359366666933e+04 -1.752910465002059937e-01 -4.905528128147125244e-01 9.381815046072006226e-02
6.164975021766666760e+04 -2.873488068580626886e-01 -5.020969510078430176e-01 8.826789259910583496e-02
6.164977679866667313e+04 -3.605787456035614014e-01 -4.530062973499298096e-01 7.769378274679183960e-02
6.164980340166667156e+04 -3.193646371364594061e-01 -3.336067795753479004e-01 5.399549379944801331e-02
6.164982999066667253e+04 -1.493036299943923950e-01 -1.696249097585678101e-01 8.454252034425735474e-02
6.164985656666666910e+04 1.051577553153038025e-01 1.018383540213108063e-02 1.472684741020202914e-01
6.164988317866667057e+04 3.215519189834594727e-01 1.023604944348334989e-01 2.164225578308104914e-01
6.164990976366667019e+04 3.982433676719666082e-01 1.884191781282424927e-01 2.944707274436951239e-01
6.164993637466667133e+04 3.447628915309906006e-01 3.038398623466492254e-01 3.836325109004973810e-01
6.164996295566666959e+04 2.575103342533112127e-01 4.284474253654479980e-01 4.737283885478972834e-01
6.164998953666666785e+04 2.093466371297836026e-01 4.922867417335510254e-01 5.718084573745727539e-01
6.165001614766666899e+04 -3.142383694648742676e-02 5.235379934310913086e-01 5.760966539382934570e-01
6.165004273966667097e+04 -4.007429480552672785e-01 3.062143027782440186e-01 4.481917023658751886e-01
6.165006933966666838e+04 -4.997512102127075195e-01 9.270697087049484253e-02 3.184031844139099121e-01
6.165009592066666664e+04 -4.581120610237122137e-01 7.411050051450729370e-02 1.589773744344711026e-01
6.165012250166667218e+04 -5.008621215820312500e-01 1.159155741333960932e-01 5.908433347940444946e-03
6.165014911266667332e+04 -5.375460386276245117e-01 8.544968813657760620e-02 -9.661810100078582764e-02
6.165017569366667158e+04 -4.753558039665222168e-01 4.875810816884040833e-02 -1.008399724960327010e-01
6.165020227466666984e+04 -2.751467525959014893e-01 8.867312967777252197e-02 1.613510586321353912e-02
6.165022885866666911e+04 -3.065143153071403850e-02 1.449892818927764893e-01 1.345167160034179965e-01
6.165025546666666924e+04 1.475077271461487094e-01 1.384484022855758945e-01 1.991908103227615079e-01
6.165028207866667071e+04 1.125910878181457936e-01 2.143400534987449993e-02 2.326763272285460871e-01
6.165030864766667219e+04 -9.130895882844924927e-02 -2.032175958156585971e-01 2.193877846002579013e-01
6.165033523966666689e+04 -3.075575828552246094e-01 -3.454209566116333008e-01 2.140101194381713867e-01
6.165036185066666803e+04 -4.446181356906890869e-01 -4.153317511081696112e-01 2.269812822341918945e-01
6.165038843166667357e+04 -5.201075077056884766e-01 -4.888476729393004816e-01 2.245261520147323886e-01
6.165041503266667132e+04 -6.063048839569091797e-01 -5.328218936920166016e-01 2.010627388954162875e-01
6.165044162366667297e+04 -6.559301614761352539e-01 -5.013844966888427734e-01 1.761225014925003052e-01
6.165046820466667123e+04 -5.934677720069885254e-01 -3.897510766983032227e-01 1.452969908714293878e-01
6.165049481666667270e+04 -4.765703678131104071e-01 -1.996292024850845059e-01 4.599048197269439697e-02
6.165052139666667063e+04 -4.626185297966002863e-01 1.295714378356933871e-01 -8.542668819427490234e-02
6.165054800866667210e+04 -5.449942946434020996e-01 4.176030755043029785e-01 -2.001319229602813998e-01
6.165057458966667036e+04 -7.138993144035339355e-01 4.535345733165740967e-01 -2.393175661563873013e-01
6.165060117366666964e+04 -6.218705773353576660e-01 4.243153035640717108e-01 -9.576354920864105225e-02
6.165062778166666976e+04 1.232329905033111989e-01 8.030317723751068115e-02 -1.287028566002845938e-02
6.165065436166666768e+04 2.874814271926879883e-01 4.180589690804482374e-03 7.535395026206970215e-02
6.165068097366666916e+04 -1.007296144962310964e-02 4.054777324199677208e-02 1.804942637681961060e-01
6.165070755966666911e+04 -3.660405874252318781e-01 -3.644251823425292969e-02 2.176743894815444946e-01
6.165073415066667076e+04 -5.079779624938964844e-01 -2.451250106096267978e-01 1.778517067432404120e-01
6.165076074666666682e+04 -5.415411591529846191e-01 -2.998973131179810125e-01 1.413901299238204956e-01
6.165078732766667235e+04 -5.346211194992065430e-01 -2.719766497612000067e-01 1.009894311428070068e-01
6.165081392066666740e+04 -4.874229133129119873e-01 -2.524145245552062988e-01 -6.190177518874406815e-03
6.165084051966667175e+04 -4.092936515808104914e-01 -2.641765177249907892e-01 -1.385769397020339966e-01
6.165086710066667001e+04 -3.051213920116425116e-01 -2.822043895721436102e-01 -1.951052248477936069e-01
6.165089371366667183e+04 -1.766994297504425049e-01 -2.684732973575592041e-01 -1.845795661211014072e-01
6.165092029266666941e+04 1.052827015519141977e-02 -1.931169778108597079e-01 -1.459943652153015137e-01
6.165094690366667055e+04 1.995818763971329013e-01 -1.960767060518265117e-02 -1.044035404920578003e-01
6.165097348466666881e+04 3.446848094463347834e-01 1.558963656425476074e-01 -6.433890014886856079e-02
6.165100006566666707e+04 4.517168104648590088e-01 1.801126301288605014e-01 1.429769676178693945e-02
6.165102667666666821e+04 4.838404357433319092e-01 1.740258634090423862e-01 1.450598388910294134e-01
6.165105325766666647e+04 4.311168491840363104e-01 2.700047194957733154e-01 2.807178497314453125e-01
6.165107986866666761e+04 3.841856122016906738e-01 4.000319540500640869e-01 3.685922324657440186e-01
6.165110644966667314e+04 4.273720085620880127e-01 4.376233816146851141e-01 4.430542290210723877e-01
6.165113303066667140e+04 2.605847120285034180e-01 5.100526809692382812e-01 3.414176106452941895e-01
6.165115964166667254e+04 1.228418350219726979e-01 2.219355702400208075e-01 1.057213246822357039e-01
6.165118622266667080e+04 4.388877749443054199e-02 -1.569285392761229914e-01 -1.655825823545455933e-01
6.165121283366667194e+04 4.913473874330521324e-02 -9.744513034820556641e-02 -2.903876602649689276e-01
6.165123939966667240e+04 2.229652106761932095e-01 1.225813850760460039e-01 -3.346106708049774170e-01
6.165126600966667320e+04 5.447022914886474609e-01 2.554580569267272949e-01 -3.540884256362915039e-01
6.165129260666666960e+04 8.412426710128784180e-01 3.289867043495178223e-01 -2.989170849323273260e-01
6.165131920066667226e+04 9.909614324569702148e-01 3.424326181411743164e-01 -2.675065994262694757e-01
6.165134579866666900e+04 9.863381981849670410e-01 2.984184026718140204e-01 -2.513843178749083918e-01
6.165137237966666726e+04 8.826023340225219727e-01 1.922763586044312079e-01 -2.538112699985504150e-01
6.165139897566667059e+04 6.981759071350097656e-01 7.284305989742279053e-02 -2.542476356029509943e-01
6.165142557166666666e+04 5.025790333747863770e-01 3.720608726143836975e-02 -2.138328105211257935e-01
6.165145216366666864e+04 3.970870077610015869e-01 6.038021296262741089e-02 -1.073247566819190979e-01
6.165147876366667333e+04 3.227460086345673163e-01 1.319354772567749023e-01 -3.387153893709182739e-02
6.165150534466667159e+04 2.100581675767899115e-01 1.446855217218399048e-01 -9.814975410699844360e-02
6.165153192566666985e+04 5.215940251946449280e-02 1.468741893768311102e-01 -2.358626276254653931e-01
6.165155853666667099e+04 -1.675566285848618109e-01 2.116471827030181885e-01 -3.378011882305145264e-01
6.165158511766666925e+04 -3.443360924720764160e-01 2.917181849479674738e-01 -4.151539504528046209e-01
6.165161172866667039e+04 -4.226665198802947998e-01 3.196119964122772217e-01 -5.256657600402832031e-01
6.165163829766667186e+04 -4.274127483367919922e-01 3.432095646858214777e-01 -4.782716333866118830e-01
6.165166489066666691e+04 6.290512531995773315e-02 6.019155383110046387e-01 -2.168481796979903897e-01
6.165169150166666805e+04 6.374071240425109863e-01 6.253738999366760254e-01 -1.106894761323928972e-01
6.165171808266667358e+04 8.212185502052307129e-01 4.784588217735291082e-01 1.416221261024475098e-01
6.165174468866667303e+04 6.456731557846069336e-01 3.914652466773986816e-01 3.032968640327454168e-01
6.165177127466667298e+04 3.601690530776978094e-01 3.068016171455382746e-01 2.714545428752899170e-01
6.165179785566667124e+04 2.329701632261275968e-01 1.393493264913558960e-01 1.802141070365906039e-01
6.165182445966667001e+04 3.018752932548522949e-01 1.819488555192947110e-01 9.864746034145355225e-02
6.165185104766667064e+04 4.335446953773499090e-01 2.922227680683135986e-01 3.535081818699836731e-02
6.165187765966667212e+04 5.558297038078308105e-01 3.682592809200286865e-01 -3.998177498579025269e-02
6.165190424266667105e+04 6.704862713813781738e-01 4.382646083831787109e-01 -1.226453855633735934e-01
6.165193082066666830e+04 7.990270256996154785e-01 5.216870307922363281e-01 -1.601523756980895996e-01
6.165195743266666977e+04 9.602293372154235840e-01 6.058946847915649414e-01 -1.730570197105407992e-01
6.165198401266666770e+04 1.133135080337523970e+00 7.082139849662780762e-01 -2.055246382951735895e-01
6.165201062466666917e+04 1.241662263870239036e+00 7.995032668113708496e-01 -2.139470428228378018e-01
6.165203720466666709e+04 1.254122614860534890e+00 8.681258559226989746e-01 -1.813776642084121982e-01
6.165206378166667128e+04 1.171344280242919922e+00 8.932803273200988770e-01 -9.181205183267593384e-02
6.165209039766666683e+04 1.051993727684020996e+00 8.417648077011108398e-01 -8.081632666289806366e-03
6.165211697766667203e+04 8.315916657447814941e-01 7.625790238380432129e-01 7.393864542245864868e-02
6.165214358966667351e+04 6.469973921775817871e-01 6.547104716300964355e-01 1.942096948623656949e-01
6.165217017066667177e+04 6.283829808235168457e-01 3.137553632259368896e-01 1.414513736963272095e-01
6.165219675066666969e+04 5.204451680183410645e-01 3.230360746383666992e-01 1.455508172512053888e-01
6.165222336266667116e+04 8.806260228157043457e-01 7.679651379585266113e-01 1.010773405432700972e-01
6.165224993766666739e+04 1.255880951881408913e+00 5.604097247123718262e-01 -1.244137287139892994e-01
6.165227655466667056e+04 1.323552012443542036e+00 4.618355929851531982e-01 -2.318930178880692083e-01
6.165230313566666882e+04 1.348551154136657937e+00 5.687685012817382812e-01 -3.678617775440216064e-01
6.165232972666667047e+04 1.584299564361572044e+00 6.611476540565490723e-01 -4.571870267391204834e-01
6.165235632766666822e+04 1.762652635574341042e+00 6.719465851783752441e-01 -3.535849452018737793e-01
6.165238290466667240e+04 1.863704204559325950e+00 5.823616385459899902e-01 -2.315312474966048917e-01
6.165240951466667320e+04 1.798725247383117898e+00 4.846198558807373047e-01 -1.190703660249709944e-01
6.165243609566667146e+04 1.553629755973815918e+00 4.241281151771544855e-01 -7.028014957904815674e-02
6.165246268166667141e+04 1.191130042076111062e+00 3.186632990837097168e-01 -1.195784732699393949e-01
6.165248927566666680e+04 8.521043658256530762e-01 2.581342756748198908e-01 -1.787789016962051114e-01
6.165251587366667081e+04 6.341146230697631836e-01 2.900116741657257080e-01 -2.207049429416655939e-01
6.165254248466667195e+04 5.206624269485473633e-01 3.398310244083405096e-01 -2.266717702150345126e-01
6.165256907266667258e+04 3.918341994285582941e-01 3.777582943439484198e-01 -2.082610279321671087e-01
6.165259564666666847e+04 1.860960274934768954e-01 4.010536372661591131e-01 -1.988061666488646906e-01
6.165262225766666961e+04 -9.721948951482772827e-02 4.403561353683472235e-01 -2.082755267620086947e-01
6.165264883866666787e+04 -2.769519090652465820e-01 5.160664319992065430e-01 -1.709340363740921021e-01
6.165267544966666901e+04 -3.025437295436859131e-01 6.369410753250122070e-01 -1.255443394184113104e-01
6.165270203066666727e+04 -2.449543923139571866e-01 6.873002052307128906e-01 -1.608759164810180942e-01
6.165272861166667280e+04 -1.206225231289864003e-01 5.938526988029479980e-01 -2.704516947269440252e-01
6.165275519166667073e+04 1.180340796709060947e-01 4.511124491691588800e-01 -2.483923584222794134e-01
6.165278180366667220e+04 3.561090230941771906e-01 4.838276207447052002e-01 -2.238411754369735995e-01
6.165280841466667334e+04 5.506919026374816895e-01 4.069188535213469904e-01 -1.939722448587417880e-01
6.165283499766667228e+04 5.039039850234985352e-01 2.695158421993256170e-01 -1.006477847695351063e-01
6.165286158766667359e+04 3.553859591484069824e-01 6.262832134962081909e-02 -3.560163453221321106e-02
6.165288818766667100e+04 2.547893822193145752e-01 -2.839966416358947754e-01 -3.153154253959655762e-02
6.165291476866666926e+04 3.306442499160767157e-01 -4.057604968547821045e-01 -7.779966294765472412e-02
6.165294137966667040e+04 4.966835081577301025e-01 -3.327274918556212824e-01 -9.586042165756225586e-02
6.165296796066666866e+04 6.168246269226074219e-01 -2.257154583930968961e-01 -1.091900989413260997e-01
6.165299454166666692e+04 6.809946298599243164e-01 -1.696011871099472046e-01 -2.055187076330184937e-01
6.165302115266666806e+04 6.893873810768127441e-01 -1.520782560110091886e-01 -3.751662373542786200e-01
6.165304773366667359e+04 6.959532499313354492e-01 -1.551101505756377896e-01 -4.824668765068054199e-01
6.165307434466666746e+04 7.452841401100158691e-01 -1.375656574964523038e-01 -4.798140525817871094e-01
6.165310092566667299e+04 8.032761216163635254e-01 -5.003140494227408669e-02 -4.275456964969635010e-01
6.165312750666667125e+04 8.027356266975402832e-01 7.177131623029708862e-02 -3.490537405014038086e-01
6.165315411766667239e+04 7.719873189926147461e-01 1.954374313354491910e-01 -2.463745325803756991e-01
6.165318070866666676e+04 7.652799487113952637e-01 2.535245716571807861e-01 -1.748211532831192017e-01
6.165320730966667179e+04 7.601198554039001465e-01 2.525465190410614014e-01 -1.382471024990082065e-01
6.165323387866667326e+04 7.033696174621582031e-01 2.374811023473739902e-01 -1.653663516044616977e-01
6.165326048666667339e+04 6.226480007171630859e-01 2.204594761133193970e-01 -1.755528748035430908e-01
6.165328708266666945e+04 6.090930104255676270e-01 2.442308813333511075e-01 -1.233367845416069031e-01
6.165331366366666771e+04 6.628980040550231934e-01 2.423417568206787109e-01 -5.708241835236548684e-02
6.165334025266666868e+04 7.114260792732238770e-01 2.169910371303558072e-01 -4.682756960391998291e-02
6.165336685566666711e+04 7.425074577331542969e-01 1.904799193143844882e-01 -9.160831570625305176e-02
6.165339343666667264e+04 7.455797791481018066e-01 1.448510140180588046e-01 -1.339866816997528076e-01
6.165342004566667310e+04 7.066230773925781250e-01 7.433202862739562988e-02 -1.459870040416718084e-01
6.165344662866667204e+04 6.712255477905273438e-01 -4.759449046105146408e-03 -1.395974308252334872e-01
6.165347324066667352e+04 6.673973202705383301e-01 -7.708024233579635620e-02 -1.403695195913315097e-01
6.165349982066667144e+04 6.637414097785949707e-01 -1.358045935630798062e-01 -1.156048253178595941e-01
6.165352640166666970e+04 6.089410781860351562e-01 -1.664683520793915072e-01 -5.354347825050354004e-02
6.165355297362500278e+04 5.482310652732849121e-01 -1.799378693103790006e-01 -8.715184405446052551e-03
6.165357955362500070e+04 4.958536922931671143e-01 -1.569194495677947998e-01 -1.877354807220398946e-03
6.165360614462500234e+04 4.186604917049407959e-01 -1.188105270266533037e-01 -1.484497729688883001e-02
6.165363274662500044e+04 3.372696042060852051e-01 -1.076991260051727017e-01 -4.593259096145629883e-02
6.165365932662501291e+04 2.922815084457396906e-01 -9.591981768608093262e-02 -6.092669069766998291e-02
6.165368590362500254e+04 2.761934399604796808e-01 -7.962538301944732666e-02 -4.650104045867919922e-02
6.165371251862501231e+04 2.445988357067107877e-01 -8.384504169225692749e-02 -1.618196815252304077e-02
6.165373913062500651e+04 1.714082360267638883e-01 -9.720959514379501343e-02 5.160868167877197266e-04
6.165376571762500680e+04 1.129615157842635970e-01 -1.317569017410278043e-01 4.030193202197551727e-03
6.165379229162500269e+04 6.201265379786490700e-02 -1.676375418901442926e-01 1.002927217632531946e-02
6.165381890362499689e+04 2.277849800884724010e-02 -1.816475242376328070e-01 1.474118698388337916e-02
6.165384550062500057e+04 2.061610296368598938e-02 -1.632286906242370883e-01 9.724697098135948181e-03
6.165387209562500357e+04 6.882445450173690915e-05 -1.212302595376967967e-01 -7.771424949169158936e-03
6.165389867462500115e+04 -3.937785699963570335e-02 -8.511742949485778809e-02 -4.487540200352668762e-02
6.165392525762500736e+04 -9.017875045537948608e-02 -5.251238867640495300e-02 -8.934651315212249756e-02
6.165395186862500123e+04 -1.312270909547806064e-01 -2.981502935290336956e-02 -1.117075756192207059e-01
6.165397844962500676e+04 -1.587167084217072088e-01 -2.073861099779605865e-02 -1.107307448983192028e-01
6.165400506062500062e+04 -1.564848124980927069e-01 -3.170273080468177795e-02 -8.501421660184860229e-02
6.165403164162501344e+04 -1.503801792860031128e-01 -3.659040480852127075e-02 -5.565270408987998962e-02
6.165405822262499714e+04 -1.520568728446959894e-01 -5.987142026424407959e-02 -5.549037083983421326e-02
6.165408483362501283e+04 -1.537555456161499023e-01 -7.808937877416610718e-02 -1.998920738697052002e-02
6.165411141462499654e+04 -1.301149874925613126e-01 -8.320505917072296143e-02 2.657456137239933014e-02
6.165413802562499768e+04 -9.343910962343215942e-02 -6.279206275939941406e-02 7.304935157299041748e-02
6.165416460662500322e+04 -4.029964283108711243e-02 -3.655938804149627686e-02 1.134932860732078969e-01
6.165419118962500215e+04 6.590070202946662903e-03 -1.025923807173967015e-02 1.416944861412048062e-01
6.165421779862500262e+04 4.086197167634963989e-02 1.004455983638763081e-02 1.503241062164306918e-01
6.165424437962500087e+04 3.981311619281768799e-02 1.983934640884399067e-02 1.392671763896942139e-01
6.165427096962500218e+04 2.226873673498630871e-02 2.008533477783203125e-02 1.220618188381195068e-01
6.165429757162500027e+04 -1.680869609117507935e-02 1.214449107646941965e-02 1.108695492148398937e-01
6.165432415262501308e+04 -6.472735106945037842e-02 6.478789146058261395e-04 9.354323148727416992e-02
6.165435075262500322e+04 -1.228381916880608021e-01 -1.802176050841807972e-02 7.863812893629074097e-02
6.165437734462501248e+04 -1.698032170534133911e-01 -4.672511294484137795e-02 5.899747833609580994e-02
6.165440395562501362e+04 -2.141304165124892911e-01 -7.061756402254104614e-02 2.713940106332302094e-02
6.165443053662499733e+04 -2.557053565979003906e-01 -8.105423301458358765e-02 -2.347948029637337165e-03
6.165445711762500287e+04 -2.984763383865355890e-01 -8.777989447116851807e-02 -2.942571416497230877e-02
6.165448372862499673e+04 -3.425793051719666082e-01 -9.940902888774871826e-02 -6.136139854788780212e-02
6.165451030962500226e+04 -3.675328195095062256e-01 -9.166802465915679932e-02 -7.499727606773376465e-02
6.165453692062500340e+04 -3.729276657104492188e-01 -1.111853793263434947e-01 -7.124076783657073975e-02
6.165456350162500166e+04 -3.894038200378417969e-01 -1.169865801930427968e-01 -6.155061721801757812e-02
6.165459011262500280e+04 -4.085204005241394043e-01 -1.263367086648941040e-01 -3.233484923839569092e-02
6.165461669362500106e+04 -4.049283266067504883e-01 -1.311825662851333896e-01 -4.217220935970544815e-03
6.165464329262501269e+04 -3.811248242855072021e-01 -1.302441060543060025e-01 2.521838620305060993e-02
6.165466988562500046e+04 -3.547891080379486084e-01 -1.281192302703856867e-01 5.588229745626450279e-02
6.165469647462500143e+04 -3.383460342884064276e-01 -1.197533085942267955e-01 7.057700306177139282e-02
6.165472307862500020e+04 -3.118107914924622137e-01 -1.103638708591461043e-01 7.922898977994918823e-02
6.165474965862501267e+04 -2.538553774356842041e-01 -1.027972549200057983e-01 7.834190130233764648e-02
6.165477623662500264e+04 -1.983917504549025934e-01 -9.270033240318298340e-02 8.473749458789825439e-02
6.165480285162501241e+04 -1.479910314083099088e-01 -8.749587088823318481e-02 7.404726743698120117e-02
6.165482943162500305e+04 -1.038040071725845059e-01 -7.976214587688446045e-02 5.598084256052970886e-02
6.165485604362499726e+04 -5.449595302343369224e-02 -6.596193462610244751e-02 4.278584942221642234e-02
6.165488262362500245e+04 -2.625346370041370045e-02 -3.710679337382317283e-02 2.081105299293994904e-02
6.165490920462500071e+04 -1.094365771859883915e-02 -2.637984231114387859e-02 9.853668510913848877e-03
6.165493581162500050e+04 1.198159996420145035e-02 -9.604288265109062195e-03 9.883680380880832672e-03
6.165496239262501331e+04 2.969563566148281097e-02 -1.186760127893649042e-04 1.116508245468139995e-02
6.165498900862500159e+04 3.858688101172447205e-02 4.619909450411796570e-03 7.531032897531986237e-03
6.165501558962500712e+04 3.228695318102837303e-02 9.787866147235035896e-04 -9.566951543092727661e-03
6.165504216962501232e+04 2.102006599307059895e-02 2.374846953898667856e-03 -1.696903444826602936e-02
6.165506878162500652e+04 1.198989711701869965e-02 -1.097895950078964060e-02 -2.181771770119667053e-02
6.165509536262499751e+04 -1.609308761544526057e-03 2.711610577534884214e-04 -2.930210530757904053e-02
6.165512196062500152e+04 2.114992029964923859e-02 9.734854102134704590e-03 -1.823111064732075084e-02
6.165514855462499690e+04 3.085206076502799988e-02 -7.560752797871828079e-03 -7.070623338222503662e-03
6.165517513462500210e+04 1.053185015916823994e-02 -2.073953486979008068e-02 -1.687971688807010998e-02
6.165520172362500307e+04 2.062824368476868023e-02 -1.972154341638087879e-02 -2.413862943649291992e-02
6.165522832762500184e+04 5.950446799397469261e-02 -2.281667850911616932e-02 -1.409769151359797044e-02
6.165525493862500298e+04 7.710350304841995239e-02 -2.187911607325077057e-02 -9.106987155973911285e-03
6.165528151962500124e+04 9.236894547939300537e-02 -1.234513614326714949e-02 -1.151168532669544046e-02
6.165530810262500017e+04 1.024884656071663042e-01 -1.136043295264244080e-02 -2.609738893806934010e-02
6.165533471162500064e+04 1.270432323217391968e-01 2.373693324625492096e-02 -3.715176507830619812e-02
6.165536129262501345e+04 1.538631319999695102e-01 4.655949398875237205e-02 -4.079017043113707802e-02
6.165538790362500731e+04 1.525422036647796908e-01 4.415582120418549278e-02 -3.468780219554901123e-02
6.165541448462501285e+04 1.437172740697860995e-01 4.309451580047606728e-02 -3.230092301964759827e-02
6.165544109562500671e+04 1.361083090305328092e-01 3.829472884535788796e-02 -3.841873258352279663e-02
6.165546767662499769e+04 1.295765340328217108e-01 2.492044679820537914e-02 -3.715169429779052734e-02
6.165549425762500323e+04 1.126860752701759061e-01 -1.680904300883411927e-03 -1.634426414966582905e-02
6.165552086862499709e+04 9.077360481023788452e-02 -2.945734187960625042e-02 -4.101337864995002747e-03
6.165554746062501363e+04 9.072812646627426147e-02 -2.939048409461975098e-02 1.054840534925460989e-02
6.165557406062499649e+04 1.097465902566910068e-01 -1.612268947064876903e-02 3.499804064631462097e-02
6.165560064162500203e+04 1.290186196565628052e-01 5.590159446001052856e-03 2.766675315797328949e-02
6.165562724162500672e+04 1.535105556249619085e-01 3.700350597500801086e-02 1.542227901518345053e-02
6.165565383362500143e+04 1.780246496200562079e-01 6.460818648338317871e-02 -2.608536556363106121e-02
6.165568041462500696e+04 1.822414994239807129e-01 8.151882141828536987e-02 -7.009435445070266724e-02
6.165570700162500725e+04 1.609262675046921054e-01 7.931300997734069824e-02 -9.950633347034454346e-02
6.165573360662501364e+04 1.166102811694145064e-01 5.792129412293434143e-02 -1.204003840684891025e-01
6.165576018762499734e+04 7.732093334197998047e-02 4.147334769368171692e-02 -1.120137423276900968e-01
6.165578679862501303e+04 4.819995909929276207e-02 3.600940853357315063e-02 -7.556524872779846191e-02
6.165581337962499674e+04 2.040547691285609852e-02 3.545613214373589256e-02 -3.304124623537064293e-02
6.165583999062501243e+04 -2.250081859529018055e-02 2.892543748021126140e-02 -1.619795523583889008e-02
6.165586656862500240e+04 -6.284603476524353027e-02 2.479659207165240895e-02 -5.784703535027801991e-04
6.165589315262500168e+04 -6.310338526964187622e-02 1.509948261082172047e-02 2.511031180620193135e-02
6.165591976362500282e+04 -5.060605704784393311e-02 1.245949324220418930e-02 3.253494575619698265e-02
6.165594634462500107e+04 -3.823047503829001686e-02 6.141439545899629593e-03 4.365489631891251304e-02
6.165597295562500221e+04 -2.076337486505508076e-02 2.234776271507143974e-03 6.210115551948546669e-02
6.165599953662500047e+04 2.824630588293075908e-02 5.138231907039880753e-03 8.193052560091018677e-02
6.165602611762501328e+04 9.499575942754745483e-02 1.506867073476315065e-02 9.694965183734893799e-02
6.165605270262501290e+04 1.353364884853363037e-01 2.297733351588248860e-02 1.044816896319389066e-01
6.165607930962501268e+04 1.658595204353333075e-01 4.079351201653481224e-02 9.357832372188568115e-02
6.165610592162500689e+04 1.849289685487746915e-01 4.895035177469254234e-02 7.168465107679367065e-02
6.165613250862500718e+04 1.863741874694823941e-01 5.869557335972785950e-02 5.699850991368293762e-02
6.165615911362501356e+04 1.612019091844558993e-01 5.416324362158775330e-02 4.099600762128829956e-02
6.165618568962500285e+04 1.094134896993636946e-01 3.658401221036911011e-02 2.002687565982342113e-02
6.165621229962499638e+04 4.378949850797653198e-02 1.801136322319507946e-02 -3.465058514848351045e-03
6.165623888662499667e+04 -2.061475254595280041e-02 7.282183505594730377e-04 -7.435103412717580795e-03
6.165626546662500186e+04 -6.105319410562515259e-02 -1.207589730620384043e-02 -1.249965094029903065e-02
6.165629207862500334e+04 -1.029627174139022966e-01 -3.218329697847366333e-02 -1.871342025697230946e-02
6.165631865962500160e+04 -1.284645199775696078e-01 -5.511611700057982705e-02 -3.580810502171515725e-02
6.165634523962500680e+04 -1.473862230777739923e-01 -6.096964702010154724e-02 -4.809568077325820923e-02
6.165637185162500100e+04 -1.677722483873367032e-01 -7.782591134309768677e-02 -5.787277966737747192e-02
6.165639843262500654e+04 -1.768421530723572055e-01 -9.363511204719543457e-02 -6.270401924848556519e-02
6.165642504362500040e+04 -1.721669137477875033e-01 -1.046406403183936934e-01 -4.060778766870498657e-02
6.165645162462501321e+04 -1.761439889669418057e-01 -1.143424808979034007e-01 -3.080569580197333943e-02
6.165647820562499692e+04 -1.687493026256561002e-01 -1.218163967132567943e-01 -2.704138495028018951e-02
6.165650481662501261e+04 -1.625187695026397983e-01 -1.231093108654021939e-01 -1.722751185297966003e-02
6.165653139762500359e+04 -1.449063569307326993e-01 -1.184159591794013977e-01 4.820320289582014084e-03
6.165655797462500050e+04 -1.159569695591926991e-01 -1.127049922943114957e-01 2.449502982199192047e-02
6.165658458962500299e+04 -8.081381767988204956e-02 -1.034268960356712064e-01 4.058531671762465737e-02
6.165661117062500125e+04 -4.175287112593650818e-02 -9.672127664089202881e-02 4.811741411685944297e-02
6.165663777362500696e+04 1.307999249547719955e-03 -7.657053321599960327e-02 6.046495586633682251e-02
6.165666436262500065e+04 6.217232719063758850e-02 -4.445008933544158936e-02 7.651120424270629883e-02
6.165669097362500179e+04 1.144355386495589932e-01 -4.901472944766283035e-03 7.293191552162170410e-02
6.165671756562499650e+04 1.552100926637650091e-01 2.377634495496749878e-02 6.202332302927970886e-02
6.165674416562500119e+04 1.808658242225646973e-01 5.026022717356681824e-02 4.980568215250968933e-02
6.165677074662500672e+04 2.088307589292525968e-01 7.668691873550415039e-02 3.522118553519248962e-02
6.165679732762499771e+04 2.268654704093933105e-01 9.964627772569656372e-02 2.785834483802318920e-02
6.165682393862501340e+04 2.258563488721848089e-01 1.131531372666358948e-01 2.653514407575130116e-02
6.165685051962499710e+04 2.083391696214675903e-01 1.158729642629622997e-01 1.663774624466896057e-02
6.165687713062501280e+04 1.803482174873352051e-01 1.028237938880919994e-01 6.808374077081680298e-03
6.165690371162499650e+04 1.538166254758835116e-01 9.468785673379898071e-02 3.026355057954788208e-03
6.165693029262500204e+04 1.235159710049628934e-01 8.661838620901107788e-02 -7.798551232554018497e-04
6.165695690362500318e+04 8.432282507419586182e-02 7.129146903753280640e-02 -1.679985225200653076e-02
6.165698348662500212e+04 3.015679121017456055e-02 6.237311288714408875e-02 -3.051902167499065052e-02
