5.951022639250000066e+04 2.113257348537445068e-02 -3.171440586447715759e-02 1.414947211742400906e-03
5.951025297250001313e+04 3.390872478485106728e-02 -2.216897904872893940e-02 -8.323443122208118439e-03
5.951027958450000006e+04 3.851291164755821228e-02 -4.556944593787193298e-02 -1.301472634077071970e-02
5.951030616550001287e+04 3.449749574065207741e-02 -5.899323150515556335e-02 -1.295196451246737913e-02
5.951033277650000673e+04 3.837669268250464959e-03 -1.296684518456459045e-02 7.267579436302185059e-03
5.951035935749999771e+04 -1.925202086567879070e-02 3.414654731750488281e-02 2.874466031789780010e-02
5.951038596050000342e+04 -1.997009851038455963e-02 5.984443053603172302e-02 1.879577338695526123e-02
5.951041254949999711e+04 -7.345892954617738724e-03 5.578650906682013771e-02 -6.746908184140920639e-04
5.951043913050000265e+04 -3.526664106175303025e-03 5.440512672066689231e-02 -1.286411937326193029e-02
5.951046574149999651e+04 -1.867377199232577931e-02 4.722965508699417114e-02 -2.392837405204772949e-02
5.951049232250000205e+04 -1.232835347764194012e-03 3.331188857555388710e-02 -3.718908876180648804e-02
5.951051893350000319e+04 2.920553088188171040e-02 4.749769344925879738e-02 -2.613076940178871155e-02
5.951054549750000297e+04 2.697957493364810944e-02 6.349276751279830933e-02 -2.381134219467639923e-02
5.951057212150000123e+04 3.185132518410682678e-02 5.729730799794197083e-02 -3.589390963315963745e-02
5.951059870650000084e+04 5.449537560343741677e-02 5.557058751583098671e-02 -7.594749331474304199e-02
5.951062528550001298e+04 1.117445603013039052e-01 2.883367799222468983e-02 -9.489102661609649658e-02
5.951065189850000024e+04 6.082375720143318176e-02 5.651807039976119995e-02 -1.576459109783172885e-01
5.951067847950001305e+04 1.036797612905502042e-01 -5.292249843478202820e-02 -5.052752420306205750e-02
5.951070509050000692e+04 6.425493210554122925e-02 -6.919357180595397949e-02 6.566821597516536713e-03
5.951073167150001245e+04 6.200399994850158691e-02 -5.810596421360970237e-02 1.879430003464221954e-02
5.951075828950000141e+04 4.676226153969764709e-02 1.021369826048613028e-03 1.220034155994654049e-02
5.951078486349999730e+04 8.250931277871131897e-03 -4.370842501521111229e-02 1.342410501092672001e-02
5.951081147550001333e+04 -1.089434232562780033e-02 8.146229200065135956e-03 2.146414294838904988e-02
5.951083805549999670e+04 -4.812260717153549194e-02 3.331053256988524697e-02 1.494901161640881972e-02
5.951086466750001273e+04 -6.819126009941101074e-02 3.862651810050010681e-02 2.451972849667071949e-02
5.951089124849999644e+04 -8.533738553524017334e-02 6.347307562828063965e-02 3.396084904670715332e-02
5.951091785949999758e+04 -7.095450162887573242e-02 9.012962132692337036e-02 3.015768714249134064e-02
5.951094444050000311e+04 -5.849372595548629761e-02 8.627325296401977539e-02 3.879886865615844727e-02
5.951097102350000205e+04 -3.122220002114773144e-02 7.118938118219375610e-02 4.526671022176743248e-02
5.951099763250000251e+04 -1.488741952925919966e-02 3.449128475040196939e-03 2.643271349370479931e-02
5.951102421350000077e+04 2.843924239277840008e-02 -9.910351783037185669e-02 1.525655295699834997e-02
5.951105079650000698e+04 4.431714490056037903e-02 -1.264061331748962125e-01 7.040180265903472900e-03
5.951107740550000017e+04 4.175031930208206177e-02 -1.313167810440062921e-01 9.234820026904344559e-04
5.951110401650000131e+04 1.676787249743938099e-02 -1.298145055770874023e-01 -2.250937186181544911e-02
5.951113058450000244e+04 -3.341928496956825256e-02 -1.403220146894454956e-01 -6.929518282413482666e-02
5.951115720850000071e+04 -6.642165780067443848e-02 -1.656742841005325040e-01 -9.380690008401870728e-02
5.951118378950001352e+04 -2.365771867334843029e-02 -9.272950887680053711e-02 -5.502348020672798157e-02
5.951121040050000011e+04 -1.045794412493705923e-02 1.887921988964081157e-02 -6.883066147565841675e-03
5.951123698050001258e+04 -5.462425947189331055e-02 3.833632171154022217e-02 1.822831854224205017e-02
5.951126359350000712e+04 -1.075052320957183977e-01 3.437928110361099243e-02 2.155349217355250965e-02
5.951129017350001232e+04 -8.470993489027023315e-02 4.129057750105857849e-02 1.312913466244935989e-02
5.951131675450000330e+04 -6.569643318653106689e-02 4.451961442828177712e-02 -1.477549411356448954e-02
5.951134336649999750e+04 -3.021079115569591869e-02 -5.122749134898185730e-03 -8.123259060084819794e-03
5.951136994650000270e+04 4.892393015325069427e-03 -1.066309306770562952e-02 -1.151235122233629053e-02
5.951139654050001263e+04 3.605283424258232117e-02 -2.972193621098994862e-02 -3.556647896766663292e-02
5.951142313850000210e+04 5.563507601618766785e-02 -5.827375501394271851e-02 -3.281184285879135132e-02
5.951144975050000357e+04 5.268995091319084167e-02 -8.403655886650085449e-02 -4.243528842926024697e-02
5.951147632750000048e+04 5.235215276479721069e-02 -3.247692435979843140e-02 -2.819347754120827068e-02
5.951150294250000297e+04 5.940156988799571991e-03 -2.672204375267029156e-02 -1.634540595114231110e-02
5.951152952350000123e+04 8.342311048181727529e-05 -2.041653031483293013e-03 -3.131373785436152978e-03
5.951155610950000118e+04 -1.559151988476514990e-02 3.382017090916634300e-02 6.282703019678592682e-03
5.951158271550000063e+04 -2.954411692917346954e-02 2.795258909463882099e-02 1.109582278877497066e-02
5.951160932650000177e+04 -3.977463394403458335e-02 1.958420313894749035e-02 2.206580899655818939e-02
5.951163590750000003e+04 -4.350801184773445129e-02 2.086817659437656056e-02 2.203962020575999867e-02
5.951166248850001284e+04 -3.452220186591147683e-02 3.176359087228775024e-02 2.325260639190673828e-02
5.951168909950000671e+04 -2.561370097100735058e-02 3.773823007941246033e-02 2.084291353821754109e-02
5.951171568049999769e+04 1.328320824541151957e-03 -7.582657854072749615e-04 2.128504589200019836e-02
5.951174229150001338e+04 3.077341057360171925e-02 -4.305348172783852317e-02 7.123338058590888977e-03
5.951176887249999709e+04 4.295602068305016258e-02 -7.032738626003265381e-02 -8.914082311093807220e-03
5.951179548350001278e+04 4.279091581702231667e-02 -8.015504479408264160e-02 -1.129298284649848938e-02
5.951182208450000326e+04 4.423231258988379738e-02 -7.036866247653961182e-02 -8.917135186493396759e-03
5.951184867650001252e+04 3.065672703087329865e-02 -6.040136143565177917e-02 -2.494529262185097088e-02
5.951187527150000096e+04 2.637978643178940166e-02 -1.859739609062672008e-02 -1.915987581014632832e-02
5.951190186250000261e+04 -1.085188798606396068e-02 7.825730368494987488e-03 -1.594617962837218891e-02
5.951192844950000290e+04 -8.954477496445178986e-03 4.589334502816200256e-02 8.841237868182361126e-04
5.951195502950000082e+04 -1.900829561054706920e-02 4.846418276429176331e-02 3.302108263596891923e-03
5.951198162549999688e+04 -2.559920772910118103e-02 2.888034656643867146e-02 -1.490432675927877079e-02
5.951200822150000022e+04 -5.524669308215379715e-03 2.856766432523727070e-02 -6.223917007446289062e-03
5.951203483350000170e+04 2.054233290255070080e-02 1.219775062054396023e-02 1.380926463752985001e-03
5.951206141450000723e+04 4.124870896339417198e-02 -2.625641226768493999e-02 -1.408041827380657023e-02
5.951208800150000025e+04 4.828363284468650818e-02 -5.586418509483336708e-02 -2.358693815767765045e-02
5.951211460650000663e+04 6.336902827024459839e-02 -5.499286949634552002e-02 -2.333663217723369945e-02
5.951214121750000049e+04 5.721303820610045693e-02 -4.625200107693672180e-02 -1.245410367846488953e-02
5.951216779850001330e+04 4.127748683094978333e-02 -2.514104172587395061e-02 -1.758389733731747021e-02
5.951219440950000717e+04 2.025034651160240173e-02 -6.368121597915887833e-03 -1.663890853524208069e-02
5.951222099050001270e+04 -2.081377198919653893e-03 9.980861097574234009e-03 -1.446078903973102917e-02
5.951224760050001350e+04 -2.089577354490756989e-02 1.529945991933345968e-02 3.682391718029975891e-03
5.951227418249999755e+04 -2.695610374212265015e-02 2.767388336360454906e-02 2.343418542295693918e-03
5.951230079450001358e+04 -2.934589982032775879e-02 3.374129533767700195e-02 -7.281753234565258026e-03
5.951232737850001286e+04 -1.821496337652206074e-02 2.498373016715050091e-02 -2.269010525196791129e-03
5.951235395550000248e+04 -8.897394291125237942e-04 1.120691746473312031e-02 1.599300536327064037e-03
5.951238056650000362e+04 1.992058381438254963e-02 -2.110207080841064106e-02 -1.024233549833298076e-02
5.951240714350000053e+04 4.452571272850037315e-02 -4.973868653178215027e-02 -8.661315776407718658e-03
5.951243375950000336e+04 4.425483196973800659e-02 -6.319485604763031006e-02 -1.253045396879314943e-03
5.951246033950000128e+04 3.188245370984076760e-02 -5.323624983429908752e-02 -6.110365502536296844e-03
5.951248695150000276e+04 2.078833431005477905e-02 -4.075837880373001099e-02 -2.605729037895799117e-03
5.951251353250000102e+04 1.379271689802408045e-02 -9.944484569132328033e-03 2.021257532760500908e-03
5.951254011850000097e+04 -1.326182857155800039e-02 2.367583103477954865e-02 6.495938636362552643e-03
5.951256672450000042e+04 -3.311726450920104980e-02 3.751541301608086326e-02 5.050656385719776154e-03
5.951259333550000156e+04 -3.709375858306884766e-02 2.529295533895492901e-02 -9.947695070877671242e-04
5.951261991650000709e+04 -3.076547011733055115e-02 2.759839408099650990e-02 -6.903663277626037598e-03
5.951264652750000096e+04 -1.930905506014823914e-02 3.851253911852837303e-02 1.018161606043577021e-02
5.951267309450000175e+04 -5.115248635411263206e-02 1.703057624399662018e-02 1.865536347031592976e-02
5.951269968949999748e+04 -6.398241221904754639e-02 1.601246549398637969e-05 1.619098824448883967e-03
5.951272629749999760e+04 -1.368460338562726974e-02 -6.458514928817749023e-02 2.067805267870425831e-02
5.951275289850000263e+04 2.924893982708454132e-02 -5.683084949851036072e-02 2.617229707539082007e-03
5.951277949250001257e+04 3.117748908698559154e-02 -9.001304209232330322e-02 -3.244012128561735153e-03
5.951280607350000355e+04 4.911277070641518333e-02 -6.947573274374008179e-02 -6.765626836568117142e-03
5.951283268750001298e+04 5.600802227854728699e-02 -3.648359328508377075e-02 -8.160119876265525818e-03
5.951285925825001323e+04 6.113226711750031211e-02 -3.293738886713982322e-02 -1.791292801499367107e-02
5.951288587025000015e+04 4.267833381891251304e-02 -9.259351529181003571e-03 -7.217398378998041153e-03
5.951291245025001263e+04 5.194610450416803360e-03 3.685222007334231897e-03 -2.680647419765592055e-03
5.951293906225000683e+04 -1.544485427439212973e-02 4.330033063888549805e-02 -3.085434902459383011e-03
5.951296564224999747e+04 -2.702233567833900105e-02 3.249154612421988747e-02 -4.154045134782791138e-03
5.951299225425001350e+04 -3.942586481571198204e-02 4.128915071487426758e-02 -6.734323222190141678e-03
5.951301883524999721e+04 -3.776861727237700722e-02 5.705150589346885681e-02 -4.343058541417121887e-02
5.951304541525000241e+04 -1.116820331662892948e-02 1.350427120923995972e-01 -5.718599632382392883e-02
5.951307202724999661e+04 1.414303295314311981e-02 7.822873443365097046e-02 -4.321444779634475708e-02
5.951309860625000147e+04 2.916549891233443867e-02 8.085769601166248322e-03 -3.288730978965759277e-02
5.951312521925000328e+04 3.290890157222747803e-02 6.801170762628316879e-03 -3.041245415806769978e-02
5.951315180025000154e+04 2.972597442567348133e-02 4.243319854140281677e-02 -4.027894884347916343e-02
5.951317840825000167e+04 2.880325540900230061e-02 6.210914999246597290e-02 -3.188902139663696289e-02
5.951320501325000077e+04 2.125918306410313000e-02 6.099133938550949097e-02 -3.681551292538642883e-02
5.951323160325000208e+04 3.110369481146335949e-02 4.978352040052413940e-02 -3.545761853456497192e-02
5.951325819724999747e+04 2.592737600207329143e-02 4.253192618489264748e-02 -3.178928792476654053e-02
5.951328479525000148e+04 6.865159422159194946e-02 4.806281998753547668e-02 2.615503035485744043e-03
5.951331137625000702e+04 4.794528242200613022e-03 6.642466038465499878e-02 3.434199839830398993e-03
5.951333798725000088e+04 -4.827975109219551086e-02 5.771554633975028992e-02 4.218022152781487205e-02
5.951336456825000641e+04 -5.873404070734977722e-02 1.095468699932097972e-01 7.104559987783432007e-02
5.951339118025000062e+04 -5.231668055057526329e-02 1.142827123403549056e-01 5.885767564177513123e-02
5.951341776025001309e+04 -3.140088543295860291e-02 8.434779942035675049e-02 3.235257416963577271e-02
5.951344434124999680e+04 -5.632851738482713699e-03 4.575970023870468140e-02 1.080763526260852987e-02
5.951347095325001283e+04 1.986080221831798900e-02 -1.272569526918232007e-03 2.869476331397891045e-03
5.951349753325000347e+04 3.438024967908859253e-02 -3.597076609730721214e-02 -1.754462160170077931e-02
5.951352412625001307e+04 5.681743845343589783e-02 -1.148710846900939941e-01 -1.443102862685918981e-02
5.951355072525000287e+04 9.631893038749694824e-02 -1.573507189750671109e-01 -3.096261247992515911e-02
5.951357731225000316e+04 9.871457517147064209e-02 -1.660354733467102051e-01 -4.430542886257172325e-02
5.951360392524999770e+04 3.508140891790390015e-02 -1.353542059659957886e-01 -2.052443474531174053e-02
5.951363052924999647e+04 -4.813312739133834839e-02 -7.109186798334121704e-02 2.852604351937770844e-02
5.951365711025000201e+04 -1.019732877612113953e-01 1.967976242303847920e-02 7.282372564077377319e-02
5.951368371725000179e+04 -1.227734386920928955e-01 5.323233455419539711e-02 8.710630238056182861e-02
5.951371030225000140e+04 -1.177287995815276961e-01 5.311740562319756248e-02 8.104082196950912476e-02
5.951373691325000254e+04 -1.066030114889145036e-01 4.059858247637748718e-02 6.899823248386383057e-02
5.951376349425000080e+04 -8.018662780523300171e-02 3.883482515811920166e-02 5.332294106483458779e-02
5.951379007525001362e+04 -5.662289261817932129e-02 1.872357726097106934e-02 3.775323182344437339e-02
5.951381668625000020e+04 -2.696461975574493061e-02 -5.061187315732240677e-03 3.700954094529151917e-02
5.951384326725001301e+04 2.901006862521171917e-02 -4.173787683248519897e-02 1.078542787581682032e-02
5.951386987825000688e+04 5.557763949036598206e-02 -1.036058142781258046e-01 -3.265737555921078162e-03
5.951389645925001241e+04 5.162831768393517234e-02 -1.146093979477881969e-01 -1.175555493682623083e-02
5.951392307025001355e+04 2.812065370380878102e-02 -9.080277383327484131e-02 7.450943812727928162e-03
5.951394966925000335e+04 -9.432361461222171783e-03 -6.548626814037561417e-03 4.568657651543617249e-02
5.951397626325001329e+04 -2.502098307013512005e-02 3.671620413661003113e-02 5.749806761741638184e-02
5.951400284025000292e+04 -2.086197957396506916e-02 5.985993519425392151e-02 3.799754381179810264e-02
5.951402943425001286e+04 -5.743446759879589081e-03 5.953859165310859680e-02 2.589937485754489899e-02
5.951405603624999640e+04 -9.569009765982627869e-03 5.213634669780731201e-02 1.518566859886050007e-03
5.951408264724999754e+04 -1.715629361569881092e-02 4.730493575334548950e-02 -1.192022766917943954e-02
5.951410922825000307e+04 -1.604224182665348053e-02 3.616207093000411987e-02 -3.014340437948704113e-02
5.951413583924999693e+04 1.165674626827239990e-02 3.685335442423819802e-02 -4.094557836651802063e-02
5.951416242025000247e+04 1.656376523897052028e-03 4.555976390838623047e-02 -3.606138005852699280e-02
5.951418900125000073e+04 -2.545121684670447956e-02 8.176925033330917358e-02 -2.315988996997476058e-03
5.951421561225000187e+04 -3.428357094526290894e-02 8.449237048625946045e-02 2.323156222701073040e-02
5.951424221025001316e+04 -1.833916641771793019e-02 6.211203709244728088e-02 1.861157827079296112e-02
5.951426880425000127e+04 2.042692713439464916e-02 5.036748945713043213e-02 1.407013181596994053e-02
5.951429538525000680e+04 4.907413944602013328e-02 3.512515127658843994e-02 1.192405819892882954e-02
5.951432199625000067e+04 5.753605067729949951e-02 2.014843374490737915e-02 6.089275237172842026e-03
5.951434857725001348e+04 7.108906656503677368e-02 1.415416365489364104e-03 -1.443856582045554941e-02
5.951437518825000006e+04 8.615549653768539429e-02 -9.004893217934295535e-05 -1.676958613097668041e-02
5.951440176925001288e+04 6.608918309211730957e-02 2.104794548358767954e-04 -2.910549007356166840e-02
5.951442838025000674e+04 5.727650597691535950e-02 -8.684067870490252972e-04 -3.038002550601958882e-02
5.951445496825000009e+04 4.742111638188362122e-02 6.577359046787024412e-03 -5.123549327254294655e-02
5.951448157325000648e+04 4.276648908853530884e-02 3.129776939749717712e-02 -2.946555800735950123e-02
5.951450815324999712e+04 -3.843728080391883850e-02 6.589563935995101929e-02 -5.761285778135061264e-03
5.951453475625000283e+04 -5.934019014239311218e-02 9.707433730363845825e-02 2.561620622873305927e-02
5.951456134624999686e+04 -5.718357115983963013e-02 7.866377383470535278e-02 3.185656294226645729e-02
5.951458792625000206e+04 -3.005461022257804871e-02 4.997049644589424133e-02 3.222984075546265342e-02
5.951461454325001250e+04 2.236762642860412945e-02 3.067253157496451985e-02 4.002981632947921753e-02
5.951464111925000179e+04 5.761196464300156334e-02 3.122398257255553852e-02 2.805979549884796143e-02
5.951466773025000293e+04 9.113792330026626587e-02 7.233838085085153580e-03 1.138766948133707047e-02
5.951469432124999730e+04 7.703709602355957031e-02 -1.477360259741545070e-02 -2.882168069481850017e-02
5.951472092225000233e+04 4.884064570069313049e-02 -1.136487796902656972e-01 -2.835617400705814015e-02
5.951474750325000059e+04 7.406416535377502441e-02 -1.091923937201499939e-01 -2.944153919816017151e-02
5.951477411425000173e+04 6.301206350326538086e-02 -2.808220498263835907e-02 -4.225389286875724792e-02
5.951480069524999999e+04 4.000434651970863342e-03 -2.207854390144348145e-02 -3.170508891344069741e-02
5.951482730625000113e+04 -2.673788182437419891e-02 2.273991331458092083e-02 4.397401120513677597e-03
5.951485388725000666e+04 -3.979855775833129883e-02 6.971175223588943481e-02 3.206127882003784180e-02
5.951488048225000239e+04 -3.060594201087952007e-02 9.289731830358505249e-02 4.050979018211364746e-02
5.951490707925001334e+04 -3.334542736411094666e-02 7.816710323095321655e-02 2.838589251041412007e-02
5.951493366024999705e+04 -5.060416180640459061e-03 4.330476745963097313e-02 2.636384032666682850e-02
5.951496025525000005e+04 1.102985907346010035e-02 2.449310012161732067e-02 -1.469830982387066104e-03
5.951498686425000051e+04 2.443258650600909840e-02 -1.576704788021743081e-03 -1.707197912037372936e-02
5.951501346425001248e+04 3.787220641970633767e-02 -2.401503920555115093e-02 -2.416844479739665985e-02
5.951504004425000312e+04 4.747322201728820801e-02 -4.997352138161659241e-02 -3.003484942018986095e-02
5.951506665624999732e+04 5.366532877087593079e-02 -5.373254418373107910e-02 -2.386729605495930065e-02
5.951509323625000252e+04 3.118163160979748119e-02 -4.346056655049324036e-02 -1.066354848444461996e-02
5.951511984824999672e+04 -1.744519732892512928e-02 -1.797317899763584137e-02 9.585608728229999542e-03
5.951514642925000226e+04 -3.458782657980918884e-02 1.063683815300464977e-02 3.002452477812767029e-02
5.951517304025000340e+04 -3.299273177981377342e-02 2.886212989687919964e-02 2.258445508778094898e-02
5.951519962125000166e+04 -1.392198354005813946e-02 3.828001394867897034e-02 9.227707050740718842e-03
5.951522623225000279e+04 -3.664652118459343910e-03 4.536112397909163735e-02 -1.271618343889712940e-02
5.951525281325000105e+04 -4.652251955121755600e-03 5.884155631065369346e-02 -1.891941949725151062e-02
5.951527942425000219e+04 1.040814258158206940e-02 5.734271556138992310e-02 -2.003221586346625935e-02
5.951530598925000231e+04 9.124372736550867558e-04 1.571447588503361095e-02 -3.934096917510032654e-02
5.951533258625001326e+04 2.684593386948109020e-02 -9.270393289625644684e-03 -3.778051957488059998e-02
5.951535920025000087e+04 2.121850848197937012e-02 -4.250124841928482056e-02 -5.103118345141410828e-02
5.951538578925000184e+04 2.970326878130435944e-02 -5.857282504439353943e-02 -4.598466306924819946e-02
5.951541238925000653e+04 3.352660685777664185e-02 -5.116881430149077675e-02 -2.160435356199741017e-02
5.951543897024999751e+04 2.651186659932136969e-03 -1.740898378193378102e-02 -1.289875828661025004e-03
5.951546558125001320e+04 -2.455507591366767883e-02 1.139468513429165060e-02 2.274216152727603912e-02
5.951549216224999691e+04 -2.905115298926829945e-02 4.218601807951927185e-02 3.227163106203079224e-02
5.951551877425001294e+04 -2.748008444905281067e-02 5.681584775447844765e-02 1.754547655582427979e-02
5.951554535425000358e+04 -4.379810765385627747e-02 5.708034336566925049e-02 1.255263853818178003e-02
5.951557196625001234e+04 -4.016420617699623108e-02 5.436888709664344788e-02 1.501544378697871988e-02
5.951559854725000332e+04 -3.267751261591911316e-02 4.927974194288253784e-02 4.118198994547128677e-03
5.951562515824999718e+04 -2.470881491899490010e-02 2.489605452865362167e-03 -2.838513115420937972e-03
5.951565173925000272e+04 -6.322320550680161390e-03 -2.360791712999343872e-02 -4.982859827578067780e-03
5.951567831925000064e+04 1.440885569900273930e-02 -5.725179985165596008e-02 -1.438818592578173031e-02
5.951570493125000212e+04 2.977528795599937092e-02 -1.115243434906005998e-01 -2.002368867397308003e-02
5.951573150324999733e+04 3.566910699009895325e-02 -1.312148571014404019e-01 -1.130943745374680086e-02
5.951575812325000152e+04 1.071739196777343923e-02 -1.184450760483742038e-01 1.864550518803298040e-03
5.951578470425000705e+04 -1.617162488400936127e-02 -6.996139883995056152e-02 3.918676078319550254e-02
5.951581129925000278e+04 -4.753071442246437073e-02 5.500382278114557266e-03 5.555911362171173096e-02
5.951583789625000645e+04 -5.575399845838546753e-02 3.755367174744606018e-02 5.773186311125755310e-02
5.951586450725000032e+04 -6.551890820264816284e-02 5.116201192140579224e-02 4.415447637438774109e-02
5.951589108324999688e+04 -6.686857342720031738e-02 4.376639425754547119e-02 3.077048994600772858e-02
5.951591769925000699e+04 -6.700491905212402344e-02 3.389462828636168740e-02 1.741100847721099854e-02
5.951594428025001253e+04 -5.606870725750923157e-02 1.157717313617468054e-02 7.869912311434745789e-03
5.951597089125000639e+04 -5.135553702712059021e-02 -8.197962306439876556e-03 -6.609485950320959091e-03
5.951599747224999737e+04 -3.914480656385421753e-02 -2.930493280291556965e-02 -1.492870133370161057e-02
5.951602408425001340e+04 -2.214086428284645081e-02 -6.275228410959243774e-02 -2.069386839866637837e-02
5.951605066424999677e+04 9.764915332198143005e-03 -1.037637591362000067e-01 -1.288768090307713075e-02
5.951607724525000231e+04 3.708593174815177917e-02 -1.214097440242767056e-01 -1.136618759483098984e-02
5.951610385724999651e+04 3.114496916532516133e-02 -1.016562879085541049e-01 -7.875000126659870148e-03
5.951613043725000171e+04 -5.049922037869691849e-03 -8.878062665462493896e-02 -1.552127953618765051e-02
5.951615702425000200e+04 3.310757130384445190e-02 1.004572212696074919e-02 1.335773430764674967e-02
5.951618363025000144e+04 -8.650203817524015903e-04 7.311040163040161133e-02 -1.047314796596766039e-02
5.951621023625000089e+04 -2.337631769478321075e-02 7.461410015821456909e-02 -3.869593515992165306e-02
5.951623683424999763e+04 -1.950658299028873097e-02 7.943689823150634766e-02 -4.236610606312751770e-02
5.951626343325000198e+04 -3.008034545928239822e-03 9.149792045354843140e-02 -2.281787246465682983e-02
5.951629001425000024e+04 -3.840154036879538796e-02 2.206147089600563049e-02 3.006519284099340005e-03
5.951631662525000138e+04 -8.002071641385555267e-03 3.628228977322577736e-02 1.043940987437962965e-02
5.951634320625000692e+04 -2.874893695116043091e-02 -1.916638575494289127e-04 2.013721270486712022e-03
5.951636981725000078e+04 -2.438140474259853016e-02 -1.007504761219024936e-01 2.833817899227141987e-02
5.951639638825000293e+04 -2.242863178253173828e-02 -1.251610219478606900e-01 6.511794775724411011e-02
5.951642297924999730e+04 -7.046610862016677856e-02 -1.390040069818496982e-01 7.221525907516479492e-02
5.951644959025001299e+04 -9.785196930170059204e-02 -1.237849146127700944e-01 7.437948137521743774e-02
5.951647617124999670e+04 -1.379787325859070102e-01 -1.181595623493194996e-01 7.651701569557189941e-02
5.951650278225001239e+04 -1.811176687479018887e-01 -1.356838792562485019e-01 1.031946092844008983e-01
5.951652935925000202e+04 -1.624970585107803067e-01 -1.495307236909866055e-01 9.732016921043395996e-02
5.951655597424999723e+04 -1.487024575471878052e-01 -1.522499918937683105e-01 9.255290776491165161e-02
5.951658255924999685e+04 -1.467533409595490057e-01 -1.842026710510253906e-01 8.790332823991775513e-02
5.951660916724999697e+04 -1.547459363937377930e-01 -2.111017405986785889e-01 7.705214619636535645e-02
5.951663574725000217e+04 -1.602945327758789062e-01 -2.404642999172210971e-01 7.355350255966186523e-02
5.951666233924999688e+04 -1.627832949161530096e-01 -2.391939610242843905e-01 7.353330403566360474e-02
5.951668894025000191e+04 -1.509749889373779019e-01 -2.136807590723037997e-01 6.368568539619445801e-02
5.951671555125000305e+04 -1.370185464620589932e-01 -2.090822458267211914e-01 4.911053180694580078e-02
5.951674213225000130e+04 -1.242343112826346935e-01 -2.045807838439941129e-01 7.687414530664682388e-03
5.951676873425000667e+04 -8.626261353492736816e-02 -1.883456707000731867e-01 -8.062215521931648254e-03
5.951679532425000070e+04 -5.076994001865386963e-02 -1.730499565601348877e-01 -1.402803510427474976e-02
5.951682190525001351e+04 -3.644693270325660706e-02 -1.513591855764389038e-01 -4.580019786953926086e-02
5.951684851625000010e+04 -3.481511259451508956e-03 -1.372577100992203036e-01 -5.421806126832962036e-02
5.951687509725001291e+04 -1.286622509360313069e-02 -1.689761281013489047e-01 -5.041031166911125183e-02
5.951690170825000678e+04 -1.085961014032364030e-01 -2.469729036092757901e-01 -3.588755428791046143e-02
5.951692830425000284e+04 -8.138704299926757812e-02 -2.631904482841492254e-01 1.443082094192505056e-02
5.951695490025001345e+04 3.072058409452438008e-02 -2.491949051618576050e-01 1.997388340532780041e-02
5.951698148124999716e+04 1.933565884828568060e-01 -1.564534306526184082e-01 9.211545111611485481e-04
5.951700806425000337e+04 3.423216938972473145e-01 -1.160238832235336026e-01 2.847822383046149861e-02
5.951703467324999656e+04 5.753613114356994629e-01 -8.195058256387710571e-02 6.274445354938507080e-02
5.951706128525001259e+04 6.763728857040405273e-01 -5.666632205247879028e-03 -4.202084615826606750e-02
5.951708787825000036e+04 5.700681209564208984e-01 1.442178040742873868e-01 -1.425481289625168124e-01
5.951711447724999744e+04 2.740361094474791925e-01 3.100158870220183771e-01 -1.724748611450195035e-01
5.951714105725000263e+04 -1.228353474289179065e-03 3.924921154975891113e-01 -9.434050321578979492e-02
5.951716766924999683e+04 -3.456412255764008262e-02 2.314647436141968051e-01 -1.907039247453213085e-02
5.951719425025000237e+04 -3.696439415216445923e-02 9.144677966833114624e-02 -6.694883853197097778e-02
5.951722086125000351e+04 -4.435779899358748696e-02 9.388846158981323242e-02 -9.995547682046890259e-02
5.951724744225000177e+04 -2.223697863519192089e-02 1.352074742317199985e-01 -1.013025045394897045e-01
5.951727402325000003e+04 6.917084753513336182e-02 1.876346170902251920e-01 -8.884157240390777588e-02
5.951730063425000117e+04 1.342084407806395929e-01 2.465675324201583862e-01 -6.321532279253005981e-02
5.951732721525000670e+04 1.704376190900802890e-01 2.399331629276275912e-01 -3.120807372033596039e-02
5.951735380825000175e+04 1.886702626943587979e-01 2.102761417627334872e-01 -6.492658518254756927e-03
5.951738040725001338e+04 1.560937017202377042e-01 1.546072810888290128e-01 3.757974132895469666e-02
5.951740701825000724e+04 1.379512399435043057e-01 1.242465525865554948e-01 3.522049263119698265e-02
5.951743358925000211e+04 8.291602134704589844e-02 6.874944269657135010e-02 2.668295986950397145e-02
5.951746021025000664e+04 -1.382162142544984991e-02 4.829005338251591271e-04 1.673111878335475922e-02
5.951748679124999762e+04 -4.469184204936028221e-02 -3.948900476098061302e-02 9.473887272179126740e-03
5.951751340225001331e+04 -4.307661578059195778e-02 -2.492228895425796856e-02 -1.989139430224895130e-02
5.951753998324999702e+04 -3.348302841186522744e-02 1.278777141124010086e-02 -5.546400323510169983e-02
5.951756659525001305e+04 -6.562595255672931671e-03 4.175347462296485901e-02 -5.670664086937903664e-02
5.951759317524999642e+04 -2.718507312238215966e-03 5.038917809724807739e-02 -2.989673987030982971e-02
5.951761978225000348e+04 3.378215944394468827e-03 4.676540195941925049e-02 7.984300144016742706e-03
5.951764636825000343e+04 -7.302931975573301315e-03 1.512453053146601070e-02 2.398250438272953033e-02
5.951767297924999730e+04 -3.093474311754107042e-03 -3.161437436938285828e-02 1.334055606275797064e-02
5.951769956025000283e+04 -4.566825460642576218e-03 -4.763931781053543091e-02 -9.745703078806400299e-03
5.951772614125000109e+04 7.811715826392173767e-03 -5.892132595181465149e-02 -1.447536051273345947e-02
5.951775275225000223e+04 -2.344471216201781880e-02 -4.852656647562981346e-02 -7.437872700393199921e-03
5.951777935525000066e+04 -3.742154687643051147e-02 -5.687353014945983887e-02 -8.702659048140048981e-03
5.951780593024999689e+04 -3.331635519862174988e-02 -4.106245189905167320e-02 -2.342618443071841847e-02
5.951783252525000717e+04 9.041716839419677854e-05 -3.684535389766097069e-03 -3.809675574302673340e-02
5.951785908012500295e+04 -9.513173252344131470e-03 1.975597068667412151e-02 -4.686478152871131897e-02
5.951788566012500087e+04 -4.607515409588813782e-03 1.354190241545438940e-02 -4.557858407497406006e-02
5.951791227112500201e+04 6.680116523057222366e-03 1.336969062685965971e-02 -3.940648585557938316e-02
5.951793885212500027e+04 2.825205214321612965e-02 2.401444315910339009e-02 -4.299869388341903687e-02
5.951796546312500141e+04 2.971516549587250103e-02 3.627769649028778076e-02 -3.819463402032852173e-02
5.951799204412500694e+04 3.872917965054512024e-02 5.090877786278724670e-02 -2.237432450056076050e-02
5.951801865612500114e+04 4.126857221126555703e-02 5.208443477749825218e-02 -2.358881570398807873e-02
5.951804523612501362e+04 4.607151076197624207e-02 3.973148763179779053e-02 -2.347577922046184887e-02
5.951807184812500054e+04 2.792490832507609974e-02 1.063492055982350956e-02 -1.730237901210784912e-02
5.951809844712499762e+04 1.774952374398707997e-02 5.954945925623177615e-03 -6.357308942824602127e-03
5.951812501312501263e+04 1.365620270371437073e-02 -9.872896596789360046e-03 4.704847000539302826e-03
5.951815162112501275e+04 4.485610872507095337e-03 -2.931283973157405853e-02 1.087864954024552952e-02
5.951817823212500662e+04 -1.860840432345867157e-02 -5.339880660176277161e-02 2.064858563244343151e-02
5.951820479612500640e+04 -1.076099090278148998e-02 -2.776573412120341908e-02 5.588364228606224060e-02
5.951823142412501329e+04 -3.475774079561234214e-02 -2.968431636691093098e-02 8.136349171400070190e-02
5.951825800512499700e+04 -6.784023344516754150e-02 -5.116681754589080811e-02 8.495076745748519897e-02
5.951828460712500237e+04 -7.843942940235137939e-02 -7.537191361188888550e-02 1.179900839924812039e-01
5.951831119712499640e+04 -1.058685258030891002e-01 -1.275230050086975098e-01 1.450033038854598999e-01
5.951833777812500193e+04 -1.101545840501785001e-01 -1.619492024183273038e-01 1.098278835415840010e-01
5.951836438912500307e+04 -7.838686555624008179e-02 -1.443900614976882935e-01 7.210675626993179321e-02
5.951839097012500133e+04 -3.634443506598473289e-02 -1.157492324709891995e-01 5.876474082469940186e-02
5.951841758112500247e+04 1.369857415556908001e-02 -6.273008882999420166e-02 4.044603928923606873e-02
5.951844416212500073e+04 7.938591390848159790e-02 1.563738100230694164e-02 -9.664328768849372864e-03
5.951847075812499679e+04 7.641334831714630127e-02 5.357157438993453979e-02 -4.410267621278762817e-02
5.951849735412500013e+04 4.085170850157737732e-02 2.830868959426879883e-02 -7.345297932624816895e-02
5.951852396612500161e+04 3.800635412335395813e-02 1.246751938015223070e-02 -5.995046719908714294e-02
5.951855055012500088e+04 6.962224096059799194e-02 3.396965563297271729e-02 -3.789385035634040833e-02
5.951857715812500101e+04 8.042133599519729614e-02 7.550113648176193237e-02 -3.566886857151985168e-02
5.951860373912500654e+04 7.717488706111907959e-02 1.024991348385810991e-01 -4.685900732874870300e-02
5.951863034212499770e+04 7.997871190309524536e-02 1.196535229682921947e-01 -3.964287042617797852e-02
5.951865693112501322e+04 1.051669046282767972e-01 1.229043304920196950e-01 -3.583805635571479797e-02
5.951868354212500708e+04 1.101013720035552979e-01 1.191738098859786987e-01 -2.723726257681846966e-02
5.951871012312501261e+04 1.331266164779663086e-01 1.408458352088927945e-01 -2.844239771366119038e-02
5.951873673412500648e+04 1.507161557674407959e-01 1.464693248271942139e-01 -4.415288940072060325e-02
5.951876331512499746e+04 1.545937955379486084e-01 1.500236839056015015e-01 -5.757091194391251304e-02
5.951878992612501315e+04 1.141831055283546031e-01 1.422109156847000122e-01 -4.315005615353584290e-02
5.951881650712499686e+04 5.766234174370765686e-02 7.951405644416809082e-02 -1.992901600897312164e-02
5.951884308812500240e+04 3.159700334072113037e-02 3.221777826547622681e-02 9.524244233034551144e-04
5.951886969912500354e+04 1.984604820609093059e-02 9.142754599452018738e-03 7.131759542971848574e-03
5.951889629812500061e+04 3.303381148725748062e-03 6.874510087072849274e-03 9.550969116389751434e-03
5.951892289112500293e+04 2.598830126225947987e-02 1.518859807401896043e-02 3.892897441983222961e-02
5.951894947212500119e+04 3.347940370440483093e-02 1.134944520890713085e-02 3.290330991148948669e-02
5.951897606112500216e+04 6.326096504926681519e-02 6.494543701410293579e-02 6.568398326635360718e-02
5.951900266412500059e+04 2.143691293895244945e-02 4.227446392178534768e-02 4.236808419227600098e-02
5.951902927612500207e+04 2.309019491076469074e-02 5.552576482295989990e-02 -7.731120102107524872e-03
5.951905585312501353e+04 -2.990561537444591869e-02 5.022699013352394104e-02 -2.141980640590190887e-02
5.951908246412500012e+04 -6.768843531608581543e-02 -2.397321909666061054e-02 -2.971691451966762890e-02
5.951910904912500700e+04 -6.563773006200790405e-02 -4.600704088807106018e-02 -1.003584545105696071e-02
5.951913565212501271e+04 -3.354490175843238831e-02 -3.490234725177288055e-03 2.284050174057484020e-02
5.951916224112500640e+04 -3.194009885191916726e-02 1.738055795431137085e-02 3.247325494885445335e-02
5.951918885212500027e+04 -1.667460240423679005e-02 2.817201055586338043e-02 3.737974166870117188e-02
5.951921543312501308e+04 2.856034412980079998e-02 2.863293699920177113e-02 4.499696195125579834e-02
5.951924204412500694e+04 9.920408949255943298e-03 3.747761249542236328e-02 2.895069494843482971e-02
5.951926862512501248e+04 2.301099710166453968e-02 6.544759124517440796e-02 2.519256435334682118e-02
5.951929523612501362e+04 1.879209093749523163e-02 4.098983108997344971e-02 2.654520049691199909e-02
5.951932181412500358e+04 2.682543545961380005e-02 8.813431486487388611e-03 1.832982152700423847e-02
5.951934842812501302e+04 2.963666617870331157e-02 -4.524733126163482666e-02 1.139039173722266977e-02
5.951937500612500298e+04 1.337592396885156978e-02 -1.112398654222487987e-01 4.402298945933580399e-03
5.951940162112501275e+04 -2.746571972966194153e-02 -1.423387229442595880e-01 2.264376357197761883e-02
5.951942820112500340e+04 -3.809333220124244690e-02 -1.003274768590926985e-01 4.792081937193871238e-02
5.951945481312499760e+04 -4.663907364010810852e-02 -1.422017905861138951e-02 6.559439003467559814e-02
5.951948139412500313e+04 -6.697335839271545410e-02 4.131039977073668740e-02 5.654753372073174217e-02
5.951950799012500647e+04 -8.926074951887130737e-02 5.885135382413864136e-02 5.017670243978499672e-02
5.951953458612500253e+04 -9.685867279767990112e-02 5.529274418950080872e-02 4.770635440945625305e-02
5.951956116712500079e+04 -8.337182551622390747e-02 3.665515035390853882e-02 4.913883283734322288e-02
5.951958777812500193e+04 -6.384265422821044922e-02 4.411288071423768997e-03 4.948643594980239868e-02
5.951961435912500019e+04 -2.726081013679504048e-02 -6.134924292564392090e-02 2.820979431271553040e-02
5.951964097012500133e+04 2.572549507021903992e-02 -1.262429803609848022e-01 -1.004680339246987950e-02
5.951966756512499705e+04 4.624963924288749695e-02 -1.732412576675415039e-01 -1.447646133601664976e-02
5.951969416212500073e+04 3.512614965438842773e-02 -1.582070291042327881e-01 1.219126302748919054e-02
5.951972074312501354e+04 8.304157294332981110e-03 -1.073030084371567050e-01 4.217596724629402161e-02
5.951974735512500047e+04 -3.094114549458026886e-02 -5.386092513799666665e-02 4.156017675995826721e-02
5.951977393512501294e+04 -5.134095996618270874e-02 -2.007902599871159034e-03 3.375885263085365295e-02
5.951980054612500680e+04 -5.325036123394966125e-02 3.114859573543072094e-02 3.352461755275726318e-02
5.951982712712501234e+04 -6.034547090530396202e-02 5.581438913941382668e-02 3.453407809138298035e-02
5.951985373912500654e+04 -5.267549306154251099e-02 6.178627535700798035e-02 2.844422496855258942e-02
5.951988031912499719e+04 -3.773457184433937073e-02 5.290811136364936829e-02 2.250039204955101013e-02
5.951990693112501322e+04 2.861154731363058090e-03 5.678738234564661980e-04 -6.535802094731479883e-05
5.951993351112499658e+04 3.934009745717049339e-02 -6.757021695375442505e-02 -5.470455624163150787e-03
5.951996012312501261e+04 6.036118045449256897e-02 -8.382396399974822998e-02 8.200217038393020630e-03
5.951998670412500360e+04 6.237250939011573792e-02 -3.962749987840651772e-02 2.256158553063869129e-02
5.952001331512499746e+04 6.570728868246078491e-02 5.709115415811538696e-03 2.228236943483353008e-02
5.952003989612500300e+04 3.086847253143787037e-02 3.567904233932495117e-02 2.310663275420666088e-02
5.952006650712499686e+04 2.984241023659706116e-02 4.921262338757514954e-02 2.788776345551013947e-02
5.952009307912500662e+04 4.156304150819777748e-02 6.981737166643142700e-02 1.806641742587089886e-02
5.952011969912500354e+04 -5.964193493127822876e-02 3.481816872954369285e-02 2.372340857982635151e-02
5.952014628012500179e+04 9.742693044245243073e-03 4.830689355731009743e-02 2.165701240301131855e-02
5.952017287012500310e+04 2.850301750004291881e-02 3.677922114729881287e-02 -1.352118607610463923e-02
5.952019947212500119e+04 6.821143627166748047e-02 9.097903966903686523e-03 -1.185639481991528944e-02
5.952022608412500267e+04 7.539130002260208130e-02 -4.584687761962413788e-03 -1.050494797527790070e-02
5.952025266412500059e+04 6.616570055484771729e-02 -2.521087974309920918e-02 4.210248123854398727e-03
5.952027924512501340e+04 4.768761619925498962e-02 -2.415639755781739950e-04 2.832434326410293926e-02
5.952030585612499999e+04 8.761278353631496429e-03 1.666373223997652964e-03 2.683335915207862854e-02
5.952033243712501280e+04 -1.486227195709943945e-02 1.431346498429775065e-02 1.805245317518711090e-02
5.952035904912500700e+04 -2.460260502994060863e-02 3.040524199604988098e-02 1.178061962127686067e-02
5.952038562912499765e+04 -3.199345245957375267e-02 3.787817806005477905e-02 8.021377958357334137e-03
5.952041224112500640e+04 -3.223001211881638267e-02 2.925587631762028087e-02 1.023974921554327011e-02
5.952043880412501312e+04 -2.121502906084061016e-02 1.185971871018410076e-02 4.327335860580205917e-03
5.952046543312501308e+04 1.487316377460956920e-02 -8.414681069552898407e-03 2.262234687805176215e-03
5.952049201412499679e+04 3.216200694441794655e-02 -2.842620015144348145e-02 -1.579037122428416859e-02
5.952051861912500317e+04 4.886420443654059670e-02 -7.654244452714920044e-02 -1.047958713024855007e-02
5.952054520612500346e+04 2.633106149733066906e-02 -6.997327506542205811e-02 -2.132266061380505996e-03
5.952057181712499732e+04 -7.482991553843021393e-03 -5.702532082796096802e-02 1.926422305405139923e-02
5.952059839812500286e+04 -3.960251435637474060e-02 -2.577748522162437092e-02 2.128428407013415943e-02
5.952062500912499672e+04 -5.036138370633125305e-02 2.577378181740642028e-03 8.824839256703853607e-03
5.952065159012500226e+04 -7.026819884777069092e-02 1.397435646504163916e-02 9.836045093834400177e-03
5.952067820112500340e+04 -7.002933323383331299e-02 2.621630206704140056e-02 4.874606616795063019e-03
5.952070478212500166e+04 -4.961802065372467041e-02 4.304080456495285034e-02 7.337713614106178284e-03
5.952073139412500313e+04 -3.347377106547356346e-02 3.289048001170157692e-02 -2.527954056859015985e-03
5.952075797412500106e+04 -1.871244981884956013e-02 1.546065974980593075e-02 -1.094351639039814039e-03
5.952078458612500253e+04 4.799745511263608932e-03 -5.835138726979494095e-03 -6.896945182234048843e-03
5.952081116712500079e+04 2.714483626186848034e-02 -2.094432897865771900e-02 -5.426443647593259811e-03
5.952083777812500193e+04 2.635455131530762066e-02 -6.511522084474563599e-02 -1.001776475459337061e-02
5.952086435012499715e+04 2.331140264868735920e-02 -9.325563162565231323e-02 -4.970340989530087385e-03
5.952089097012500133e+04 9.752742946147918701e-03 -7.581704109907150269e-02 1.865534693934022947e-03
5.952091755112500687e+04 -4.677393008023499575e-03 -3.746861219406127930e-02 1.615652628242969860e-02
5.952094415112499701e+04 -1.791940815746783863e-02 -4.079105332493782043e-03 2.316700480878353119e-02
5.952097074312501354e+04 -2.495594136416912079e-02 2.301843836903572083e-02 1.927871443331241955e-02
5.952099733012500656e+04 -2.711076289415359150e-02 4.142586141824722290e-02 1.182031072676181967e-02
5.952102393512501294e+04 -2.200901880860329021e-02 4.374576732516288757e-02 2.075696829706430001e-03
5.952105054612500680e+04 -1.089587248861790050e-02 3.250142931938170693e-02 1.001988770440221050e-03
5.952107712712501234e+04 1.375415944494307041e-03 1.753915473818778992e-02 -1.555447117425500913e-03
5.952110370812500332e+04 1.980057358741759907e-02 -7.354577071964740753e-03 -8.588616736233234406e-03
5.952113031912499719e+04 3.435106948018074036e-02 -3.706552833318710327e-02 -1.073519233614205967e-02
5.952115690012500272e+04 5.035853013396263123e-02 -5.701900273561477661e-02 -2.025757916271686901e-02
5.952118351112499658e+04 4.759253188967704773e-02 -7.045497745275497437e-02 -1.774746179580688130e-02
5.952121010712500720e+04 3.023940138518809925e-02 -5.538592115044593811e-02 -8.203958161175251007e-03
5.952123670412500360e+04 1.573151350021361958e-02 -1.824808865785599102e-02 1.071723084896803076e-02
5.952126328412500152e+04 -5.078233778476715088e-03 1.405715011060238058e-02 2.012392692267895092e-02
5.952128987912499724e+04 -2.226018905639648091e-02 3.517309948801994324e-02 1.010740641504525965e-02
5.952131647712500126e+04 -2.818862721323966980e-02 5.365217849612236023e-02 3.842657199129461808e-03
5.952134308812500240e+04 -3.202488645911216736e-02 5.003876611590384743e-02 3.839922836050391197e-03
5.952136968512501335e+04 -2.341145649552344929e-02 3.881892189383506775e-02 -2.129935193806887107e-03
5.952139628012500179e+04 -8.787425234913825989e-03 1.277725119143723921e-02 -6.740604992955923080e-03
5.952142286112500005e+04 1.193756051361560995e-02 -1.824986934661864887e-02 -4.221507813781499863e-03
5.952144947212500119e+04 2.520037442445755005e-02 -5.041134729981421730e-02 -1.123952306807040995e-02
5.952147605312500673e+04 3.606893867254257202e-02 -7.389023900032043457e-02 -6.130645982921124372e-03
5.952150266412500059e+04 3.475590050220490196e-02 -7.756270468235015869e-02 -9.775021113455295563e-03
5.952152924512501340e+04 2.854347787797451019e-02 -7.251936942338943481e-02 -3.749694675207138062e-03
5.952155585612499999e+04 1.664750277996062885e-02 -3.424681723117827675e-02 3.237012308090925217e-03
5.952158243712501280e+04 -3.043102798983455138e-03 -5.614489782601594925e-03 1.608390547335147858e-02
5.952160904412501259e+04 -1.754039712250233043e-02 2.653739228844642986e-02 1.577307283878326069e-02
5.952163561712500086e+04 -2.082902379333972931e-02 5.234142765402793884e-02 1.191805861890316010e-02
5.952166221812501317e+04 -2.309229224920272827e-02 6.586990505456924438e-02 1.059085782617331072e-02
5.952168882212499739e+04 -2.576526813209056854e-02 5.733416974544525146e-02 1.184856332838534962e-02
5.952171543612500682e+04 -4.519479349255561829e-03 5.208911001682280800e-02 2.056469023227691997e-02
5.952174201412499679e+04 -7.651908788830041885e-03 1.899643428623675953e-02 1.076304353773594076e-02
5.952176862512501248e+04 -5.582470446825026598e-03 -4.322596825659275055e-03 1.703169755637646068e-02
5.952179520612500346e+04 7.672826293855906400e-03 -3.521475195884705284e-02 1.976643875241279949e-02
5.952182181712499732e+04 3.505840897560120323e-02 -5.169141292572020790e-02 9.079878218472003937e-03
5.952184839812500286e+04 4.416713118553162315e-02 -1.033710166811943054e-01 1.070411689579487020e-02
5.952187500912499672e+04 -4.239595681428909302e-02 -2.705141529440880169e-02 1.079800655134022019e-03
5.952190159012500226e+04 9.324266575276851654e-03 -1.315014623105525970e-02 2.207303792238235127e-02
5.952192820112500340e+04 -3.083938546478747975e-02 -6.254859734326601028e-03 2.885442413389683117e-02
5.952195478212500166e+04 -3.562862426042556763e-02 8.594056591391563416e-03 3.848382085561752319e-02
5.952198136312500719e+04 -3.384895995259284973e-02 3.425025567412375710e-02 2.124352380633353840e-02
5.952200797412500106e+04 -1.990434899926185955e-02 4.012249410152435303e-02 1.763624884188174854e-02
5.952203457812500710e+04 -1.488184742629528046e-02 4.003853723406791687e-02 1.888849213719367981e-02
5.952206116412500705e+04 -1.643937267363071095e-02 2.035739272832870136e-02 7.063918164931237698e-04
5.952208777812500193e+04 7.709382916800677776e-04 2.929348964244126840e-03 9.266846813261508942e-03
5.952211435912500019e+04 6.741625256836414337e-03 -1.435152068734169006e-02 9.421600960195064545e-03
5.952214094612500048e+04 2.293572947382926941e-02 -2.576252445578575134e-02 -9.915212169289588928e-03
5.952216755112500687e+04 3.437255322933197021e-02 -1.859389059245586048e-02 -7.446824572980403900e-03
5.952219413212501240e+04 2.935803867876530041e-02 -1.726324483752251018e-02 -3.828933462500572205e-03
5.952222073812499730e+04 1.810902729630469929e-02 -1.211603730916976929e-02 5.821897182613611221e-03
5.952224732412499725e+04 5.645078141242265701e-03 -4.488676786422728625e-03 1.666906289756298065e-02
5.952227393512501294e+04 -8.024469017982482910e-03 5.592938978224992752e-03 1.021770853549242020e-02
5.952230051612499665e+04 -5.254145245999097824e-03 2.028136514127254139e-02 1.379904150962829937e-02
5.952232711812500202e+04 -8.836921304464340210e-03 3.014777973294258118e-02 1.126905996352433985e-02
5.952235370812500332e+04 -1.877658255398273121e-02 3.771409392356873252e-02 1.847141422331333160e-02
5.952238031912499719e+04 -1.386566273868083954e-02 3.024013526737689972e-02 1.245297398418187922e-02
5.952240690912501304e+04 -5.318946205079556379e-03 1.534134801477194006e-02 6.508598104119300842e-03
5.952243351112499658e+04 -1.056017167866230011e-02 4.405587911605834961e-03 -2.177726011723279953e-03
5.952246009212500212e+04 -1.073860563337803060e-02 -6.664057727903127670e-03 -9.425396099686622620e-03
5.952248669012501341e+04 6.786034908145666122e-03 -1.065320707857608969e-02 -9.281591512262821198e-03
5.952251328412500152e+04 1.570900157094002117e-02 -3.439516061916946931e-03 -6.829728838056325912e-03
5.952253989212500164e+04 1.687222346663475037e-02 -8.361752144992351532e-03 -5.569218192249537382e-03
5.952256647712500126e+04 1.182779390364884983e-02 -8.246839977800846100e-03 4.964745603501796722e-04
5.952259308812500240e+04 9.289199486374855042e-03 -8.153541013598442078e-03 -2.141105709597467942e-03
5.952261966912500066e+04 4.203213378787040710e-03 -1.049609016627072941e-02 2.721132244914770126e-03
5.952264628012500179e+04 8.042733184993267059e-03 -6.887662690132856369e-03 1.503440784290432930e-03
5.952267286112500005e+04 -5.846797488629817963e-03 -9.064248763024806976e-03 8.745985105633735657e-03
5.952269946112499747e+04 -1.450893562287092035e-02 -2.919461985584347898e-04 1.595059037208557129e-02
5.952272605312500673e+04 -1.944929175078868866e-02 4.707589279860258102e-03 1.710470207035541881e-02
5.952275263312499737e+04 -2.682087384164332997e-02 1.340911630541086023e-02 1.333697699010371988e-02
5.952277924512501340e+04 -2.668014168739318848e-02 2.330338209867477070e-02 1.919107884168624878e-02
5.952280585612499999e+04 -2.907318435609341015e-02 2.946825884282588959e-02 1.669363304972648968e-02
5.952283245212500333e+04 -2.421046607196331024e-02 1.954651065170764923e-02 1.191076729446650072e-02
5.952285903266666719e+04 -1.945216394960879933e-02 4.740852862596511841e-03 1.204067654907703053e-02
5.952288563166667154e+04 -8.307410404086112976e-03 -4.032458178699016571e-03 1.461333315819502050e-02
5.952291222466666659e+04 -2.113497583195567131e-03 -1.156542357057332993e-02 6.527268124045804143e-05
5.952293880566667212e+04 -6.066514644771814346e-03 -2.126799896359444011e-02 -3.733591409400105043e-03
5.952296541666667326e+04 -8.720673620700836182e-03 -2.857170812785625111e-02 -1.262499135918915055e-03
5.952299199766667152e+04 -1.491690799593924956e-02 -2.229216694831848145e-02 7.195116020739079389e-03
5.952301860866667266e+04 -2.109471894800662994e-02 -1.603901013731956135e-02 9.552921168506145477e-03
5.952304518966667092e+04 -2.480100467801094055e-02 -1.102939341217278914e-02 1.803600415587424885e-02
5.952307177766667155e+04 -3.468877077102661133e-02 -2.278344472870231108e-03 1.547228451818227941e-02
5.952309838166667032e+04 -2.952847629785538067e-02 4.991357214748859406e-03 1.545809116214513952e-02
5.952312499266667146e+04 -2.689060382544994007e-02 1.109714899212121964e-02 7.940345443785190582e-03
5.952315157366666972e+04 -2.569722384214400898e-02 7.390277925878763199e-03 6.752579938620328903e-03
5.952317815166666696e+04 -2.201644890010356903e-02 2.417594660073519187e-03 6.809476297348737717e-03
5.952320476566666912e+04 -1.588226296007632862e-02 -6.289003882557153702e-03 4.467907827347517014e-03
5.952323137766667060e+04 -2.100089378654957165e-02 -1.235946174710988998e-02 -1.626107492484152100e-03
5.952325794766667241e+04 -1.221165154129267086e-02 -1.250455249100924059e-02 8.734895964153110981e-04
5.952328456966667000e+04 -1.847373135387897145e-02 -1.112815272063017065e-02 -5.640388117171823978e-04
5.952331115066666825e+04 -1.349597983062266957e-02 -1.366443280130624945e-02 7.054800516925752163e-04
5.952333776166666939e+04 -1.337963342666625977e-02 -7.538571953773499403e-03 -5.549343186430633068e-04
5.952336434266666765e+04 -1.084379386156797062e-02 -6.356724072247743607e-03 -5.458295345306396484e-04
5.952339092266667285e+04 -1.568680256605147968e-02 3.537300042808055878e-03 -1.863870769739151001e-03
5.952341753466666705e+04 -2.582820691168307911e-02 -1.191546209156512997e-03 -1.900719245895742936e-03
5.952344411566667259e+04 -3.217693418264389038e-02 -4.760920535773038864e-03 -1.919826027005911090e-03
5.952347072666666645e+04 -2.083197608590126038e-02 -2.453663386404513879e-03 4.077090998180211132e-04
5.952349730766667199e+04 -3.344841673970221779e-02 -4.675213713198900223e-03 2.778256079182029204e-03
5.952352389466667228e+04 -1.185357291251420975e-02 8.455041795969009399e-03 6.494225002825260162e-03
5.952355049966667139e+04 -1.647215220145880959e-03 1.686687394976615906e-02 7.726157549768686295e-03
5.952357711066667252e+04 1.079784333705901926e-02 9.266369044780731201e-03 2.978825941681861877e-03
5.952360368466666841e+04 3.177590435370802879e-03 5.740431137382984161e-03 7.830969989299774170e-03
5.952363030266667192e+04 1.464063115417956959e-02 1.289860252290963953e-02 4.050213377922773361e-03
5.952365688366667018e+04 1.338858902454376047e-02 1.291495934128760945e-02 2.821956062689423995e-03
5.952368349466667132e+04 1.210641954094172044e-02 1.171549595892429005e-02 4.040862433612346649e-03
5.952371007566666958e+04 1.995351631194353104e-03 8.202081546187400818e-03 1.556281233206390901e-03
5.952373668766667106e+04 3.165961708873509927e-03 3.269090782850981192e-03 3.764246648643165827e-04
5.952376326766666898e+04 -6.885334732942283154e-04 -3.174443554598838091e-04 6.475258618593215942e-03
5.952378987966667046e+04 -5.718764383345842361e-03 -1.430002623237669034e-03 3.851254237815738158e-03
5.952381646066666872e+04 -6.929961033165454865e-03 1.044626929797231934e-03 3.827091772109270096e-03
5.952384307166666986e+04 -6.510205566883087158e-04 9.393009240739047527e-04 5.089807324111461639e-03
5.952386965266666812e+04 -1.202978845685719923e-02 -2.535983920097351074e-03 6.256717257201671600e-03
5.952389626366666926e+04 -1.454604417085647930e-02 -2.486750250682235198e-03 7.459651213139295578e-03
5.952392284466666752e+04 -5.690721794962882996e-03 1.048107747919857936e-03 9.935295209288597107e-03
5.952394944466667221e+04 -1.327023189514875065e-02 -1.915010216180235147e-05 1.599240861833095897e-02
5.952397603666666691e+04 -1.063705980777739958e-02 3.640900598838924928e-03 1.339085027575493032e-02
5.952400264766666805e+04 -1.064414437860249953e-02 2.392922528088092804e-03 8.518785238265991211e-03
5.952402922866667359e+04 -5.711394827812910080e-03 -2.595801604911684990e-03 9.804560802876949310e-03
5.952405583966666745e+04 -1.834675110876559864e-02 -6.048732437193393707e-03 1.096338126808404922e-02
5.952408242066667299e+04 -1.078887656331061970e-02 -4.949868191033601761e-03 1.222657132893801082e-02
5.952410903266666719e+04 -1.073967386037110935e-02 -2.502943854779005051e-03 1.099060941487551082e-02
5.952413560966667137e+04 -8.192058652639389038e-03 -3.726152470335363908e-03 1.332088932394981037e-02
5.952416222466666659e+04 -1.325500477105378931e-02 -6.101290695369243622e-03 1.086287200450897043e-02
5.952418880566667212e+04 -1.322876103222369974e-02 -3.622021060436964035e-03 1.694671064615249981e-02
5.952421540466666920e+04 -1.826527714729309082e-02 -6.034773308783769608e-03 5.948508158326148987e-03
5.952424199766667152e+04 -1.696338318288325916e-02 -3.604612313210964203e-03 5.940981674939393997e-03
5.952426860866667266e+04 -1.683982089161872864e-02 3.769274335354567008e-03 9.552933275699615479e-03
5.952429518666666991e+04 -1.317824795842171062e-02 -2.434610854834318161e-03 8.398034609854221344e-03
5.952432180066667206e+04 -9.305707179009914398e-03 -2.491554711014031930e-03 2.171966712921857834e-03
5.952434838166667032e+04 -1.188168395310639988e-02 -6.132034584879875183e-03 9.590173140168190002e-04
5.952437497066667129e+04 -6.821639835834503174e-03 -3.752195043489336967e-03 4.636846482753753662e-03
5.952440157366666972e+04 7.295988616533577442e-04 -3.901652526110411124e-03 1.028032391332089901e-03
5.952442818466667086e+04 1.219503395259379994e-02 4.483732394874095917e-03 1.048802398145199039e-03
5.952445476566666912e+04 1.971168443560599934e-02 3.124427283182740211e-03 1.107363495975733020e-03
5.952448137766667060e+04 2.245039865374565125e-02 1.170852128416299993e-02 4.601565655320882797e-03
5.952450795766666852e+04 -3.576132655143737793e-02 -1.436691731214522968e-02 -2.123401314020156860e-02
5.952453456966667000e+04 -2.069870382547378887e-02 -9.576954878866672516e-03 1.299696974456309925e-02
5.952456115066666825e+04 -2.079798094928264965e-02 -1.698371767997742046e-02 2.066312357783318000e-03
5.952458776166666939e+04 -1.428350247442721974e-02 -3.583171870559453964e-03 6.901517510414124403e-03
5.952461434266666765e+04 -3.340290114283561707e-02 -1.796299219131470074e-02 8.089199662208557129e-03
5.952464095366666879e+04 -6.731120403856039047e-03 -7.353091612458229065e-03 1.050581224262714039e-02
5.952466753466666705e+04 -1.689319126307963978e-02 -1.456680800765752966e-02 3.168046241626143022e-03
5.952469414566666819e+04 -2.708510868251324047e-02 -1.922505162656306874e-02 1.899048499763011932e-02
5.952472070966666797e+04 -3.228860720992088318e-02 -3.020681627094745983e-02 1.170908194035292019e-02
5.952474733766666759e+04 -2.458478882908821106e-02 -2.050729468464851032e-02 1.657735742628574024e-02
5.952477391866667313e+04 -1.784994266927242062e-03 -1.235796790570021023e-02 8.135204203426837921e-03
5.952480050366667274e+04 -1.942011155188083996e-02 -1.450158283114432942e-02 8.031646721065044403e-03
5.952482711066667252e+04 -1.924883946776390076e-02 -1.079711597412824978e-02 7.871953770518302917e-03
5.952485371266667062e+04 -2.188800834119319916e-02 -1.686374843120574951e-02 1.277531590312718998e-02
5.952488030266667192e+04 -3.070881031453609120e-02 -1.918857730925083160e-02 6.632505916059017181e-03
5.952490691466667340e+04 -2.569724060595035900e-02 -2.051448076963425030e-02 4.234468098729848862e-03
5.952493349466667132e+04 -2.061832137405871998e-02 -1.690302789211272846e-02 9.124591015279293060e-03
5.952496010666667280e+04 -1.164367888122797012e-02 -8.505322039127349854e-03 1.808115281164645932e-03
5.952498668766667106e+04 -1.147832628339529037e-02 -3.541302867233753204e-03 1.022960338741541082e-02
5.952501326766666898e+04 -7.640686351805925369e-03 7.065054523991420865e-05 1.023100409656763077e-02
5.952503987966667046e+04 -3.160260990262032249e-02 -5.673665553331375122e-03 2.789281308650970025e-03
5.952506646466667007e+04 -1.130810473114251917e-02 3.767362562939525084e-03 -7.980489172041416168e-04
5.952509307166666986e+04 3.703592112287878990e-03 1.080459915101527951e-03 6.640043575316668424e-03
5.952511965266666812e+04 -1.523310970515012915e-02 -3.493665484711527824e-03 6.543641444295644760e-03
5.952514625766666722e+04 1.154935569502413056e-03 -6.204866804182528582e-03 9.012071415781974792e-03
5.952517284466666752e+04 3.658105386421083970e-03 -8.750714361667633057e-03 -1.934515428729354902e-03
5.952519945566666865e+04 6.197441834956408414e-03 -6.315621547400951385e-03 4.166752565652132034e-03
5.952522605266667233e+04 -1.259055803529917977e-03 -2.525521442294120789e-03 -7.886883686296641827e-04
5.952525264766666805e+04 -1.261847792193294005e-03 -2.520765876397490935e-03 4.316246777307242155e-04
5.952527922866667359e+04 -1.136898715049028050e-02 -4.781187977641820908e-03 4.039403051137924194e-03
5.952530583966666745e+04 -6.275152321904897690e-03 6.752819899702444673e-05 1.136209070682525982e-02
5.952533242066667299e+04 -1.003686152398585926e-02 -7.235361263155937195e-03 2.723150420933961868e-03
5.952535903266666719e+04 -1.001738011837005962e-02 -6.004218477755784988e-03 3.935301676392555237e-03
5.952538560866667103e+04 1.328865997493267059e-03 -4.998521413654088974e-03 -8.758633048273622990e-04
5.952541222466666659e+04 8.931581862270832062e-03 -2.705565188080071969e-03 -6.941304542124271393e-03
5.952543880566667212e+04 1.150074135512113918e-02 9.448119089938700199e-04 -3.289211308583617210e-03
5.952546541666667326e+04 1.325967838056385951e-03 -4.994529299437999725e-03 3.420737630221992731e-04
5.952549199366667017e+04 -1.117253862321376974e-02 -8.442878723144531250e-03 -2.277669496834278107e-03
5.952551861166666640e+04 -1.367353741079569036e-02 -7.156472653150557604e-03 1.358340028673409982e-03
5.952554518966667092e+04 -9.836211800575256348e-03 -2.285674447193741798e-03 8.672432973980903625e-03
5.952557180166667240e+04 2.699178410694003105e-03 -4.981143865734338760e-03 3.893543733283876939e-03
5.952559838166667032e+04 -7.341253105551004410e-03 -3.562322584912180901e-03 7.476728409528732300e-03
5.952562499266667146e+04 6.465571466833353043e-03 -5.043010693043470383e-03 5.138069856911897659e-03
5.952565157366666972e+04 3.370255872141569853e-04 1.139976549893618064e-03 -8.364737033843994141e-03
5.952567818466667086e+04 2.804898656904696985e-03 -7.406310178339481354e-03 1.301697047892957926e-04
5.952570476266666810e+04 -2.261736663058400154e-03 -8.517909795045852661e-03 6.203900557011365891e-03
5.952573137766667060e+04 -3.476663492619990869e-03 -6.037820130586624146e-03 7.400110363960266113e-03
5.952575795766666852e+04 4.032876342535018921e-03 -7.386439479887486372e-03 9.899453260004520416e-03
5.952578456966667000e+04 -4.612480290234088898e-03 -1.153611461631953933e-03 -2.399862045422195955e-03
5.952581115066666825e+04 2.926944987848401070e-03 -2.837114880094305020e-05 4.963067825883626938e-03
5.952583773266666685e+04 6.836237385869026184e-03 -1.275553018786012910e-03 2.434444846585392952e-03
5.952586434266666765e+04 1.739130541682243000e-02 -4.192365705966948769e-02 7.655136752873659134e-03
5.952589093166666862e+04 -6.943562533706426620e-03 1.425836002454162078e-03 3.545885207131505013e-03
5.952591753066667297e+04 -5.869687069207429886e-03 -7.143094204366207123e-03 1.215183921158313925e-02
5.952594414566666819e+04 -1.204650383442639958e-02 -8.915773942135274410e-04 1.450752466917037964e-02
5.952597072666666645e+04 3.173124277964233918e-03 4.932569805532693863e-03 4.810429643839597702e-03
5.952599733766666759e+04 -4.318412393331527710e-03 5.129763856530190382e-03 7.093546912074089050e-03
5.952602391866667313e+04 -1.201362814754248012e-02 -3.322624135762453079e-03 7.097939029335975647e-03
5.952605052966666699e+04 6.637027021497488022e-03 -1.469742041081189936e-02 6.078651174902915955e-03
5.952607710566667083e+04 7.891441695392131805e-03 -1.471493113785981958e-02 7.308543194085359573e-03
5.952610372266666673e+04 -3.282368183135985894e-03 -8.416091091930866241e-03 -1.277753035537899083e-04
5.952613030266667192e+04 -7.103529758751392365e-03 -1.079242397099733006e-02 2.302157226949930191e-03
5.952615691466667340e+04 -4.649613052606582642e-03 -1.326861511915921991e-02 7.215003017336130142e-03
5.952618347466667183e+04 -5.670756800100207329e-04 -4.688859917223454389e-03 7.075804285705089569e-03
5.952621010666667280e+04 -1.860220567323267026e-03 -7.130597252398729324e-03 4.643363412469624606e-03
5.952623668766667106e+04 -5.998272681608796120e-04 -7.158038672059774399e-03 3.432176075875759125e-03
5.952626326566666830e+04 1.944099320098757961e-03 -5.987510550767183304e-03 1.000895397737622044e-03
5.952628987966667046e+04 6.959500024095177650e-04 -4.718410316854715347e-03 5.864257924258708954e-03
5.952631649066667160e+04 7.746623014099895954e-04 -1.055659609846770980e-03 2.179987030103803115e-03
5.952634307166666986e+04 7.265703752636908618e-03 1.335492241196333928e-03 -1.557519193738698959e-03
5.952636968266667100e+04 3.552942071110010147e-03 3.837992437183856964e-03 -5.259167402982711792e-03
5.952639626366666926e+04 2.203177427873014970e-03 2.182017196901142868e-04 3.295982955023645921e-03
5.952642287466667040e+04 4.701849073171615601e-03 -1.063281903043389104e-03 8.815919281914830208e-04
5.952644945566666865e+04 4.765585996210575104e-03 1.362891751341521957e-03 -5.233653821051120758e-03
5.952647606766667013e+04 7.244727108627557755e-03 1.083746028598397970e-04 -1.548979897052050071e-03
5.952650264766666805e+04 1.106656342744826924e-02 2.484133699908853011e-03 -3.979158122092485428e-03
5.952652925966666953e+04 4.955467768013477325e-03 7.578295189887285233e-03 -1.713672769255935929e-03
5.952655583966666745e+04 2.246459946036339153e-02 3.610665677115321159e-03 3.309580730274320082e-03
5.952658245166666893e+04 2.631259895861148834e-02 7.207485381513834000e-03 -3.484558837953954935e-04
5.952660903266666719e+04 8.706241846084594727e-03 6.280560512095689774e-03 -2.899616491049528122e-03
5.952663564366666833e+04 -1.172149553894996990e-02 -1.177773717790842056e-02 -6.576099898666143417e-03
5.952666222066667251e+04 -4.010505974292755127e-03 -3.347301390022038980e-03 -1.146058551967144012e-02
5.952668881766666891e+04 -1.790145039558410991e-02 -1.161868125200271953e-02 -1.159641519188880920e-02
5.952671541666667326e+04 6.131986621767281619e-03 3.158780746161938256e-04 9.225799702107906342e-03
5.952674202766666713e+04 -2.047384344041347851e-02 -1.148920971900225033e-02 7.906856015324592590e-03
5.952676860866667266e+04 -2.428027242422103882e-02 -1.388628967106341969e-02 5.457876715809106827e-03
5.952679521966666653e+04 -1.550995651632547032e-02 -1.400384120643139059e-02 1.405921485275029963e-02
5.952682180066667206e+04 -1.415664236992597927e-02 -9.130756370723247528e-03 1.159629598259926016e-02
5.952684841166667320e+04 -1.905557699501514088e-02 -6.525979377329350385e-03 9.008838795125484467e-03
5.952687499266667146e+04 -1.644149050116539001e-02 -1.681138412095605893e-03 5.333419423550367355e-03
5.952690160466667294e+04 -1.940850913524628032e-02 -2.867122739553451885e-02 -6.707725115120410919e-03
5.952692818466667086e+04 -2.455247566103934808e-03 6.649096030741930008e-03 2.931184135377407074e-03
5.952695477866667352e+04 -1.283890753984450947e-02 -1.157517451792955052e-02 1.762802246958016916e-03
5.952698137766667060e+04 -4.235762637108564377e-03 -2.152085117995738983e-02 6.766480393707752228e-03
5.952700796766667190e+04 -1.786631532013415943e-02 -1.148272864520549948e-02 2.949551679193973975e-03
5.952703458166666678e+04 -2.547260606661438942e-03 -1.865312806330621026e-03 1.674064900726079941e-03
5.952706118066667113e+04 -1.393674965947865919e-02 -5.325108766555786133e-03 6.500578951090574265e-03
5.952708776166666939e+04 -5.018216092139481631e-03 -6.222027586773037910e-04 -4.451374523341655731e-03
5.952711437266667053e+04 3.889988176524639130e-03 6.612905766814947128e-03 2.881007501855493026e-03
5.952714095366666879e+04 8.886192925274372101e-03 5.308490246534348402e-03 5.362534895539283752e-03
5.952716756466666993e+04 1.641800999641418110e-02 5.186039488762617111e-03 7.853127084672451019e-03
5.952719414566666819e+04 1.449542469345032952e-03 3.047786885872482820e-03 1.577787566930056052e-03
5.952722075666666933e+04 -1.389948930591345007e-02 -8.881825953722000122e-03 1.741632632911204945e-02
5.952724733766666759e+04 -1.903503760695457112e-02 -1.492647733539343054e-02 1.742338202893733978e-02
5.952727394966666907e+04 -1.639393344521522869e-02 -7.602106314152479172e-03 1.983402855694293976e-02
5.952730051966667088e+04 -1.995730772614479065e-02 2.237224951386452155e-03 1.120442710816860026e-02
5.952732714166666847e+04 3.855866452795453370e-06 -5.464287940412759781e-03 1.382665801793337042e-02
5.952735372266666673e+04 -1.753084361553192139e-02 -2.718187402933835983e-03 1.003112364560366024e-02
5.952738031766666973e+04 -2.152773924171924938e-02 -1.972029358148574829e-02 1.613452844321728100e-02
5.952740691466667340e+04 -2.032993733882904053e-02 -2.469128556549549103e-02 6.414939183741807938e-03
5.952743352566666726e+04 -1.295836921781300978e-02 -3.465094044804573059e-02 2.870931057259439988e-03
5.952746011866666959e+04 -1.148172095417976032e-02 -2.366223931312561035e-02 -3.292205743491650061e-03
5.952748671766666666e+04 -1.264862902462481932e-02 -1.747678220272063862e-02 3.978027496486902237e-03
5.952751329866667220e+04 -1.512373331934213985e-02 -1.496975030750036066e-02 6.384463980793952942e-03
5.952753987966667046e+04 -5.946153774857521057e-03 -3.290437161922454834e-04 7.489920593798161420e-03
5.952756649066667160e+04 -1.470025721937417984e-02 1.025232835672795989e-03 1.322153722867370085e-03
5.952759307166666986e+04 -7.117084693163633347e-03 3.345723031088709831e-03 1.357334316708147959e-03
5.952761968266667100e+04 5.229538073763251305e-04 9.360601194202899933e-03 5.028324667364358902e-03
5.952764626366666926e+04 -1.852075452916323922e-03 1.549948286265134985e-02 -3.568659070879220963e-03
5.952767287366667006e+04 6.164219230413436890e-04 1.300216559320688074e-02 -3.536046482622623010e-03
5.952769945566666865e+04 9.606093168258666992e-03 1.784512586891651154e-02 7.783725595800206065e-05
5.952772606566666946e+04 1.213420741260052074e-02 1.903788186609745026e-02 2.527082571759819984e-03
5.952775264766666805e+04 2.348399348556995045e-02 2.255491912364960064e-02 1.111938711255788977e-02
5.952777925966666953e+04 9.778647683560848236e-03 2.766602300107479095e-02 2.453534398227930069e-03
5.952780585166667151e+04 9.573294781148433685e-03 1.789213344454764973e-02 1.105657126754521977e-02
5.952783245166666893e+04 6.886631250381469727e-03 8.119102567434310913e-03 9.884126484394073486e-03
5.952785899391667044e+04 -7.034845650196074572e-03 2.214298117905855179e-03 6.171068176627159119e-03
5.952788560491667158e+04 -1.462877634912728916e-02 -6.145825609564781189e-03 9.764354676008224487e-03
5.952791218591666984e+04 -1.956410892307757984e-02 -1.152303768321871974e-03 9.699215181171894073e-03
5.952793879691667098e+04 -1.571594923734664917e-02 3.702843096107244058e-03 1.335340738296508963e-02
5.952796537791666924e+04 -1.572247967123984944e-02 3.712996607646346092e-03 1.579382456839084972e-02
5.952799198891667038e+04 -1.588920690119266857e-02 -4.856343381106852618e-03 1.951007917523384094e-02
5.952801856991666864e+04 -1.188335753977299084e-02 4.807394463568925858e-03 1.171729876659810977e-03
5.952804518591667147e+04 -1.180819328874349941e-02 2.421020297333598137e-03 -1.326453406363726096e-03
5.952807177391667210e+04 -7.999867200851440430e-03 4.816887434571981430e-03 1.122917165048419996e-03
5.952809837291666918e+04 -1.061685383319855083e-02 -1.281961100175976970e-03 -1.294717891141772053e-03
5.952812495391666744e+04 -8.211229927837848663e-03 -6.205647252500057220e-03 4.854261409491300583e-03
5.952815154391666874e+04 -1.074552722275256937e-02 -7.388170808553695679e-03 4.846217576414346695e-03
5.952817814591666684e+04 -1.072206534445285971e-02 -4.903907887637615204e-03 1.215102337300776915e-02
5.952820475791666831e+04 -1.207116711884737015e-02 -1.104067079722880970e-02 6.082778330892323580e-03
5.952823135091667064e+04 -9.338531643152236938e-03 -4.850981291383504868e-03 9.642844088375568390e-03
5.952825794991666771e+04 -4.271147772669792175e-03 -3.739990061149001122e-03 3.568915417417883873e-03
5.952828453091667325e+04 -4.128799773752689362e-03 3.607190214097499847e-03 1.081005437299608967e-03
5.952831114191666711e+04 -2.834377344697713852e-03 6.047958973795176420e-03 3.513352014124393029e-03
5.952833773591666977e+04 -5.250035785138607025e-03 1.098680403083563024e-02 1.024362980388104916e-03
5.952836433391666651e+04 -1.543641323223710060e-03 8.494217880070209503e-03 7.166154682636260986e-03
5.952839091491667205e+04 -1.362745533697306893e-03 1.224749814718962063e-02 5.849772132933139801e-03
5.952841752591667318e+04 -1.402467209845780979e-02 6.315345875918865204e-03 9.242105297744274139e-04
5.952844410691667144e+04 -5.299544427543879423e-03 2.486405661329627037e-03 2.227990189567207856e-03
5.952847071791667258e+04 -2.624024054966866970e-04 3.640470560640097098e-03 5.914413370192050934e-03
5.952849728891666746e+04 -3.979403991252183914e-03 6.148796062916517258e-03 3.433019621297717094e-03
5.952852389491666690e+04 -4.027296788990497589e-03 3.700973931699990793e-03 4.669094458222389221e-03
5.952855048791666923e+04 -7.624903693795204163e-03 7.502459455281496048e-03 5.763983353972434998e-03
5.952857708691667358e+04 -6.386626977473497391e-03 6.248265970498322573e-03 4.560344852507114410e-03
5.952860368391666998e+04 -1.658747158944607128e-02 -9.119678288698196411e-04 9.420146234333515167e-03
5.952863029491667112e+04 -1.285517681390047073e-02 -3.441728418692946000e-03 7.021890953183174133e-03
5.952865687591666938e+04 -1.782093942165375103e-02 3.362765128258615732e-04 9.404187090694904327e-03
5.952868348691667052e+04 -5.214489065110682574e-03 2.573099685832858086e-03 1.069403439760207956e-02
5.952871007991667284e+04 -1.526641473174094980e-02 2.749963663518428802e-03 1.062573119997978037e-02
5.952873667891666992e+04 -1.642525941133499146e-02 1.596497953869401975e-03 6.886491551995277405e-03
5.952876325991666818e+04 -1.769593171775341034e-02 3.811971982941030914e-04 4.446400795131921768e-03
5.952878987091666932e+04 -1.774752140045166016e-02 -2.061388688161969185e-03 6.902322638779878616e-03
5.952881645191666757e+04 -1.507030986249447042e-02 5.209846422076225281e-03 -2.888820366933941841e-03
5.952884305191667227e+04 -1.134124025702477022e-02 2.684704726561903954e-03 -4.067934583872556686e-03
5.952886964091667323e+04 -6.453079637140035629e-03 -3.498838050290942192e-03 4.545169882476329803e-03
5.952889623691666930e+04 -5.123618524521589279e-03 -5.923475604504346848e-03 2.048494294285773797e-03
5.952892285491667280e+04 -5.130215082317590714e-03 -7.171310018748044968e-03 -2.822229871526360945e-03
5.952894944791666785e+04 -2.460277639329433007e-03 1.106645504478365047e-04 -1.017281692475079970e-02
5.952897602891667339e+04 1.369130914099514051e-03 3.733703168109058900e-03 -7.731809746474027634e-03
5.952900263991666725e+04 1.876088499557226896e-04 8.682107552886009216e-03 -2.893000608310102983e-03
5.952902922091667278e+04 5.127816461026669416e-03 3.682523267343639894e-03 -4.047665745019912720e-03
5.952905583191666665e+04 1.403502770699561076e-03 6.201295647770166397e-03 -4.089300986379384995e-03
5.952908241291667218e+04 -7.213874720036982623e-03 1.008926890790461973e-02 -4.255007021129131317e-03
5.952910902391667332e+04 -3.428993048146367073e-03 1.125979237258433949e-02 -1.796964788809418895e-03
5.952913560491667158e+04 5.441263318061828613e-03 1.477348431944846933e-02 -4.200866445899009705e-03
5.952916220791667001e+04 4.154792521148920059e-03 1.358005218207835978e-02 -1.761245890520513058e-03
5.952918880891666777e+04 -1.232879143208264958e-02 6.530555430799722672e-03 3.055806970223784013e-03
5.952921540791667212e+04 -3.413457656279205842e-03 1.123838126659392964e-02 -6.676141638308764371e-03
5.952924198891667038e+04 4.222959978505969048e-04 1.128177810460329056e-02 7.906912826001644135e-03
5.952926859191666881e+04 -4.662948194891214371e-03 6.421868223696947098e-03 -1.855020760558546023e-03
5.952929518091666978e+04 1.503794803284109072e-03 1.848767860792576996e-04 -5.523035652004182339e-04
5.952932179291667126e+04 -4.848497454077005386e-03 -3.378826892003417015e-03 6.498682778328657150e-04
5.952934837691667053e+04 -1.241330709308386022e-02 -4.467078950256109238e-03 1.827485975809395096e-03
5.952937498491667066e+04 -9.776532649993896484e-03 1.604324206709861972e-03 -1.854762551374733014e-03
5.952940156591666891e+04 -8.537781424820423126e-03 -4.483819939196109772e-03 4.209579434245824814e-03
5.952942817691667005e+04 -2.117684297263621937e-02 -7.931398227810859680e-03 6.588577292859554291e-03
5.952945475791666831e+04 -1.222795527428388943e-02 -7.548397989012300968e-04 5.005949060432612896e-04
5.952948136891666945e+04 -1.489333342760800968e-02 -8.042423985898494720e-03 6.632036529481410980e-03
5.952950794991666771e+04 -1.362162549048662012e-02 -8.086016401648521423e-03 1.760705141350626945e-03
5.952953456091666885e+04 -1.740904897451401104e-02 -7.993567734956741333e-03 7.835088297724723816e-03
5.952956114191666711e+04 -1.490316260606049971e-02 -9.285757318139076233e-03 2.980128861963748932e-03
5.952958775291666825e+04 -1.842374354600906025e-02 -1.843474339693784931e-03 -8.369136485271155834e-04
5.952961433291667345e+04 -1.463871914893388922e-02 -1.931602251715957902e-03 -5.691352766007184982e-03
5.952964094491666765e+04 -1.234865561127663006e-02 -1.298193447291851044e-02 1.717559294775127931e-03
5.952966752591667318e+04 -5.849624983966351423e-03 -8.182148449122905731e-04 4.120301455259323120e-03
5.952969411491666688e+04 -4.645060747861862183e-03 -4.540888126939535141e-03 -7.269312627613544464e-04
5.952972071791667258e+04 -3.276640782132744789e-03 1.568673877045511983e-03 -7.589041488245129585e-04
5.952974732991666679e+04 -3.335876855999230905e-03 -2.121511613950132890e-03 -3.175103804096579985e-03
5.952977391091667232e+04 -1.196219120174646031e-02 1.768942107446491935e-03 2.796774962916969819e-03
5.952980052191667346e+04 8.216665126383304596e-03 6.341686006635426608e-03 7.781186606734991074e-03
5.952982712191667088e+04 -3.139533801004291014e-03 4.092750139534473419e-03 8.940474130213260651e-03
5.952985371391667286e+04 -3.001891076564788818e-03 1.018746476620436062e-02 3.600914787966758013e-04
5.952988029491667112e+04 1.337415073066950018e-02 1.235781051218510021e-02 1.675399718806148009e-03
5.952990690591667226e+04 1.204673014581202940e-02 8.706028573215007782e-03 2.910444047302008109e-03
5.952993348691667052e+04 -4.295667633414267626e-03 4.143980331718921661e-03 1.130153890699148005e-02
5.952996010091667267e+04 -1.778419944457710006e-03 4.094163887202739716e-03 1.009892765432596033e-02
5.952998667891666992e+04 6.609403644688427448e-04 -8.774632588028907776e-04 5.268353037536144257e-03
5.953001328991667106e+04 -6.210622377693653107e-04 -2.076828386634587808e-03 6.487862672656775388e-03
5.953003987691667135e+04 -6.959100719541311264e-03 -5.661602597683668137e-03 2.809342928230762048e-03
5.953006648291667079e+04 -3.177757374942303138e-03 -4.486069548875092593e-03 6.486944854259490967e-03
5.953009306291666871e+04 -6.763283163309097290e-03 -7.319431169889867306e-04 5.148662719875574112e-03
5.953011967491667019e+04 -2.971344394609332085e-03 4.278376582078636235e-04 5.165690556168556213e-03
5.953014625591666845e+04 -9.276068769395351410e-03 -6.880534347146749496e-04 5.131036508828402433e-03
5.953017286691666959e+04 -2.948569832369685173e-03 1.654013525694608905e-03 5.157875828444957733e-03
5.953019944791666785e+04 -6.762424483895301819e-03 5.256118020042777061e-04 1.246011536568403071e-02
5.953022605891666899e+04 -4.267745185643435392e-03 -7.506187539547681808e-04 1.126501336693764080e-02
5.953025263991666725e+04 -6.717811804264783859e-03 -3.136394312605261803e-03 1.363982912153005947e-02
5.953027925091666839e+04 -5.535268690437077609e-03 -8.085767738521099091e-03 8.800460956990718842e-03
5.953030583191666665e+04 -1.634859130717813969e-03 -7.886918610893189907e-04 9.998336434364318848e-03
5.953033244291666779e+04 -5.433874670416116714e-03 -1.938216038979589939e-03 1.242094300687313080e-02
5.953035902391667332e+04 -7.965326309204101562e-03 -4.384120926260948181e-03 3.880036761984229088e-03
5.953038560791667260e+04 -9.210162796080112457e-03 -4.378215409815311432e-03 2.118281845469028029e-04
5.953041221591667272e+04 -6.592317484319210052e-03 1.719741965644061999e-03 2.628763206303120093e-03
5.953043882791666692e+04 -3.880759002640842958e-03 6.603804416954517365e-03 4.993816837668418884e-03
5.953046541191667347e+04 3.509331727400422096e-03 -2.124540740624070168e-03 2.660579979419707818e-03
5.953049200691666920e+04 -2.075631637126207081e-04 3.835510578937829083e-04 1.787925430107862028e-04
5.953051860091667186e+04 2.249716781079769135e-03 -8.393700700253248215e-04 1.118353940546512951e-02
5.953054521191667300e+04 7.354832720011472702e-03 1.476469216868280931e-03 2.219479792984203046e-04
5.953057179291667126e+04 1.095671788789331913e-03 2.812800463289022012e-03 1.715326216071844101e-04
5.953059840391667240e+04 2.363704843446611924e-03 2.774482360109686852e-03 -3.479833481833339171e-03
5.953062497291666659e+04 8.708610199391841888e-03 2.716814167797565027e-03 6.260177586227655411e-03
5.953065159591667179e+04 2.482516458258032799e-03 5.263839382678270340e-03 2.541556023061275048e-03
5.953067817691667005e+04 2.545911818742752075e-03 7.689972408115863800e-03 -3.574417904019356208e-03
5.953070478791667119e+04 6.274733692407608032e-03 6.423896644264459610e-03 2.559858141466975212e-03
5.953073136191666708e+04 2.449726685881615119e-03 4.053335171192883578e-03 6.210722494870424271e-03
5.953075797991667059e+04 -2.511996077373623848e-03 6.567267235368490219e-03 6.062035754439420998e-05
5.953078456091666885e+04 2.475137123838067055e-03 1.584924524649977901e-03 1.296203699894249006e-03
5.953081117091666965e+04 6.304523907601833344e-03 5.208368413150311384e-03 3.738198196515440941e-03
5.953083775291666825e+04 1.854176298365927894e-05 4.065779969096183777e-03 -2.396386116743088202e-03
5.953086435691666702e+04 -2.587460214272141023e-03 -7.902278448455035686e-04 -1.161160762421787002e-03
5.953089094491666765e+04 -6.393685936927795410e-03 -3.187465947121382193e-03 -3.610118059441446824e-03
5.953091755691666913e+04 -5.080761387944220629e-03 4.853162390645592863e-04 3.475626363069749691e-05
5.953094413791666739e+04 -3.694106824696063995e-03 4.482105723582208157e-04 -4.893505014479160309e-03
5.953097074891666853e+04 -2.463354263454676108e-03 -7.949829450808465481e-04 -3.656355431303381920e-03
5.953099732991666679e+04 2.592704957351088958e-03 1.590515254065393968e-03 1.241891179233789010e-03
5.953102394091666793e+04 2.066681336145848036e-04 7.745367474853991595e-03 -3.694740356877446175e-03
5.953105052191667346e+04 9.050397202372550964e-03 1.003829669207335039e-02 -4.870697855949401855e-03
5.953107712291667121e+04 1.056468172464520010e-04 2.856233157217503028e-03 -2.425882712486782111e-06
5.953110371391667286e+04 1.057714180205949057e-04 -2.011441625654696985e-03 7.289859466254711151e-03
5.953113032491666672e+04 -1.217565732076764107e-03 -5.668599624186754227e-03 7.305516861379146576e-03
5.953115690391667158e+04 -7.391157094389200211e-03 -6.794415530748665333e-04 1.131586614064872048e-03
5.953118351791666646e+04 -1.108651631511748054e-03 -7.900037453509867191e-04 1.174276112578809044e-03
5.953121009791667166e+04 -1.005663815885782068e-02 -6.708814762532711029e-03 1.457441039383411061e-02
5.953123670191667043e+04 -7.431949488818644610e-03 -1.879437826573848941e-03 7.239247672259807587e-03
5.953126328991667106e+04 1.554757938720285892e-03 6.501836236566305161e-03 -3.736619604751468138e-03
5.953128990191667253e+04 6.653242278844118118e-03 5.208078306168317795e-03 -9.617803152650594711e-05
5.953131648291667079e+04 5.295813549309968948e-03 3.407063486520200968e-04 3.586867358535528183e-03
5.953134308891667024e+04 -3.543959697708487944e-03 -1.957335043698548837e-03 3.543816274031997161e-03
5.953136967491667019e+04 1.397164887748659091e-03 -5.698554683476685610e-03 9.703025221824645996e-03
5.953139628291667032e+04 -1.014884561300277927e-03 -7.647297461517155170e-04 5.994657520204781619e-03
5.953142286691666959e+04 -4.728504922240973386e-03 1.738301478326321082e-03 2.292666118592023849e-03
5.953144947791667073e+04 -9.558578021824359894e-04 -7.728703785687685013e-04 3.492455231025815010e-03
5.953147605891666899e+04 -8.994686068035662174e-04 1.663693343289196058e-03 -1.832101843319833008e-04
