6.981059019050000643e+04 -1.414339710026978926e-02 -6.481651216745376587e-04 -1.524495333433151072e-02
6.981061677150000469e+04 -1.412313058972359051e-02 5.782694788649678230e-04 -1.525238342583178953e-02
6.981064338249999855e+04 3.433420090004802184e-03 -9.504538029432296753e-04 -1.268482021987438028e-02
6.981066996350001136e+04 3.972311678808181936e-04 5.532065406441689405e-03 2.308175433427094980e-03
6.981069654450000962e+04 5.429396405816078186e-03 5.435875616967678070e-03 1.121670356951653957e-03
6.981072315550000349e+04 9.081154130399227142e-03 -2.004910260438919067e-03 -2.465337747707962990e-03
6.981074973650000175e+04 2.731343731284141974e-03 -5.565511062741279602e-03 -1.263655489310621998e-03
6.981077631750000000e+04 1.659600180573761029e-03 5.518750287592411041e-03 3.537023207172750993e-03
6.981080292850000842e+04 1.660086563788353963e-03 5.522192455828189850e-03 3.537802956998347802e-03
6.981082952250000380e+04 -3.477805061265825792e-03 -5.160319851711392403e-04 4.763462580740451813e-03
6.981085612050000054e+04 -7.471905089914798737e-03 -1.593622379004955075e-03 8.637211285531520844e-03
6.981088270149999880e+04 -1.386883854866028006e-02 -7.611305918544530869e-03 9.854298084974288940e-03
6.981090928649999842e+04 -1.126154791563748966e-02 -4.015224520117043581e-03 1.307262922637165026e-03
6.981093589350000548e+04 -9.874158538877964020e-03 3.323946846649051146e-03 2.487594494596124129e-03
6.981096247450000374e+04 -6.154536735266447067e-03 8.103694417513906956e-04 3.749556839466094971e-03
6.981098907450000115e+04 -2.383128507062793212e-03 7.370915845967829227e-04 2.555373124778271155e-03
6.981101566650001041e+04 -1.123203989118337978e-02 -3.176944155711681193e-04 5.705998279154300690e-03
6.981104224750000867e+04 -1.000608783215284001e-02 -1.555016962811351039e-03 8.162884972989559174e-03
6.981106885850000253e+04 -4.968460649251937866e-03 -1.658466295339166901e-03 4.537336062639951706e-03
6.981109543950000079e+04 -2.351804170757532120e-03 4.445198923349379626e-03 8.174269460141658783e-03
6.981112202049999905e+04 -1.119585242122411945e-03 3.201864194124937057e-03 9.410676546394824982e-03
6.981114863150000747e+04 -3.678733482956885858e-03 7.972070598043501377e-04 1.062926184386014938e-02
6.981117521250000573e+04 -3.690105630084871812e-03 -4.460203927010297775e-04 6.977425422519445419e-03
6.981120179350000399e+04 -3.654645290225743814e-03 7.664914592169225216e-04 5.968699697405099869e-03
6.981122840449999785e+04 -7.437250576913356781e-03 -4.053555021528155154e-04 3.510918468236922784e-03
6.981125498550001066e+04 -8.630853146314620972e-03 2.047779271379113197e-03 -1.393806538544595025e-03
6.981128159650000453e+04 -4.835030063986778259e-03 4.459745716303586960e-03 4.715744871646165848e-03
6.981130817750000278e+04 -1.147114438936114094e-03 -5.239222082309424877e-04 2.333187032490969138e-03
6.981133475850000104e+04 2.611011033877729936e-03 -5.750338314101099968e-04 6.018900312483310699e-03
6.981136136950000946e+04 -1.014441717416048050e-03 6.848705466836690903e-03 8.404131978750228882e-03
6.981138795050000772e+04 -2.235205611214042144e-03 9.339192882180213928e-03 1.203942950814962040e-02
6.981141452050000953e+04 -6.061370018869637576e-03 5.716015584766864777e-03 9.597775526344776154e-03
6.981144114249999984e+04 -8.641133084893226624e-03 2.082271268591285186e-03 9.605120867490768433e-03
6.981146772349999810e+04 -7.459718734025955200e-03 -1.607803278602659919e-03 1.207796297967433929e-02
6.981149430150000262e+04 3.844521008431911035e-03 -1.803027698770165010e-03 1.337469462305307041e-02
6.981152091550000478e+04 1.646203175187110901e-02 4.143351106904447079e-04 1.100342813879250960e-02
6.981154749650000304e+04 1.261107902973889958e-02 -5.676197819411754608e-03 8.524809964001178741e-03
6.981157408450001094e+04 1.145689003169536938e-02 4.877990577369927818e-04 1.091679371893405914e-02
6.981160068850000971e+04 1.003585103899239973e-02 -9.323113597929477692e-03 6.092408206313847628e-03
6.981162729950000357e+04 5.059059709310531616e-03 -6.786658428609371185e-03 4.822558257728815079e-03
6.981165388050000183e+04 -3.542341990396379991e-03 3.159459680318831964e-03 -1.804562925826757875e-04
6.981168046150000009e+04 2.670850837603210969e-03 -6.249246071092784405e-04 1.106164068914949894e-03
6.981170707250000851e+04 -3.374515566974877877e-03 5.602871067821980390e-03 2.814169740304350853e-03
6.981173365049999848e+04 -6.012167781591415405e-03 -1.723359338939189911e-03 4.047045076731591875e-04
6.981176023450000503e+04 -9.900550357997417450e-03 -7.779252715408802032e-03 2.859126310795546012e-03
6.981178684549999889e+04 -1.996013894677162170e-02 -7.592369336634874344e-03 5.231057293713092804e-03
6.981181342649999715e+04 -2.000045031309128155e-02 -1.005094684660435070e-02 4.027083981782197952e-03
6.981184003750000556e+04 -2.142595313489437103e-02 -1.985735259950160980e-02 4.226926539558916742e-04
6.981186661150000873e+04 -2.376269921660422932e-02 -1.489799004048109055e-02 7.245918270200490952e-03
6.981189319950000208e+04 -1.370106451213360006e-02 -1.509192772209643971e-02 3.654297208413482146e-03
6.981191979349999747e+04 1.507931156083941026e-03 -8.002714253962039948e-03 3.708585631102323966e-03
6.981194639150000876e+04 1.414699573069811041e-02 -5.813446361571550369e-03 -5.981796886771917343e-03
6.981197300250000262e+04 1.695197820663452148e-02 1.134589873254298990e-02 1.243827980943023942e-03
6.981199956850000308e+04 1.586680300533771862e-02 2.119722031056880951e-02 4.831545986235141754e-03
6.981202616449999914e+04 2.198382094502449036e-02 1.251624524593352925e-02 8.589543402194976807e-03
6.981205277249999926e+04 1.689490117132664074e-02 5.264819599688053131e-03 1.676438003778457989e-02
6.981207935749999888e+04 5.354422144591808319e-03 -6.792209111154078570e-03 1.920741423964500080e-02
6.981210593750000407e+04 -8.503174409270286560e-03 -1.027263607829809015e-02 9.377352893352508545e-03
6.981213254849999794e+04 -9.809185750782489777e-03 -1.269233971834183086e-02 1.182459667325020010e-02
6.981215912950001075e+04 -7.175189908593893051e-03 -7.872277870774269104e-03 2.049973234534264045e-03
6.981218574050000461e+04 -4.524053074419497576e-03 6.949769449420273304e-04 8.111347444355487823e-03
6.981221232150000287e+04 5.946828750893473625e-04 4.248307552188634872e-03 -4.182524571660906076e-04
6.981223890750001010e+04 -3.125877352431416945e-03 3.086455166339873834e-03 2.818219130858778954e-03
6.981226551350000955e+04 -7.056512404233217239e-03 -5.428238771855831146e-03 4.068645182996988297e-03
6.981229209450000781e+04 3.015326568856834932e-03 -4.374912008643150330e-03 5.348410457372665405e-03
6.981231868950001081e+04 5.556744057685136795e-03 -3.198733553290367126e-03 4.137128125876188278e-03
6.981234528649999993e+04 1.828579604625701904e-02 5.153955891728401184e-03 1.726622926071285985e-03
6.981237186350001139e+04 1.061442308127879923e-02 -8.201762684620916843e-04 7.815682329237461090e-03
6.981239847949999967e+04 1.316986046731472015e-02 -8.695594733580946922e-04 8.721512742340564728e-03
6.981242505950000486e+04 2.995951101183890863e-03 -6.808015983551740646e-03 1.235354505479335958e-02
6.981245166550000431e+04 4.380857106298208237e-03 -7.186621078290045261e-04 7.442285306751728058e-03
6.981247825149999699e+04 8.204189129173755646e-03 1.657214364968240044e-03 5.011790897697210312e-03
6.981250482850000844e+04 -1.798677141778171062e-03 4.281583242118358612e-03 3.707870375365018845e-03
6.981253144450001128e+04 -3.070889739319682121e-03 3.066857345402241187e-03 1.267796964384614988e-03
6.981255802450000192e+04 -1.313560456037521015e-02 -4.147042636759579182e-04 5.582670681178569794e-03
6.981258460149999883e+04 -2.438651956617831837e-02 2.221095142886043029e-03 1.830064575187861919e-03
6.981261121750000166e+04 -2.570964954793452870e-02 -1.437281607650219960e-03 1.845371094532310963e-03
6.981263778850001108e+04 -1.945288851857185017e-02 -4.028288647532463074e-03 -4.196144174784421921e-03
6.981266439050000918e+04 -4.368647001683712006e-03 -3.047668142244220214e-03 7.781633757986128330e-04
6.981269098949999898e+04 1.069676224142313004e-02 -3.298882860690354867e-03 4.540421068668364611e-03
6.981271757049999724e+04 1.453194953501225038e-02 -3.372375620529056029e-03 1.704693073406815963e-03
6.981274418249999871e+04 1.091339159756899053e-02 5.284365732222794619e-03 2.843897324055432840e-03
6.981277076250000391e+04 8.389214985072612762e-03 5.346881225705146790e-03 6.487685721367597580e-03
6.981279737450000539e+04 3.371434519067407088e-03 5.426199641078711423e-03 4.014051053673028946e-03
6.981282393650000449e+04 -4.183676093816757202e-03 5.585810635238885880e-03 1.006280165165662939e-02
6.981285053550000885e+04 -9.302603080868721008e-03 -4.802633775398135185e-04 5.188009701669216156e-03
6.981287714750001032e+04 -1.063963491469622005e-02 -5.375409033149480820e-03 2.771158935502171950e-03
6.981290372850000858e+04 -1.563560590147972107e-02 -2.814304083585739136e-03 7.600987795740365982e-03
6.981293033950000245e+04 -1.742147258482873006e-03 6.099639576859772205e-04 5.231257062405347824e-03
6.981295692050000071e+04 5.723570473492146406e-03 -3.197517246007918878e-03 6.526783574372529984e-03
6.981298350050000590e+04 1.458168681710957960e-02 -9.261678787879645824e-04 4.707907210104166919e-04
6.981301007950000349e+04 1.724344119429587971e-02 7.624999620020390424e-03 2.872269134968519211e-03
6.981303669350000564e+04 1.222507655620574951e-02 8.960744366049766541e-03 7.710324600338935852e-03
6.981306327350001084e+04 5.912866443395614624e-03 7.855950854718685150e-03 1.011598575860261917e-02
6.981308987350000825e+04 2.042749198153614998e-03 1.780772348865867095e-03 7.690279278904199600e-03
6.981311646650001057e+04 -1.426999829709530050e-02 -3.736517392098904198e-04 8.291020989418029785e-03
6.981314307750000444e+04 -1.438392605632544084e-02 -7.758675608783960342e-03 2.238892717286943956e-03
6.981316964449999796e+04 -1.430221181362867008e-02 -2.843243768438696861e-03 4.647119902074337006e-03
6.981319625150000502e+04 -1.673790044151246981e-03 6.137854652479290962e-04 4.708994179964066419e-03
6.981322285050000937e+04 8.630983065813779831e-04 1.790367066860198975e-03 3.498577512800693946e-03
6.981324943150000763e+04 7.140487432479858398e-03 1.684336573816836097e-03 4.761475604027509689e-03
6.981327604250000149e+04 3.383853007107973099e-03 1.756184035912156105e-03 4.481345880776643753e-03
6.981330262349999975e+04 8.343427442014217377e-03 -2.011583885177969933e-03 4.539438989013432589e-03
6.981332920449999801e+04 8.840439259074628353e-04 1.784421619959176020e-03 8.044662536121904850e-04
6.981335581550000643e+04 -5.528782494366168976e-03 -6.726669613271951675e-03 -7.721797097474336624e-03
6.981338240750000114e+04 -1.677675731480121959e-02 -1.579031464643775983e-03 1.929714228026569106e-03
6.981340900749999855e+04 -1.165712904185057033e-02 3.233123803511261940e-03 7.121092639863491058e-04
6.981343558850001136e+04 -1.614759326912462928e-03 1.808001310564578013e-03 -4.091193899512290955e-03
6.981346216950000962e+04 1.234321482479571949e-02 8.946318179368972778e-03 -6.198259652592241764e-04
6.981348876849999942e+04 1.243306044489144932e-02 1.385087985545396978e-02 -6.518476293422281742e-04
6.981351536150000175e+04 8.444764651358127594e-03 2.905822359025477929e-03 5.494481883943080902e-03
6.981354197250001016e+04 1.230066362768411983e-02 7.749652955681085587e-03 6.708076223731040955e-03
6.981356855350000842e+04 7.208335213363170624e-03 4.159211181104183197e-03 6.698121782392263412e-03
6.981359512250000262e+04 5.810479167848824587e-03 -3.165581496432424025e-03 9.177953004837036133e-03
6.981362174550000054e+04 3.506387118250132041e-03 7.940251380205154419e-03 1.254421472549437956e-02
6.981364832649999880e+04 9.230461437255144119e-04 4.310498945415019989e-03 1.377124432474374945e-02
6.981367492150000180e+04 -1.179272867739200939e-02 -5.316834896802902222e-03 5.210007540881633759e-03
6.981370151850000548e+04 -8.007863536477088928e-03 -5.404415540397167206e-03 3.557892341632395983e-04
6.981372809950000374e+04 -3.987126983702182770e-04 -1.863237936049700000e-03 -8.367527625523507595e-04
6.981375469950000115e+04 4.652244038879871368e-03 5.271061090752482414e-04 5.281612277030944824e-03
6.981378129150001041e+04 7.179098203778266907e-03 4.606659931596369093e-04 4.189470491837710142e-04
6.981380787250000867e+04 4.700175020843744278e-03 2.973344177007675171e-03 4.045985173434019089e-03
6.981383448350000253e+04 7.123595569282770157e-03 -1.976034371182322936e-03 4.095336887985467911e-03
6.981386107549999724e+04 2.164700999855995178e-03 1.792074181139468930e-03 4.037719685584306717e-03
6.981388767550000921e+04 3.472798038274050193e-03 5.470740608870983124e-03 8.902614936232566833e-03
6.981391425650000747e+04 9.859173558652400970e-03 1.024409104138612921e-02 4.033533390611410141e-03
6.981394083750000573e+04 3.548092674463986917e-03 9.138173423707485199e-03 6.438892334699630737e-03
6.981396744849999959e+04 -2.795740263536572023e-03 5.563276354223489761e-03 5.200024694204329577e-03
6.981399402949999785e+04 -5.419706925749778748e-03 -5.250007379800081253e-04 5.222891457378864288e-03
6.981402064050000627e+04 -1.173523254692553953e-02 -1.623944146558641954e-03 8.848703466355800629e-03
6.981404723250000097e+04 -1.429021824151278063e-02 -4.036386962980031967e-03 7.628362625837326050e-03
6.981407380250000278e+04 -5.473567172884941101e-03 -4.222628660500049591e-03 3.685191331896930933e-04
6.981410041050000291e+04 1.044969074428081946e-03 7.965682074427604675e-03 6.151275243610143661e-03
6.981412699450000946e+04 9.881036356091499329e-03 9.008722379803657532e-03 1.028577316901646961e-04
6.981415360550000332e+04 1.359098684042692011e-02 6.508994847536087036e-03 5.024154670536518097e-03
6.981418016650000936e+04 1.109020132571458990e-02 7.794514298439025879e-03 8.659047074615955353e-03
6.981420676749999984e+04 4.567091818898916245e-03 -5.590583197772502899e-03 7.484329864382743835e-03
6.981423336150000978e+04 -4.309069365262985229e-03 -1.035108976066113039e-02 5.016871728003025055e-03
6.981425996250000026e+04 -9.069025516510009766e-03 3.225482301786541939e-03 3.522496204823255973e-03
6.981428654050000478e+04 -9.077352471649646759e-03 3.237061668187379837e-03 5.963068455457687378e-03
6.981431315149999864e+04 -2.796295331791042848e-03 3.126818221062421799e-03 6.006146781146526337e-03
6.981433973250001145e+04 -1.733270619297400117e-04 9.212817065417766571e-03 5.983422510325908661e-03
6.981436634350000531e+04 -3.175228775944560766e-04 6.103290943428874016e-04 2.379124052822589874e-03
6.981439292450000357e+04 -3.012944071087986231e-04 1.846595318056643009e-03 4.810976795852184296e-03
6.981441950550000183e+04 -2.799806650727986856e-03 1.889831386506557031e-03 4.653553944081068039e-03
6.981444611650001025e+04 -9.238324128091335297e-03 -7.841612212359905243e-03 -2.644637366756796837e-03
6.981447269750000851e+04 -4.060344770550727844e-03 1.918727182783186002e-03 5.865906365215778351e-03
6.981449930950000999e+04 2.302678534761071205e-03 5.465643480420112610e-03 1.004962483420968056e-03
6.981452587850000418e+04 1.227134745568037033e-02 1.629858394153415940e-03 5.977346096187829971e-03
6.981455247049999889e+04 1.487128436565398996e-02 6.494909524917603406e-03 7.182172033935785294e-03
6.981457908250000037e+04 9.809218347072601318e-03 4.119817167520523071e-03 4.724095575511456403e-03
6.981460567250000895e+04 9.199163177981972694e-04 -6.135447765700519085e-04 9.446295909583568573e-03
6.981463227450000704e+04 -7.877551950514316559e-03 -4.529889847617595846e-04 1.060676295310259039e-02
6.981465885449999769e+04 -9.229988791048526764e-03 -6.583978421986103058e-03 5.758302751928567886e-03
6.981468545250000898e+04 -1.298131141811608921e-02 -5.285770166665315628e-03 6.945179775357246399e-03
6.981471204749999742e+04 -1.567510655149817033e-03 -6.058319122530519962e-04 8.906014845706522465e-04
6.981473862750000262e+04 3.475185483694076972e-03 5.368345882743597031e-04 2.137058414518833160e-03
6.981476522750000004e+04 7.311747409403324127e-03 1.684656133875251033e-03 1.679741311818361066e-03
6.981479182050000236e+04 2.291537821292877197e-03 1.767374458722769997e-03 4.255539970472455025e-04
6.981481840050000756e+04 -4.030345473438501358e-03 -5.804458633065223694e-04 -8.211379172280430794e-04
6.981484501250000903e+04 4.710350185632705688e-03 -3.171546384692192078e-03 2.914642682299017906e-03
6.981487159350000729e+04 6.000003311783075333e-03 -1.982886577025055885e-03 -7.443546783179044724e-04
6.981489818050000758e+04 2.241795184090733962e-03 -6.738975062035024166e-04 2.882345113903284073e-03
6.981492478050000500e+04 4.692136775702238083e-03 -3.144392743706703186e-03 9.015460498631000519e-03
6.981495136550000461e+04 -3.799716650974004919e-04 -7.981748320162296295e-03 7.370367180556058884e-03
6.981497797750000609e+04 -1.699619460850954056e-03 -1.164500135928392063e-02 6.165830418467521667e-03
6.981500455850000435e+04 4.609487950801849365e-03 -1.053496543318033045e-02 4.980532918125391006e-03
6.981503113850000955e+04 -2.758185728453100270e-04 -3.098129061982036071e-03 2.459161216393113136e-03
6.981505775050001102e+04 4.704261664301156998e-03 -5.638482980430126190e-03 2.509828889742494063e-03
6.981508433150000928e+04 -9.158400818705558777e-03 -6.594280246645212173e-03 8.524482138454914093e-03
6.981511094250000315e+04 -1.036464050412178040e-02 -5.350551567971706390e-03 1.057038549333810980e-02
6.981513752350000141e+04 -1.546832267194985910e-03 -6.796905770897865295e-03 -4.001903347671031952e-03
6.981516410449999967e+04 3.624478122219442888e-03 1.714813639409840107e-03 -3.636475012172014063e-04
6.981519071049999911e+04 3.769916482269763947e-03 9.056435897946357727e-03 -4.071387927979230881e-03
6.981521775116666686e+04 8.713528513908386230e-03 5.310736130923032761e-03 8.670753450132906437e-04
6.981524436216667527e+04 -3.858207259327172799e-03 5.542474798858165741e-03 3.221992403268814087e-03
6.981527094316667353e+04 -1.537409797310828989e-02 -5.284609273076056567e-03 5.657491274178028107e-03
6.981529752416667179e+04 -1.274190656840801066e-02 -4.354104748927056789e-04 6.512633524835109711e-03
6.981532413516666566e+04 -2.708128420636057854e-03 -1.844378770329057953e-03 5.368853919208049774e-03
6.981535070816667576e+04 3.581496886909008026e-03 -1.966041279956697984e-03 2.971685491502285004e-03
6.981537732716667233e+04 1.112679764628409992e-02 -8.512448985129594803e-04 7.895236834883689880e-03
6.981540390816667059e+04 2.245243871584535079e-03 -5.607372615486382571e-03 6.647837348282337189e-03
6.981543048916666885e+04 1.084695220924914100e-03 -6.905673653818666935e-04 4.167756065726280212e-03
6.981545710016667726e+04 -2.061961567960680073e-04 -4.369585309177637100e-03 2.658067736774682999e-03
6.981548368116667552e+04 -2.549735130742191835e-03 5.501746200025081635e-03 6.237074732780457410e-03
6.981551029216666939e+04 7.574439980089663592e-03 8.998035453259944916e-03 5.061202682554721832e-03
6.981553687316666765e+04 7.492371369153261185e-03 4.081259947270154953e-03 2.653395757079124017e-03
6.981556345016666455e+04 -3.946792799979448318e-03 -1.825130195356905027e-03 8.716942742466926575e-03
6.981559006516667432e+04 -7.812883704900741577e-03 -6.653532851487398148e-03 1.116353180259465998e-02
6.981561664616667258e+04 -1.040679309517144983e-02 -1.276565343141555960e-02 8.479644544422626495e-03
6.981564325716666644e+04 -9.083838202059268951e-03 -9.107811376452445984e-03 8.464728482067584991e-03
6.981566983816666470e+04 1.094127190299331925e-03 -3.174396930262445970e-03 3.613228444010018869e-03
6.981569640816666652e+04 1.164534478448330922e-03 -7.596214418299496174e-04 -4.942451603710651398e-03
6.981572303016667138e+04 1.134480698965490081e-03 -7.174909114837646484e-04 4.817715846002101898e-03
6.981574961116666964e+04 -1.382395392283797047e-03 -6.681474624201655388e-04 6.020877044647932053e-03
6.981577619316667551e+04 -1.437798724509776072e-03 -4.363606218248605728e-03 2.385053550824522972e-03
6.981580280316667631e+04 -1.410089753335342082e-04 -4.422046709805727005e-03 -3.963865339756011963e-03
6.981582938416667457e+04 1.246145460754632950e-03 2.919641789048910141e-03 -2.783060539513825937e-03
6.981585599316666776e+04 -3.229719368391670287e-05 2.973858499899507003e-03 4.528685472905635834e-03
6.981588257616666669e+04 -1.008792221546172922e-02 3.156432649120688005e-03 5.680874455720186234e-03
6.981590918716667511e+04 -1.528544537723064076e-02 -6.576866377145051956e-03 3.270955290645360947e-03
6.981593577116666711e+04 -1.415945589542388916e-02 -1.396254077553749084e-02 2.107713371515274048e-03
6.981596234916667163e+04 -8.750026114284992218e-03 6.813650485128164291e-03 6.660234648734331131e-03
6.981598896016666549e+04 1.131235901266335921e-02 2.742851851508020921e-03 -1.719268388114870028e-03
6.981601553316667560e+04 2.021976560354233135e-02 8.719190955162048340e-03 -1.699479296803473993e-03
6.981604212216667656e+04 2.911573462188243866e-02 1.471127849072217941e-02 1.980342902243136926e-03
6.981606873316667043e+04 1.504840049892663956e-02 1.464004744775593064e-03 1.974670682102441788e-03
6.981609531416666869e+04 -4.405915751704014838e-05 1.751141157001256943e-03 6.752744782716035843e-03
6.981612192516667710e+04 -6.378135643899440765e-03 -1.837731571868062019e-03 1.854593632742762999e-03
6.981614850616667536e+04 -1.405568886548281063e-02 -1.029134914278984070e-02 1.652615610510111072e-03
6.981617511316666787e+04 -1.377596892416477030e-02 4.409634042531251907e-03 -2.102964092046021981e-03
6.981620169816666748e+04 -1.081417896784842014e-03 1.155209448188542973e-02 -8.452629554085433483e-04
6.981622827916666574e+04 -3.781161503866314888e-03 1.794719835743308067e-03 1.641716575250029998e-03
6.981625489116666722e+04 -8.829612284898757935e-03 6.560088368132710457e-04 1.615726039744914012e-03
6.981628145616667462e+04 1.006198953837155949e-02 2.776181790977716012e-03 1.727768685668706894e-03
6.981630807516667119e+04 1.639249175786972046e-02 3.874233923852444129e-03 -2.082074526697396798e-03
6.981633466316666454e+04 1.886857300996780049e-02 1.366573851555586078e-03 -4.488880746066570282e-03
6.981636124916667177e+04 1.012997701764106924e-02 3.958976827561855316e-03 -8.224118500947952271e-03
6.981638785616666428e+04 3.832150949165225029e-03 4.092218354344367981e-03 -3.386123571544886069e-03
6.981641443616666947e+04 2.649718197062612014e-03 9.041598066687583923e-03 1.453757169656455950e-03
6.981644101616667467e+04 -2.487685298547149138e-03 2.998401876538991928e-03 1.459905994124710994e-03
6.981646762916666921e+04 -2.546119736507534981e-03 -6.690058507956564426e-04 3.741927677765489058e-03
6.981649420516667305e+04 -1.011753082275390972e-02 -3.005447797477244897e-03 4.680810889112763107e-05
6.981652082116667589e+04 -1.021387148648499922e-02 -9.159180335700511932e-03 -4.793113097548484802e-03
6.981654740216667415e+04 2.468908205628395081e-03 -3.259208751842380004e-03 -7.187332026660442352e-03
6.981657398216666479e+04 8.902909234166145325e-03 5.220379214733839035e-03 -5.980221088975667953e-03
6.981660057816667540e+04 1.911368407309054981e-02 1.488090865314006979e-02 1.244368613697587902e-04
6.981662717416667147e+04 1.516241673380135969e-02 5.141275003552436829e-03 1.382958260364830060e-03
6.981665378616667294e+04 7.518343161791563034e-03 -8.394655887968838215e-04 4.868672229349613190e-03
6.981668036716667120e+04 -1.205442706122993989e-03 2.989153144881128831e-03 3.565185936167836189e-03
6.981670694716667640e+04 3.749856259673833847e-03 -7.726821349933743477e-04 4.843620583415031433e-03
6.981673355916667788e+04 -2.573514590039848848e-03 -3.120013512670993805e-03 3.597317496314644814e-03
6.981676014016667614e+04 -3.703218651935458183e-03 4.271033685654401779e-03 5.981071852147579193e-03
6.981678673316666391e+04 -1.236510835587978016e-02 1.178376469761133020e-02 5.873884074389935407e-03
6.981681332816666691e+04 -6.266943644732236862e-03 -6.257492350414395332e-04 -2.694520400837063789e-03
6.981683991316666652e+04 1.279245363548398018e-03 4.891511052846908569e-04 2.228823024779558182e-03
6.981686651416667155e+04 1.461720530642197078e-04 6.627010647207499418e-03 -1.479372149333358028e-03
6.981689310516667319e+04 -5.170679651200771332e-05 -3.156947204843163057e-03 4.684927407652139664e-03
6.981691971616666706e+04 1.226244610734283924e-03 -3.210775554180144830e-03 -2.626107307150959969e-03
6.981694628016666684e+04 8.849380537867546082e-03 1.567869214341043992e-03 -1.386298448778688908e-03
6.981697289316667593e+04 1.134354155510663986e-02 2.920426486525685137e-04 -2.580932341516017914e-03
6.981699948916667199e+04 1.401430182158946991e-02 8.850168436765670776e-03 9.008490014821290970e-04
6.981702607016667025e+04 1.653535664081573139e-02 8.794846944510936737e-03 -1.521981204859911962e-03
6.981705268116666412e+04 2.647802699357271194e-03 5.358659196645020571e-03 -1.591564039699733040e-03
6.981707926216667693e+04 -6.247207988053560257e-03 6.245020194910466671e-04 2.040917286649345918e-03
6.981710584316667519e+04 -1.628292351961135864e-02 2.039198763668537140e-03 4.404988139867782593e-03
6.981713245416666905e+04 -1.258438918739556919e-02 -2.958890516310929818e-03 -1.637030160054564042e-03
6.981715903516666731e+04 1.223917235620320060e-03 -4.428051412105560303e-03 -1.663283095695077939e-03
6.981718564616667572e+04 8.876891806721687317e-03 1.564743928611278968e-03 -2.871782751753925843e-03
6.981721222716667398e+04 6.344937719404697418e-03 1.635150401853024960e-03 3.211469855159521103e-03
6.981723880816667224e+04 1.141925808042288000e-02 3.994559403508901596e-03 2.009952906519175009e-03
6.981726541916666611e+04 5.182045511901378632e-03 5.300036165863276395e-03 -5.360356066375970840e-03
6.981729200416666572e+04 3.769840346649289131e-03 -2.003709785640240149e-03 1.999327912926673889e-03
6.981731861116667278e+04 5.072025582194328308e-03 -8.209605002775788307e-04 -2.996762981638311906e-03
6.981734517716667324e+04 -4.953878000378608704e-03 1.834855997003614902e-03 3.019239054992794991e-03
6.981737176916666795e+04 3.881901968270539804e-03 4.137528594583272934e-03 4.283229354768990603e-03
6.981739838416667772e+04 1.014136988669634039e-02 1.541835488751531081e-03 -2.977844560518860817e-03
6.981742496516667597e+04 7.677016779780387878e-03 5.291665438562631607e-03 3.081297501921654181e-03
6.981745157316667610e+04 -6.191869731992483139e-03 3.087543183937668800e-03 4.223778378218412399e-03
6.981747815716666810e+04 -8.733411319553852081e-03 6.581812631338834763e-04 -6.570740952156484127e-04
6.981750473816666636e+04 -1.634371094405651093e-02 -2.873961813747882843e-03 2.867555944249033928e-03
6.981753134916667477e+04 -1.007649581879377018e-02 -4.221366718411445618e-03 4.785264900419861078e-04
6.981755793016667303e+04 1.379503053613007069e-03 4.175060894340276718e-03 2.939851721748710112e-03
6.981758451116667129e+04 3.779663005843759017e-03 -2.001423388719559150e-03 2.997159725055098967e-03
6.981761112216666515e+04 1.389404106885194952e-02 1.505373278632760048e-03 4.261635709553956985e-03
6.981763770316667797e+04 6.504714488983154297e-03 8.975065313279628754e-03 -7.171139586716890335e-04
6.981766431416667183e+04 -2.393302740529180007e-03 2.989571774378418922e-03 -2.057062694802879853e-03
6.981769089516667009e+04 -1.248476281762122934e-02 7.087786798365414143e-04 -3.329088678583503203e-03
6.981771747616666835e+04 -2.010778523981570851e-02 -4.069234244525432587e-03 -4.568106494843959808e-03
6.981774408716667676e+04 -2.275859564542770039e-02 -1.137776859104632984e-02 -3.316903719678521156e-03
6.981777066816667502e+04 -8.782293647527694702e-03 -3.036367241293191910e-03 -3.278644755482674079e-03
6.981779726516666415e+04 1.389521639794111078e-02 1.507711247541009946e-03 5.383328534662724409e-03
6.981782386016666715e+04 2.287221327424049030e-02 1.115871779620647083e-02 4.159520380198956403e-03
6.981785044116666541e+04 2.802073769271374096e-02 1.844532787799834858e-02 8.932837285101413727e-03
6.981787704716666485e+04 1.774685457348823894e-02 6.359037477523087588e-03 8.944784291088581085e-03
6.981790363316667208e+04 1.389997918158769954e-02 2.762238262221217155e-03 1.260334625840187073e-02
6.981793024516667356e+04 1.259150914847850973e-02 -9.161116904579102993e-04 7.739022839814425382e-03
6.981795681716667605e+04 8.720980025827884674e-03 -6.998116616159678373e-03 4.093767609447240829e-03
6.981798340616667701e+04 7.496879901736974716e-03 -5.766251590102910995e-03 4.176326910965145176e-04
6.981801001716667088e+04 9.912901557981967926e-03 -1.071138493716716940e-02 2.821024507284163995e-03
6.981803659816666914e+04 8.696442469954490662e-03 -8.230993524193763733e-03 4.016986116766929626e-03
6.981806321016667061e+04 1.382238697260618036e-02 -4.688057117164134979e-03 -6.952370982617139816e-03
6.981808979016667581e+04 1.014247350394725973e-02 2.842440444510430098e-04 -7.009594701230525970e-03
6.981811637116667407e+04 2.622592728585004807e-03 1.649501966312528090e-03 -5.848326720297336578e-03
6.981814298316667555e+04 -3.726204624399542809e-03 -1.918883644975722053e-03 -5.866682622581720352e-03
6.981816956316666619e+04 -7.514605298638343811e-03 -3.091975348070263863e-03 -7.183713838458061218e-03
6.981819617516666767e+04 -1.126927323639393026e-02 -1.789032132364809947e-03 -4.777031019330024719e-03
6.981822275616666593e+04 -5.080588161945343018e-03 -6.800480186939240369e-03 -3.482154803350567818e-03
6.981824933616667113e+04 1.242950675077735944e-03 -4.453243222087621689e-03 -2.235311083495616913e-03
6.981827594816667261e+04 7.614776492118834582e-03 3.420725697651504928e-04 -2.224366180598735809e-03
6.981830252816667780e+04 5.153865087777376175e-03 2.828457858413457870e-03 -4.696993157267569628e-03
6.981832914016666473e+04 -2.429846907034515901e-03 1.767170382663608031e-03 2.580220112577081160e-03
6.981835572116667754e+04 1.339876325801014900e-03 1.692643854767083905e-03 2.534304978325963020e-03
6.981838231116667157e+04 -6.287930533289909363e-03 -1.822215621359646104e-03 9.827327914535999298e-03
6.981840891316666966e+04 -1.381118595600128000e-02 -1.711292308755218983e-03 4.896347876638174057e-03
6.981843549416666792e+04 -3.882332472130655809e-03 -9.262626059353351593e-03 1.352674327790736935e-03
6.981846208716667024e+04 -1.277874875813722957e-02 -1.525584049522877086e-02 -2.326608402654529052e-03
6.981848868616667460e+04 -1.140355411916971033e-02 -9.156314656138420105e-03 -4.797582980245351791e-03
6.981851526716667286e+04 -3.666558535769581795e-03 3.002840559929608865e-03 3.645146032795310020e-03
6.981854185816667450e+04 1.015723310410976063e-02 1.496076583862304904e-03 -4.792599007487297058e-03
6.981856845916666498e+04 1.022733747959136963e-02 5.169474519789218903e-03 -6.036170758306980133e-03
6.981859504916667356e+04 1.520880777388810938e-02 3.886213060468434854e-03 1.325999852269887924e-03
6.981862165116667165e+04 -6.191237363964319229e-03 3.062016563490033150e-03 7.289174012839794159e-03
6.981864823216666991e+04 -7.450473029166460037e-03 3.089999081566929817e-03 8.500943891704082489e-03
6.981867484316666378e+04 -8.826320059597492218e-03 -4.282841458916664124e-03 2.374109812080860138e-03
6.981870142416667659e+04 -1.258429139852523977e-02 -4.232375416904687881e-03 -1.311164116486907005e-03
6.981872803516667045e+04 -1.134298928081988941e-02 -4.233241081237792969e-03 3.577716182917356057e-03
6.981875461616666871e+04 -1.143658999353647059e-02 -9.133767336606979370e-03 4.829971585422754288e-03
6.981878119716666697e+04 -7.685861084610223770e-03 -1.043217629194259990e-02 3.643719246610999107e-03
6.981880780816667539e+04 -3.831121139228343964e-03 -5.587983410805463791e-03 4.857686348259449005e-03
6.981883438916667365e+04 1.136183179914950978e-02 2.728673280216752941e-04 3.700284054502844810e-03
6.981886100016666751e+04 1.639660820364952087e-02 1.421902270521968874e-04 -2.427908126264810996e-03
6.981888758016667271e+04 1.263133995234965931e-02 2.032287447946146131e-04 -3.673169529065490203e-03
6.981891416216666403e+04 -2.493810374289751053e-03 -7.200177642516791821e-04 4.772742744535207748e-03
6.981894077316667244e+04 -2.616421086713672118e-03 -8.093665353953838348e-03 1.160973450168967030e-03
6.981896733916667290e+04 -3.802040359005331993e-03 -3.138606203719973998e-03 7.220942992717027664e-03
6.981899396516666457e+04 2.558371750637888908e-03 4.142356629017739946e-04 3.579969052225350900e-03
6.981902054616667738e+04 1.322548720054328008e-03 1.633758423849940083e-03 -1.541888050269336050e-04
6.981904712716667564e+04 6.307496689260005951e-03 3.459279832895845175e-04 5.988260731101036072e-03
6.981907373816666950e+04 1.307542668655514934e-03 3.969316603615880013e-04 -2.585486508905888037e-03
6.981910031916666776e+04 8.876126259565353394e-03 2.738147974014281793e-03 2.329859184101223946e-03
6.981912693016667617e+04 1.267152000218630011e-02 2.634292002767324014e-03 -6.184258963912724581e-03
6.981915351116667443e+04 1.017710845917462956e-02 3.909719642251729965e-03 -4.989008884876965609e-03
6.981918009216667269e+04 6.441264878958463669e-03 6.444355938583611575e-03 -1.370412646792829037e-03
6.981920670316666656e+04 5.134809296578168869e-03 3.998695872724056244e-03 -2.637783531099557877e-03
6.981923328416666482e+04 3.848612541332840919e-03 2.805783879011868997e-03 -1.978700456675142050e-04
6.981925989516667323e+04 9.020025841891765594e-03 1.131855882704257965e-02 3.440582426264882088e-03
6.981928647616667149e+04 7.621616125106812391e-03 3.992952872067689896e-03 5.920306779444217682e-03
6.981931305716666975e+04 7.684852462261915207e-03 7.677882444113492966e-03 7.116782944649457932e-03
6.981933965616667410e+04 1.886248029768466949e-02 1.149666932178660956e-04 6.021696608513593674e-03
6.981936624916667643e+04 4.391806572675704956e-02 -5.273205693811178207e-03 -1.148941926658153968e-03
6.981939285016666690e+04 6.930832564830780029e-02 9.009975008666515350e-03 1.365683740004896901e-03
6.981941944116666855e+04 7.685007154941558838e-02 1.012873463332653046e-02 7.508948910981416702e-03
6.981944602216666681e+04 8.588325977325439453e-02 2.473310567438602101e-02 1.723301596939564098e-02
6.981947261116666778e+04 7.336364686489105225e-02 2.992407232522964131e-02 3.175612911581993103e-02
6.981949921416667348e+04 5.675055831670761108e-02 1.173694990575313915e-02 1.346565503627062017e-02
6.981952582616667496e+04 4.550114646553993225e-02 1.561291702091694052e-02 1.331444364041090012e-02
6.981955239916667051e+04 2.662126161158084869e-02 1.599462144076823841e-02 2.416715398430823933e-02
6.981957898716666386e+04 1.511707715690135956e-02 6.405004300177097321e-03 2.903511747717857014e-02
6.981960559916666534e+04 1.357920933514832930e-02 -9.530972689390182495e-03 2.547110803425312042e-02
6.981963219416666834e+04 7.115928921848536405e-03 -2.048886381089687000e-02 1.818116940557957043e-02
6.981965879116667202e+04 2.209214959293603897e-03 -1.427908521145582026e-02 1.566753163933753967e-02
6.981968537116667721e+04 -1.654880307614802967e-02 -1.155891455709934061e-02 8.840254158712923527e-04
6.981971195316666854e+04 -3.667440637946128845e-02 -1.370644103735685002e-02 -1.026805210858582930e-02
6.981973856416667695e+04 -3.518190979957581260e-02 -4.001552239060401917e-03 -2.984244376420975078e-02
6.981976514416666760e+04 -3.388541564345359802e-02 -2.823017304763197899e-03 -3.594135865569114685e-02
6.981979175616666907e+04 -2.752943523228168141e-02 7.351318490691483021e-04 -3.836224600672721863e-02
6.981981833716666733e+04 -1.986980065703392029e-02 7.974925450980663300e-03 -3.469873592257499695e-02
6.981984491716667253e+04 1.585870049893856049e-03 1.500841230154036955e-02 -2.240178361535071980e-02
6.981987152916667401e+04 1.154465042054652994e-02 1.243617851287127062e-02 -8.942318148910999298e-03
6.981989811016667227e+04 1.143826544284821077e-02 7.555259857326745987e-03 -2.810645382851361795e-03
6.981992472116666613e+04 2.403482794761658062e-02 9.806822985410690308e-03 2.138322219252585931e-03
6.981995130216666439e+04 2.258174866437911987e-02 4.483203883864916861e-05 8.293840102851390839e-03
6.981997787816666823e+04 2.504127845168114055e-02 -2.434965921565889879e-03 1.198703981935977936e-02
6.982000447016667749e+04 -3.781026927754282951e-03 1.743471366353332996e-03 9.327311068773269653e-03
6.982003107516666932e+04 -2.149861119687556874e-02 -5.314839538186789426e-03 6.816399283707141876e-03
6.982005766016666894e+04 -3.177442774176598289e-02 -1.742911897599697113e-02 6.788466707803308964e-04
6.982008426716667600e+04 -3.167817741632462242e-02 -1.253363583236932928e-02 -1.792608178220689080e-03
6.982011084816667426e+04 -3.024659305810927998e-02 -3.997271414846181870e-03 -7.939659059047698975e-03
6.982013745916666812e+04 -2.768583036959170948e-02 -1.594053464941679998e-03 -9.158204309642314911e-03
6.982016404016666638e+04 -2.387644723057746887e-02 -4.614007775671780109e-04 -1.524022687226534063e-02
6.982019065116667480e+04 -2.891010232269763947e-02 -3.622293006628751755e-04 -1.283403299748898073e-02
6.982021721600000456e+04 -2.907934598624705921e-02 -7.739676628261804581e-03 -1.526467222720384945e-02
6.982024379700000281e+04 -2.265905588865280151e-02 -1.756173325702548027e-03 -2.380171045660972942e-02
6.982027040800001123e+04 -2.125362120568751942e-02 6.816809996962547302e-03 -2.140890620648860931e-02
6.982029698500000814e+04 -1.759979315102100025e-02 6.236283225007355213e-04 -2.012314461171627045e-02
6.982032360000000335e+04 -1.517954189330339085e-02 -4.320355132222175598e-03 -1.885379105806351055e-02
6.982035018100000161e+04 -1.660411991178989063e-02 -1.160838082432747061e-02 -7.834043353796005249e-03
6.982037678000000597e+04 -1.658588834106922150e-02 -5.450975615531206131e-03 6.053688121028244495e-04
6.982040337300000829e+04 -1.394610200077294956e-02 1.873689005151391029e-03 3.014796413481235938e-03
6.982042995400000655e+04 -1.376761356368660927e-03 1.647750381380320029e-03 1.880273339338601069e-03
6.982045656500000041e+04 1.162503380328417041e-03 4.083159845322371397e-03 7.981556467711925507e-03
6.982048313100000087e+04 2.467925194650888009e-03 6.508225575089454651e-03 6.754343397915363312e-03
6.982050972700001148e+04 -2.687177853658794923e-03 -7.681568968109786510e-04 5.548107903450726595e-03
6.982053633800000534e+04 -5.057755392044782639e-03 7.881671190261840820e-03 1.035518012940883983e-02
6.982056292399999802e+04 -3.973871935158967972e-03 2.956330776214600043e-03 1.400064583867787968e-02
6.982058952999999747e+04 -1.303237397223711014e-02 -1.161013264209032059e-02 1.281706336885691036e-02
6.982061610800000199e+04 -1.805672049522399902e-02 -1.152123976498842066e-02 1.278306636959313999e-02
6.982064270500000566e+04 -2.820052579045296062e-02 -1.750141754746437073e-02 6.655239965766668320e-03
6.982066930300000240e+04 -3.062913753092288971e-02 -1.380332466214895075e-02 5.150377401150763035e-04
6.982069588400000066e+04 -3.053055889904499054e-02 -1.017166581004858017e-02 -1.048827357590199037e-02
6.982072249500000908e+04 -1.914360560476779938e-02 -6.712751463055610657e-03 -1.531475037336348967e-02
6.982074907600000734e+04 -8.943508379161357880e-03 4.156172275543212891e-03 -9.271907620131969452e-03
6.982077565700000559e+04 1.615590602159500122e-02 1.238541444763541005e-03 -1.396543905138969074e-02
6.982080226799999946e+04 3.507920727133750916e-02 5.831900052726268768e-03 -8.989861235022544861e-03
6.982082884899999772e+04 2.136121876537799835e-02 1.348082069307566036e-02 1.848295214585959911e-03
6.982085546000000613e+04 1.745144277811050068e-02 4.942062776535748568e-03 -3.001058008521794839e-03
6.982088204100000439e+04 3.537308191880584197e-03 1.544404542073607011e-03 5.469494499266147614e-03
6.982090862200000265e+04 -1.578241470269859054e-03 3.998188476543874091e-04 6.623668130487203598e-03
6.982093522900000971e+04 -1.539831981062888926e-02 1.902526011690496965e-03 1.384224183857440948e-02
6.982096181400000933e+04 -2.056165598332881927e-02 -5.362069699913263321e-03 1.507624704390764063e-02
6.982098840400000336e+04 -2.578873559832572937e-02 -1.757021807134151112e-02 7.802294101566076279e-03
6.982101500600000145e+04 -3.210784867405890725e-02 -1.992409303784370075e-02 5.335719790309667587e-03
6.982104158699999971e+04 -2.073584496974945068e-02 -1.769733801484107971e-02 -7.034083246253430843e-04
6.982106818200000271e+04 -6.841062568128108978e-03 -1.184267736971377979e-02 -5.560495425015687943e-03
6.982109477900000638e+04 9.658105671405792236e-03 -3.560987534001470046e-03 -9.164855815470218658e-03
6.982112139100000786e+04 1.594625785946846008e-02 -2.423768164590001106e-03 -4.249771591275930405e-03
6.982114796300001035e+04 2.098972722887992859e-02 -1.280893455259501934e-03 -3.003305289894341989e-03
6.982117455200001132e+04 2.846921794116497040e-02 -3.845985746011137962e-03 1.943917828612029986e-03
6.982120116399999824e+04 3.636656329035758972e-02 1.564351655542850147e-02 1.867372426204382940e-03
6.982122774400000344e+04 4.778544977307320335e-02 2.158163487911224018e-02 3.124023554846643968e-03
6.982125435600000492e+04 5.033358931541442871e-02 2.645736746490002025e-02 9.196302853524684906e-03
6.982128093700000318e+04 3.392402827739716270e-02 2.308211848139762878e-02 1.276936475187540054e-02
6.982130751700000837e+04 -1.686311885714530945e-02 -2.960034878924489021e-03 2.480442635715008129e-02
6.982133412900000985e+04 -3.608221560716629028e-02 -1.971689984202384949e-02 4.308930411934853294e-02
6.982136070900000050e+04 -5.043736472725868225e-02 -4.891759529709815979e-02 4.074827209115027687e-02
6.982138732100000198e+04 -1.620158366858958851e-02 -3.612008318305016258e-02 1.893116347491740833e-02
6.982141390200000023e+04 2.711562067270278931e-02 -7.557094097137451172e-03 -6.611170712858437624e-03
6.982144048200000543e+04 3.387329354882240295e-02 1.934008672833443035e-02 -6.442109588533639908e-04
6.982146709400000691e+04 2.269516699016093861e-02 2.816132456064223896e-02 7.763460744172334671e-03
6.982149367900000652e+04 -1.220876234583557086e-03 2.486525662243365895e-02 -9.137450251728296280e-04
6.982152028599999903e+04 3.221106017008423805e-03 -9.624352678656578064e-03 -1.529496628791094000e-02
6.982154686699999729e+04 -1.554809417575597937e-02 -4.369871690869331360e-03 -1.179422717541456049e-02
6.982157345000001078e+04 -3.827871987596154213e-03 1.999073475599288940e-02 -3.354725427925587134e-03
6.982160005900000397e+04 2.243921346962451935e-02 9.628359228372573853e-03 -2.263185940682888031e-02
6.982162664000000223e+04 3.119411878287791859e-02 8.272558450698852539e-03 -1.646433584392071117e-02
6.982165323799999896e+04 3.253054246306418679e-02 1.317054312676190983e-02 -1.282794494181871067e-02
6.982167983200000890e+04 2.121883630752563130e-02 1.337480545043944966e-02 -1.168440375477075924e-02
6.982170641300000716e+04 1.719605550169945110e-02 1.220853067934513092e-03 -1.869732514023781040e-03
6.982173302400000102e+04 5.682836286723613739e-03 -9.610527195036411285e-03 -6.539211608469486237e-04
6.982175960499999928e+04 -5.547142121940851212e-03 -3.225321881473063989e-03 1.141387317329644983e-02
6.982178621600000770e+04 -6.687745917588472366e-03 2.923816908150910897e-03 1.014568563550711025e-02
6.982181279700000596e+04 -1.439439319074154074e-02 -6.770886946469545364e-03 6.498732604086399078e-03
6.982183937800000422e+04 -1.939853094518185009e-02 -6.714893504977226257e-03 -8.549644844606518745e-04
6.982186598899999808e+04 -2.329608798027038921e-02 -1.401777472347020929e-02 -3.272136673331261115e-03
6.982189257000001089e+04 -1.562416367232800050e-02 -6.791741121560335159e-03 -3.268470754846930938e-03
6.982191918100000476e+04 -1.634045271202922084e-03 1.535808318294584968e-03 -6.905205082148314390e-03
6.982194576200000301e+04 3.506630426272749901e-03 7.574448361992835999e-03 -8.130560629069805145e-03
6.982197234300000127e+04 7.272613700479269028e-03 7.513794582337141037e-03 -6.884737405925989151e-03
6.982199893500001053e+04 1.237008441239595066e-02 1.235766801983118057e-02 -7.823621272109448910e-04
6.982202553500000795e+04 5.917269270867109299e-03 2.646066248416901068e-03 -3.200975479558109803e-03
6.982205214600000181e+04 7.947373669594526291e-04 -2.160343341529368921e-03 -7.629175088368356228e-04
6.982207870600000024e+04 9.451921796426177025e-04 6.440223194658756256e-03 1.599121838808059909e-03
6.982210530799999833e+04 8.262211340479552746e-04 3.195163153577595949e-04 4.079413134604691592e-03
6.982213191900000675e+04 -5.389282945543527603e-03 4.109815228730440140e-03 4.013213329017162323e-03
6.982215851000000839e+04 -3.453368844930083102e-04 5.253653507679700851e-03 5.259848665446043015e-03
6.982218511099999887e+04 3.292690496891736984e-03 -2.176023554056882858e-03 4.113831091672182083e-03
6.982221169199999713e+04 -6.681141443550586700e-03 1.663862261921166940e-03 3.619571798481047153e-04
6.982223827300000994e+04 -1.617711153812706037e-03 2.780339214950799942e-03 -4.491691943258047104e-03
6.982226488400000380e+04 -4.217149224132299423e-03 -3.340231953188776970e-03 -1.302197296172379927e-02
6.982229146500000206e+04 -1.651915023103355928e-03 3.161489148624240810e-04 -8.148670196533203125e-03
6.982231807600001048e+04 -3.999235050287098235e-04 -9.586683008819818497e-04 -1.423166785389184952e-02
6.982234465700000874e+04 7.130209822207689285e-03 -1.080877729691565037e-03 -1.174005493521690022e-02
6.982237123800000700e+04 8.438074029982089996e-03 2.597597194835544066e-03 -6.875092163681983948e-03
6.982239784900000086e+04 8.538708090782165527e-03 8.745733648538589478e-03 -3.254770534113049941e-03
6.982242442999999912e+04 1.232959330081940044e-02 1.115531660616398031e-02 1.609773258678615093e-03
6.982245104200000060e+04 3.450311487540603118e-03 7.658035960048437119e-03 7.674187421798706055e-03
6.982247762200000579e+04 -4.165636841207742691e-03 2.869095420464872880e-03 3.995089326053857803e-03
6.982250419900000270e+04 -1.938054151833057057e-02 -5.476889200508595380e-03 -2.150963293388485909e-03
6.982253081000001112e+04 -1.821350678801536907e-02 -9.145854040980339050e-03 5.201843567192553607e-03
6.982255739500001073e+04 -1.205869205296039928e-02 -1.662530563771725048e-02 2.852767007425427003e-03
6.982258397900000273e+04 -3.235485870391130014e-03 -1.556418742984532963e-02 4.651007475331426209e-04
6.982261058700000285e+04 1.199047919362783085e-02 -7.248802576214075089e-03 -7.322320016101002693e-04
6.982263716800000111e+04 1.461151987314224070e-02 -2.413948532193899155e-03 -6.846845149993895617e-03
6.982266377900000953e+04 1.349295489490032023e-02 4.961463622748851776e-03 -8.122875355184078217e-03
6.982269036000000779e+04 1.105117611587047924e-02 9.938665665686130524e-03 -2.071504248306155205e-03
6.982271697200000926e+04 2.144811442121862931e-03 3.961907699704170227e-03 -2.091009868308901787e-03
6.982274356800000533e+04 -1.682885922491550012e-03 1.597624621354043050e-03 2.779642585664987998e-03
6.982277013299999817e+04 -6.779720075428485870e-03 -2.003337489441037178e-03 3.081133472733200139e-04
6.982279674499999965e+04 -1.306570228189229965e-02 -1.887669903226196983e-03 1.485682558268309073e-03
6.982282332500000484e+04 -9.360340423882007599e-03 -5.639019887894392014e-03 3.155139856971799785e-04
6.982284991800000716e+04 -4.435606766492128372e-03 -1.061726920306682934e-02 4.041920881718397141e-03
6.982287651800000458e+04 8.207068778574466705e-03 -7.175129372626543045e-03 4.435467417351902073e-04
6.982290309800000978e+04 2.972750365734099995e-02 -2.298522595083341002e-04 -7.999223656952381134e-03
6.982292971000001126e+04 5.996454879641532898e-02 2.897450001910328865e-03 -1.269822381436824972e-02
6.982295629100000951e+04 6.254522502422332764e-02 7.767401635646820068e-03 -1.029338873922825033e-02
6.982298290200000338e+04 5.106825008988379738e-02 -1.860745949670671983e-03 -1.396579109132290060e-02
6.982300946700001077e+04 5.590458959341049194e-02 -1.174443308264016932e-02 -1.020756363868713032e-02
6.982303608700000041e+04 4.842625558376312256e-02 -7.922605611383914948e-03 -7.842628285288810730e-03
6.982306267500000831e+04 3.833432495594024658e-02 -1.020345557481049971e-02 -9.114637039601802826e-03
6.982308924500001012e+04 3.247946128249167702e-02 1.195105724036693920e-02 -1.662084273993968964e-02
6.982311586700000043e+04 -1.842204801505432075e-04 1.250274386256933039e-02 -2.173635177314281117e-02
6.982314244799999869e+04 -4.032765701413155296e-02 1.689638569951057087e-02 -2.081254124641418110e-02
6.982316905700000643e+04 -4.025666043162345886e-02 2.183118462562561035e-02 -1.474372670054436077e-02
6.982319564000000537e+04 -3.785537555813788674e-02 1.691374927759170879e-02 -7.374422624707221985e-03
6.982322223300000769e+04 -2.925502695143223156e-02 8.226602338254451752e-03 4.941313527524471283e-03
6.982324883199999749e+04 -1.803227141499519001e-02 5.626079160720109940e-03 1.723434962332249035e-02
6.982327541300001030e+04 -9.396716952323913574e-03 -6.171629065647721291e-04 2.830167300999164928e-02
6.982330202400000417e+04 6.323614506982266903e-04 -2.021059161052107811e-03 2.837800607085227966e-02
6.982332860500000243e+04 5.702790338546037674e-03 -9.150321711786091328e-04 2.108447439968585968e-02
6.982335518600000069e+04 2.226439304649829865e-02 1.105660665780306036e-02 1.989582180976868023e-02
6.982338179700000910e+04 3.760326653718947670e-02 2.426065504550933838e-02 1.503051444888114929e-02
6.982340839300000516e+04 2.746297419071197857e-02 2.204941399395465851e-02 2.961854077875614166e-02
6.982343498900000122e+04 3.378948895260692076e-03 1.019045803695916956e-02 2.587682567536830902e-02
6.982346156999999948e+04 -1.310265995562076916e-02 3.118082880973815918e-03 2.580504491925239910e-02
6.982348815099999774e+04 -1.947475783526897083e-02 -2.935095457360147996e-03 1.848271489143371929e-02
6.982351476299999922e+04 -2.591523528099060059e-02 -1.266768015921116049e-02 1.118461322039365942e-02
6.982354134300000442e+04 -1.821657828986645092e-02 -4.220780450850725174e-03 9.960221126675605774e-03
6.982356795399999828e+04 -2.944062231108545823e-03 6.561580114066600800e-03 1.243058871477841984e-02
6.982359453300001041e+04 9.596155956387519836e-03 5.118608009070158005e-03 1.374376937747001995e-02
6.982362111600000935e+04 1.856501796282828071e-03 -2.039910061284900145e-03 2.959421277046203960e-02
6.982364772700000321e+04 -2.226724103093146931e-02 -1.636373065412044872e-02 2.342846244573593140e-02
6.982367432299999928e+04 -2.612114138901234020e-02 -2.121412195265293121e-02 2.099548466503620148e-02
6.982370089500000176e+04 -3.741853684186934731e-02 -2.228809334337710987e-02 9.947427548468112946e-03
6.982372750000000815e+04 -4.249268397688865662e-02 -2.590413019061088909e-02 3.837790107354522185e-03
6.982375408100000641e+04 -3.484250232577323914e-02 -2.241898700594902039e-02 -1.077412720769643957e-02
6.982378069200000027e+04 -3.876843675971031189e-02 -3.096255660057067871e-02 -1.684208028018474926e-02
6.982380727299999853e+04 -3.583585470914840698e-02 -6.441337522119283676e-03 -8.444325998425483704e-03
6.982383388500000001e+04 -2.178531512618064880e-02 5.568203516304492950e-03 -1.087001897394656962e-02
6.982386046500000521e+04 -1.736853737384081104e-03 2.777257701382040977e-03 -7.057541050016880035e-03
6.982388704600000347e+04 1.604539528489112854e-02 1.226227637380362077e-02 -1.066220272332430059e-02
6.982391365699999733e+04 3.117358125746250153e-02 1.444293279200791966e-02 -1.179618202149868011e-02
6.982394023800001014e+04 2.978331223130226135e-02 8.364207111299037933e-03 -4.444658290594816208e-03
6.982396684999999707e+04 1.829011738300323139e-02 2.470672363415360017e-03 5.284438375383614626e-03
6.982399343000000226e+04 4.294045269489288330e-03 -4.585348535329102602e-03 1.865884661674499859e-02
6.982402000899999985e+04 1.629519625566899993e-03 -1.313037890940904964e-02 1.747805625200271953e-02
6.982404662300000200e+04 -8.364813402295112610e-03 -1.177428662776947021e-02 6.422173231840133667e-03
6.982407320700000855e+04 -1.315469294786453074e-02 5.625087651424109936e-04 2.648374997079371972e-03
6.982409980900000664e+04 -2.207541465759276997e-02 -5.392353981733322144e-03 7.508995477110146609e-03
6.982412639600000693e+04 -3.329933434724807739e-02 -2.828462747856975144e-04 8.620760403573513031e-03
6.982415297599999758e+04 -2.478180080652236938e-02 -1.397051848471165050e-02 1.448757247999310060e-03
6.982417957200000819e+04 -1.211288850754498915e-02 -9.308283217251300812e-03 -3.377740504220128059e-03
6.982420616800000425e+04 1.966520212590693994e-03 5.180730484426021576e-03 2.802047529257833958e-04
6.982423278000000573e+04 9.654690511524677277e-03 1.238511689007282084e-02 -4.596360493451356888e-03
6.982425937500000873e+04 5.813671275973320007e-03 8.777759037911891937e-03 -3.377535147592424913e-03
6.982428594100000919e+04 -3.220184938982129097e-03 -3.310073167085648017e-03 1.523019396699965000e-03
6.982431255300001067e+04 -5.780916195362806320e-03 -3.272107103839517073e-03 2.718862844631075859e-03
6.982433913400000893e+04 -1.990900142118335204e-03 -8.489988977089524269e-04 1.126830745488405054e-02
6.982436574500000279e+04 -4.622137639671564102e-03 -8.184825070202350616e-03 6.419354584068059921e-03
6.982439232600000105e+04 -1.464437972754240036e-02 -5.533757153898478422e-03 1.121547538787127062e-02
6.982441893300000811e+04 -7.124870084226130572e-03 -6.897251587361097336e-03 1.005516666918992996e-02
6.982444550100000924e+04 1.691616955213248947e-03 -5.824772641062737379e-03 1.010751724243164062e-02
6.982447209900000598e+04 1.303813606500625957e-02 -2.363099483773111863e-03 7.699335459619761381e-03
6.982449870999999985e+04 2.058378048241138111e-02 -2.506804419681429863e-03 5.310733336955308914e-03
6.982452529200000572e+04 2.933698520064353943e-02 -3.861904144287108941e-03 1.147874910384416927e-02
6.982455187200001092e+04 4.704283550381659768e-02 3.212823765352367921e-03 1.765030808746815075e-02
6.982457848300000478e+04 4.338597133755683899e-02 6.893898360431194305e-03 2.960881451144814058e-03
6.982460505800000101e+04 3.947972878813744285e-02 -3.923793265130370855e-04 4.203506279736757278e-03
6.982463167500001146e+04 3.985373303294181824e-02 2.042422257363795887e-02 -2.057597506791352792e-03
6.982465825900000345e+04 4.726641252636908791e-02 1.166449207812548031e-02 -1.171029917895793915e-02
6.982468484700001136e+04 4.992923140525817871e-02 1.895846426486968994e-02 -1.662069372832775116e-02
6.982471144800000184e+04 5.167765170335769653e-02 4.591850936412811279e-02 -1.678729988634585987e-02
6.982473802400000568e+04 3.258731216192244790e-02 3.275630995631217957e-02 -1.804655045270920147e-02
6.982476464000000851e+04 2.984571270644665111e-02 2.306149527430534016e-02 -2.138758776709436937e-03
6.982479122100000677e+04 -8.969718590378761292e-03 3.487681970000267029e-02 1.826613955199718128e-02
6.982481783200000064e+04 -4.352578148245810769e-02 -1.310502848355100101e-04 9.697586297988891602e-03
6.982484442100000160e+04 -3.106772340834141125e-02 -9.013402275741100311e-03 -7.240990176796913147e-03
6.982487099399999715e+04 1.577471382915974010e-02 8.541455492377281189e-03 -1.192579232156277050e-02
6.982489760500000557e+04 4.783115908503531716e-02 4.230513051152229309e-02 -1.681685447692871094e-02
6.982492418600000383e+04 1.872924901545048107e-02 3.052200004458427082e-02 -2.303314581513404846e-02
6.982495079699999769e+04 -2.274807728827000011e-02 3.000993840396403919e-02 -2.696552313864231110e-02
6.982497737800001050e+04 -1.246536150574683970e-02 4.333624243736267090e-02 -2.457860857248305927e-02
6.982500395900000876e+04 -3.188940510153769753e-02 1.177757326513528997e-02 -2.571839652955532074e-02
6.982503054900000279e+04 -5.934470519423484802e-02 2.709893509745597839e-02 8.385982946492731571e-04
6.982505714699999953e+04 -3.032673895359038960e-02 3.145288303494452736e-02 -8.757072500884532928e-03
6.982508376200000930e+04 9.353813715279102325e-03 -1.216729520820081017e-03 -2.535698935389519085e-02
6.982511032100000011e+04 -3.526405664160848098e-03 -1.815714687108993877e-02 -2.289122715592383991e-02
6.982513692400000582e+04 -1.442769356071949005e-02 9.144211187958717346e-03 4.916278179734945297e-03
6.982516353499999968e+04 -1.617502421140671123e-02 -1.655524782836436878e-02 1.113688200712203979e-02
6.982519010800000979e+04 -2.418351732194424022e-02 -4.218403622508049011e-02 8.815517649054527283e-03
6.982521667029167293e+04 -3.295633941888809204e-02 -4.458025842905045250e-02 -1.440669316798449083e-02
6.982524327329166408e+04 -3.861179575324059227e-02 -1.264567393809556961e-02 -2.929640188813209881e-02
6.982526985429167689e+04 -2.209424972534180034e-02 -3.121531801298261122e-03 -2.924969233572483063e-02
6.982529646629166382e+04 -6.732887588441371918e-03 1.508605014532803969e-02 -1.096804160624743028e-02
6.982532304629166902e+04 6.344915181398391724e-02 -9.981308830901980400e-04 -4.093964025378227234e-02
6.982534965829167049e+04 -6.695958971977233887e-02 1.697604507207869928e-01 4.978199303150177002e-02
6.982537623829167569e+04 -5.088999122381210327e-02 -1.376430243253707886e-01 -4.689491167664527893e-02
6.982540283129167801e+04 2.562754750251770020e-01 -1.225940603762865067e-02 1.275689303874968927e-01
6.982542943129167543e+04 1.048641726374626021e-01 3.631979525089263916e-01 8.990681171417236328e-02
6.982545601129166607e+04 2.167201340198517123e-01 -3.461589664220809937e-02 1.860177218914031982e-01
6.982548262329166755e+04 -1.261991411447525024e-01 -1.029978543519974032e-01 -2.880178987979888916e-01
6.982550921929167816e+04 5.612464994192122719e-02 -5.110108256340026855e-01 -2.767743170261383057e-01
6.982553578229167033e+04 -3.560578078031539917e-02 -3.364991396665573120e-03 -1.404491811990737915e-01
6.982556239629167248e+04 -1.787669658660888949e-01 5.064412578940392234e-02 1.339709758758544922e-01
6.982558897629167768e+04 -2.354650646448135098e-01 -4.732891975436360186e-04 2.815590798854827881e-01
6.982561557829167577e+04 5.421130731701850891e-02 4.529316127300261896e-01 -7.699442654848098755e-02
6.982564216929167742e+04 -2.414832562208175937e-01 -1.456732600927352905e-01 1.555973589420318881e-01
6.982566874929166806e+04 -7.978252321481704712e-02 -2.746195495128632147e-01 -6.333439797163009644e-02
6.982569534829167242e+04 3.010545112192631115e-02 1.863956302404403964e-01 3.926371783018112183e-02
6.982572194229166780e+04 1.077955937944353060e-03 1.032948866486548961e-01 -5.518993362784385681e-03
6.982574855329167622e+04 -4.829379543662071228e-02 -1.914849877357482910e-01 -2.671560971066356139e-03
6.982577513629167515e+04 -3.226558491587638855e-02 -3.545263898558915204e-04 4.707243293523787585e-03
6.982580171529167274e+04 1.219127327203750957e-02 2.586896531283855091e-02 8.490324020385742188e-03
6.982582832629166660e+04 -2.536137029528617859e-02 -3.733120858669281006e-02 -7.201039697974920273e-03
6.982585490729166486e+04 -1.974991895258427013e-02 -5.582564510405063629e-03 -1.128869783133268009e-02
6.982588151429167192e+04 4.586132708936929703e-03 2.102047018706798900e-02 -1.542326644994318052e-03
6.982590809929167153e+04 7.348953280597925186e-03 3.446127474308013916e-02 -2.832912141457200050e-03
6.982593471029166540e+04 9.974673390388488770e-03 4.306742548942565918e-02 1.176863256841897964e-02
6.982596129129166366e+04 1.253526285290718079e-02 4.925198480486869812e-02 3.370579704642295837e-02
6.982598787229167647e+04 1.226408407092094074e-02 3.705742582678794861e-02 4.964580014348030090e-02
6.982601448329167033e+04 1.697095856070518147e-02 2.102938853204249989e-02 5.812444910407066345e-02
6.982604107129166368e+04 3.070396743714809071e-02 1.587529666721820831e-02 5.703080818057060242e-02
6.982606766929167497e+04 3.665472939610481262e-02 -1.205234657390974055e-04 7.059732824563980103e-02
6.982609425629167526e+04 3.139828145503997803e-02 -1.354404538869857962e-02 6.577124446630477905e-02
6.982612083029166388e+04 1.253922563046216965e-02 -1.571241766214371074e-02 5.468003451824188232e-02
6.982614744829166739e+04 9.916919283568859100e-03 -2.180455625057220112e-02 5.348356440663337708e-02
6.982617402929166565e+04 -1.272930298000573938e-02 -2.394381910562514912e-02 4.217696562409400940e-02
6.982620061629166594e+04 -3.788508102297782898e-02 -2.723868377506732941e-02 2.861108258366585125e-02
6.982622722129167232e+04 -5.426094308495522239e-02 -3.192457184195517800e-02 1.267299335449934006e-02
6.982625381029167329e+04 -7.159847766160964966e-02 -1.939311064779758106e-02 2.714257687330245972e-03
6.982628041329166444e+04 -8.411105722188949585e-02 -2.050507627427577972e-02 -2.176257595419884075e-02
6.982630699429167726e+04 -9.306707233190536499e-02 -3.270642459392548301e-02 -4.248214513063430786e-02
6.982633360529167112e+04 -7.790840417146682739e-02 -3.062749840319156994e-02 -6.086172536015511253e-02
6.982636018629166938e+04 -6.974799931049346924e-02 -6.259174644947052002e-02 -4.351360723376274109e-02
6.982638676729166764e+04 -4.426103830337523720e-02 -4.090133309364318848e-02 -3.006633557379246105e-02
6.982641337829167605e+04 -2.136850729584693909e-02 -2.534036152064799916e-02 -2.635612152516841888e-02
6.982643995929167431e+04 -6.379349157214164734e-03 -3.051628917455672871e-02 -2.744118496775627136e-02
6.982646657029166818e+04 -3.514650510624051094e-03 -9.667965583503246307e-03 -1.779952459037303925e-02
6.982649315129166644e+04 -1.442582067102194006e-02 1.388186495751143022e-02 -7.048171479254961014e-03
6.982651973229166470e+04 -1.055861916393041958e-02 1.994288899004459034e-02 -4.770630970597267151e-03
6.982654634929167514e+04 -8.049405179917812347e-03 2.116925455629825939e-02 4.998577293008565903e-03
6.982657292429167137e+04 -2.475584298372269024e-02 3.115079132840036912e-03 1.720797643065452923e-02
6.982659953629167285e+04 -2.885015495121479034e-02 -1.271355245262384068e-02 2.826655283570289959e-02
6.982662610929166840e+04 -3.776637464761734009e-02 -1.742151193320750843e-02 3.799940645694732666e-02
6.982665269729167630e+04 -2.907970361411571850e-02 -2.497138828039168965e-02 2.956749871373176922e-02
6.982667930929167778e+04 -2.262543700635432850e-02 -1.654713414609431874e-02 2.217911556363106121e-02
6.982670588829167536e+04 -1.222822722047567021e-02 3.978603344876319170e-04 1.115609984844923019e-02
6.982673250129166991e+04 -1.093237847089766936e-02 1.575367408804595037e-03 5.057143047451972961e-03
6.982675908129167510e+04 -3.424276830628513856e-03 -2.290033968165516853e-03 -7.067403756082057953e-03
6.982678566229167336e+04 4.166812635958194733e-03 1.872831489890814166e-05 -9.472093544900417328e-03
6.982681227429167484e+04 1.055442821234464992e-02 4.791694227606058121e-03 -1.434132270514965057e-02
6.982683885429166548e+04 1.310544740408658981e-02 7.210544310510159406e-03 -1.190021168440580021e-02
6.982686546629166696e+04 2.437448874115943909e-02 4.521199502050876617e-03 -1.684666052460670124e-02
6.982689204729166522e+04 1.437490805983543049e-02 9.657445363700389862e-03 -4.746375139802694321e-03
6.982691862729167042e+04 5.359927192330360413e-03 -1.197955221869051023e-03 1.366186072118579908e-03
6.982694523929167190e+04 -5.902630276978015900e-03 2.713108435273170038e-03 8.585858158767223358e-03
6.982697182029167016e+04 4.070739087183027917e-04 3.824136918410658836e-03 7.400786038488149643e-03
6.982699843129166402e+04 3.186794929206370765e-04 -1.081410911865531965e-03 7.432896643877029419e-03
6.982702501229167683e+04 1.661048154346645095e-03 3.807112574577331977e-03 8.629627525806427002e-03
6.982705162329167069e+04 -9.705519187264144421e-04 -3.517252858728169961e-03 7.264332380145788193e-03
6.982707820429166895e+04 2.069352776743471894e-04 -7.202278356999158859e-03 1.095725223422049956e-02
6.982710478529166721e+04 -1.107228174805641001e-02 -5.787447094917297363e-03 8.432952687144279480e-03
6.982713139029167360e+04 -3.534549847245215936e-03 -7.178476545959711075e-03 1.172615680843591907e-03
6.982715797729167389e+04 -2.143941819667816162e-03 -1.100550987757741971e-03 -6.178447511047124863e-03
6.982718458829166775e+04 1.303765363991261049e-02 1.059873378835618062e-03 -1.476737484335899006e-02
6.982721116029167024e+04 1.312020700424909939e-02 5.975792184472084045e-03 -1.235910970717669054e-02
6.982723775029166427e+04 1.066365372389554977e-02 9.715284220874309540e-03 -8.739876560866832733e-03
6.982726436129167269e+04 -3.239249810576438904e-03 6.300854962319135666e-03 -3.929428756237030029e-03
6.982729095329166739e+04 -8.483663201332092285e-03 -4.620494786649942398e-03 2.208677818998693986e-03
6.982731755329166481e+04 -1.722583174705505024e-02 -7.649387698620557785e-04 7.005328312516211596e-03
6.982734413429167762e+04 -1.492891740053891962e-02 -1.308337226510048086e-02 4.662557039409875870e-03
6.982737071529167588e+04 -4.764206241816282272e-03 -9.536850266158580780e-03 9.441264905035495758e-03
6.982739732629166974e+04 -5.991094745695590973e-03 -8.299026638269424438e-03 6.985159590840339661e-03
6.982742390729166800e+04 1.286035217344761068e-02 -8.636058308184146881e-03 5.893134512007235613e-03
6.982745051829167642e+04 9.322714060544967651e-03 3.683600574731827216e-03 3.347932361066340966e-03
6.982747709929167468e+04 4.327661357820034027e-03 4.988135304301977158e-03 8.661620086058974266e-04
6.982750368029167294e+04 -1.203131210058928056e-02 4.055157769471406937e-03 1.983618829399346872e-03
6.982753029129166680e+04 -1.558308675885201021e-02 1.639604568481444966e-02 4.318206571042537689e-03
6.982755687229166506e+04 -1.587059721350669861e-02 4.481906944420189207e-04 3.202592954039574103e-03
6.982758348329167347e+04 2.886297879740595818e-03 -8.427837863564491272e-03 5.645994562655687332e-03
6.982761006029167038e+04 1.952547766268252979e-02 8.464416489005088806e-03 8.085176348686218262e-03
6.982763664329166932e+04 2.834711782634257923e-02 9.531403891742229462e-03 6.917325779795646667e-03
6.982766325629166386e+04 1.733163185417652130e-02 2.567425370216369976e-02 6.736970040947198868e-03
6.982768983729167667e+04 3.397224470973014832e-02 3.879245743155478737e-02 -1.275976747274398977e-02
6.982771644729167747e+04 1.609855704009532928e-02 2.440929226577281952e-02 -7.902371697127819061e-03
6.982774302929166879e+04 -1.673672464676200910e-03 1.742755435407162060e-02 6.667464971542358398e-03
6.982776963229167450e+04 4.539126064628362656e-03 1.246867608278989965e-02 1.294132135808468038e-02
6.982779622129167547e+04 -3.255314892157911821e-03 -2.135851187631487846e-03 8.106810972094535828e-03
6.982782280229167372e+04 -1.974980812519789176e-03 -2.191833686083554788e-03 7.951325387693941593e-04
6.982784941429167520e+04 2.749630622565745960e-02 2.668241970241070141e-02 -1.018110848963260998e-02
6.982787599429166585e+04 4.246928170323371887e-02 1.775947026908398022e-02 -2.588377147912979126e-02
6.982790260629166733e+04 3.985734283924102783e-02 1.291245874017477036e-02 -2.220908179879188885e-02
6.982792918629167252e+04 2.728966064751147877e-02 1.439795829355717052e-02 -1.376205869019032045e-02
6.982795576729167078e+04 1.077541429549455990e-02 6.135303992778062820e-03 -6.495954934507608414e-03
6.982798237929167226e+04 -1.890980987809598012e-03 2.728788182139397101e-03 4.423967562615871429e-03
6.982800895929167746e+04 6.583132781088352203e-04 5.150885786861181259e-03 6.866026669740676880e-03
6.982803557129166438e+04 9.229344315826892853e-03 -7.266553584486246109e-03 7.006131578236818314e-03
6.982806215929167229e+04 7.070155348628759384e-03 1.240498200058937073e-02 8.081633597612380981e-03
6.982808873229166784e+04 1.448986772447823958e-02 6.149718072265386581e-03 1.061270665377377943e-02
6.982811534429166932e+04 1.563861779868603100e-02 -1.069912013917929070e-05 9.441159665584564209e-03
6.982814191629167181e+04 2.588924579322338104e-02 9.594968520104885101e-03 3.345260163769125938e-03
6.982816853629167599e+04 4.957639798521996238e-02 -1.884306664578617053e-03 -1.300755073316395066e-03
6.982819511729167425e+04 8.107002079486846924e-02 3.737594466656446023e-03 8.632597513496875763e-03
6.982822170029167319e+04 8.007366210222244263e-02 1.974533870816231121e-02 1.828065142035483967e-02
6.982824830929166637e+04 5.371370166540145874e-02 2.143257297575474132e-02 1.687441207468510021e-02
6.982827489029166463e+04 3.366294875741004944e-02 2.422954328358173023e-02 1.428247429430484945e-02
6.982830150129167305e+04 2.607761137187480927e-02 2.191673405468463898e-02 1.546776015311479915e-02
6.982832808229167131e+04 1.686559431254864086e-02 1.278553274460137107e-03 2.774458192288875927e-02
6.982835466329166957e+04 1.537656690925360073e-02 -1.346896402537823070e-02 1.563246548175812115e-02
6.982838127429167798e+04 1.512225717306137085e-02 -2.821340970695019115e-02 9.629006497561931610e-03
6.982840785529167624e+04 4.518227651715278625e-03 -5.871332436800003052e-02 6.101244129240512848e-03
6.982843446629167011e+04 -7.858511060476303101e-03 -5.121438205242156982e-02 -1.233141962438821966e-02
6.982846104729166836e+04 -1.123747695237397974e-02 -3.157444670796393654e-02 -2.346445806324481964e-02
6.982848762829166662e+04 1.296371966600417917e-02 -1.484580244868993933e-02 -2.829388901591300964e-02
6.982851423929167504e+04 2.708698436617850910e-02 -4.201886476948856765e-04 -3.927564620971679688e-02
6.982854081629167194e+04 3.376479819416999817e-02 2.155515924096107136e-02 -3.693658486008644104e-02
6.982856741629166936e+04 4.348492249846457741e-02 4.235930275171995163e-03 -3.065615706145763050e-02
6.982859401229166542e+04 3.948841243982315063e-02 -6.698662415146827698e-03 -2.206975594162940979e-02
6.982862062329167384e+04 4.082345589995384216e-02 7.162768743000924587e-04 -3.809293732047080994e-03
6.982864718529167294e+04 4.438010230660439231e-02 -9.113993495702743530e-03 7.260373327881097794e-03
6.982867378529167036e+04 5.042657628655433655e-02 -2.147270552814007152e-02 1.104324497282505035e-02
6.982870039629166422e+04 6.822995841503143311e-02 -9.501836262643337250e-03 1.474296115338801991e-02
6.982872696929167432e+04 6.061893701553344727e-02 -1.429462525993585933e-02 9.844134561717510223e-03
6.982875358829167089e+04 4.022803902626038292e-02 -2.863146178424358021e-02 1.590384729206562042e-02
6.982878016929166915e+04 2.793859131634235035e-02 -1.855965144932270050e-02 1.550096739083529039e-02
6.982880674629166606e+04 3.148541972041130066e-02 -3.089405409991740833e-02 1.438732538372278040e-02
6.982883336129167583e+04 3.526109829545021057e-02 -2.719610184431076050e-02 3.390933945775032043e-02
6.982885993829167273e+04 3.055415116250514984e-02 -9.948812425136566162e-03 3.132391348481178284e-02
6.982888654729166592e+04 -4.558211658149957657e-03 -9.369046427309513092e-03 1.879104040563106884e-02
6.982891313429166621e+04 -2.705738134682178150e-02 -4.102217964828014374e-03 1.006598118692635969e-02
6.982893971529166447e+04 -4.711625352501869202e-02 -3.081806426052934744e-05 1.844567246735095978e-02
6.982896632629167289e+04 -6.840334832668304443e-02 2.447651058901100809e-04 -4.878941923379898071e-03
6.982899290729167114e+04 -6.312900781631469727e-02 1.238801516592502941e-02 -1.224469952285289938e-02
6.982901951829166501e+04 -4.318904131650924683e-02 3.459386527538299994e-03 -9.612339548766613007e-03
6.982904609929167782e+04 -3.108606860041618000e-02 -2.249610424041748047e-02 -7.069290615618228912e-03
6.982907267929166846e+04 -3.210892900824546814e-02 -7.716863416135311127e-03 2.586930757388472991e-03
6.982909929129166994e+04 -1.064213737845421011e-02 -7.040001801215112209e-04 1.000456232577561985e-02
6.982912587229166820e+04 1.674867980182170868e-02 -1.593398302793503155e-02 4.188390914350748062e-03
6.982915247429166629e+04 2.303014509379864086e-02 -1.604410074651240956e-02 4.231589846312999725e-03
6.982917905129167775e+04 1.720296591520309101e-02 8.584323339164257050e-03 1.589632709510623975e-03
6.982920567629167635e+04 1.604435406625270844e-02 1.349754817783833070e-02 -4.683791659772396088e-03
6.982923225529167394e+04 1.844196952879428864e-02 7.327787112444639206e-03 -3.406315809115767045e-03
6.982925883729166526e+04 7.593250484205782413e-04 2.737960079684853987e-03 -2.273295540362596946e-03
6.982928544929166674e+04 -4.321674816310405731e-03 1.648421166464685960e-03 8.680784143507480621e-03
6.982931202929167193e+04 -9.388476610183715820e-03 -7.209157338365912437e-04 7.443035021424294385e-03
6.982933864129167341e+04 -1.441147457808255976e-02 -6.375258089974522591e-04 6.189496256411075592e-03
6.982936522229167167e+04 -1.683194562792778015e-02 3.048761980608106093e-03 -2.391085727140306993e-03
6.982939180229167687e+04 -1.547745708376169031e-02 1.040082518011332079e-02 -2.556246705353260040e-03
6.982941841429166379e+04 -7.867871783673763275e-03 1.394205633550881993e-02 -3.748683491721748872e-03
6.982944499529167661e+04 -1.426977012306451971e-02 7.931107655167579651e-03 -1.311059924773871899e-03
6.982947160629167047e+04 -6.712497677654027939e-03 9.029840119183063507e-03 -4.771515159518457949e-05
6.982949818729166873e+04 -5.496239173226058483e-04 1.539423363283276992e-03 -4.836796782910823822e-03
6.982952476829166699e+04 -1.880807569250464006e-03 -2.107227453961967988e-03 -2.381083089858293967e-03
6.982955137929167540e+04 -1.325441710650921041e-02 -6.577488966286182404e-04 -2.581764245405793190e-03
6.982957795429167163e+04 -8.131144568324089050e-03 5.406918935477733612e-03 2.292637713253498077e-03
6.982960457129166753e+04 -5.532053764909505844e-03 9.015528485178947449e-03 -3.813941730186343193e-03
6.982963115229166579e+04 -6.915196776390075684e-03 1.669025630690156980e-03 -6.214210763573647413e-03
6.982965773229167098e+04 -9.398031979799270630e-03 4.187495447695255280e-03 -1.366890501230954907e-03
6.982968434429167246e+04 -1.699611358344554901e-02 1.888600294478238063e-03 3.478168277069925828e-03
6.982971092529167072e+04 -1.579935103654861103e-02 -1.823251601308583996e-03 1.070942613296210983e-03
6.982973753629166458e+04 -5.925575271248816576e-03 -6.884740665555000305e-03 -1.379806664772331931e-03
6.982976411729167739e+04 -2.014226745814085007e-03 1.655092695727943940e-03 3.470178227871655984e-03
6.982979072829167126e+04 -4.590446595102548599e-03 -1.985049573704599900e-03 2.257369691506028175e-03
6.982981730929166952e+04 -1.466120220720767975e-02 -3.039563540369271798e-03 9.776063961908221245e-04
6.982984391629167658e+04 -1.209163479506968931e-02 -6.468509673140943050e-04 -2.681007375940680938e-03
6.982987050129167619e+04 -1.082343421876431032e-02 -6.849739002063870430e-04 -6.332303863018751144e-03
6.982989708229167445e+04 -7.141860201954841614e-03 -7.069202256388962269e-04 -3.972532227635383606e-03
6.982992369329166831e+04 5.512003321200609207e-03 2.718856791034340858e-03 -1.123088598251342947e-02
6.982995027429166657e+04 1.657021464779973030e-03 3.907871723640710115e-04 2.179706702008842988e-03
6.982997688529167499e+04 -5.967084784060716629e-03 -4.387132357805967331e-03 9.407754405401647091e-04
6.983000345729167748e+04 1.587257022038101933e-03 -4.540443886071444425e-03 -3.887653350830078125e-03
6.983003004729167151e+04 3.236702468711882830e-04 -4.507664591073989868e-03 -1.455918303690850952e-03
6.983005665829166537e+04 -9.252678137272596359e-04 -3.238051664084196091e-03 3.407748416066170172e-03
6.983008323829167057e+04 -1.469836942851543080e-02 4.387302789837121964e-03 -4.941570223309099674e-04
6.983010985129166511e+04 -1.363473013043403972e-02 -5.424463190138339996e-03 4.458445124328135577e-03
6.983013642729166895e+04 -1.494630891829729080e-02 -9.097727015614509583e-03 8.140021236613392830e-04
6.983016301629166992e+04 -9.874822571873664856e-03 -6.733621936291456223e-03 8.323236834257841110e-04
6.983018962329167698e+04 -1.012079766951500936e-03 -3.209691029042005973e-03 8.681946201249957085e-04
6.983021618262500851e+04 4.274656996130943298e-03 1.017078198492527008e-02 -4.065309185534715652e-03
6.983024278462500661e+04 2.928835805505514145e-03 1.023035496473312031e-02 -4.167810548096895218e-03
6.983026936462499725e+04 -3.469214774668217139e-03 5.473054945468902588e-03 4.361964296549558640e-03
6.983029597662499873e+04 -1.250297948718070984e-02 -6.614340934902429581e-03 9.262483566999435425e-03
6.983032255762499699e+04 -1.004139333963393992e-02 -9.100279770791530609e-03 1.173576526343821959e-02
6.983034913762500219e+04 -2.416276605799794197e-03 -6.839055102318525314e-03 -1.648769364692270973e-03
6.983037574962500366e+04 -1.032957807183265903e-03 5.076074739918112755e-04 7.520707440562546253e-04
6.983040233062500192e+04 2.770871156826614900e-03 6.607039365917444229e-03 6.502158357761800289e-04
6.983042894162501034e+04 -3.506909823045134978e-03 6.712356116622686386e-03 -6.121153128333389759e-04
6.983045552262500860e+04 -1.491467189043759953e-02 2.022123197093605995e-03 3.003339981660246849e-03
6.983048210262499924e+04 -1.004882249981164932e-02 -6.645709741860628128e-03 4.313554149121046066e-03
6.983050869162500021e+04 -1.128696557134390051e-02 -5.391174461692571640e-03 5.517592653632164001e-03
6.983053529562499898e+04 -7.436040323227643967e-03 -1.799347228370606899e-03 6.396576645784080029e-04
6.983056190662500740e+04 3.924312535673379898e-03 4.441869095899165219e-04 -1.739270286634563966e-03
6.983058847362500092e+04 1.313485205173491998e-03 5.678098532371222973e-04 9.143586270511150360e-03
6.983061509862499952e+04 2.544617280364036994e-03 -1.933721126988529942e-03 3.068319289013742967e-03
6.983064167962499778e+04 5.024719517678022385e-03 -3.188639413565396829e-03 6.753436289727687836e-03
6.983066827562500839e+04 3.851284040138124986e-03 4.918474005535244942e-04 1.841239980421959920e-03
6.983069487162500445e+04 1.401732908561825969e-03 5.479651503264904022e-03 1.033270638436079025e-02
6.983072145262500271e+04 5.208986345678567886e-03 6.618846673518419266e-03 5.470565520226955414e-03
6.983074806362501113e+04 -1.003667432814837022e-02 7.880218909122049809e-04 6.555947940796613693e-03
6.983077464462500939e+04 -1.623649522662163128e-02 4.556471016258001328e-03 1.609705155715345903e-03
6.983080122562500765e+04 -7.634741719812154770e-03 -6.646838504821062088e-03 -6.985879736021161079e-04
6.983082783662500151e+04 -6.452020257711411390e-03 -1.033759023994207035e-02 1.774067757651210048e-03
6.983085441762499977e+04 -8.785882964730262756e-03 -4.821931070182471925e-04 1.693489844910800023e-03
6.983088102862500818e+04 3.916422370821238431e-03 6.650143768638372421e-03 5.112265353091061115e-04
6.983090760962500644e+04 -2.396084135398269133e-03 5.545455031096935272e-03 2.916982630267738862e-03
6.983093422062500031e+04 -1.623456925153731953e-02 7.043778896331787109e-03 2.749592065811156793e-03
6.983096080162499857e+04 -1.112820859998464931e-02 1.061866711825132023e-02 -9.002297301776707172e-04
6.983098738262501138e+04 2.503818366676568985e-03 5.808264249935746193e-04 2.917616162449121042e-03
6.983101398462500947e+04 3.752300981432199044e-03 -6.891374359838664532e-04 -1.945425639860332012e-03
6.983104057462500350e+04 1.273653097450733011e-02 1.021035201847553080e-02 1.702940440736711025e-03
6.983106718562499736e+04 1.002211961895227085e-02 -7.822316256351768970e-04 1.758192782290280082e-03
6.983109375062500476e+04 -1.268363092094659979e-02 -2.788342302665113969e-03 6.439802236855030060e-03
6.983112034762500843e+04 -3.853668458759785132e-03 -1.732680480927228928e-03 2.831657417118548913e-03
6.983114695862500230e+04 -5.146360024809837341e-03 -5.432439036667346954e-03 -6.912758108228445053e-03
6.983117353962500056e+04 -1.282821060158312104e-03 6.595660233870148659e-04 -8.270170656032860279e-04
6.983120015162500204e+04 8.906859904527664185e-03 7.835692726075649261e-03 -2.026379108428955078e-03
6.983122673162500723e+04 1.779502257704735149e-02 1.258113794028759003e-02 -3.218375379219650789e-03
6.983125334362500871e+04 1.138751767575740988e-02 7.831971161067485809e-03 1.593610853888093992e-03
6.983127992462500697e+04 -8.763882331550121307e-03 5.738271865993738174e-03 2.693519229069352150e-03
6.983130650462499761e+04 -1.647219248116016041e-02 -3.950528800487518311e-03 2.663375344127417153e-04
6.983133311662499909e+04 -1.769179292023181915e-02 -1.459477003663778088e-03 3.901713062077761130e-03
6.983135969662500429e+04 -1.130371447652578007e-02 5.830555222928524017e-03 1.365648023784160961e-02
6.983138630862500577e+04 -3.728289622813463211e-03 9.418777190148830414e-03 2.344385348260403026e-02
6.983141288962500403e+04 6.036125123500823975e-03 -6.706541869789361954e-03 2.239617519080638885e-02
6.983143947362501058e+04 -1.567073282785714106e-03 -8.993757888674736023e-03 2.474583499133586884e-02
6.983146608162501070e+04 -1.294212602078914989e-02 -9.957826696336269379e-03 3.931722417473793030e-02
6.983149266262500896e+04 -5.307551007717847824e-03 -8.970329537987709045e-03 1.496096700429916035e-02
6.983151924662500096e+04 -1.345802564173937061e-03 -5.034619243815541267e-04 2.731579588726162910e-03
6.983154585162500734e+04 8.549734018743038177e-03 -9.262624196708202362e-03 2.856396371498703957e-03
6.983157246562500950e+04 -5.662511102855206403e-03 -2.985145896673202862e-02 6.558749359101057053e-03
6.983159903162500996e+04 -7.672870997339487076e-03 -2.827636664733291106e-03 1.434180070646106980e-03
6.983162562762500602e+04 -3.724663518369197845e-03 5.659131798893213272e-03 -5.915735382586717606e-03
6.983165223862499988e+04 -2.550150034949183030e-03 -1.796089229173958085e-03 -2.293899282813071858e-02
6.983167881962499814e+04 1.109210401773452932e-02 -1.185071468353270964e-02 -2.278108149766921997e-02
6.983170543062500656e+04 1.621088758111000061e-02 -7.039922755211591721e-03 -2.399870567023754120e-02
6.983173201162500482e+04 2.002183906733990063e-02 -7.165590766817331314e-03 -3.739303350448607705e-02
6.983175862262499868e+04 2.294635400176047932e-02 1.737044565379619945e-02 -2.533585578203200947e-02
6.983178520362501149e+04 2.690485492348670959e-02 2.837939932942390095e-02 -2.054866403341292988e-02
6.983181178462500975e+04 2.671874500811100006e-02 1.858001947402954102e-02 -1.804429106414318085e-02
6.983183839562500361e+04 2.414221316576004028e-02 1.871610805392264973e-02 2.679091878235340118e-03
