2.357904487125416927e+05 -1.545314192771911899e-01 3.919300436973571777e-01 -1.003095656633376936e-01
2.357904737225417048e+05 -3.402208983898162842e-01 2.472020983695983887e-01 -4.879816900938749313e-03
2.357904986945416895e+05 -4.802562594413756769e-01 -1.635816395282745084e-01 1.251129806041718084e-01
2.357905236935417051e+05 -2.350164949893951138e-01 -9.030532240867614746e-01 2.471868544816971103e-01
2.357905486835417105e+05 -1.146325170993804932e-01 -1.036802053451538086e+00 2.328357845544815063e-01
2.357905736735416867e+05 -1.521339118480682095e-01 -8.068372607231140137e-01 -1.998859271407127033e-02
2.357905986435417144e+05 -1.319606900215148926e-01 -5.063985586166381836e-01 8.833486586809158325e-02
2.357906236505417037e+05 -2.138606831431388855e-02 -9.686096012592315674e-02 5.197088047862052917e-02
2.357906486425416952e+05 9.452911466360092163e-02 -1.271510729566216035e-03 4.264334589242935181e-02
2.357906736295417068e+05 4.022415876388549805e-01 1.821144074201583862e-01 -2.261647023260593067e-02
2.357906986265417072e+05 4.585115313529968262e-01 8.684362471103668213e-02 -2.078252378851174875e-03
2.357907236095416883e+05 3.670212030410767157e-01 -2.057939954102038990e-02 -1.204612106084824025e-01
2.357907485985416861e+05 2.754668295383452814e-01 1.936632096767426092e-01 -1.284829974174500067e-01
2.357907735885416914e+05 3.477364182472229004e-01 1.354724466800689975e-01 -1.175244823098182956e-01
2.357907985795417044e+05 3.748426437377930243e-01 -4.943128302693367004e-02 -3.200166672468184731e-02
2.357908235655417084e+05 2.607956230640410822e-01 -1.754610091447829923e-01 1.251615025103092020e-02
2.357908485595416860e+05 1.662001609802246094e-01 1.234408169984818060e-01 -2.224750071763991963e-02
2.357908735465416976e+05 3.417013958096504211e-02 1.881741285324096957e-01 -7.848178967833518982e-03
2.357908985355416953e+05 -7.391687482595443726e-02 -1.448393450118601051e-04 -3.778564929962158203e-02
2.357909235245416930e+05 -8.501222729682922363e-02 3.540154546499252319e-02 1.645057089626789093e-02
2.357909485125417123e+05 -2.325428649783134114e-02 5.920699797570705414e-03 1.423631459474563876e-01
2.357909735005417024e+05 -5.035549774765968323e-02 3.515060245990753174e-02 2.040104120969772061e-01
2.357909984855416988e+05 -1.282292306423186978e-01 1.233785375952721058e-01 2.260120362043381015e-01
2.357910234935416956e+05 -1.774144321680068970e-01 1.745507568120955866e-01 2.545436918735504150e-01
2.357910484715416969e+05 -1.706020832061768133e-01 1.462104022502898892e-01 2.560460865497589111e-01
2.357910734615417023e+05 -4.692198708653450012e-02 -4.917644336819648743e-02 2.343276590108870905e-01
2.357910984485417139e+05 6.488771736621856689e-02 -9.561379998922348022e-02 1.929602921009063998e-01
2.357911234235416923e+05 9.359414875507354736e-02 1.429271101951599121e-01 2.314601689577102939e-01
2.357911484255417017e+05 3.018253855407238007e-02 1.910219788551331122e-01 2.486748844385147095e-01
2.357911734275417111e+05 -8.935739099979400635e-02 1.176867708563805043e-01 2.986771166324614923e-01
2.357911984075416985e+05 -3.425496071577072144e-02 6.388245616108179092e-03 3.257145285606384277e-01
2.357912233975417039e+05 -7.372893393039703369e-02 3.283755108714103699e-02 3.416436910629271906e-01
2.357912483885416877e+05 -1.784809678792952936e-01 2.391117662191390991e-01 3.889708518981934149e-01
2.357912733875417034e+05 -2.876546084880828857e-01 1.274197548627853116e-01 3.026523590087891180e-01
2.357912983785416873e+05 -6.558208167552947998e-02 2.455066144466399869e-01 3.085935115814208984e-01
2.357913233565416886e+05 8.915801346302032471e-02 1.848170012235640924e-01 3.794659972190856934e-01
2.357913483445417078e+05 1.730643808841705045e-01 2.646438181400299072e-01 3.913608491420745850e-01
2.357913733355416916e+05 1.343702971935271939e-01 4.040305614471436102e-01 4.294016063213347834e-01
2.357913983255416970e+05 1.801222264766693115e-01 4.443057477474213202e-01 3.080895841121674139e-01
2.357914233115417010e+05 2.007136121392250061e-02 4.647834599018096924e-01 3.543667495250701904e-01
2.357914482915416884e+05 4.130201786756516197e-02 4.699205756187438965e-01 2.255596369504928866e-01
2.357914732805416861e+05 1.797524690628052035e-01 3.876390457153319757e-01 1.653542816638947088e-01
2.357914982815416879e+05 2.865166366100310724e-01 3.638353645801544189e-01 1.093010902404785017e-01
2.357915232725417009e+05 2.644611597061157227e-01 2.796859443187714178e-01 8.270854502916336060e-02
2.357915482635417138e+05 2.185846716165542880e-01 2.639023065567017157e-01 1.028144881129264970e-01
2.357915732575416914e+05 1.757317930459975919e-01 2.207514643669127863e-01 1.463954448699950894e-01
2.357915982245416963e+05 -6.074767932295799255e-02 1.467085182666779120e-01 2.032298445701599121e-01
2.357916232315416855e+05 -2.460280656814574918e-01 3.520876914262772300e-02 2.240647226572037021e-01
2.357916482165417110e+05 -2.066943198442459106e-01 5.575903691351413727e-03 2.284899652004241943e-01
2.357916732185416913e+05 -1.209927126765251021e-01 5.875660572201014432e-03 2.522044479846953791e-01
2.357916982035416877e+05 -1.136862710118294040e-01 4.724093712866306305e-03 2.458474487066268921e-01
2.357917231815416890e+05 -8.812394738197326660e-02 1.425786018371582031e-01 2.276523709297179898e-01
2.357917481785416894e+05 -7.950963824987411499e-02 1.116074025630951067e-01 2.042641341686249057e-01
2.357917731685416948e+05 -1.429578214883804044e-01 -4.168822616338729858e-02 1.637497097253798883e-01
2.357917981605416862e+05 -1.651552170515059870e-01 -8.430272340774536133e-02 1.509502083063125888e-01
2.357918231385416875e+05 -1.864978969097136896e-01 -2.391158975660800934e-02 1.433517783880234042e-01
2.357918481415417045e+05 -2.101323604583739957e-01 -1.583409607410430908e-01 1.860445588827132901e-01
2.357918731245416857e+05 -2.184775620698929111e-01 -1.873012632131577093e-01 1.572943925857543945e-01
2.357918981155416986e+05 1.361043453216553012e-01 -1.736693233251571933e-01 9.130741655826568604e-02
2.357919231055417040e+05 3.339826129376887841e-03 2.120121866464614868e-01 3.394493088126183250e-02
2.357919481005416892e+05 -2.859744727611541748e-01 3.569563329219818115e-01 2.431986294686793934e-02
2.357919730955417035e+05 -3.559713065624237061e-01 2.356172651052474976e-01 5.094116553664206591e-03
2.357919980745417124e+05 -4.267756640911101740e-01 -4.463438875973224640e-03 1.052776277065276961e-01
2.357920230615416949e+05 -2.595319747924805243e-01 2.113926112651824951e-01 -9.146132320165634155e-02
2.357920480535416864e+05 -2.487498670816422064e-01 3.525162637233734131e-01 9.575730189681053162e-03
2.357920730245416926e+05 1.471540797501801924e-02 3.719945847988129217e-01 -1.014622375369071960e-01
2.357920980305417033e+05 3.741303086280822754e-01 3.384405970573424738e-01 -1.023772060871123990e-01
2.357921230215416872e+05 6.482933163642883301e-01 -6.456556320190429688e-01 -2.493577152490616122e-01
2.357921480165417015e+05 2.953760623931884766e-01 -1.922971010208129883e-02 -1.937794983386993131e-01
2.357921731153749861e+05 1.813505440950393954e-01 4.382281005382537842e-01 -7.435652613639831543e-02
2.357921981163749879e+05 4.224204719066619873e-01 8.332144021987915039e-01 -2.040006220340729037e-01
2.357922230973750120e+05 1.051021814346313060e-01 6.742884218692779541e-02 -2.147715091705321988e-01
2.357922480943750124e+05 -2.812518477439879816e-01 -6.572420001029968262e-01 -2.374886423349379938e-01
2.357922730853749963e+05 -2.085321992635726929e-01 -7.817360758781433105e-01 -2.765024602413176935e-01
2.357922980753750016e+05 -2.281342446804046978e-02 -3.271245956420897882e-01 -2.722066044807434082e-01
2.357923230733750097e+05 -1.337312310934067050e-01 -8.930310606956481934e-02 -2.547600865364075262e-01
2.357923480583750061e+05 -1.262553595006466085e-02 -1.661876887083053866e-01 -9.877376258373260498e-02
2.357923730473750038e+05 2.573940157890319824e-01 -1.154668182134628018e-01 -6.715069711208343506e-02
2.357923980323750002e+05 1.004040893167256962e-02 8.439487218856811523e-02 -6.434451788663864136e-03
2.357924230213749979e+05 8.697521686553955078e-02 3.539656996726989746e-01 -4.387853667140007019e-02
2.357924480153750046e+05 -1.294868588447571078e-01 -7.086989283561706543e-02 6.990730017423629761e-02
2.357924730033749947e+05 -2.348925471305846890e-01 -2.477098703384399137e-01 1.144556626677512984e-01
2.357924979773749947e+05 -8.529254794120788574e-02 -1.710781902074814120e-01 9.771008044481277466e-02
2.357925229883750144e+05 2.573601603507996161e-01 -2.029937207698822021e-01 -6.088976562023162842e-02
2.357925479573750054e+05 4.513994231820107200e-02 -7.107696682214736938e-02 1.125168870203197002e-03
2.357925729593749857e+05 2.372949384152888905e-02 1.603537425398826946e-02 1.053163968026638031e-02
2.357925979503749986e+05 8.441859483718872070e-02 -1.409448087215423862e-01 1.625092327594757080e-02
2.357926229193749896e+05 1.020192634314298977e-02 -4.806884527206420898e-01 2.069459296762942921e-02
2.357926479283749941e+05 1.342076808214187900e-01 -7.581356167793273926e-01 -3.393628075718879700e-02
2.357926729033750016e+05 -2.620645985007286072e-02 -5.856599211692810059e-01 -7.088612020015716553e-02
2.357926979063749895e+05 4.233683645725250244e-02 -4.620819389820098877e-01 -1.432403326034545898e-01
2.357927228973750025e+05 3.455385938286781311e-02 -3.877854645252227783e-01 -2.380666136741637906e-01
2.357927478883749864e+05 1.427146047353745062e-01 -4.553904235363007147e-01 -3.260280191898345947e-01
2.357927728763750056e+05 2.394936531782149991e-01 1.651471853256225863e-01 -3.861319124698638916e-01
2.357927978623750096e+05 -3.296894729137421209e-01 7.354708015918731689e-02 -3.463348150253295898e-01
2.357928228453749907e+05 -1.264854520559310913e-01 -1.426692903041839877e-01 -3.368820250034332275e-01
2.357928478453750140e+05 -4.626019299030303955e-02 -1.479728668928146085e-01 -1.289315968751907071e-01
2.357928728353749902e+05 -6.103906407952308655e-02 1.605139076709747037e-01 -1.601849198341369906e-01
2.357928978263750032e+05 -8.287251926958560944e-03 6.478871703147888184e-01 -1.542331427335739136e-01
2.357929228133749857e+05 7.190664112567901611e-02 4.236740469932556152e-01 -1.834874749183655063e-01
2.357929478043749987e+05 -2.750667631626129150e-01 -1.574655324220657071e-01 -2.020618468523026068e-01
2.357929727943750040e+05 -3.279741406440734863e-01 -3.585359752178192139e-01 -3.489579260349274237e-01
2.357929977643750026e+05 -1.273114383220672885e-01 -2.605605721473693848e-01 -4.506708085536956787e-01
2.357930227573750017e+05 -1.901277154684067050e-01 -3.422378599643707275e-01 -4.326455295085906982e-01
2.357930477503750008e+05 -1.939278990030288974e-01 -3.489322364330291748e-01 -3.506036996841431219e-01
2.357930727563750115e+05 -1.637394577264786044e-01 -1.720689795911312103e-02 -3.008639514446259100e-01
2.357930977393749927e+05 -1.769764162600040089e-02 2.182663381099700928e-01 -2.207444757223128995e-01
2.357931227323749918e+05 1.711318641901015958e-01 5.405162572860717773e-01 -1.821817308664321899e-01
2.357931477193750034e+05 1.651307344436646063e-01 1.595402359962463101e-01 -6.030997261404991150e-02
2.357931727043749997e+05 1.375208944082260132e-01 -1.650462485849856983e-02 -3.780015185475348732e-02
2.357931976983750064e+05 1.084711626172066012e-01 4.750426113605499268e-02 -1.763666281476617076e-03
2.357932226903749979e+05 6.704454869031906128e-02 8.769654482603073120e-02 -1.153439376503228968e-02
2.357932476803750033e+05 1.988103389739989957e-01 -4.894459561910480261e-05 9.240310639142990112e-03
2.357932726713749871e+05 2.613647654652595867e-02 -4.219707474112510681e-02 6.304749846458435059e-02
2.357932976603750139e+05 2.483312338590621948e-01 3.601016998291016180e-01 3.238137811422348022e-02
2.357933226543749915e+05 7.800655066967010498e-02 1.808726936578750888e-01 7.145728915929794312e-02
2.357933476253749977e+05 1.378486156463623047e-01 -1.163663640618324002e-01 6.350394338369369507e-02
2.357933726273750071e+05 5.531114935874938965e-01 -2.299825549125671109e-01 8.551620878279209137e-03
2.357933976183749910e+05 7.005544900894165039e-01 4.530290514230728149e-02 2.572779916226863861e-02
2.357934226093750040e+05 6.036307811737060547e-01 1.365770101547240933e-01 3.594809025526046753e-02
2.357934475973749941e+05 6.192944645881652832e-01 1.899745315313338956e-01 6.681831181049346924e-02
2.357934725873749994e+05 3.020570576190947931e-01 -8.893182128667831421e-02 1.353615522384644110e-01
2.357934975803749985e+05 -1.406967490911484042e-01 -4.952569901943206787e-01 2.153621315956116000e-01
2.357935225663750025e+05 -1.144037023186683932e-01 -3.113916814327239990e-01 2.343881577253341952e-01
2.357935475573749864e+05 -5.607228353619576194e-02 -2.337593138217926025e-01 2.290704846382141113e-01
2.357935725473749917e+05 -8.118773996829986572e-02 -3.669662475585938055e-01 1.726530939340590876e-01
2.357935975353750109e+05 1.277194470167160034e-01 -6.878184676170349121e-01 1.078422833234072079e-02
2.357936225263749948e+05 1.370763778686522882e-01 -6.294530630111694336e-01 -1.010875627398491045e-01
2.357936475173750077e+05 3.205652162432671287e-02 -3.149115443229674738e-01 -1.635957658290863037e-01
2.357936724913750077e+05 -3.768615797162055969e-02 -9.918419271707534790e-02 -2.397108972072601041e-01
2.357936975013749907e+05 -2.169416099786758076e-02 -2.105741500854491910e-01 -2.341942489147186002e-01
2.357937224973750126e+05 -8.785721659660339355e-02 9.079989045858383179e-02 -2.294165641069411954e-01
2.357937474733749987e+05 -3.271116912364960272e-01 5.336661636829376221e-02 -2.280190438032149991e-01
2.357937724643750116e+05 -4.957402646541594904e-01 -9.240280836820602417e-02 -1.357433199882507047e-01
2.357937974553749955e+05 -5.561292171478271484e-01 -1.446820795536040982e-01 -1.571860909461975098e-01
2.357938224323749891e+05 -3.076434433460236151e-01 -2.894786000251770020e-01 -2.318132817745209018e-01
2.357938474243750097e+05 -3.036403656005858820e-01 -9.690474718809127808e-02 -8.081191778182983398e-02
2.357938724363750080e+05 -1.751558631658554077e-01 1.060508415102958957e-01 -7.638742774724960327e-02
2.357938974133750016e+05 8.935564011335372925e-02 1.884654462337493896e-01 -4.047777876257895729e-02
2.357939224023749994e+05 6.960359215736389160e-02 1.415895521640777865e-01 5.003089830279350281e-02
2.357939473863749881e+05 1.566217690706253052e-01 -1.051932275295257985e-01 9.641984850168228149e-02
2.357939723833749886e+05 4.471926689147949219e-01 -3.385408222675322931e-01 -3.228642418980597756e-02
2.357939973673750064e+05 9.557290673255920410e-01 -8.377118706703186035e-01 -1.189951319247484034e-02
2.357940223643750069e+05 7.008896023035049438e-02 -4.803246855735778809e-01 6.251629441976547241e-02
2.357940473473749880e+05 -1.633646190166473111e-01 -2.942182682454586029e-02 -4.318255931138992310e-02
2.357940723433750100e+05 -1.343827396631241122e-01 7.527989894151687622e-02 -8.688591420650482178e-02
2.357940973333749862e+05 2.562624216079711914e-01 -2.449821531772614081e-01 -1.022532656788825989e-01
2.357941223213750054e+05 5.831271409988403320e-01 -5.863268971443176270e-01 1.426287554204463959e-02
2.357941473123749893e+05 6.883858442306518555e-01 -6.307178735733032227e-01 2.105141803622246136e-02
2.357941723033750022e+05 6.934659481048583984e-01 -2.305977791547774991e-01 1.204762700945138931e-02
2.357941972913749923e+05 6.162078380584716797e-01 -3.382639586925507147e-01 -2.428067289292812000e-02
2.357942222813749977e+05 4.130893945693969727e-01 -3.607798218727111816e-01 -2.171906083822250019e-02
2.357942472713750030e+05 3.975521326065062921e-01 -6.722867488861083984e-01 -1.768754720687865933e-01
2.357942722593749932e+05 -1.916304081678391058e-01 -1.766103208065032959e-01 -2.188216894865036011e-01
2.357942972433750110e+05 -1.779498159885405939e-01 -6.423626095056533813e-02 -3.445925116539000910e-01
2.357943222533749940e+05 -7.305747270584106445e-02 9.544748067855834961e-02 -3.114346265792847235e-01
2.357943472133750038e+05 -1.671701967716217041e-01 2.720327675342559814e-01 -2.619055509567260742e-01
2.357943722133749980e+05 -3.296254575252532959e-01 2.174408435821532926e-01 -2.879274189472197931e-01
2.357943972163749859e+05 -6.229619383811950684e-01 4.642230272293090820e-01 -1.997286379337311069e-01
2.357944221943749872e+05 -4.658754467964171808e-01 5.867453217506408691e-01 -1.738095581531524936e-01
2.357944471903750091e+05 -3.040897250175476074e-01 5.697965025901794434e-01 -1.903020590543746948e-01
2.357944721823750006e+05 -2.229382395744324008e-01 4.210119545459746759e-01 -2.175425887107849121e-01
2.357944971693750122e+05 -1.807396262884140015e-01 2.581490576267241877e-01 -1.596892327070235928e-01
2.357945221473750134e+05 -7.388222217559814453e-02 2.524648010730742853e-01 -9.754889458417892456e-02
2.357945471493749938e+05 3.991081379354000092e-03 1.740293055772781095e-01 1.678465306758880962e-02
2.357945721393749991e+05 4.044376686215400696e-02 2.078912705183028897e-01 1.127341166138648987e-01
2.357945971303750121e+05 1.448351889848709106e-01 3.543982207775115967e-01 2.098091989755629938e-01
2.357946221213749959e+05 2.856107652187346857e-01 5.208372473716735840e-01 2.792965471744536798e-01
2.357946471113750013e+05 3.341439664363861084e-01 5.998464226722717285e-01 3.198271095752716064e-01
2.357946721113749954e+05 2.505722641944885254e-01 5.801259875297546387e-01 2.673914730548859198e-01
2.357946970903750043e+05 1.936277374625205994e-02 3.714732825756072998e-01 3.435746431350708008e-01
2.357947220793750021e+05 1.223846990615128950e-02 2.066863179206847867e-01 3.192617297172545832e-01
2.357947470633749908e+05 1.013715714216232022e-01 2.133954316377640048e-01 3.429744541645050049e-01
2.357947720603749913e+05 -5.941912997514008608e-03 2.844446897506713867e-01 4.575600028038024902e-01
2.357947970483750105e+05 -1.613232195377350131e-01 2.676695287227631170e-01 6.072453260421752930e-01
2.357948220393749943e+05 1.382527640089393096e-03 3.505892753601074219e-01 5.991510152816772461e-01
2.357948470303750073e+05 4.004821479320526123e-01 6.243108510971069336e-01 5.330098271369934082e-01
2.357948720183749974e+05 8.042694330215454102e-01 7.577574849128723145e-01 5.597187876701354980e-01
2.357948970093750104e+05 7.089813351631164551e-01 6.194912791252136230e-01 6.533048748970031738e-01
2.357949219993749866e+05 2.532509863376616877e-01 3.004162311553955078e-01 7.565935850143432617e-01
2.357949469893749920e+05 -8.367554843425750732e-02 1.481227874755859097e-01 7.482302188873291016e-01
2.357949719643749995e+05 -4.185920953750609796e-01 -2.464886941015720020e-02 4.906811118125916082e-01
2.357949969693750027e+05 -5.248636603355407715e-01 -9.109465777873992920e-02 2.220282703638077060e-01
2.357950219563750143e+05 -3.645795285701752264e-01 -1.005607396364212036e-01 -6.421265192329883575e-03
2.357950469643750112e+05 -2.635179162025452215e-01 -2.647963166236877094e-02 -1.510302126407623013e-01
2.357950719393749896e+05 -2.543089389801024836e-01 -3.156725317239760659e-02 -2.383271008729934970e-01
2.357950969283749873e+05 -2.471877336502074918e-01 8.101693540811538696e-02 -3.417537808418273926e-01
2.357951219203750079e+05 -2.247846424579620084e-01 1.551961749792098999e-01 -3.577493131160736084e-01
2.357951469103750132e+05 -2.244848459959029874e-01 2.089183777570723932e-01 -4.004172980785369873e-01
2.357951718893749930e+05 -3.077152669429779053e-01 6.704600155353546143e-02 -3.515190482139586847e-01
2.357951969003750128e+05 -4.694907367229462225e-01 8.705334737896919250e-03 -3.274818658828734796e-01
2.357952218623750086e+05 -5.324696898460388184e-01 -1.441588066518307079e-02 -2.957069873809813898e-01
2.357952468683749903e+05 -6.169036626815795898e-01 -1.964204460382462103e-01 -2.254617065191268921e-01
2.357952718593750033e+05 -4.880207479000092108e-01 1.901310682296752930e-02 -1.390435397624968927e-01
2.357952968503749871e+05 -3.116923868656157892e-01 4.150617420673369806e-01 -1.517456024885177890e-01
2.357953218413750001e+05 1.296440213918685913e-01 3.601967394351959229e-01 -2.812392413616179865e-01
2.357953468243750103e+05 3.039122223854064941e-01 7.098102569580078125e-02 -2.430389821529387873e-01
2.357953718203750032e+05 2.531388401985167902e-01 -1.849903352558613170e-02 -2.686553299427031916e-01
2.357953968083749933e+05 3.248198628425598145e-01 -2.223300784826278964e-01 -1.701832264661788940e-01
2.357954217993750062e+05 5.148980617523193359e-01 -1.962715387344360074e-01 -1.355217397212981900e-01
2.357954467893750116e+05 7.372118830680847168e-01 -2.647604346275330145e-01 -2.650770358741282983e-03
2.357954717793749878e+05 1.333068728446960005e+00 -3.267816305160521906e-01 9.415612369775772095e-02
2.357954967693749932e+05 1.345105051994323953e+00 -2.696740329265593927e-01 1.793268173933028897e-01
2.357955217603750061e+05 6.753733158111572266e-01 -2.475468367338181097e-01 6.808793544769287109e-01
2.357955467553749913e+05 -9.300211817026138306e-02 -4.140479862689971924e-01 9.022422432899475098e-01
2.357955717393750092e+05 -3.528328537940979004e-01 -1.934415251016617099e-01 9.181607365608215332e-01
2.357955967403750110e+05 1.171721294522285045e-01 -5.428177714347839355e-01 9.552751779556274414e-01
2.357956217193749908e+05 6.585174202919006348e-01 -1.139328241348267046e+00 1.004646897315979004e+00
2.357956467093749961e+05 7.267556786537170410e-01 -1.227497220039367898e+00 9.900689721107482910e-01
2.357956717003750091e+05 4.041161537170410156e-01 -6.453663706779479980e-01 8.540942668914794922e-01
2.357956966973750095e+05 -3.177396254613995986e-03 -2.443841993808746060e-01 5.497944355010986328e-01
2.357957216673750081e+05 -2.285418659448624004e-02 -1.744695901870728094e-01 2.109603583812713901e-01
2.357957466733749898e+05 -1.398587971925734919e-01 -2.789881825447083075e-01 -4.170420393347740173e-02
2.357957716583749861e+05 -3.652366101741790771e-01 -5.686714500188828209e-02 -2.046024352312088013e-01
2.357957966503750067e+05 -4.217328727245330811e-01 1.235229521989821971e-01 -2.050123661756516058e-01
2.357958216393750045e+05 -5.328735709190368652e-01 1.484430730342864990e-01 -1.393732875585556030e-01
2.357958466243750008e+05 -3.846871256828308105e-01 2.128244042396545133e-01 -1.943424791097640991e-01
2.357958716223750089e+05 -2.538548111915587824e-01 2.371064424514771063e-01 -3.323965668678284247e-01
2.357958966053749900e+05 -1.852466762065886896e-01 2.747002243995667059e-01 -4.046428799629210871e-01
2.357959215833749913e+05 -9.333867579698562622e-02 2.233514040708541870e-01 -4.564662575721740723e-01
2.357959465893750021e+05 -1.742144376039505005e-01 2.000005990266799927e-01 -4.428302049636840820e-01
2.357959715823750012e+05 -3.093531131744384766e-01 2.945385575294495184e-01 -3.081078827381134033e-01
2.357959965693750128e+05 -3.478024601936339777e-01 3.564427196979523260e-01 -1.602703034877777100e-01
2.357960215603749966e+05 -2.306851297616958896e-01 3.757325410842896063e-01 -4.701580107212067344e-02
2.357960465523749881e+05 -4.617545008659362793e-02 4.243249297142028809e-01 1.423149649053812027e-02
2.357960715403750073e+05 8.491740375757217407e-02 4.360525012016295832e-01 1.126341372728348056e-01
2.357960965153749858e+05 2.977388203144072931e-01 4.671622812747954767e-01 2.272416949272156039e-01
2.357961215223750041e+05 3.321749866008759100e-01 4.661202728748322088e-01 4.424929022789000910e-01
2.357961465103749943e+05 3.013052642345427912e-01 4.056811034679412842e-01 4.531159400939940851e-01
2.357961715003749996e+05 1.907252818346024115e-01 2.284215837717055997e-01 4.678798317909240723e-01
2.357961965013750014e+05 5.022013187408447266e-02 2.506830096244812012e-01 4.823047518730164129e-01
2.357962214803750103e+05 -1.411648243665694913e-01 2.026839256286621094e-01 4.828063547611237127e-01
2.357962464723750018e+05 -3.173174560070037842e-01 8.028112351894378662e-02 5.803692936897277832e-01
2.357962714603749919e+05 -3.226864635944365900e-01 -9.995884448289871216e-02 6.040081977844238281e-01
2.357962964313749981e+05 -1.081477701663970947e-01 1.657767742872237882e-01 6.128945946693420410e-01
2.357963214413750102e+05 1.079863086342812001e-01 7.301803827285766602e-01 6.597535610198974609e-01
2.357963464353749878e+05 2.334408462047576904e-01 9.117252230644226074e-01 6.460888981819152832e-01
2.357963714123750106e+05 2.586627602577208918e-01 5.300820469856262207e-01 5.870065689086914062e-01
2.357963963983750145e+05 2.478861212730407992e-01 3.896535187959671021e-02 5.183560848236083984e-01
2.357964214053750038e+05 2.538807988166809082e-01 -8.070316910743713379e-02 4.354277551174163818e-01
2.357964463913750078e+05 1.709088683128356934e-01 -1.183902844786643982e-02 4.318760335445404053e-01
2.357964713823749917e+05 3.266795873641967773e-01 -1.651439443230628967e-02 3.684868514537810724e-01
2.357964963713749894e+05 4.751834869384766180e-01 4.862116184085608396e-03 1.474156230688095093e-01
2.357965213463749969e+05 1.764434278011322021e-01 9.748800843954086304e-02 -4.909016191959381104e-03
2.357965463483750063e+05 -2.285617589950561870e-02 8.799688518047332764e-02 -8.222922682762145996e-02
2.357965713443749992e+05 2.757603302598000006e-03 -1.806432902812958041e-01 -2.010938972234725952e-01
2.357965963323749893e+05 -6.832464039325714111e-02 -4.916801154613494873e-01 -1.924158632755280096e-01
2.357966213243750099e+05 -2.532025873661041260e-01 -2.439283281564713080e-01 -2.359298467636108121e-01
2.357966463143749861e+05 -2.200037091970444003e-01 -4.199892580509185791e-01 -1.152520179748535017e-01
2.357966713093750004e+05 -2.681023478507996161e-01 -2.035490274429321012e-01 -1.188867166638374051e-01
2.357966962933749892e+05 -4.151671230792999268e-01 -1.449682414531708041e-01 -8.217471092939376831e-02
2.357967212673749891e+05 -3.713988363742827814e-01 -2.904172241687775213e-01 -8.930540084838867188e-02
2.357967462733749999e+05 -2.317172586917876920e-01 -4.190094172954558771e-01 -1.227798238396645009e-01
2.357967712643750128e+05 -2.243733108043670932e-01 -3.319130241870880127e-01 -1.186048686504364014e-01
2.357967962553749967e+05 -1.652799546718597135e-01 -5.508015751838684082e-01 -4.040390998125076294e-02
2.357968212433749868e+05 -7.190039753913879395e-02 -4.689642786979674738e-01 -1.509658694267272949e-01
2.357968462353750074e+05 2.891224324703217108e-01 -2.016615718603133878e-01 -1.085881590843200961e-01
2.357968712033749907e+05 4.820092618465424139e-01 8.678097277879714966e-02 -5.399994924664496682e-02
2.357968962243749993e+05 -8.683492429554462433e-03 1.141187474131584029e-01 -1.280520707368850986e-01
2.357969211893749889e+05 -2.818457484245299738e-01 3.798165321350098211e-01 -1.708110868930816928e-01
2.357969461953749997e+05 -2.394544333219527921e-01 2.209607064723969061e-01 -1.374580413103103915e-01
2.357969711843749974e+05 -1.216263025999068936e-01 1.142460554838180958e-01 -1.007293984293937961e-01
2.357969961763749889e+05 -1.649123430252074918e-01 1.498675495386123935e-01 -1.435166746377944946e-01
2.357970211673750018e+05 -1.464163810014725009e-01 3.858852088451384943e-01 -2.183046936988831122e-01
2.357970461583749857e+05 -3.010258637368679047e-02 4.565394222736359198e-01 -2.797793149948120117e-01
2.357970711443749897e+05 2.083743736147880901e-02 4.693344235420227051e-01 -2.807005941867827814e-01
2.357970961303749937e+05 -1.461573690176010132e-01 5.232632160186767578e-01 -2.813121080398560125e-01
2.357971211263749865e+05 -3.081538975238800049e-01 3.832526206970214844e-01 -3.583499491214752197e-01
2.357971461173749994e+05 -3.052017390727996826e-01 2.165745571255683899e-02 -4.271152317523955744e-01
2.357971711073750048e+05 -1.681883335113525113e-01 -1.360783427953720093e-01 -3.987766802310944159e-01
2.357971961911667022e+05 -1.136407256126403947e-01 -1.140339821577072005e-01 -3.208726048469542902e-01
2.357972211931667116e+05 -5.248823761940001748e-02 3.857884183526039124e-02 -1.366128772497177124e-01
2.357972461651666963e+05 -1.918757893145084034e-02 9.138406813144683838e-02 -5.988949537277221680e-02
2.357972711731666932e+05 -9.311328828334808350e-02 3.233445435762404702e-02 -1.186336204409599027e-01
2.357972961451667070e+05 -1.253380179405212125e-01 8.866012096405029297e-02 -2.167927622795104980e-01
2.357973211521666963e+05 -1.175741106271744052e-01 1.190413832664490024e-01 -2.615526616573333740e-01
2.357973461241667101e+05 -7.670599222183227539e-02 7.209655642509460449e-02 -1.846943646669388095e-01
2.357973711311666993e+05 -9.203987196087837219e-03 -4.563213326036930084e-03 -1.076958402991295000e-01
2.357973961221667123e+05 -1.349460780620574951e-01 -5.467797629535198212e-03 -7.722697407007217407e-02
2.357974211101667024e+05 -2.714893519878386896e-01 -8.824698743410408497e-04 -2.549190819263457905e-02
2.357974461011666863e+05 -2.880592644214630127e-01 -1.178713217377662936e-01 6.299872696399688721e-02
2.357974710931667069e+05 -2.070278078317641934e-01 -2.365743517875671109e-01 1.805615723133086881e-01
2.357974960851666983e+05 -4.335227981209754944e-02 -1.874767541885375977e-01 1.874233931303024014e-01
2.357975210771666898e+05 -2.145467326045035969e-02 -1.349475383758544922e-01 2.374869287014008123e-01
2.357975460611667077e+05 8.947572670876979828e-03 -4.952951520681381226e-02 2.843408584594727118e-01
2.357975710521666915e+05 1.775881797075271884e-01 3.184940665960311890e-03 3.348808586597443182e-01
2.357975960421666969e+05 2.143135070800780972e-01 6.956203281879425049e-02 3.902890682220458984e-01
2.357976210331667098e+05 3.711049631237983704e-02 3.427550494670867920e-01 4.500729739665985107e-01
2.357976460231666861e+05 -1.391587704420089999e-01 3.878264427185059149e-01 4.132309854030609131e-01
2.357976710221667017e+05 -1.616477817296982089e-01 3.729759454727172852e-01 3.088083267211914062e-01
2.357976960061666905e+05 1.686220467090606967e-01 3.784139156341552734e-01 4.983890950679779053e-01
2.357977209971667035e+05 2.163803577423095981e-01 2.417710274457932074e-01 5.232133865356445312e-01
2.357977459931666963e+05 4.319306463003159263e-02 -2.058594301342964172e-02 5.304417610168457031e-01
2.357977709751666989e+05 -1.151968445628880934e-02 -2.992350757122039795e-01 4.837505817413330078e-01
2.357977959651667043e+05 8.731760084629058838e-02 -1.635253280401230136e-01 3.454474508762360174e-01
2.357978209571666957e+05 2.749280035495758057e-01 -1.748494617640972137e-02 2.755830883979796808e-01
2.357978459471667011e+05 3.349289298057556152e-01 5.097598582506179810e-02 2.128553837537766058e-01
2.357978709351666912e+05 2.354791015386580866e-01 2.318217456340790072e-01 2.644918560981749933e-01
2.357978959361666930e+05 5.286548659205436707e-02 3.395889699459075928e-01 3.457810878753662109e-01
2.357979209281667136e+05 1.310348957777023038e-01 6.247906684875488281e-01 5.171498656272888184e-01
2.357979459071666934e+05 1.401643902063370029e-01 4.435094296932219904e-01 3.235693275928496759e-01
2.357979708991667139e+05 -2.558774352073668878e-01 2.704618275165557861e-01 2.628536820411682129e-01
2.357979958901666978e+05 -4.427484869956970215e-01 3.576302900910378196e-02 3.839461505413054865e-01
2.357980208781666879e+05 -1.370642036199569980e-01 -1.821029037237167081e-01 2.116131782531738004e-01
2.357980458681666933e+05 -4.393167793750762939e-02 2.425456941127777100e-01 9.423050284385681152e-02
2.357980708611666923e+05 -1.127961874008178988e-01 2.051893025636672974e-01 1.898969411849975863e-01
2.357980958501666901e+05 -3.357196599245070717e-02 2.480483204126358032e-01 1.112809702754020968e-01
2.357981208421667106e+05 4.290659353137016296e-02 1.724750846624374112e-01 -1.365294307470321933e-01
2.357981458321666869e+05 2.602051384747028004e-02 2.070039808750152865e-01 -2.931825816631317139e-01
2.357981708211667137e+05 -6.579831987619400024e-02 1.402830779552459994e-01 -3.743411600589752197e-01
2.357981958131667052e+05 -9.312605857849121094e-02 1.657765731215476990e-02 -5.393676161766052246e-01
2.357982208041666890e+05 -1.584152728319168091e-01 2.938165366649628241e-01 -5.133015513420104980e-01
2.357982457781666890e+05 -1.486691683530806940e-01 4.017940461635590155e-01 -5.453567504882812500e-01
2.357982707841666997e+05 -2.991798333823680878e-02 1.308646202087402066e-01 -4.754033088684082031e-01
2.357982957841666939e+05 1.130791679024695934e-01 -8.672372251749038696e-02 -3.830802142620087225e-01
2.357983207651666889e+05 3.386267274618148804e-02 5.593204125761985779e-02 -3.313300013542174738e-01
2.357983457561667019e+05 -9.710953384637832642e-02 1.959734261035918912e-01 -3.234117329120635986e-01
2.357983707481666934e+05 -2.118779271841048917e-01 3.795908996835350990e-03 -3.150367140769957941e-01
2.357983957321667112e+05 -2.883719801902770996e-01 1.103662606328725988e-02 -3.248804211616516113e-01
2.357984207171667076e+05 -1.205440014600754062e-01 -9.269244223833084106e-02 -4.243223369121552069e-01
2.357984457191666879e+05 5.232105776667594910e-02 -5.025717616081237793e-01 -4.583926796913146973e-01
2.357984706851667142e+05 8.145915716886520386e-02 -5.388787984848022461e-01 -3.751793801784514826e-01
2.357984956991666986e+05 2.148511447012424122e-02 -3.114414513111115057e-01 -3.394393622875214178e-01
2.357985206901667116e+05 -3.401365876197814941e-02 -1.190229877829551974e-01 -1.939394325017929077e-01
2.357985456781667017e+05 -1.589110791683197021e-01 8.672468364238739014e-03 -1.465794593095778864e-01
2.357985706801667111e+05 -3.499128669500350952e-02 -2.121796160936355868e-01 -6.070927903056144714e-02
2.357985956521666958e+05 1.162368506193161011e-01 -5.569975972175598145e-01 -5.659533664584159851e-02
2.357986206501667039e+05 3.560405671596527100e-01 -5.318828821182250977e-01 -1.250818520784378052e-01
2.357986456411666877e+05 5.828837156295776367e-01 -4.354962408542633057e-01 -1.755867004394530972e-01
2.357986706331667083e+05 5.722535848617553711e-01 -2.827944457530974787e-01 -1.907231509685516080e-01
2.357986956221667060e+05 3.797444999217987061e-01 -3.020799458026885986e-01 -1.849363744258880893e-01
2.357987206131666899e+05 2.253439277410506925e-01 -3.550493121147155762e-01 -1.544869840145111084e-01
2.357987456031666952e+05 2.723772525787354071e-01 -4.475478231906890869e-01 -1.755214482545852939e-01
2.357987705931667006e+05 2.005011588335036954e-01 -4.681019783020020086e-01 -9.691717475652694702e-02
2.357987955841667135e+05 1.923833489418030063e-01 -4.100202620029448908e-01 -1.820353418588637959e-02
2.357988205771667126e+05 3.343929946422576904e-01 -3.944233953952788752e-01 3.867935761809349060e-02
2.357988455751666916e+05 2.856785058975219727e-01 -3.236737549304962158e-01 6.480861455202102661e-03
2.357988705551667081e+05 3.272195160388947088e-01 -2.813051640987396240e-01 -8.350489661097526550e-03
2.357988955481667072e+05 3.845256268978118896e-01 -2.249297499656676969e-01 -1.834769267588854053e-03
2.357989205371667049e+05 1.963905245065689087e-01 -2.051215767860412875e-01 -1.525296084582805980e-02
2.357989455271667102e+05 6.304289400577545166e-02 -2.537963688373566229e-01 -9.124421328306198120e-02
2.357989705191667017e+05 1.631422489881516058e-01 -2.689272463321685791e-01 -2.400047928094863892e-01
2.357989955071666918e+05 -3.773505091667174738e-01 -2.638777345418930054e-02 -2.292885631322860995e-01
2.357990205001666909e+05 -4.533678889274597168e-01 2.286803275346755981e-01 -1.893841475248337070e-01
2.357990454911667039e+05 -3.070318400859832764e-01 4.488616287708281916e-01 -1.614883989095687866e-01
2.357990704831666953e+05 -1.849933415651321134e-01 3.655370175838469904e-01 -1.215802431106566966e-01
2.357990954611666966e+05 -3.046279847621917725e-01 4.423715174198151190e-01 -6.455106288194656372e-02
2.357991204611666908e+05 -3.545422255992888849e-01 9.205418825149536133e-01 -1.185643076896667064e-01
2.357991454511666961e+05 -3.628112971782683771e-01 7.622162699699401855e-01 -1.333036720752716064e-01
2.357991704431666876e+05 -4.402918219566345215e-01 3.652943968772888184e-01 -1.138902604579925953e-01
2.357991954351667082e+05 -7.566629648208618164e-01 -3.639567643404006958e-02 -8.979139849543571472e-03
2.357992204381666961e+05 -6.968470215797424316e-01 -1.413325965404509978e-02 8.917108178138732910e-02
2.357992454261666862e+05 -2.605070769786835272e-01 -9.673611819744110107e-02 5.340914428234100342e-02
2.357992704111667117e+05 7.842553257942199707e-01 2.615873143076897014e-02 1.152354180812835971e-01
2.357992953951667005e+05 6.622265577316284180e-01 7.155236005783081055e-01 2.822510898113250732e-01
2.357993203861667134e+05 1.490420997142792026e-01 8.895757198333740234e-01 3.421337902545928955e-01
2.357993453771666973e+05 6.616161018610000610e-02 6.900065541267395020e-01 3.527637720108032227e-01
2.357993703551666986e+05 -1.815309822559356967e-01 3.120382726192473810e-01 3.779909908771514893e-01
2.357993953581666865e+05 -2.730417847633361816e-01 6.913235038518905640e-02 4.088836908340454102e-01
2.357994203531667008e+05 5.457453802227973938e-02 5.244538187980651855e-01 3.603981733322144110e-01
2.357994453391667048e+05 1.533196717500686923e-01 8.832307457923889160e-01 3.453599810600280762e-01
2.357994703281667025e+05 1.703611165285109919e-01 6.019358038902282715e-01 2.360682040452956876e-01
2.357994953251667030e+05 -6.259550899267196655e-02 1.764453500509262085e-01 2.848337590694426935e-01
2.357995203101666993e+05 -3.150257468223571777e-01 -4.100392013788223267e-02 2.257135808467864990e-01
2.357995453011667123e+05 -2.597694694995880127e-01 -2.224589586257935125e-01 1.174893304705619951e-01
2.357995702941667114e+05 -2.353836745023726862e-01 -2.724240422248839777e-01 -1.653120154514909007e-03
2.357995952821667015e+05 -3.642093241214752197e-01 -4.527108669281005859e-01 3.652085736393929222e-02
2.357996202741666930e+05 -3.502700030803679865e-01 -3.434080183506011963e-01 1.429222524166106900e-01
2.357996452651667059e+05 -2.181923240423203070e-01 1.891265511512756070e-01 1.991405785083771030e-01
2.357996702541667037e+05 1.810333691537379872e-02 5.179266333580017090e-01 1.409213989973067960e-01
2.357996952461666951e+05 2.360425442457199097e-01 1.124674081802367942e+00 -4.231707751750946045e-02
2.357997202381666866e+05 -9.755213744938373566e-03 2.517085075378417969e-01 5.915380641818047264e-02
2.357997452331667009e+05 1.403282135725021085e-01 -6.432790309190750122e-02 7.175362855195999146e-02
2.357997702141666960e+05 2.367541342973709106e-01 -6.060712039470673301e-02 1.146645396947860995e-01
2.357997952031666937e+05 2.505029439926146906e-01 5.256011150777339935e-03 1.178218722343444963e-01
2.357998201971667004e+05 9.968644380569458008e-02 -1.084046438336371959e-01 2.378221899271011075e-01
2.357998451931666932e+05 2.526414096355438232e-01 -1.491259038448334018e-01 3.970621228218079168e-01
2.357998701831666986e+05 4.665038287639617920e-01 3.600655496120452881e-01 3.342837989330291748e-01
2.357998951661667088e+05 -1.990897506475448886e-01 -6.300217658281326294e-02 3.592721223831176758e-01
2.357999201681666891e+05 -3.756652772426605225e-01 -3.922429680824279785e-01 2.579387128353118896e-01
2.357999451381666877e+05 -2.528290748596190851e-01 -5.838930606842041016e-01 7.539198547601699829e-02
2.357999701421667123e+05 4.729019999504088800e-01 -4.081167578697205145e-01 -2.739052176475524902e-01
2.357999951331666962e+05 2.856773138046265204e-01 -2.515446543693541925e-01 -4.142312407493590753e-01
2.358000201251666876e+05 -1.286678463220596036e-01 -3.058588206768035889e-01 -5.944208502769470215e-01
2.358000451141667145e+05 -2.303534299135208130e-01 -4.530702531337738037e-01 -7.639090418815612793e-01
2.358000700881667144e+05 -3.606244027614594061e-01 -7.593213915824890137e-01 -8.012259602546691895e-01
2.358000950971666898e+05 -4.311757683753966730e-01 -9.742574691772460938e-01 -7.351544499397277832e-01
2.358001200861666875e+05 -2.434448301792145053e-01 -6.276813149452209473e-01 -7.062209248542785645e-01
2.358001450781667081e+05 -3.379426002502440851e-01 -2.885971963405609131e-01 -7.570099234580993652e-01
2.358001700701666996e+05 2.668217718601226807e-01 1.579737514257431030e-01 -7.587943673133850098e-01
2.358001950681667076e+05 5.591861605644226074e-01 4.388125240802764893e-02 -7.385290861129760742e-01
2.358002200371666986e+05 4.940338730812072754e-01 -2.019045203924179077e-01 -6.798572540283203125e-01
2.358002450251666887e+05 2.557774186134337824e-01 -5.934842228889465332e-01 -6.364765763282775879e-01
2.358002700301666919e+05 -1.580773591995238980e-01 -8.358141183853149414e-01 -7.237895131111145020e-01
2.358002950221667124e+05 2.760532684624195099e-02 -6.825946569442749023e-01 -8.192301988601684570e-01
2.358003200131666963e+05 2.166602015495300015e-01 -6.492002010345458984e-01 -7.930961251258850098e-01
2.358003450021666940e+05 1.437860280275345126e-01 -9.763191342353820801e-01 -6.917453408241271973e-01
2.358003699851667043e+05 6.195720285177230835e-02 -9.457310438156127930e-01 -7.016358375549316406e-01
2.358003949861667061e+05 2.210845798254013062e-01 -1.047116398811340110e+00 -7.766084671020507812e-01
2.358004199771666899e+05 2.347235828638077060e-01 -1.017175436019897017e+00 -7.563681602478027344e-01
2.358004449661666877e+05 4.416114091873168945e-02 -9.259454011917114258e-01 -7.389975786209106445e-01
2.358004699571667006e+05 -1.250913441181182861e-01 -8.453460335731506348e-01 -7.258043885231018066e-01
2.358004949461666984e+05 -4.600314423441886902e-02 -8.064904212951660156e-01 -7.788475751876831055e-01
2.358005199381666898e+05 -1.165082212537527084e-02 -5.807058215141296387e-01 -7.076605558395385742e-01
2.358005449301667104e+05 1.252132058143616000e-01 -4.910645186901093084e-01 -6.764409542083740234e-01
2.358005699221667019e+05 9.107109904289245605e-02 -4.517258405685424805e-01 -6.659517288208007812e-01
2.358005949121667072e+05 1.064337790012360035e-01 -6.262122988700866699e-01 -7.082865834236145020e-01
2.358006199021667126e+05 3.014304116368294109e-02 -4.930121004581450861e-01 -7.555636167526245117e-01
2.358006448901667027e+05 -9.598327428102493286e-02 -2.381059378385544101e-01 -8.329922556877136230e-01
2.358006698931666906e+05 7.120495289564132690e-02 -2.328804731369019110e-01 -8.622753620147705078e-01
2.358006948741666856e+05 1.911051012575626026e-02 -5.352201461791992188e-01 -8.354433178901672363e-01
2.358007198731667013e+05 -2.482983320951462070e-01 -6.696420907974243164e-01 -7.615938782691955566e-01
2.358007448431666999e+05 -2.480819821357727051e-01 -5.394577980041503906e-01 -8.011628985404968262e-01
2.358007698451667093e+05 2.272390574216842929e-01 -2.991532683372498114e-01 -8.201512694358825684e-01
2.358007948341667070e+05 5.129687786102294922e-01 -4.786956906318665106e-01 -7.614840269088745117e-01
2.358008198261666985e+05 4.695970416069030762e-01 -3.642510473728179932e-01 -6.680452227592468262e-01
2.358008448181666899e+05 8.033125102519989014e-02 -3.402718305587769110e-01 -6.640181541442871094e-01
2.358008698061667092e+05 -2.919200621545315136e-02 -3.839012682437896729e-01 -6.611251831054687500e-01
2.358008948081666895e+05 -1.195489540696143965e-01 -5.070781707763671875e-01 -6.538115739822387695e-01
2.358009197791666957e+05 -1.640558242797852118e-01 -6.367130875587463379e-01 -6.612505316734313965e-01
2.358009447791666898e+05 -5.848286300897598267e-02 -4.651324152946472168e-01 -7.143735289573669434e-01
2.358009697711667104e+05 -8.974904567003250122e-02 -4.423786401748657227e-01 -6.633833050727844238e-01
2.358009947481667041e+05 -1.915995925664902011e-01 -5.753653645515441895e-01 -6.805893182754516602e-01
2.358010197391666879e+05 -1.544908285140990933e-01 -6.674532890319824219e-01 -6.579882502555847168e-01
2.358010447431667126e+05 -1.963028758764266968e-01 -6.819405555725097656e-01 -6.144404411315917969e-01
2.358010697421666991e+05 -3.391113877296447754e-01 -7.984002232551574707e-01 -5.647031068801879883e-01
2.358010947231666942e+05 -2.487095594406127930e-01 -8.386054635047912598e-01 -5.622282624244689941e-01
2.358011197151666856e+05 -1.213387846946716031e-01 -7.045263648033142090e-01 -5.449407100677490234e-01
2.358011447071667062e+05 2.572887241840363104e-01 -3.161946535110474188e-01 -7.209901809692382812e-01
2.358011696951666963e+05 -3.320553526282309792e-02 -1.858864873647690097e-01 -7.114489674568176270e-01
2.358011946871666878e+05 -4.571382701396942139e-02 -1.936348527669906894e-01 -7.423662543296813965e-01
2.358012196781667008e+05 -4.058253392577171326e-02 -2.867324650287628174e-01 -7.102819681167602539e-01
2.358012446671666985e+05 1.482600253075361078e-02 -2.462631314992904941e-01 -5.951284170150756836e-01
2.358012696601666976e+05 1.847477257251739849e-02 -2.455168962478637973e-01 -5.195022821426391602e-01
2.358012946511667105e+05 -1.339027434587478915e-01 -5.866971239447593689e-02 -4.989318251609802246e-01
2.358013196231666952e+05 -8.723448961973190308e-02 -9.769167006015777588e-02 -4.795661866664885919e-01
2.358013446311666921e+05 -1.431560516357421875e-01 -1.152665838599205017e-01 -5.329783558845520020e-01
2.358013696221667051e+05 -1.583208590745925903e-01 -1.109364628791808943e-01 -6.320872306823730469e-01
2.358013946031667001e+05 -1.770151406526566107e-01 -3.329266011714934748e-01 -5.338867902755737305e-01
2.358014196081667033e+05 -2.354809455573559154e-02 -4.466205239295958918e-01 -5.652022957801818848e-01
2.358014445971667010e+05 4.672757089138031006e-01 -3.109821975231171209e-01 -6.511066555976867676e-01
2.358014695831667050e+05 -1.059194356203078946e-01 -1.194816455245018005e-01 -5.360586643218994141e-01
2.358014945751666964e+05 -2.363532781600951871e-01 -3.631157800555229187e-02 -5.909064412117004395e-01
2.358015195671666879e+05 -5.972798913717269897e-02 -9.136379510164260864e-02 -5.977175831794738770e-01
2.358015445441667107e+05 7.329575717449188232e-03 -9.429118782281875610e-02 -4.718257784843444824e-01
2.358015695581666951e+05 1.492091119289397916e-01 -9.993443638086318970e-02 -5.246121287345886230e-01
2.358015945531667094e+05 4.045364633202552795e-02 4.557783156633377075e-02 -5.027828216552734375e-01
2.358016195281666878e+05 3.129384219646453857e-01 2.761800214648247112e-02 -5.295725464820861816e-01
2.358016445201667084e+05 5.735186338424682617e-01 8.939862251281738281e-02 -5.405166149139404297e-01
2.358016695121666999e+05 7.419385761022567749e-02 -4.089920222759246826e-01 -4.211811125278472900e-01
2.358016944871667074e+05 -1.067171394824981967e-01 -6.561585068702697754e-01 -3.809914290904998779e-01
2.358017194931666891e+05 -2.251224368810653964e-01 -7.110082507133483887e-01 -3.301866948604583740e-01
2.358017444861666881e+05 -1.737898588180541992e-01 -4.066789448261260986e-01 -2.622383832931519110e-01
2.358017694731666998e+05 -5.762939527630805969e-02 -4.235538542270659845e-01 -1.585413813591002863e-01
2.358017944641667127e+05 -6.057135388255119324e-02 -4.482540488243103027e-01 -1.872761696577071866e-01
2.358018194561667042e+05 -9.255910664796829224e-02 -2.944352030754088800e-01 -1.928923279047012052e-01
2.358018444411667006e+05 1.076173409819602966e-02 -1.258857846260071078e-01 -2.300432622432709018e-01
2.358018694471667113e+05 -1.054347157478332936e-01 -1.882698833942413053e-01 -1.898714303970336914e-01
2.358018944191666960e+05 -8.528809994459152222e-03 -1.840823143720627109e-01 -2.065939158201217929e-01
2.358019194151666889e+05 9.210249781608581543e-02 2.343824207782745084e-01 -1.972047537565231046e-01
2.358019443951667054e+05 1.777318269014359076e-01 2.478459626436234076e-01 -1.341082155704498013e-01
2.358019694001667085e+05 6.373021751642227173e-02 1.143588423728943010e-01 -9.277772903442382812e-02
2.358019943791666883e+05 -5.791213735938072205e-02 4.259315878152847290e-02 -3.450708091259002686e-02
2.358020193771666964e+05 -6.425511091947555542e-02 4.149645194411277771e-02 -3.772357106208801270e-02
2.358020443731666892e+05 4.200835525989531777e-02 1.965839117765426913e-01 -4.076694324612616799e-02
2.358020693621666869e+05 3.561680763959885337e-02 1.658324599266051969e-01 -3.648918867111206055e-02
2.358020943541667075e+05 2.895240671932696949e-02 2.170818597078323087e-01 -5.690989084541797638e-03
2.358021193451666913e+05 2.954965233802794855e-01 9.696139395236968994e-02 5.283961817622184753e-02
2.358021443321667030e+05 3.050826191902161200e-01 2.613514363765717108e-01 3.562001883983612061e-02
2.358021694664167007e+05 8.335319161415100098e-02 8.862608671188354492e-02 -1.387783698737620960e-02
2.358021944564167061e+05 -1.679458469152451117e-01 -2.347465604543685913e-01 5.812792852520942688e-02
2.358022194464167114e+05 -9.119543433189392090e-02 -2.189742177724837979e-01 3.279433771967887878e-02
2.358022444274167065e+05 1.237122640013695041e-01 -2.954265475273131769e-01 -1.048651188611983975e-01
2.358022694294166868e+05 -9.878411144018173218e-02 -1.352718323469161987e-01 -9.087794274091720581e-02
2.358022944174167060e+05 -1.921479552984237948e-01 -2.183764427900314053e-01 -1.102488413453101973e-01
2.358023194164166925e+05 -2.136985361576080045e-01 -1.629149466753005981e-01 -8.056632429361343384e-02
2.358023444014166889e+05 -1.395589262247086126e-01 -1.762426197528839111e-01 -4.197077080607414246e-02
2.358023694004167046e+05 9.450565092265605927e-03 -2.971236705780028742e-01 -4.665934666991233826e-02
2.358023943664167018e+05 4.443155601620674133e-03 -2.677915990352631170e-01 -8.611750602722167969e-02
2.358024193704166973e+05 2.508934773504734039e-02 -1.883632503449916840e-02 -3.204502910375595093e-02
2.358024443624166888e+05 3.443193435668944757e-01 -1.343026757240295133e-01 -4.683559015393257141e-02
2.358024693544167094e+05 2.847774922847747803e-01 2.363537810742855072e-02 -6.320292502641677856e-02
2.358024943514167098e+05 2.390584163367747914e-02 7.355817407369613647e-02 -2.683527022600173950e-02
2.358025193294167111e+05 -8.820663392543792725e-02 -2.042314782738685955e-02 3.788257762789726257e-02
2.358025443324166990e+05 -1.716747134923934937e-01 -2.086709588766098022e-01 1.209192872047424039e-01
2.358025693174166954e+05 -7.763824611902236938e-02 -1.865932494401932040e-01 1.946775764226912897e-01
2.358025942994166980e+05 1.320249438285827914e-01 -4.441818594932556152e-02 1.600297987461090088e-01
2.358026192994166922e+05 1.474440395832062045e-01 1.087331399321555953e-01 7.894520461559295654e-02
2.358026442894166976e+05 1.603008210659027100e-01 1.680190563201904019e-01 6.080599501729012230e-02
2.358026692624166899e+05 3.948813080787659247e-01 -6.686709821224212646e-02 4.344449844211339951e-03
2.358026942734167096e+05 1.688196808099746982e-01 2.888784110546112061e-01 4.683614149689673684e-02
2.358027192624167074e+05 -4.927426576614379883e-02 2.123624980449677069e-01 6.539122015237808228e-02
2.358027442514167051e+05 -6.393653154373168945e-02 1.049517095088959018e-01 4.737219586968421936e-02
2.358027692434166966e+05 -4.546337202191352844e-02 1.352410018444061002e-01 -5.859621800482273102e-03
2.358027942354166880e+05 -7.317166030406951904e-02 -4.733438254334033078e-04 1.445568911731242960e-02
2.358028192264167010e+05 -1.512275934219360074e-01 2.470551431179046908e-01 4.371359571814537048e-02
2.358028442164167063e+05 -2.247484773397445956e-01 2.916763722896575928e-01 5.726694688200951316e-02
2.358028692074166902e+05 -2.398169785737991055e-01 3.279362022876740057e-01 7.634305208921432495e-02
2.358028941984167031e+05 -1.626985371112822931e-01 4.355309605598450262e-01 -3.419674467295407815e-03
2.358029191784166906e+05 -2.332444489002228061e-01 3.976978063583374023e-01 4.432211443781852722e-02
2.358029441814167076e+05 -3.366408646106719971e-01 4.307458698749542236e-01 7.163488119840621948e-02
2.358029691684166901e+05 -1.058325245976448059e-01 3.631023168563842773e-01 7.246765494346618652e-02
2.358029941604167107e+05 1.408872753381729126e-01 5.182392597198486328e-01 5.710140243172646263e-02
2.358030191524167021e+05 1.123008877038955966e-01 3.706233799457550049e-01 5.399373546242713928e-02
2.358030441374166985e+05 6.670766472816467285e-01 -2.362249791622161865e-01 2.141506411135197033e-02
2.358030691424167017e+05 2.552397251129149836e-01 -1.313788592815398892e-01 4.763323441147804260e-02
2.358030941124167002e+05 -6.056454032659531334e-02 1.598587632179259976e-01 1.641852781176567078e-02
2.358031191124166944e+05 -2.269603163003922064e-01 3.861599266529083252e-01 5.713080987334250710e-02
2.358031441044166859e+05 -1.721266061067580899e-01 3.677026927471160889e-01 1.169746220111847063e-01
2.358031690964167065e+05 3.656838461756706238e-02 5.583202466368675232e-02 1.137833595275879045e-01
2.358031940724166925e+05 1.361248344182967862e-01 -2.969451062381267895e-02 3.966191411018372276e-02
2.358032190754167095e+05 2.316018100827931924e-03 1.406753361225127896e-01 6.687160348519682884e-04
2.358032440764167113e+05 7.946455152705311775e-04 2.281915992498398105e-01 4.954908043146132729e-02
2.358032690484166960e+05 2.924890257418156017e-02 1.627856642007828036e-01 8.806494623422622681e-02
2.358032940494166978e+05 1.292041391134262085e-01 2.021557390689850131e-01 8.514604717493057251e-02
2.358033190284167067e+05 2.291203290224075040e-01 3.083922564983367920e-01 8.107870817184448242e-02
2.358033440274166933e+05 2.076580971479415894e-01 4.313896894454956055e-01 -3.949468955397605896e-02
2.358033690214167000e+05 2.294120788574219028e-01 2.921286225318909247e-01 4.595154151320456765e-02
2.358033940134166915e+05 2.791047394275664728e-01 2.225346565246582031e-01 8.773576468229293823e-02
2.358034189874166914e+05 1.403295993804931918e-01 1.283837258815765103e-01 2.988942898809910168e-02
2.358034439944167098e+05 2.069748789072037021e-01 1.339617818593978882e-01 -5.936304479837418296e-02
2.358034689864167012e+05 1.568720638751983920e-01 8.208082616329193115e-02 -3.922563046216964722e-02
2.358034939734167128e+05 -1.682739704847336093e-01 -6.287159025669097900e-02 -5.820955708622931740e-02
2.358035189714166918e+05 -1.488610059022902887e-01 -1.501394957304001132e-01 -8.360005170106887817e-02
2.358035439444167132e+05 -1.638541370630264005e-01 -2.592684924602509100e-01 -6.008153781294822693e-02
2.358035689454166859e+05 -1.427066475152969083e-01 -2.813636064529418945e-01 -4.294742271304131248e-02
2.358035939384167141e+05 -1.053187847137451033e-01 -2.687927484512329102e-01 -6.521008163690567017e-02
2.358036189314167132e+05 -6.274998933076858521e-02 -3.239293992519379217e-01 -6.393744051456451416e-02
2.358036439024166903e+05 -6.638343632221221924e-02 -3.477896451950073242e-01 -6.406955886632204056e-03
2.358036689044166997e+05 -3.885723650455474854e-02 -2.648829817771912176e-01 1.034101238474250057e-03
2.358036939024167077e+05 1.432072091847657984e-02 -1.937815696001053134e-01 -6.343459244817495346e-03
2.358037188894166902e+05 9.545733779668807983e-02 -1.823933273553847989e-01 -4.656764864921569824e-02
2.358037438884167059e+05 1.134232133626938005e-01 -1.132988333702086986e-01 -3.914047777652739785e-02
2.358037688744167099e+05 5.453127995133399963e-02 8.015606552362442017e-02 -6.561878137290477753e-03
2.358037938634167076e+05 2.641816996037960052e-02 5.630795285105705261e-02 5.407744273543357849e-02
2.358038188554166991e+05 4.895600676536560059e-02 3.063009865581988941e-02 3.075206466019153942e-02
2.358038438474166906e+05 1.544087827205657959e-01 3.253862857818604071e-01 -1.933480985462665905e-02
2.358038688174166891e+05 -2.035924494266510010e-01 4.261965304613112709e-02 9.381217509508132935e-02
2.358038938364167116e+05 -3.002266287803649902e-01 -2.970497012138367254e-01 1.088337823748588978e-01
2.358039188204167003e+05 1.016867230646312020e-03 -3.012829720973969061e-01 7.254386693239212036e-02
2.358039438084166904e+05 3.096396923065186102e-01 -3.637592792510985773e-01 5.019862949848175049e-02
2.358039688004167110e+05 5.374326705932617188e-01 -8.696417808532714844e-01 7.074484229087829590e-02
2.358039937924167025e+05 1.078413128852844016e+00 -7.211928367614746094e-01 9.468683600425720215e-02
2.358040187744167051e+05 1.219449520111083984e+00 -4.564552307128906250e-01 1.193105801939964017e-01
2.358040437824167020e+05 7.561312317848205566e-01 -6.414958834648132324e-01 3.608618676662445068e-01
2.358040687534167082e+05 -2.361314296722412109e-01 -1.302862286567687988e+00 7.003351449966430664e-01
2.358040937524166948e+05 -3.589183092117310125e-01 4.153488278388977051e-01 9.970599412918090820e-01
2.358041187454166939e+05 5.684965848922729492e-01 1.345516562461853027e+00 3.630879521369934082e-01
2.358041437364167068e+05 1.174390792846679910e+00 1.680639147758484109e+00 -8.335268497467041016e-01
2.358041687134167005e+05 7.747175693511962891e-01 8.324233293533325195e-01 -1.439774036407470925e+00
2.358041937174166960e+05 3.626707196235656738e-01 5.966116786003112793e-01 -1.620812654495239036e+00
2.358042187174166902e+05 -4.488542675971984863e-02 -2.848929166793823242e-01 -1.503882408142090066e+00
2.358042437014167081e+05 -3.853481635451316833e-02 -5.901579856872558594e-01 3.912245631217957098e-01
2.358042686904167058e+05 6.929276883602142334e-02 -1.438764452934264915e+00 -6.447098255157470703e-01
2.358042936804167111e+05 1.594333499670028964e-01 -1.211142182350158913e+00 6.951177120208740234e-01
2.358043186694167089e+05 -4.975371062755585272e-01 -1.226947665214539018e+00 1.333085775375365989e+00
2.358043436614167003e+05 -1.052067637443542036e+00 -8.535926938056945801e-01 2.023087263107299805e+00
2.358043686534166918e+05 -6.862668395042419434e-01 -5.406191945075988770e-01 1.197416663169861062e+00
2.358043936404167034e+05 -1.272074341773987038e+00 -1.253978133201598899e+00 1.835495978593826016e-01
2.358044186314166873e+05 -1.464249014854430930e+00 -9.452530145645141602e-01 5.148290991783142090e-01
2.358044436314167106e+05 -1.227693915367126021e+00 -1.298123717308043990e+00 2.231556475162506104e-01
2.358044686134167132e+05 -8.537617325782775879e-01 -2.107106685638428178e+00 -4.939369857311248779e-02
2.358044935994166881e+05 -5.508326292037963867e-01 -2.371110916137694868e+00 -2.717347145080565851e-01
2.358045186004166899e+05 -3.716850876808167059e-01 -1.992398858070373979e+00 -1.033492833375931064e-01
2.358045435914167028e+05 -5.807812809944152832e-01 -8.226310610771179199e-01 1.341388225555419922e-01
2.358045685614167014e+05 -6.022573709487915039e-01 -4.112094268202781677e-02 4.845531880855559748e-01
2.358045935644166893e+05 -8.122300505638122559e-01 -3.075837194919586182e-01 8.356655836105346680e-01
2.358046185584166960e+05 -7.703470587730407715e-01 -9.978719949722290039e-01 5.842518806457519531e-01
2.358046435504166875e+05 -5.728406310081481934e-01 -1.474179387092590110e+00 2.670447826385498047e-01
2.358046685424167081e+05 -6.830198168754577637e-01 -1.775199651718140093e+00 1.105019599199295044e-01
2.358046935244167107e+05 -1.022134065628051980e+00 -1.695394158363342063e+00 -4.513329267501831055e-02
2.358047185254167125e+05 -1.192050933837891069e+00 -1.694839596748352051e+00 -7.444911450147628784e-02
2.358047434974166972e+05 -9.256254434585571289e-01 -2.485678195953369141e+00 3.289283215999603271e-01
2.358047685034167080e+05 -7.907442450523376465e-01 -3.769519329071044922e+00 1.138274312019347922e+00
2.358047934964167071e+05 -5.838097929954528809e-01 -5.018544197082520419e+00 2.242827177047729048e+00
2.358048184884166985e+05 -5.541563034057617188e-01 -5.228577613830566406e+00 3.342306852340697798e+00
2.358048434874167142e+05 -1.034689903259276900e+00 -5.442607402801513672e+00 5.074892997741699219e+00
2.358048684684167092e+05 -1.414708852767943892e+00 -5.159207344055175781e+00 5.227730751037597656e+00
2.358048934604167007e+05 -1.779026746749877930e+00 -4.430037021636962891e+00 6.566514968872070312e+00
2.358049184394167096e+05 -1.599131703376770020e+00 -2.915539503097534180e+00 7.597227096557617188e+00
2.358049434414166899e+05 -1.533096671104430930e+00 -6.180470585823059082e-01 8.163296699523925781e+00
2.358049684324167029e+05 -1.414209127426147017e+00 2.117211341857910156e+00 9.525639533996582031e+00
2.358049934204166930e+05 -2.395388364791870117e+00 3.924289941787720171e+00 8.376329421997070312e+00
2.358050184224167024e+05 -1.603071689605712891e-01 3.589089155197143999e+00 5.512683868408203125e+00
2.358050434054167126e+05 4.355161666870117188e+00 4.346453189849854404e+00 3.692447185516356978e+00
2.358050683924166951e+05 4.386995792388916016e+00 6.111927986145020419e+00 2.069351434707642046e+00
2.358050933834167081e+05 4.715019226074218750e+00 6.768570423126220703e+00 1.546663403511046919e+00
2.358051183694167121e+05 1.973091721534729004e+00 6.730839252471923828e+00 1.069162368774414062e+00
2.358051433714166924e+05 5.617613792419433594e-01 5.180057048797607422e+00 1.729389876127243042e-01
2.358051683574166964e+05 1.663393527269363056e-02 2.115142583847045898e+00 -1.847508430480957031e+00
2.358051933574166906e+05 3.067412972450255793e-01 1.915777087211609109e+00 -1.536387681961060014e+00
2.358052183544166910e+05 7.005150318145751953e-01 1.969385981559752974e+00 -1.313644170761107954e+00
2.358052433354166860e+05 1.074713587760925071e+00 1.716997027397155984e+00 -1.007508397102355957e+00
2.358052683274167066e+05 1.373161315917968972e+00 1.505469322204590066e+00 -1.073368906974792036e+00
2.358052933104166877e+05 7.473585605621337891e-01 2.333035230636597124e+00 -8.229643106460571289e-01
2.358053183024167083e+05 7.353895902633666992e-01 1.837357997894287109e+00 -1.140829443931580034e+00
2.358053432944166998e+05 2.587912321090697798e+00 -1.110204219818115012e+00 -1.661494612693787065e+00
2.358053682674166921e+05 2.610444277524948120e-02 1.456196069717407005e+00 -8.412567973136901855e-01
2.358053932674166863e+05 5.729414820671081543e-01 2.257239446043967854e-02 -1.398956418037414995e+00
2.358054182774166984e+05 3.612778782844542902e-01 -7.314594388008117676e-01 -1.188889265060425027e+00
2.358054432554166997e+05 -3.569558560848236084e-01 -2.291179746389389038e-01 -1.184402346611022949e+00
2.358054682464167126e+05 -1.165444493293761985e+00 1.107939183712006032e-01 -1.713590741157531960e+00
2.358054932234167063e+05 -1.676705360412598100e+00 7.947531342506408691e-01 -1.942965745925903098e+00
2.358055182274167018e+05 -2.231085062026977983e+00 1.726603507995605025e+00 -1.458150386810302956e+00
2.358055432204167009e+05 -1.146986126899719016e+00 6.413416862487792969e-01 -1.412789225578308105e+00
2.358055682104167063e+05 -8.128415346145629883e-01 -1.027504920959473100e+00 -1.681196451187134011e+00
2.358055931854167138e+05 -1.771321654319762962e+00 -1.437647819519042969e+00 -1.600731968879699929e+00
2.358056181914166955e+05 -3.085370540618896040e+00 4.485970735549926758e-01 -1.558382034301758035e+00
2.358056431834166870e+05 -3.001444101333618164e+00 1.934299349784851074e+00 -1.290513992309570090e+00
2.358056681724167138e+05 -2.435429096221923828e+00 1.320128917694092019e+00 -3.346917033195496161e-01
2.358056931644167053e+05 -1.593889713287353960e+00 1.098821997642517090e+00 7.046092152595520020e-01
2.358057181574167043e+05 -1.967928558588027954e-01 1.193556189537047896e+00 9.923356771469116211e-01
2.358057431454166945e+05 5.642880201339721680e-01 1.783029675483704057e+00 7.118413448333740234e-01
2.358057681354166998e+05 5.028203129768371582e-01 1.922690153121948020e+00 6.720597147941589355e-01
2.358057931274166913e+05 -2.717132307589054108e-02 2.115558624267578125e+00 7.041731476783752441e-01
2.358058181174166966e+05 -7.819748520851135254e-01 2.682816743850708008e+00 6.211263537406921387e-01
2.358058431094166881e+05 -1.616929888725280984e+00 3.904590845108031782e+00 3.921535909175872803e-01
2.358058680994166934e+05 -2.259231328964232954e+00 4.500771999359130859e+00 -3.306517004966735840e-01
2.358058930784167023e+05 -1.767763018608093040e+00 2.877097606658935991e+00 -9.937334060668945312e-01
2.358059180804167117e+05 -9.668808579444885254e-01 1.785310268402100053e+00 -1.037684679031372070e+00
2.358059430824166921e+05 -6.583207845687866211e-01 2.297385215759276900e+00 -7.082237601280212402e-01
2.358059680464167031e+05 -3.450710773468018133e-01 2.313764333724976030e+00 -9.181017875671386719e-01
2.358059930534166924e+05 -2.544884085655211847e-01 1.574542164802551047e+00 -1.403604030609131081e+00
2.358060180454167130e+05 -5.328460335731506348e-01 9.455572962760925293e-01 -1.642292141914367898e+00
2.358060430394166906e+05 -7.732605934143066406e-01 1.215216517448425071e+00 -1.392063736915587935e+00
2.358060680124167120e+05 -7.665799856185913086e-01 1.355562686920166016e+00 -1.043950080871582031e+00
2.358060930154166999e+05 -5.603610873222351074e-01 8.744230270385742188e-01 -9.872941970825195312e-01
2.358061180064167129e+05 -2.373143136501311978e-01 3.751051127910614014e-01 -1.176258802413939986e+00
2.358061429994167120e+05 3.054256085306406021e-03 1.722016781568526944e-01 -8.951167464256286621e-01
2.358061679914167034e+05 -6.146425008773803711e-02 3.959466814994812012e-01 -6.943147182464599609e-01
2.358061929794166936e+05 -5.623983144760131836e-01 1.088427543640136941e+00 -4.870008528232573908e-01
2.358062179714167141e+05 -1.020101428031920943e+00 1.038782119750977007e+00 -2.956575453281403143e-01
2.358062429734166944e+05 -1.205334663391113059e+00 1.056000828742980957e+00 -1.397218704223633090e-01
2.358062679524167033e+05 -9.505278468132019043e-01 1.044328570365905984e+00 4.643939062952995300e-02
2.358062929444166948e+05 -9.228947758674621582e-01 1.074313163757323997e+00 1.785565614700317105e-01
2.358063179364166863e+05 -5.289801955223083496e-01 1.124095201492310014e+00 1.180049777030944963e-01
2.358063429074166925e+05 -3.904098570346832275e-01 1.376517653465270996e+00 1.863027065992355069e-01
2.358063679174167046e+05 2.211821973323822021e-01 1.792269229888916016e+00 3.975869119167327881e-01
2.358063928984166996e+05 1.300409197807312012e+00 1.038300395011902078e+00 8.877037167549133301e-01
2.358064178884167050e+05 1.057098388671875000e+00 5.985553860664367676e-01 1.434891581535338911e+00
2.358064428884166991e+05 5.678194761276245117e-02 2.301652431488037109e-01 1.556703925132751021e+00
2.358064678784167045e+05 -5.924935340881347656e-01 -2.932457029819489081e-01 1.413594126701354980e+00
2.358064928694166883e+05 -1.481249034404754916e-01 -7.015553116798400879e-01 1.071545124053955078e+00
2.358065178484166972e+05 6.875199675559997559e-01 -7.342186570167541504e-01 1.100933790206908958e+00
2.358065428534167004e+05 1.473836898803710938e+00 -5.721222758293151855e-01 1.296064019203186035e+00
2.358065678574166959e+05 2.192455291748046875e+00 -3.331277370452880859e-01 1.438690543174744096e+00
2.358065928434166999e+05 1.595241308212280051e+00 -1.040029048919677956e+00 -5.433421134948730469e-01
2.358066178184167075e+05 3.013047873973845880e-01 -6.303088665008544922e-01 -1.146621704101562056e+00
2.358066428144167003e+05 2.841797769069672186e-01 -5.677366852760314941e-01 -6.067811846733093262e-01
2.358066678014167119e+05 1.249581575393676980e+00 -5.129482150077819824e-01 -9.871193170547485352e-01
2.358066927984167123e+05 8.852714896202087402e-01 -1.113628745079040971e+00 -1.251683712005615012e+00
2.358067177974166989e+05 4.660198390483856201e-01 -1.185467720031738059e+00 -9.462282657623291016e-01
2.358067427864166966e+05 2.015594691038131991e-01 -1.267165422439574973e+00 -5.816854238510131836e-01
2.358067677674166916e+05 2.647258341312407892e-01 -1.110406875610352007e+00 -5.167086720466613770e-01
2.358067927594167122e+05 6.746092438697814941e-01 -5.990452170372009277e-01 -4.904528856277465820e-01
2.358068177514167037e+05 1.213407635688781960e+00 1.067368015646935064e-01 -2.467527389526366910e-01
2.358068427434166952e+05 9.712752699851989746e-01 1.839336603879928866e-01 -2.930519729852676045e-02
2.358068677334167005e+05 1.314851492643356046e-01 -5.842667222023010254e-01 4.067288711667060852e-03
2.358068927234167058e+05 -3.424357771873474121e-01 -1.251091003417968972e+00 1.545938551425934115e-01
2.358069177134167112e+05 -6.071138381958007812e-01 -1.555700659751892090e+00 3.021533787250518799e-01
2.358069426974167000e+05 -4.073676764965056818e-01 -4.570845365524291992e-01 4.856802523136138916e-01
2.358069676984167018e+05 -3.119355142116547186e-01 -2.394535690546036044e-01 3.664341568946837824e-01
2.358069926714166941e+05 -2.607532739639282227e-01 -5.001080036163330078e-01 -2.500718645751475941e-02
2.358070176774167048e+05 2.560067176818848211e-01 -3.259392380714417059e-01 -2.993872165679932196e-01
2.358070426704167039e+05 8.461142182350158691e-01 -6.621260046958923340e-01 -1.223778873682021956e-01
2.358070676614166878e+05 6.195856928825378418e-01 -1.355752110481261985e+00 7.904486358165740967e-02
2.358070926504166855e+05 2.531371414661406916e-01 -8.411828875541687012e-01 -5.564911961555480957e-01
2.358071176424167061e+05 -7.604843974113464355e-01 -1.196147128939629017e-01 -1.002687454223633035e+00
2.358071426324167114e+05 -8.629175424575805664e-01 -1.414030551910399947e+00 -7.031897306442260742e-01
2.358071676234166953e+05 -4.871069788932799738e-01 -2.769834756851195845e+00 -2.273911088705062866e-01
2.358071927434167010e+05 -2.328174747526646007e-02 -1.901350736618041992e+00 -5.976012349128723145e-01
2.358072177344167139e+05 7.061964273452758789e-02 4.310376197099685669e-02 7.731053233146667480e-01
2.358072427264167054e+05 -8.177705109119415283e-02 6.716418266296386719e-01 1.019976019859313965e+00
2.358072677144166955e+05 -1.392678469419479093e-01 1.329549431800842063e+00 5.663234591484069824e-01
2.358072926974167058e+05 -1.321193724870682040e-01 1.982987642288208008e+00 4.079028367996215820e-01
2.358073176994166861e+05 -1.463585644960402887e-01 1.435401082038878950e+00 6.449805498123168945e-01
2.358073426894166914e+05 -4.315785467624663752e-01 5.972412228584289551e-01 6.195397377014160156e-01
2.358073676804167044e+05 -5.109938383102416992e-01 4.280968010425568182e-01 5.928667783737182617e-01
2.358073926574166981e+05 -3.592725098133087158e-01 2.865912914276123047e-01 6.499850749969482422e-01
2.358074176554167061e+05 -1.292973160743713101e-01 5.357681512832641602e-01 5.918449759483337402e-01
2.358074426614166878e+05 -8.738270401954650879e-02 6.506447792053222656e-01 3.926753103733062744e-01
2.358074676414167043e+05 3.581862747669219971e-01 5.707074403762817383e-01 -1.308375149965285977e-01
2.358074926334166958e+05 -7.675539702177047729e-02 1.113656640052794966e+00 8.326879888772964478e-02
2.358075176254166872e+05 -8.568519353866577148e-01 9.325580000877380371e-01 4.420026540756226141e-01
2.358075426204167015e+05 -6.511683464050292969e-01 4.070535898208618164e-01 3.038102984428405762e-01
2.358075676054166979e+05 -7.495934367179870605e-01 6.505209207534790039e-01 3.543066680431365967e-01
2.358075925974166894e+05 -1.002882719039916992e+00 8.012833595275878906e-01 4.970730245113372803e-01
2.358076175864166871e+05 -9.630581736564636230e-01 9.102230072021484375e-01 5.599036216735839844e-01
2.358076425794166862e+05 -5.485537052154541016e-01 1.136911034584044966e+00 5.673600435256958008e-01
2.358076675634167041e+05 -3.910984992980957031e-01 1.212082862854003906e+00 4.186732769012451172e-01
2.358076925414167054e+05 -3.614642322063446045e-01 8.469838500022888184e-01 2.051539719104767123e-01
2.358077175514166884e+05 -2.946372628211975098e-01 7.170584797859191895e-01 3.716802597045897882e-01
2.358077425434167089e+05 -1.514552831649780051e+00 -1.023450374603271040e+00 -1.171225666999816895e+00
2.358077675324167067e+05 -9.359119534492492676e-01 -2.415037602186203003e-01 9.980933070182800293e-01
2.358077925244166981e+05 -3.309297189116477966e-02 -8.943815827369689941e-01 6.652989983558654785e-01
2.358078175144167035e+05 9.358332157135009766e-01 -1.630825638771056907e+00 -8.041047304868698120e-02
2.358078424864166882e+05 1.726415514945984109e+00 -1.749910712242126021e+00 -5.250027179718017578e-01
2.358078674964167003e+05 2.116951465606689009e+00 -9.057788252830505371e-01 -7.708114385604858398e-01
2.358078924894166994e+05 1.640806198120116965e+00 -2.338207960128783902e-01 -6.027975678443908691e-01
2.358079174674167007e+05 9.307691454887390137e-01 -1.027097344398498979e+00 -4.358411431312561035e-01
2.358079424744166899e+05 5.787470936775207520e-01 -2.618574619293212891e+00 -4.136946797370911200e-01
2.358079674714166904e+05 4.701162874698638916e-01 -2.690516233444213867e+00 -9.187869429588317871e-01
2.358079924374166876e+05 1.999728828668594083e-01 -1.698357582092284934e+00 -1.142437219619750977e+00
2.358080174434166984e+05 2.380880154669285168e-02 -1.204796552658081055e+00 -1.235222458839416948e+00
2.358080424344167113e+05 7.137463986873626709e-02 -1.298777818679810014e+00 -1.190218329429626021e+00
2.358080674364166916e+05 1.894360184669494906e-01 -1.617178916931151900e+00 -7.634196281433105469e-01
2.358080924124167068e+05 7.132139801979064941e-02 -1.689465045928955078e+00 -2.152189165353775024e-01
2.358081174154166947e+05 -1.321061104536057074e-01 -1.405689239501952903e+00 6.280326098203659058e-02
2.358081423954167112e+05 -1.009864956140518050e-01 -8.540278673171997070e-01 2.411404401063919067e-01
2.358081673814166861e+05 -4.953669756650924683e-02 -5.485450029373168945e-01 4.273072481155396063e-01
2.358081923804167018e+05 -1.370969414710999056e-02 -5.319548249244689941e-01 5.999394059181213379e-01
2.358082173624167044e+05 1.391221135854721069e-01 -7.700276970863342285e-01 6.603773236274719238e-01
2.358082423604167125e+05 -1.280745118856430054e-02 -9.169797897338867188e-01 5.237413644790649414e-01
2.358082673524167039e+05 -2.362962663173676092e-01 -3.776948451995850164e-01 2.273223698139190951e-01
2.358082923414167017e+05 3.740214407444000244e-01 -1.408092677593230924e-01 -5.002649873495101929e-02
2.358083173324166855e+05 1.147411108016967995e+00 -1.714349687099457065e-01 -3.478100895881652832e-01
2.358083423144166882e+05 1.355850815773010032e+00 1.029015302658081055e+00 -6.426875293254852295e-02
2.358083673144167115e+05 1.446882635354996005e-01 9.454228281974792480e-01 3.323453366756439209e-01
2.358083922994167078e+05 -9.221937656402587891e-01 -7.772108316421508789e-01 -2.685901522636414129e-01
2.358084172984166944e+05 -5.944100618362426758e-01 -7.361132651567459106e-02 -7.657765746116638184e-01
2.358084422864167136e+05 -6.967068314552307129e-01 -5.661714076995849609e-01 -4.268108606338500977e-01
2.358084672784167051e+05 -7.247478961944580078e-01 -6.504502296447753906e-01 2.952995598316193182e-01
2.358084922824167006e+05 -3.043391108512877863e-01 -4.698382914066315252e-01 3.667353093624114990e-01
2.358085172604167019e+05 -1.907705515623092929e-01 -5.495253950357437134e-03 6.157428622245788574e-01
2.358085422504167072e+05 -3.028768002986907959e-01 7.391896843910217285e-01 4.674699604511260986e-01
2.358085672434167063e+05 -4.408068060874938965e-01 1.515316963195801003e+00 -4.516974464058876038e-02
2.358085922404167068e+05 -2.527913153171538752e-01 1.835856437683105025e+00 -1.823487132787703913e-01
2.358086172114167130e+05 -3.001421391963958740e-01 1.168089628219604048e+00 -1.816670745611191073e-01
2.358086422154167085e+05 -2.545402646064757746e-01 6.870392560958862305e-01 1.292071025818586003e-02
2.358086672084167076e+05 -1.026294752955437053e-02 7.399201393127441406e-01 1.797961294651030939e-01
2.358086921974167053e+05 -1.086850836873055060e-01 9.354218244552612305e-01 1.014828607439994951e-01
2.358087171974166995e+05 -3.109756708145142157e-01 9.553796648979187012e-01 -3.574963426217436790e-03
2.358087421754167008e+05 -5.228189826011657715e-01 7.241874337196350098e-01 4.608117416501045227e-02
2.358087671764167026e+05 -6.865450143814086914e-01 5.481192469596862793e-01 1.906135082244873047e-01
2.358087921484166873e+05 -5.960909724235534668e-01 4.211116433143615723e-01 3.273857831954956055e-01
2.358088171514167043e+05 -5.107057094573974609e-01 4.221330285072327215e-01 4.213859736919403076e-01
2.358088421434166958e+05 -4.705578684806823730e-01 6.558247208595275879e-01 4.318744540214539129e-01
2.358088671354166872e+05 -3.756041526794434149e-01 8.430460691452026367e-01 2.423723489046097079e-01
2.358088921244167141e+05 -4.070945084095001221e-01 6.034032702445983887e-01 -5.244608968496323326e-02
2.358089171014167077e+05 -1.475720852613449097e-01 5.935790017247200012e-02 -1.393179446458817083e-01
2.358089421084166970e+05 3.950525224208831787e-01 -2.370387613773345947e-01 -1.256998162716626947e-02
2.358089670974166947e+05 6.098412871360778809e-01 1.001601219177245955e-01 3.572759032249451239e-01
2.358089920894166862e+05 9.042720198631286621e-01 1.915458142757416049e-01 7.649652957916259766e-01
2.358090170814167068e+05 1.145935058593750000e+00 1.694818735122680942e-01 8.669586181640625000e-01
2.358090420704167045e+05 1.125456333160399947e+00 -2.212077379226685125e-01 5.393489599227905273e-01
2.358090670614166884e+05 1.249257445335387962e+00 -1.331656932830810991e+00 1.907445639371871948e-01
2.358090920614167117e+05 2.430116176605225053e+00 -2.297889947891234907e+00 -3.058328330516815186e-01
2.358091170464167080e+05 2.828356266021728960e+00 -1.949698328971863015e+00 -1.377605348825454989e-01
2.358091420344166982e+05 3.404413163661956787e-01 -2.301454782485961914e+00 -3.009197711944580078e-01
2.358091670254167111e+05 -3.494249880313872736e-01 -1.532693505287169966e+00 -4.116982817649840753e-01
2.358091920154166874e+05 1.475679427385329923e-01 -1.398087263107300027e+00 -6.040851473808288574e-01
2.358092170074167079e+05 5.170701146125793457e-01 -1.420509934425354004e+00 -6.635608077049255371e-01
2.358092420004167070e+05 8.660312294960021973e-01 -1.326473355293273926e+00 -4.261033833026885986e-01
2.358092669864167110e+05 9.062625765800476074e-01 -1.375579595565795898e+00 -1.330252289772033969e-01
2.358092919764166872e+05 6.677657365798950195e-01 -1.687911510467529075e+00 1.988809555768966952e-01
2.358093169764167105e+05 3.889432251453400213e-01 -1.579352140426635964e+00 4.800720810890197754e-01
2.358093419614167069e+05 1.218576580286026001e-01 -9.227529764175415039e-01 5.710383057594299316e-01
2.358093669544167060e+05 -2.221886217594147006e-01 -2.819118797779083252e-01 5.797656774520874023e-01
2.358093919454166899e+05 -5.346770882606506348e-01 -2.008254081010817926e-01 5.520202517509460449e-01
2.358094169314166938e+05 -7.603070139884948730e-01 -4.140510857105255127e-01 5.952187776565551758e-01
2.358094419194167131e+05 -8.588979840278625488e-01 -6.616587638854980469e-01 5.802969932556152344e-01
2.358094669164167135e+05 -6.530789136886596680e-01 -6.771979331970214844e-01 3.764992356300354004e-01
2.358094919084167050e+05 9.035558998584747314e-02 -4.912865757942200262e-01 8.047709614038467407e-02
2.358095168994166888e+05 5.788317322731018066e-01 -3.439526259899138849e-01 -1.119534596800803999e-01
2.358095418914167094e+05 5.270218253135681152e-01 -6.468772888183593750e-01 -2.533932030200958252e-01
2.358095668794166995e+05 7.943437993526458740e-02 -1.046337246894835982e+00 -2.298552691936492920e-01
2.358095918844167027e+05 -4.724346101284027100e-01 -2.642641961574553888e-01 -8.428993225097656250e-01
2.358096168644166901e+05 -4.418258965015410822e-01 -2.283609211444855014e-01 -1.083543539047240989e+00
2.358096418534166878e+05 -7.546040415763854980e-01 -1.325792789459228960e+00 -6.965792775154113770e-01
2.358096668354166904e+05 -6.884032487869262695e-01 -1.419246554374695046e+00 -5.615843459963799217e-02
2.358096918364166922e+05 -1.742402762174606046e-01 -4.438958466053009033e-01 1.839289218187331876e-01
2.358097168264166976e+05 -7.100877910852432251e-02 3.499068021774291992e-01 3.643278479576110840e-01
2.358097418164167029e+05 -5.838413834571838379e-01 5.667763352394104004e-01 2.431014925241470059e-01
2.358097668104167096e+05 -3.355528712272644043e-01 1.499514222145081010e+00 -4.268803447484970093e-02
2.358097917964167136e+05 1.956572681665421087e-01 2.040129184722899947e+00 -2.972439825534821112e-01
2.358098167924167064e+05 2.704925239086151123e-01 1.685497403144835982e+00 -3.136037886142731268e-01
2.358098417834166903e+05 -8.716356754302978516e-02 1.215651154518126997e+00 -2.257823944091796875e-01
2.358098667724166880e+05 2.050851180683820898e-04 1.214728474617003950e+00 -1.136676967144012035e-01
2.358098917674167024e+05 -1.269949078559874933e-01 9.990133643150329590e-01 -1.156830415129662080e-02
2.358099167514166911e+05 -2.344460636377334872e-01 8.695473670959472656e-01 6.349321920424699783e-03
2.358099417514167144e+05 -3.388414084911345880e-01 6.246482133865356445e-01 5.211246758699417114e-02
2.358099667334166879e+05 -5.315605998039245605e-01 2.577486038208007812e-01 1.169113218784331998e-01
2.358099917364167050e+05 -4.499498903751372736e-01 1.765175014734267911e-01 1.588152796030045111e-01
2.358100167184167076e+05 -3.095350563526154120e-01 1.829994767904281894e-01 1.528741866350173950e-01
2.358100417114167067e+05 -4.120025336742401123e-01 1.006114855408668934e-01 2.080255150794982910e-01
2.358100667014167120e+05 -5.787913203239440918e-01 -6.395018100738525391e-02 3.354927897453308105e-01
2.358100916934167035e+05 -6.346106529235839844e-01 4.161227867007256248e-02 3.905607461929320734e-01
2.358101166954167129e+05 -6.534085273742675781e-01 3.317631185054779053e-01 3.198436200618743896e-01
2.358101416664166900e+05 -5.896618962287902832e-01 4.992438554763793945e-01 1.781912893056870062e-01
2.358101666744166869e+05 -5.902096629142761230e-01 3.806541562080382746e-01 -8.043909445405006409e-03
2.358101916584167047e+05 -6.223421096801757812e-01 1.897559612989425937e-01 -9.417784959077835083e-02
2.358102166354166984e+05 -3.903889954090117853e-01 2.467387914657593120e-02 3.884909674525260925e-02
2.358102416354166926e+05 -1.014787033200263977e-01 -1.768878698348999023e-01 2.338794618844985962e-01
2.358102666314167145e+05 1.255083978176116943e-01 -2.212635129690170011e-01 4.444869458675385077e-01
2.358102916294166935e+05 9.980456531047821045e-02 -3.088643550872802734e-01 6.085287332534790039e-01
2.358103166124167037e+05 1.191950738430023055e-01 -4.480786323547362726e-01 5.906604528427124023e-01
2.358103416044166952e+05 2.363961786031723022e-01 -5.905621647834777832e-01 4.431800842285156250e-01
2.358103665964166867e+05 4.964027702808380127e-01 -4.203786253929138184e-01 2.276109606027602872e-01
2.358103915814167121e+05 6.187840104103088379e-01 -2.678523361682891846e-01 6.912772357463836670e-02
2.358104165624167072e+05 5.726264119148254395e-01 -5.083689689636230469e-01 1.283134613186120987e-02
