7.535278321624999808e+04 -1.204680651426315091e-03 -4.669979214668273926e-03 3.629894927144051032e-03
7.535280821425000613e+04 -4.385481122881174088e-03 -4.685785155743361387e-03 2.556452061980963187e-03
7.535283320025001012e+04 -3.296811133623123169e-03 -1.533652655780314965e-03 -6.332685588859021664e-04
7.535285818725000718e+04 -4.375027026981115341e-03 -3.638691268861293793e-03 1.499106059782207012e-03
7.535288318025000626e+04 -5.431143101304770383e-03 -3.651668550446629958e-03 4.358849255368114060e-04
7.535290817224999773e+04 -7.526328787207602587e-03 -3.695708001032472090e-03 -3.829169785603880882e-03
7.535293316125001002e+04 -4.314750432968139648e-03 5.148245836608111858e-04 -8.076888509094715118e-03
7.535295815325000149e+04 -4.307716153562068939e-03 2.626178087666631179e-03 -9.140573441982269287e-03
7.535298313824999786e+04 -5.394197069108486176e-03 -5.293947178870439529e-04 -5.945541895925998688e-03
7.535300813125001150e+04 -8.402036473853513598e-05 1.601450145244597955e-03 -5.927735008299350739e-03
7.535303311825000856e+04 2.015976700931787057e-03 -1.547816442325711033e-03 -2.726219827309250832e-03
7.535305811225000070e+04 3.060965798795222802e-03 -2.592061180621386008e-03 -1.664856798015535095e-03
7.535308310625000740e+04 2.007610863074659868e-03 5.718574393540620804e-04 -3.803833154961466789e-03
7.535310809925000649e+04 1.987481024116278128e-03 -4.664024454541503841e-04 -1.680138171650469086e-03
7.535313309124999796e+04 -1.228295266628264947e-03 -3.615089692175387903e-03 2.563460497185587883e-03
7.535315809224999975e+04 -1.563660771353170005e-04 -2.556498162448405786e-03 2.564074005931615829e-03
7.535318308724999952e+04 -3.309591906145215034e-03 -5.774328019469976425e-03 4.282584122847766226e-04
7.535320807425001112e+04 -4.376451019197702408e-03 -3.651802660897374153e-03 4.191218467894942110e-04
7.535323305224999785e+04 -2.242590300738811059e-03 -1.554307527840137048e-03 -2.752508269622921944e-03
7.535325804525001149e+04 -4.394471179693937302e-03 -1.536237774416804097e-03 -6.134086870588362217e-04
7.535328303725000296e+04 -3.388330573216081099e-03 -3.613682929426432090e-03 3.691206220537424088e-03
7.535330803625000408e+04 -1.231763395480812030e-03 -1.541302190162241025e-03 -1.598458969965576909e-03
7.535333300325000891e+04 -2.338273683562874794e-03 -2.574059646576642990e-03 5.368950660340487957e-04
7.535335800925000513e+04 -2.342030405998229980e-03 -2.574132289737462997e-03 5.430349265225231647e-04
7.535338299825000286e+04 2.989257685840129852e-03 1.638059620745480061e-03 -3.675738815218209787e-03
7.535340799025000888e+04 7.229980546981096268e-03 5.941337440162897110e-04 -2.596860053017735048e-03
7.535343298225000035e+04 2.993902657181024985e-03 5.805355031043291092e-04 -2.611296717077494101e-03
7.535345795625000028e+04 -2.316153375431894822e-03 5.775599856860935688e-04 -1.566415070556103966e-03
7.535348295825000969e+04 4.036999773234128952e-03 -4.560894158203154802e-04 -4.899134510196745396e-04
7.535350795625000319e+04 5.082484334707260132e-03 -4.330580122768878937e-04 1.637461478821933053e-03
7.535353293825000583e+04 6.149837281554937363e-03 6.038321880623698235e-04 -1.538699725642799897e-03
7.535355793725000694e+04 1.250311732292174946e-02 6.138781318441033363e-04 -2.571808872744441032e-03
7.535358291825000197e+04 8.164218626916408539e-03 -1.415239064954221032e-03 6.991265807300806046e-03
7.535360791425000934e+04 9.167700074613094330e-03 -2.429358428344130950e-03 1.018747128546237946e-02
7.535363290925000911e+04 4.890113603323698044e-03 -1.359830843284725926e-03 1.125251594930887049e-02
7.535365790125000058e+04 4.883483052253723145e-03 -2.432007575407623811e-03 1.022282335907221014e-02
7.535368289024999831e+04 7.040693890303373337e-03 -1.410400611348449967e-03 5.977761931717395782e-03
7.535370788025000365e+04 1.345235854387282978e-02 2.792873652651906013e-03 6.768692983314394951e-04
7.535373286725000071e+04 1.559812948107719074e-02 -1.464875764213501973e-03 -3.747860027942805940e-04
7.535375786425000115e+04 4.990828223526477814e-03 -2.553980331867932840e-03 -1.497324323281645992e-03
7.535378285425000649e+04 1.026945188641547983e-02 -2.527173608541489081e-03 -4.012592544313520193e-04
7.535380785725000896e+04 1.992366649210453033e-02 1.598520786501467011e-03 -3.002865705639123917e-03
7.535383285625001008e+04 2.208595722913742065e-02 8.978693746030330658e-03 -8.322599343955516815e-03
7.535385781825000595e+04 2.318560145795344959e-02 1.317340414971113031e-02 -1.364201959222554987e-02
7.535388281925000774e+04 2.960646525025368084e-02 1.842880994081496845e-02 -2.001642249524593006e-02
7.535390779825000209e+04 3.390488773584365845e-02 2.367260120809077870e-02 -2.746232971549034119e-02
7.535393280224999762e+04 3.921679034829139709e-02 2.368064597249031067e-02 -2.744361385703086853e-02
7.535395779425000364e+04 4.022102430462837219e-02 2.374737896025181164e-02 -2.105262503027915955e-02
7.535398277925000002e+04 2.847704105079174042e-02 1.954805105924605976e-02 -1.469698175787926067e-02
7.535400778125000943e+04 2.313952334225178112e-02 1.638479158282279968e-02 -1.150892395526171078e-02
7.535403275225000107e+04 2.204089798033237110e-02 1.748561672866344105e-02 -7.250955794006586075e-03
7.535405775625001115e+04 2.203348465263843883e-02 1.431127078831196005e-02 -6.182855926454067230e-03
7.535408274725000956e+04 2.737533301115036011e-02 1.110321376472712084e-02 -9.357999078929424286e-03
7.535410774025000865e+04 2.527377568185329090e-02 8.946183137595653534e-03 -1.255659572780131947e-02
7.535413272325000435e+04 2.312716282904148102e-02 1.002550404518843044e-02 -1.043147966265678059e-02
7.535415771325000969e+04 2.522718906402587891e-02 7.935144938528537750e-03 -7.218763697892426577e-03
7.535418283554166555e+04 2.841532230377196919e-02 7.938391529023647308e-03 -7.202461827546358109e-03
7.535420782454167784e+04 2.735172398388386120e-02 5.795878823846578598e-03 -9.368382394313812256e-03
7.535423281454166863e+04 2.417138218879700054e-02 2.595386235043406053e-03 -1.043280400335789074e-02
7.535425780954166839e+04 2.736741863191128124e-02 2.589216455817223029e-03 -1.148534752428531994e-02
7.535428279854166612e+04 3.054596856236458172e-02 3.665009979158639908e-03 -1.040970534086227070e-02
7.535430777354167367e+04 3.054433315992355000e-02 3.664958523586391969e-03 -1.040861383080481962e-02
7.535433277254167479e+04 3.160512819886208274e-02 3.666520351544022994e-03 -1.040485780686140060e-02
7.535435777054166829e+04 2.930570393800735127e-02 4.783577285706996918e-03 -9.333916939795017242e-03
7.535438276254167431e+04 2.291771769523620952e-02 3.723663277924060822e-03 -8.289069868624210358e-03
7.535440775354167272e+04 2.399097196757793080e-02 1.591122476384043910e-03 -9.348108433187007904e-03
7.535443274354167806e+04 2.291082963347434998e-02 -5.129490746185183525e-04 -7.218035403639078140e-03
7.535445773554166954e+04 2.077411487698554993e-02 1.617240952327847047e-03 -6.162831559777259827e-03
7.535448272754167556e+04 1.651483029127120972e-02 5.587392952293157578e-04 -5.108579527586699399e-03
7.535450771554166568e+04 6.936939898878335953e-03 -5.053238710388541222e-04 -4.072335548698902130e-03
7.535453271254166611e+04 3.025129844900221175e-04 -3.630338236689568000e-03 -1.915856846608221965e-03
7.535455768754167366e+04 -5.014922469854354858e-03 -3.637515008449554010e-03 -1.932337996549903913e-03
7.535458269054167613e+04 -8.195513859391212463e-03 -4.714435897767543793e-03 -3.006143728271127181e-03
7.535460768254166760e+04 -1.032371167093515049e-02 -2.594592282548546791e-03 -3.016183152794837952e-03
7.535463267454167362e+04 -1.032362878322600971e-02 -4.717836156487464905e-03 -3.013635985553265052e-03
7.535465766254167829e+04 -1.246133260428904967e-02 -2.587462775409222083e-03 -1.957065192982554002e-03
7.535468265454166976e+04 -1.594140380620956074e-02 -1.531186746433377049e-03 -2.956646960228681998e-03
7.535470764554166817e+04 -2.233755588531494141e-02 -3.641873365268110795e-03 -8.449802990071475506e-04
7.535473263554167352e+04 -2.125094272196292877e-02 -1.549537992104887962e-03 -4.036841914057731628e-03
7.535475762854167260e+04 -2.123600617051124920e-02 -1.570139196701348045e-03 -6.165861152112483978e-03
7.535478262054166407e+04 -2.230229228734970093e-02 -1.571083441376686096e-03 -6.169289816170930862e-03
7.535480759554167162e+04 -2.759629301726818085e-02 1.575011876411736012e-03 -9.384370408952236176e-03
7.535483261154167121e+04 -2.121108770370483051e-02 -5.492461496032774448e-04 -1.042465027421713049e-02
7.535485758254167740e+04 -2.257902547717094074e-02 -1.665137009695172093e-03 -1.352475862950086941e-02
7.535488258454167226e+04 -2.151755616068840027e-02 -4.847592208534479141e-03 -1.351621747016907085e-02
7.535490755754166457e+04 -1.941781118512153972e-02 -6.936215795576572418e-03 -1.031086593866347920e-02
7.535493256654166908e+04 -3.324228152632713318e-02 -5.893288645893335342e-03 -1.035587023943662990e-02
7.535495754254166968e+04 -3.325314819812774658e-02 -2.699458040297030969e-03 -9.292323142290115356e-03
7.535498253554166877e+04 -1.305058319121599024e-02 5.096194799989461899e-04 -9.229831397533416748e-03
7.535500754654167395e+04 -1.337752118706703013e-02 2.602180233225225969e-03 -8.068270049989223480e-03
7.535503252854167658e+04 -2.829582430422306061e-02 3.684604773297905922e-03 -3.859943710267543793e-03
7.535505752054166805e+04 -3.789683803915976784e-02 1.589904190041125038e-03 3.685036499518901110e-04
7.535508251254167408e+04 -4.109411314129828713e-02 -2.649484900757669969e-03 1.427417737431823990e-03
7.535510750154167181e+04 -3.473538160324096680e-02 -3.680399619042872949e-03 3.577221184968947931e-03
7.535513249354167783e+04 -2.623267471790314068e-02 -4.729848355054855347e-03 3.607679624110459848e-03
7.535515748454167624e+04 -2.869995869696139942e-02 -3.677418222650886016e-03 7.979679852724075317e-03
7.535518247454166703e+04 -2.979965880513190876e-02 -3.636940848082304001e-03 1.223680656403302973e-02
7.535520746654167306e+04 -2.446657791733742107e-02 -5.773985292762517929e-03 1.012726780027150934e-02
7.535523245854166453e+04 -2.127512544393539082e-02 -7.893470115959644318e-03 1.014027930796146046e-02
7.535525744654166920e+04 -1.596555672585963856e-02 -8.939115330576896667e-03 1.122508756816387003e-02
7.535528242254166980e+04 -7.438903674483299255e-03 -2.590658608824015097e-03 8.051209151744842529e-03
7.535530743154167430e+04 -1.063886843621730978e-02 -1.523443730548023961e-03 9.104840457439422607e-03
7.535533241454167000e+04 -1.203554309904575001e-02 -2.643483458086847825e-03 8.155310526490211487e-03
7.535535741154167044e+04 -1.203663460910319935e-02 -2.644402207806705995e-03 8.158346638083457947e-03
7.535538240154167579e+04 -1.201221253722905939e-02 -2.676025731489061876e-03 4.965527914464473724e-03
7.535540740054167691e+04 -1.304079685360193079e-02 -4.842915572226048383e-03 7.073506712913513184e-04
7.535543238454166567e+04 -1.090750657021999012e-02 -2.727999119088054137e-03 -3.530540561769158190e-04
7.535545737754166475e+04 -8.773893117904663086e-03 -1.674801111221313043e-03 -1.411554170772433064e-03
7.535548235254167230e+04 -7.941706106066703796e-03 -1.741588348522781892e-03 -4.498681053519248962e-03
7.535550736754166428e+04 -5.816161632537841797e-03 -6.779922405257821083e-04 -4.493253305554389954e-03
7.535553235754166963e+04 -5.815348122268915176e-03 -1.740125124342740016e-03 -4.491710569709539413e-03
7.535555733854166465e+04 -9.023902006447315216e-03 3.987357195001096075e-04 -2.374594099819660187e-03
7.535558231654166593e+04 -1.008721161633729935e-02 3.968837263528258151e-04 -2.378411125391722159e-03
7.535560732254167669e+04 -1.009549293667078018e-02 -6.547360680997371674e-04 -1.312761101871728897e-03
7.535563232454167155e+04 -6.889996584504842758e-03 3.896396083291620016e-04 -3.433219389989972115e-03
7.535565731254167622e+04 -3.911462146788836393e-03 -6.999362958595156670e-04 -3.304351354017854171e-03
7.535568228954166989e+04 -3.903919830918312073e-03 3.504962078295648098e-04 -4.370865877717733383e-03
7.535570728454166965e+04 -7.092801388353109360e-03 -7.158660446293652058e-04 -4.379590973258017626e-03
7.535573227754166874e+04 -6.053881254047155380e-03 -1.745888264849781990e-03 -1.179645536467432976e-03
7.535575726854166714e+04 -2.846127143129705949e-03 -2.824743045493959947e-03 -3.297325689345597787e-03
7.535578226954166894e+04 -3.919189330190420151e-03 -2.816015388816595078e-03 -2.235929481685162024e-03
7.535580724954167090e+04 -6.146280560642480850e-03 -1.770643633790313981e-03 -1.071401289664209106e-03
7.535583225354166643e+04 -6.120527163147926331e-03 -1.802784157916903062e-03 -4.265955183655023575e-03
7.535585723054167465e+04 -2.938381629064679146e-03 -2.850311808288096948e-03 -3.189473180100322203e-03
7.535588222254166612e+04 -8.131332579068839550e-04 -1.786714419722557068e-03 -3.183437511324882941e-03
7.535590721154167841e+04 -8.306107483804225922e-04 -1.766321365721523979e-03 -1.053404528647660992e-03
7.535593220354166988e+04 -5.074525717645884428e-03 -2.844745758920907974e-03 -2.129836706444621086e-03
7.535595719554167590e+04 -6.202206481248140335e-03 -2.858485560864210129e-03 -2.048695227131247954e-03
7.535598217454167025e+04 -8.311718702316284180e-03 -2.882817294448614120e-03 -4.185794852674007416e-03
7.535600717554167204e+04 -4.058764316141605377e-03 -2.877799328416585922e-03 -4.171817097812891006e-03
7.535603216654167045e+04 -1.151344925165176045e-02 3.069765225518494844e-04 -3.134725615382194953e-03
7.535605715954166953e+04 -9.386413730680942535e-03 -7.523298263549804688e-04 -3.125874791294335885e-03
7.535608214954167488e+04 -1.257637329399586071e-02 -1.818446093238889954e-03 -3.134981030598282814e-03
7.535610714054167329e+04 -1.046613976359367024e-02 -2.857003826647996902e-03 -9.964972268790006638e-04
7.535613213354167237e+04 -1.368426252156496048e-02 -2.856651786714791818e-03 1.342306932201609015e-04
7.535615712754166452e+04 -1.580277457833290100e-02 -2.870180411264299913e-03 -9.375874069519340992e-04
7.535618210954166716e+04 -1.152381859719752918e-02 -2.896863734349607988e-03 -4.118123091757298383e-03
7.535620710454166692e+04 -1.259620953351259058e-02 -1.827133935876191096e-03 -3.056984394788742065e-03
7.535623209554166533e+04 -1.154880877584218979e-02 -2.867807867005466981e-03 -9.204816306009888649e-04
7.535625708654167829e+04 -1.369285490363835942e-02 -2.850188175216317177e-03 1.202723709866404967e-03
7.535628207154167467e+04 -7.282183505594730377e-03 -7.404864882118999958e-04 -8.469537133350968361e-04
7.535630706054167240e+04 -7.256698329001665115e-03 -1.833346905186771913e-03 -4.040727857500314713e-03
7.535633206254166726e+04 -5.164822563529014587e-03 -1.789361122064291997e-03 2.255193685414270109e-04
7.535635703254166583e+04 -6.229157559573650360e-03 -7.299384451471269131e-04 2.208145306212828105e-04
7.535638204054167727e+04 -6.221246439963579178e-03 3.205308457836508751e-04 -8.452355396002531052e-04
7.535640703254166874e+04 1.527311833342537013e-04 -2.846453571692109108e-03 2.447731385473161936e-04
7.535643202454167476e+04 -7.308209314942359924e-03 -1.774314092472196059e-03 2.349237911403179169e-03
7.535645701654166623e+04 -3.044180339202284813e-03 -3.877915907651185989e-03 3.492934163659811020e-03
7.535648200654167158e+04 -9.029238135553896427e-04 -1.773117342963814952e-03 1.367230201140045903e-03
7.535650699554166931e+04 1.609828468644992059e-04 -2.834076061844826178e-03 1.372295315377414010e-03
7.535653198654166772e+04 1.223594183102250099e-03 -1.771862502209841988e-03 1.374982413835823970e-03
7.535655697954166681e+04 1.224502339027822018e-03 -2.834521466866136031e-03 1.377680920995772102e-03
7.535658197054166521e+04 1.611460611457004872e-04 -2.836489817127584977e-03 1.374590909108519988e-03
7.535660695954167750e+04 -1.902181655168533108e-03 -7.205464644357562065e-04 3.489709924906492233e-04
7.535663194854167523e+04 -8.543126168660819530e-04 -2.821974689140915871e-03 2.484767930582166152e-03
7.535665694654166873e+04 2.057075762422755090e-04 1.424747053533792062e-03 2.482955576851963997e-03
7.535668193254167272e+04 -2.992247696965932846e-03 3.690492885652930087e-04 3.538988996297121048e-03
7.535670692354167113e+04 -1.961594680324196815e-03 -1.711908262223005078e-03 7.805338129401206970e-03
7.535673191654167022e+04 1.565306010888888890e-04 -1.699397224001586004e-03 8.877515792846679688e-03
7.535675688954167708e+04 2.550655917730181867e-04 -2.781771123409270807e-03 5.732629448175430298e-03
7.535678189754167397e+04 2.397343982011079788e-03 -1.738489139825106101e-03 3.607732476666570143e-03
7.535680688954166544e+04 9.855994954705238342e-03 -6.886220653541386127e-04 1.500350772403181033e-03
7.535683186954166740e+04 1.622700318694115032e-02 -6.704704719595611095e-04 2.586272079497576194e-03
7.535685686754167546e+04 1.728214323520660053e-02 -1.720927539281547070e-03 3.656236454844474792e-03
7.535688185754166625e+04 1.621942222118378032e-02 -2.784297103062272072e-03 3.654099069535731836e-03
7.535690685054166534e+04 2.048054337501525879e-02 -1.728573581203818104e-03 2.601674525067210197e-03
7.535693184354166442e+04 2.270632237195968975e-02 -6.720674573443830013e-04 5.220563616603612900e-04
7.535695683554167044e+04 2.483369223773479115e-02 -1.731769414618610902e-03 5.308371619321405888e-04
7.535698183454167156e+04 2.587986551225185047e-02 -1.710140844807028987e-03 2.664263127371668816e-03
7.535700682654167758e+04 2.695934288203715931e-02 -6.689552683383226395e-04 5.372186424210667610e-04
7.535703181054166635e+04 2.588707022368907928e-02 -6.604762165807187557e-04 1.598897622898221016e-03
7.535705679754167795e+04 2.375937812030315052e-02 3.977908927481622046e-04 1.591157284565269947e-03
7.535708178754166875e+04 2.067274041473865856e-02 1.461619278416037993e-03 5.580926081165671349e-04
7.535710678154167545e+04 2.494427002966403961e-02 3.839835117105395144e-04 -1.556396018713712909e-03
7.535713176754166489e+04 2.921500615775584828e-02 3.676921478472650051e-04 -3.672632621601223946e-03
7.535715675654167717e+04 2.920147217810153961e-02 -3.858279902487992807e-03 -1.537691568955779076e-03
7.535718175254166999e+04 3.345305100083351135e-02 -1.730485353618860028e-03 -1.526806387118994973e-03
7.535720674154166772e+04 3.557858988642693260e-02 -6.666569970548152924e-04 -1.521141384728253105e-03
7.535723173454166681e+04 3.459316119551659324e-02 -6.502477335743606091e-04 -1.487223315052687905e-03
7.535725672554166522e+04 3.245611488819122314e-02 1.479982514865695997e-03 -4.314857069402933121e-04
7.535728171454167750e+04 3.566369041800498962e-02 4.009174008388072252e-04 -2.549106953665614128e-03
7.535730670654166897e+04 3.460100665688514709e-02 -6.625103997066617012e-04 -2.551018493250011964e-03
7.535733169954166806e+04 3.139555454254149697e-02 -2.769663697108625932e-03 -4.289855132810770923e-04
7.535735668854166579e+04 2.712992392480373036e-02 2.542341826483606858e-03 6.154424627311527729e-04
7.535738168154166488e+04 1.647428609430789948e-02 -1.687131007201970057e-03 3.781412495300174193e-03
7.535740665554166480e+04 1.122357696294785066e-02 -4.889621399343013763e-03 6.052891840226948261e-04
7.535743166154167557e+04 1.971869170665740967e-02 -1.684284536167979024e-03 1.693704398348927064e-03
7.535745665254167398e+04 1.760206185281277050e-02 -3.820945275947452025e-03 6.243078387342393398e-04
7.535748164554167306e+04 -4.679367993958293850e-04 -1.732039730995893045e-03 -5.023470730520784855e-04
7.535750662454166741e+04 4.837792832404375076e-03 4.079486534465103799e-04 5.774911842308938503e-04
7.535753163054167817e+04 7.990032434463500977e-03 -5.906100384891033173e-03 5.920803174376487732e-03
7.535755661954167590e+04 -3.635734319686890082e-03 -4.879018291831017408e-03 1.648622448556124947e-03
7.535758158454166551e+04 -1.001208089292049061e-02 -8.073160424828529358e-03 1.632398692891001918e-03
7.535760659854166443e+04 -1.108359266072512020e-02 -8.064841851592063904e-03 2.694121794775127931e-03
7.535763158954167739e+04 -1.641041785478591919e-02 -5.938992369920015335e-03 3.739295294508337975e-03
7.535765658154166886e+04 -2.597431279718875885e-02 -2.777483314275742011e-03 2.638899954035878181e-03
7.535768157054166659e+04 -2.172099798917770039e-02 -3.834151430055499077e-03 2.654403913766146140e-03
7.535770655154167616e+04 -2.489567175507545124e-02 -2.797859488055109978e-03 5.131079815328121185e-04
7.535773154054167389e+04 -2.167139761149882923e-02 -4.883484914898872375e-03 1.612261636182666042e-03
7.535775654454166943e+04 -2.169025316834450115e-02 -2.740415278822184043e-03 3.739823121577500863e-03
7.535778153654167545e+04 -2.806966565549373974e-02 -3.810522612184286118e-03 3.720202017575501962e-03
7.535780651154166844e+04 -2.167436853051185955e-02 -1.700783730484545014e-03 1.607968821190298037e-03
7.535783151654167159e+04 -1.954801566898823131e-02 -1.698513515293597958e-03 1.614985871128737926e-03
7.535785651254166442e+04 -2.272210642695426941e-02 -6.624826346524059772e-04 -5.268676904961466789e-04
7.535788149854166841e+04 -1.951890625059604992e-02 -2.749248873442410989e-03 5.675160791724920273e-04
7.535790648954166682e+04 -1.526599470525979996e-02 -2.744556637480854988e-03 5.817900528199970722e-04
7.535793148254166590e+04 -1.313770841807126999e-02 -4.865455441176891327e-03 5.913355271331965923e-04
7.535795647054167057e+04 -1.098944991827010935e-02 -6.483520264737308025e-04 -2.601671963930130005e-03
7.535798146054167592e+04 -1.204467937350272959e-02 -6.604825612157583237e-04 -3.670133650302886963e-03
7.535800646254167077e+04 -1.206997781991958965e-02 -1.691527315415441990e-03 -4.735245602205396241e-04
7.535803145254167612e+04 -9.943497367203235626e-03 -1.689273747615515969e-03 -4.666610038839281147e-04
7.535805643554167182e+04 -8.861954323947429657e-03 -6.340501713566482067e-04 -3.644240321591496034e-03
7.535808142754167784e+04 -8.861639536917209625e-03 -6.346745067276060581e-04 -3.644452663138508797e-03
7.535810640754166525e+04 -9.941681288182735443e-03 -1.677350490354001956e-03 -1.517038093879818916e-03
7.535813140854166704e+04 -6.751021835952997208e-03 -2.735289046540855928e-03 -1.505438704043627002e-03
7.535815640054167307e+04 -2.482842886820435958e-03 -6.281834212131798267e-04 -3.624072996899486022e-03
7.535818138554166944e+04 -3.552849171683191819e-03 -2.742837183177471161e-03 -2.560043008998035951e-03
7.535820638954166498e+04 -7.828239351511001587e-03 -3.774888347834349112e-03 -1.495457952842115922e-03
7.535823136254167184e+04 -6.748971994966269407e-03 -2.733231987804173990e-03 -3.623113734647632079e-03
7.535825636154167296e+04 -6.774828303605318069e-03 -2.702787751331924958e-03 -4.280779103282839060e-04
7.535828135354166443e+04 -7.823907770216464996e-03 4.592544282786548138e-04 -2.565312199294567108e-03
7.535830634654167807e+04 -1.208638679236173977e-02 1.524977968074380918e-03 -1.516071613878011920e-03
7.535833132154167106e+04 -1.206756196916103016e-02 -6.194769521243870258e-04 -3.643399337306619124e-03
7.535835632554166659e+04 -1.317448168992996042e-02 -5.965037853457033634e-04 -3.639176022261381149e-03
7.535838131154167058e+04 -1.425330806523560957e-02 -2.700691577047110038e-03 -1.509926398284733079e-03
7.535840630654167035e+04 -1.213495992124081005e-02 -2.688341075554490089e-03 -4.380439931992440874e-04
7.535843130354167079e+04 -1.213370170444249933e-02 -4.812076222151517868e-03 -4.355348064564167911e-04
7.535845629054166784e+04 -1.000750716775655920e-02 -4.809701349586248398e-03 -4.287518386263399774e-04
7.535848128454167454e+04 -1.107228640466927962e-02 -3.750072093680500984e-03 -4.336996935307980126e-04
7.535850627454166533e+04 -7.848130539059638977e-03 -3.788149915635585785e-03 -4.683115985244513425e-03
7.535853124554167152e+04 -4.714275710284709930e-03 -3.733837045729159875e-03 -2.538150874897838073e-03
7.535855625354166841e+04 -6.857066415250301361e-03 -4.777903668582439423e-03 -4.137295181863009930e-04
7.535858124454166682e+04 -1.003268919885159059e-02 -1.618847018107772090e-03 -2.558111445978283882e-03
7.535860623654167284e+04 -1.641258969902991902e-02 -1.627565594390034892e-03 -2.578923944383860068e-03
7.535863121854167548e+04 -1.749327778816223145e-02 -1.608883612789214091e-03 -4.521676164586097002e-04
7.535865621954167727e+04 -1.960977539420127869e-02 -3.745643422007561164e-03 -1.521304599009454033e-03
7.535868120554166671e+04 -1.431760936975478953e-02 -2.645711880177259012e-03 -1.502580707892775969e-03
7.535870620054166648e+04 -2.281629480421543121e-02 -2.667218679562211037e-03 -2.595691941678524017e-03
7.535873120154166827e+04 -2.915638871490955006e-02 4.566797870211303234e-04 -7.945821620523929596e-03
7.535875617254167446e+04 -1.957524940371513020e-02 -2.726736478507519202e-03 -8.975622244179248810e-03
7.535878118054167135e+04 -8.959658443927764893e-03 -1.631757710129023032e-03 -6.812104955315589905e-03
7.535880615254167060e+04 -7.906612008810043335e-03 5.024841520935297012e-04 -5.745779722929000854e-03
7.535883115554167307e+04 -6.859974004328250885e-03 -5.376393091864883900e-04 -3.610602812841535048e-03
7.535885614354167774e+04 -8.988393470644950867e-03 -5.182833410799503326e-04 -4.679637495428323746e-03
7.535888113554166921e+04 -8.988172747194766998e-03 -1.580428332090378024e-03 -4.678259603679180145e-03
7.535890612754167523e+04 -6.877123378217220306e-03 -3.680439898744225936e-03 -2.538951579481362863e-03
7.535893111654167296e+04 -9.012131951749324799e-03 -4.734741523861885071e-03 -1.480321749113499901e-03
7.535895610854166443e+04 -7.950862869620323181e-03 -1.549431355670094056e-03 -1.480966922827064991e-03
7.535898110054167046e+04 5.541371065191924572e-04 5.837223143316805363e-04 -1.456022146157919927e-03
7.535900608954166819e+04 -7.968326099216938019e-03 1.687264419160783074e-03 6.484815385192632675e-04
7.535903108154167421e+04 -3.703267313539981842e-03 -2.564515452831984000e-03 -3.981358895543963259e-04
7.535905607354166568e+04 5.736348684877157211e-04 -4.675502132158725912e-04 -3.582057775929570198e-03
7.535908104654167255e+04 2.700246637687087059e-03 -4.655414668377488852e-04 -3.574904985725880103e-03
7.535910604454166605e+04 -4.805598873645067215e-04 -1.542377867735921903e-03 -4.648538772016763687e-03
7.535913104654167546e+04 -4.729146312456578016e-04 -4.918394261039793491e-04 -5.714342929422855377e-03
7.535915604454166896e+04 5.807065754197537899e-04 -4.371403192635626143e-04 -3.575204638764262199e-03
7.535918113441667811e+04 -4.660329723265022039e-04 -4.597111837938427925e-04 -5.708320997655391693e-03
7.535920612841667025e+04 -4.478990740608423948e-04 -1.542976126074790955e-03 -7.836792618036270142e-03
7.535923111041667289e+04 -6.820792332291603088e-03 5.609134677797555923e-04 -8.924938738346099854e-03
7.535925610341667198e+04 -5.749465432018041611e-03 1.612482592463492913e-03 -9.987711906433105469e-03
7.535928109441667038e+04 -7.909077219665050507e-03 -4.721879959106444770e-04 -5.731663201004266739e-03
7.535930606541667657e+04 -5.799847654998301592e-03 -4.493612505029886961e-04 -3.594790818169713020e-03
7.535933106741667143e+04 -2.575078280642629103e-03 -1.471798634156584957e-03 -3.576096147298812866e-03
7.535935606941666629e+04 -4.703906364738941193e-03 6.480148877017199993e-04 -3.586037782952189012e-03
7.535938105641667789e+04 -5.767616443336009979e-03 6.464130710810422897e-04 -3.590370761230587959e-03
7.535940604941667698e+04 -2.561019500717521147e-03 6.292433827184140682e-04 -5.710945464670658112e-03
7.535943104141666845e+04 6.137097370810806751e-04 -1.469512470066546960e-03 -3.568357089534401894e-03
7.535945602941667312e+04 -4.659502301365137100e-04 -2.512349281460047202e-03 -1.440872903913259940e-03
7.535948103141666797e+04 -2.555201528593897820e-03 -4.581002052873373032e-03 6.949311355128884315e-04
7.535950600241667416e+04 -6.818078923970460892e-03 -3.515249816700816154e-03 1.744801062159240029e-03
7.535953100241666834e+04 -6.835600826889277372e-03 -3.494842210784554048e-03 3.874783869832754135e-03
7.535955599441667437e+04 -3.637379733845591979e-03 -3.501845756545662880e-03 2.820068039000033899e-03
7.535958098741667345e+04 -2.567240968346596198e-03 -1.388322445563971996e-03 1.755985082127154090e-03
7.535960596741667541e+04 -2.541222143918275833e-03 -2.481725765392183824e-03 -1.437570550478995063e-03
7.535963096241667517e+04 -4.608027171343564987e-03 -3.268585132900624925e-04 -1.434667385183274963e-03
7.535965596641667071e+04 -2.455043140798807144e-03 -1.417749561369419098e-03 -4.620795138180255890e-03
7.535968094341666438e+04 -3.468412032816559076e-04 7.282147998921573162e-04 -2.486658282577991052e-03
7.535970593141666905e+04 -3.528804052621126175e-03 7.130355807021260262e-04 -3.561565186828374863e-03
7.535973093241667084e+04 -8.863134309649467468e-03 7.266766042448580265e-04 -1.448718598112463951e-03
7.535975591941666789e+04 -6.717630662024021149e-03 -1.415258506312965913e-03 -3.568840911611915068e-03
7.535978091241666698e+04 -5.664711818099021912e-03 7.189383031800389290e-04 -2.503557130694388910e-03
7.535980589841667097e+04 -4.549591802060604095e-03 7.485491805709898472e-04 -3.547998610883951187e-03
7.535983089341667073e+04 -3.520285943523048921e-03 7.906703976914286613e-04 7.151470053941011429e-04
7.535985587841666711e+04 -2.487834542989730835e-03 -3.413069294765592055e-03 4.983653780072926608e-03
7.535988087741666823e+04 -2.514801220968366103e-03 -2.320874715223907991e-03 8.176806382834911346e-03
7.535990586541667290e+04 -4.223047581035643816e-04 -2.277122577652335167e-03 1.244369335472583944e-02
7.535993085741666437e+04 4.894139245152472582e-03 -2.270987955853343010e-03 1.246051397174596960e-02
7.535995585041667800e+04 -3.443885361775755882e-04 1.990086631849408150e-03 1.139182131737470974e-02
7.535998083841666812e+04 3.968103788793087006e-03 1.922196592204272964e-03 3.950576297938823700e-03
7.536000581941667770e+04 8.239897899329662323e-03 -2.166962949559093064e-04 1.837069285102189021e-03
7.536003082141667255e+04 1.355003938078879963e-02 -2.323581371456385092e-03 2.922131214290856881e-03
7.536005580841666961e+04 4.021652508527039614e-03 -1.326636294834315994e-03 -2.435472561046481133e-03
7.536008080641667766e+04 6.145652383565902710e-03 7.986726122908294201e-04 -2.430926309898496108e-03
7.536010579441666778e+04 2.104941196739673961e-02 7.962461677379906178e-04 -4.512024577707052231e-03
7.536013078841667448e+04 2.547755464911460876e-02 1.782909152098000050e-03 -1.618877612054347992e-02
7.536015577841666527e+04 3.726272657513617775e-02 -2.552920719608664946e-03 -2.679446898400783886e-02
7.536018075941667485e+04 5.126614496111869812e-02 -5.938624497503042221e-03 -4.910893738269805908e-02
7.536020575641667529e+04 4.917452856898307800e-02 -9.167510084807872772e-03 -5.337178334593772888e-02
7.536023074841666676e+04 3.753081709146500328e-02 -5.008504725992679596e-03 -6.087006628513336182e-02
7.536025572541667498e+04 4.166294261813163757e-02 5.747713148593902588e-03 -4.702467843890190125e-02
7.536028073641666560e+04 5.432565510272979736e-02 -4.602477885782718658e-03 -2.458042092621326100e-02
7.536030570741667179e+04 6.163315474987030029e-02 -4.427627194672822952e-03 -7.515843026340007782e-03
7.536033072141667071e+04 3.938862681388854980e-02 -9.859913028776645660e-03 -1.716708205640316010e-02
7.536035570241666574e+04 -7.454002276062965393e-03 -9.848522022366523743e-03 -9.866398759186267853e-03
7.536038069441667176e+04 -5.092857778072357178e-02 -8.989981375634670258e-03 -2.492093108594417919e-02
7.536040568641667778e+04 -7.093419879674911499e-02 -1.350075937807559967e-02 -4.947641491889954307e-02
7.536043066841666587e+04 -8.884531259536743164e-02 -3.118512919172645049e-03 -7.084660232067108154e-02
7.536045567041667528e+04 -1.077730879187584062e-01 5.215305835008621216e-03 -8.792871236801147461e-02
7.536048065041667724e+04 -1.226382032036781033e-01 8.349522948265075684e-03 -9.117425233125686646e-02
7.536050564841667074e+04 -1.204665303230286061e-01 2.314115129411220897e-02 -9.863846004009246826e-02
7.536053063941666915e+04 -1.214938834309577942e-01 4.006239399313926697e-02 -1.050529852509499013e-01
7.536055563241666823e+04 -1.114827245473861972e-01 5.120032280683516762e-02 -1.614781469106673917e-01
7.536058062041667290e+04 -8.138551563024520874e-02 5.190397053956984780e-02 -2.018504887819289884e-01
7.536060561241666437e+04 -4.239859059453011253e-02 5.993293970823287964e-02 -1.484697461128234863e-01
7.536063060441667039e+04 -5.440832674503325722e-02 5.817850679159163735e-02 -1.091007441282272061e-01
7.536065559241667506e+04 -7.233979552984237671e-02 6.116126105189322731e-02 -1.272668689489364902e-01
7.536068058541667415e+04 -5.870486050844193199e-02 6.459110975265502930e-02 -1.037971600890160023e-01
7.536070557741666562e+04 -5.015667527914047241e-02 7.727774232625961304e-02 -1.101781800389289995e-01
7.536073056541667029e+04 -3.727821260690689087e-02 6.654345989227294922e-02 -1.239696741104125977e-01
7.536075555441666802e+04 -1.859064251184464056e-01 5.444983765482903221e-02 -1.510462015867232999e-01
7.536078054941666778e+04 -2.893627285957335871e-01 9.923709928989410400e-02 -1.173580810427665988e-01
7.536080554741667584e+04 -1.068648844957351962e-01 7.874606549739837646e-02 -6.455422937870025635e-02
7.536083054741667002e+04 -4.081546664237976074e-01 1.106167957186699052e-01 -2.403948642313480030e-02
7.536085553441666707e+04 -1.755896806716918945e-01 -1.915226317942142140e-02 2.906729280948638916e-02
7.536088051141667529e+04 2.347510308027266901e-01 9.096237830817699432e-03 4.421394318342208862e-02
7.536090550341666676e+04 1.000860854983330051e-01 3.626592829823493958e-02 1.257491707801819125e-01
7.536093049541667278e+04 -1.775733083486557007e-01 4.568979516625403664e-02 1.440418511629104892e-01
7.536095547941667610e+04 -3.932399153709412176e-01 6.265704287216067314e-04 1.220948919653892933e-01
7.536098048141667095e+04 -3.442408740520476740e-01 -3.016987070441246033e-02 1.148377060890198031e-01
7.536100545241667714e+04 -6.655659526586532593e-02 -3.105072863399982105e-02 9.870256483554840088e-02
7.536103045641667268e+04 1.737537831068038940e-01 -2.966793440282345165e-02 1.016135886311531067e-01
7.536105544841666415e+04 1.491519659757614136e-01 -3.164574131369590759e-02 1.196414753794669966e-01
7.536108042241666408e+04 6.401715427637100220e-02 -5.162380170077084628e-03 1.246561333537102023e-01
7.536110542841667484e+04 -1.928098732605576949e-03 6.440458353608846664e-03 1.254921704530715942e-01
7.536113040841667680e+04 -2.105955034494400024e-02 1.488732639700173985e-02 1.232907846570014954e-01
7.536115541241667233e+04 -6.211050786077976227e-03 2.131628058850764881e-02 1.275911778211593905e-01
7.536118039841667633e+04 1.296027796342968941e-03 2.654933184385300030e-02 1.190905943512916981e-01
7.536120539341667609e+04 9.977979585528373718e-03 3.164910152554512024e-02 9.674659371376037598e-02
7.536123036741667602e+04 9.058474563062191010e-03 3.146993741393089294e-02 7.864203304052352905e-02
7.536125537441666529e+04 7.076725829392671585e-03 4.189473763108252785e-02 5.945440009236335754e-02
7.536128036741666438e+04 1.775966398417950023e-02 5.245007574558258057e-02 5.202461034059525230e-02
7.536130535841667734e+04 2.739712782204151154e-02 6.404481083154678345e-02 4.245854541659355164e-02
7.536133034441666678e+04 3.705753013491631248e-02 6.712649762630462646e-02 3.077263571321963917e-02
7.536135533941666654e+04 3.814723715186119080e-02 6.603456288576126099e-02 2.758265286684035908e-02
7.536138033141667256e+04 4.778942465782166221e-02 5.959377065300940773e-02 1.910256594419479023e-02
7.536140531941667723e+04 4.257372766733170250e-02 6.052344664931297302e-02 6.304293405264616013e-03
7.536143031241667632e+04 3.630261123180388710e-02 5.189764499664307335e-02 -6.486610975116491318e-03
7.536145530441666779e+04 3.211006149649620056e-02 3.803008422255516052e-02 -1.287505868822336023e-02
7.536148030241667584e+04 2.469355240464210857e-02 3.480517864227294922e-02 -1.609367690980434071e-02
7.536150528241667780e+04 2.159305475652217865e-02 2.832806482911109924e-02 -2.674780972301959991e-02
7.536153026341667282e+04 2.156057767570019115e-02 2.518545649945735931e-02 -2.248822897672652851e-02
7.536155524941667682e+04 1.935276016592979084e-02 1.891784928739070892e-02 -1.184046734124422073e-02
7.536158024341666896e+04 9.787363931536674500e-03 1.147511694580317064e-02 -1.186530292034148996e-02
7.536160524941666517e+04 -4.050072282552719116e-03 7.231995463371276855e-03 -9.776391088962554932e-03
7.536163022341666510e+04 -1.046881265938282013e-02 9.064152836799621582e-04 -4.465619567781686783e-03
7.536165523541667790e+04 -1.262697856873274023e-02 -3.301153657957911058e-03 -2.075438969768584046e-04
7.536168023241667834e+04 -1.898087933659553875e-02 -5.464096087962388992e-03 -3.420082153752446175e-03
7.536170521041666507e+04 -2.214707247912884105e-02 -4.438148345798254013e-03 -6.626107729971408844e-03
7.536173020341666415e+04 -2.000745758414268147e-02 -1.272056950256228013e-03 -8.752178400754928589e-03
7.536175519541667018e+04 -3.381678089499474266e-02 8.124182350002229214e-04 -1.092911884188652039e-02
7.536178017841666588e+04 -3.696461394429206848e-02 -3.057731373701245135e-04 -1.626201160252093922e-02
7.536180518941667106e+04 -3.062085434794425964e-02 1.866315607912838025e-03 -1.198315806686878031e-02
7.536183015941666963e+04 -2.852478995919227947e-02 8.268836885690689087e-03 -8.788808248937129974e-03
7.536185515541667701e+04 -2.322477288544178009e-02 7.234158460050821304e-03 -6.640082225203514099e-03
7.536188014841667609e+04 -2.436624467372893940e-02 9.449031203985214233e-03 2.937589772045611902e-03
7.536190513841666689e+04 -3.071161173284054149e-02 9.398655034601688385e-03 -1.344501157291233973e-03
7.536193012841667223e+04 -2.636946924030781139e-02 5.053607281297445297e-03 -1.197623182088137020e-02
7.536195512041667826e+04 -1.992400176823138844e-02 8.674036362208425999e-04 -1.083148457109927958e-02
7.536198011341667734e+04 -1.677334308624267925e-02 -4.384353756904602051e-03 -5.490300245583057404e-03
7.536200510141666746e+04 -1.358362473547458996e-02 -5.441929679363965988e-03 -5.479935556650161743e-03
7.536203008141666942e+04 -1.569865271449089050e-02 -1.076287217438220978e-02 -6.545470096170902252e-03
7.536205508541666495e+04 -4.056770820170640945e-03 -8.562536910176277161e-03 -1.205590669997036050e-04
7.536208007441667723e+04 -5.134737584739922610e-03 -2.184263197705150084e-03 9.325770079158246517e-04
7.536210506641666871e+04 -2.215271070599555969e-02 3.101390320807694955e-03 8.695250726304948330e-04
7.536213005841667473e+04 -1.687672361731528889e-02 1.036507426761090972e-03 6.213912274688482285e-03
7.536215503941666975e+04 -6.249034777283669385e-03 -2.125120023265480995e-03 7.317384239286184311e-03
7.536218002341667307e+04 -4.144237842410802841e-03 -6.338054314255714417e-03 1.052436791360377918e-02
7.536220504941667605e+04 -1.265154033899307078e-02 -5.288223735988140106e-03 1.049525476992129933e-02
7.536223002041666768e+04 -1.478702761232852936e-02 -5.281018558889626589e-03 1.155345607548951929e-02
7.536225501241667371e+04 -2.319425344467163086e-02 -2.119150711223483086e-03 7.309742271900177002e-03
7.536228000441666518e+04 -1.894265785813331951e-02 8.687866284162737429e-06 7.321525365114212036e-03
7.536230498541667475e+04 -1.149161346256732941e-02 1.068201847374439023e-03 6.280638277530670166e-03
7.536232996841667045e+04 -2.105453796684741974e-02 3.167923307046294212e-03 5.182423628866673383e-03
7.536235497041666531e+04 -3.692830726504325867e-02 5.175509024411439896e-03 -4.455496557056903839e-03
7.536237996541666507e+04 -4.848392307758331299e-02 1.029093563556670969e-02 -2.260462567210197102e-02
7.536240495741667110e+04 -4.514728114008904197e-02 1.441150065511465073e-02 -3.430178388953208923e-02
7.536242994941667712e+04 -1.861652731895447124e-02 1.450757868587971081e-02 -2.782462351024150848e-02
7.536245493741666724e+04 -7.052515167742967606e-03 6.196515168994665146e-03 -1.073561143130064011e-02
7.536247993141667394e+04 -1.777625270187855114e-02 -7.194262434495612979e-05 9.524301276542246342e-04
7.536250492241667234e+04 -3.055350109934807171e-02 -1.128882286138833003e-03 3.040611743927001953e-03
7.536252990341666737e+04 -2.419528178870677948e-02 -6.397363264113664627e-03 6.260597612708806992e-03
7.536255489541667339e+04 -1.667008921504021038e-02 -9.619085118174552917e-03 5.224272608757019043e-03
7.536257989441667451e+04 -1.879512704908848156e-02 -1.068370882421731949e-02 5.215812474489212036e-03
7.536260489141667495e+04 -2.308819070458412170e-02 -1.382223796099424015e-02 1.052982918918132955e-02
7.536262987641667132e+04 -1.463200617581606085e-02 -1.481121405959128987e-02 1.694817841053009033e-02
7.536265485441667261e+04 -1.469164527952671051e-02 -1.580034568905830036e-02 2.440464124083518982e-02
7.536267985741667508e+04 -1.677096262574195862e-02 -1.268125791102647955e-02 1.800433360040187836e-02
7.536270485041667416e+04 -2.533630095422267914e-02 -1.474274322390555989e-02 2.543411403894424092e-02
7.536272984141667257e+04 -2.734119445085525860e-02 -1.695452816784381866e-02 2.223438583314419140e-02
7.536275483041667030e+04 -1.992351375520228993e-02 -1.691463217139244080e-02 2.545446529984473835e-02
7.536277982241667632e+04 -1.991375721991062164e-02 -7.382694631814956665e-03 2.331368811428546906e-02
7.536280481441666780e+04 -2.307473868131637920e-02 -1.059709349647163911e-03 1.903594285249710083e-02
7.536282980141666485e+04 -5.997398868203163147e-03 4.185533616691827774e-03 1.056577917188405991e-02
7.536285480541667494e+04 -1.127241645008325924e-02 5.187701433897018433e-03 5.222718231379985809e-03
7.536287979141666437e+04 -1.329079084098339081e-02 7.246518507599830627e-03 5.205878987908363342e-03
7.536290475941667682e+04 -1.330892555415629994e-02 8.328404277563095093e-03 7.334464695304632187e-03
7.536292976041666407e+04 -2.384671755135059010e-02 5.014926195144653320e-03 -4.409536253660917282e-03
7.536295476041667280e+04 -1.751586236059666027e-02 1.900291303172707991e-03 2.005574991926550865e-03
7.536297974141666782e+04 -4.742902237921953201e-03 6.141444668173789978e-03 -8.812951273284852505e-05
7.536300475441667368e+04 -6.879860535264015198e-03 8.271971717476844788e-03 9.662947268225252628e-04
7.536302974441666447e+04 -1.412302907556295048e-02 9.159357286989688873e-03 -9.719319641590118408e-03
7.536305472141667269e+04 -1.946613937616347920e-02 1.024495437741279949e-02 -6.543736439198256406e-03
7.536307971541666484e+04 -2.158247120678424835e-02 8.107946254312992096e-03 -7.613313850015401840e-03
7.536310470641667780e+04 -2.372875437140465130e-02 7.048536790534853935e-04 -4.415604285895824432e-03
7.536312970441667130e+04 -2.058000490069388996e-02 -1.363222021609544971e-03 9.234226890839636326e-04
7.536315467641667055e+04 -1.846285536885261883e-02 -2.892351476475595886e-04 1.994633348658680916e-03
7.536317967541667167e+04 -2.377820760011672974e-02 7.124132942408323288e-03 9.030175278894603252e-04
7.536320466841667076e+04 -1.613577082753181111e-02 4.900653380900621414e-03 -5.469622090458869934e-03
7.536322966041667678e+04 -1.510622259229421963e-02 3.881814889609814124e-03 -1.205379376187921004e-03
7.536325465941667790e+04 -1.299401838332414974e-02 -3.411881625652313232e-04 9.359942050650715828e-04
7.536327964041667292e+04 -7.691583596169948578e-03 -3.498901845887302919e-03 3.087107324972749190e-03
7.536330461841667420e+04 -9.825399145483970642e-03 -4.553769249469041824e-03 4.146268591284751892e-03
7.536332962441667041e+04 -1.511922199279070074e-02 -1.407690928317606015e-03 9.304959676228463650e-04
7.536335461341666814e+04 -7.752587087452411652e-03 -1.305173267610370896e-03 1.053841039538382963e-02
7.536337960641666723e+04 -1.075191050767899080e-02 -1.403346657752990939e-03 7.322900928556919098e-03
7.536340459841667325e+04 -2.030592411756515850e-02 6.857737898826599121e-04 5.158743821084499359e-03
7.536342958741667098e+04 -2.870075963437556874e-02 -5.224868073128163815e-04 -8.711928501725196838e-03
7.536345457841666939e+04 -1.500387396663427006e-02 -2.472805790603160858e-03 7.310500368475914001e-03
7.536347957141666848e+04 -4.339489620178937912e-03 6.833299994468688965e-04 3.081869101151823997e-03
7.536350455941667315e+04 -5.397541448473930359e-03 2.794051310047506852e-03 2.012254903092979951e-03
7.536352954841667088e+04 -9.651564760133624077e-04 2.727652434259653091e-03 -1.274105743505060944e-04
7.536355452841667284e+04 3.304961137473582788e-03 1.650227466598152897e-03 -2.241779118776320977e-03
7.536357953341667599e+04 6.553602870553731918e-03 2.642605919390916824e-03 -9.687523357570171356e-03
7.536360452541666746e+04 2.143965102732181896e-02 2.661136211827396913e-03 -9.639409370720386505e-03
7.536362949441667297e+04 2.996478416025638927e-02 5.278172902762889862e-04 -1.173954829573630940e-02
7.536365450141667679e+04 2.566846273839474071e-02 5.738679319620132446e-04 -6.429223809391260147e-03
7.536367948641667317e+04 1.732663251459598888e-02 1.615173881873487993e-03 -3.284084610641003089e-03
7.536370449341667700e+04 2.047502249479294170e-02 6.091783870942890644e-04 2.051036106422543959e-03
7.536372946641666931e+04 2.477245964109897960e-02 -4.995530471205711365e-04 -3.259261371567844911e-03
7.536375447141667246e+04 1.624180749058723103e-02 -2.603034023195505142e-03 -8.977154357125982642e-05
7.536377946341667848e+04 2.473153546452521931e-02 -2.571932971477508979e-03 2.067695837467908859e-03
7.536380444741666724e+04 1.833420619368553162e-02 -3.621239680796862082e-03 4.178205970674753189e-03
7.536382945041666972e+04 8.978495374321937561e-03 -2.651904476806520982e-03 9.180836495943367481e-04
7.536385441741667455e+04 1.640871167182922016e-02 2.674817107617855072e-03 2.001549117267131805e-03
7.536387942641666450e+04 1.536122336983681072e-02 3.713686950504779816e-03 -1.327794598182663050e-04
7.536390441841667052e+04 1.748050376772880901e-02 1.603132113814353943e-03 9.420654387213289738e-04
7.536392941141666961e+04 1.537988428026437933e-02 5.070132319815456867e-04 -2.258562715724111037e-03
7.536395438341666886e+04 1.549727865494787910e-03 -2.685034181922674179e-03 -1.234976691193879084e-03
7.536397939041667269e+04 -1.657775486819446087e-03 -2.668850822374225096e-03 8.841275121085345745e-04
7.536400438341667177e+04 1.447362732142210007e-02 -7.974247448146343231e-03 4.101299680769444379e-03
7.536402935841666476e+04 1.657732576131821026e-02 -1.218684669584036047e-02 7.307608611881732941e-03
7.536405435841667349e+04 2.080657146871089935e-02 -1.427351310849189932e-02 1.051797997206450029e-02
7.536407935641666700e+04 2.401166781783103943e-02 -1.216748077422379927e-02 8.394454605877399445e-03
7.536410434441667167e+04 1.767900586128234863e-02 -6.930760573595762253e-03 1.976513070985674858e-03
7.536412934641666652e+04 2.194504253566265106e-02 -5.777500919066369534e-04 -1.481583749409765005e-04
7.536415432841666916e+04 2.643197774887084961e-02 6.747649051249027252e-03 -6.571519188582897186e-03
7.536417942279166891e+04 2.538951300084590912e-02 3.538903314620255990e-03 -8.698834106326103210e-03
7.536420441479167494e+04 2.647048607468605042e-02 2.456811722368001938e-03 -1.082166936248541052e-02
7.536422940779167402e+04 1.473957207053899938e-02 3.592965367715805769e-04 -6.593782454729080200e-03
7.536425439579166414e+04 1.371151767671108072e-02 7.736331317573785782e-03 -1.192947756499052048e-02
7.536427938479167642e+04 9.515931829810142517e-03 1.826277188956737865e-02 -2.047459781169891010e-02
7.536430437979167618e+04 4.189772531390190125e-03 1.720497384667396892e-02 -1.942548155784606934e-02
7.536432936979166698e+04 9.558183141052722931e-03 1.295462436974048961e-02 -1.624437794089316975e-02
7.536435436279166606e+04 3.180231666192411943e-03 -8.433219045400619507e-04 -1.518430095165967941e-02
7.536437935479167209e+04 -6.449010223150253296e-03 -1.138820126652717937e-02 -6.685107480734586716e-03
7.536440434279167675e+04 -1.503252983093262066e-02 -1.130549982190131968e-02 2.870078431442379951e-03
7.536442931779166975e+04 -2.137007936835289001e-02 -1.030437275767326008e-02 -2.479705726727842851e-03
7.536445432779166731e+04 -1.395810116082430059e-02 -1.771718147210777023e-03 7.270658970810472965e-04
7.536447931479166436e+04 -1.178971305489539927e-02 -2.778045367449522018e-03 1.028508879244328066e-02
7.536450430079166836e+04 -1.179685350507497961e-02 -4.891222808510065079e-03 1.135281659662724062e-02
7.536452929979166947e+04 -1.818127185106277119e-02 -1.125893276184796940e-02 1.240564230829476963e-02
7.536455428979167482e+04 -2.029452659189701080e-02 -1.870336383581161152e-02 1.134409196674823934e-02
7.536457928179166629e+04 -1.497991010546683918e-02 -1.763595640659331928e-02 1.136257033795117985e-02
7.536460427179167164e+04 -1.178861875087022955e-02 -1.021232083439826965e-02 1.030082534998654972e-02
7.536462926079166937e+04 -8.570723235607147217e-03 -2.819651970639824867e-03 6.042900960892438889e-03
7.536465425879167742e+04 -6.216068286448717117e-03 2.390295034274458885e-03 -3.793379582930356264e-04
7.536467923279167735e+04 -8.317267522215843201e-03 2.355847042053937912e-03 -3.581062192097305818e-03
7.536470423679167288e+04 -1.939873094670474963e-03 5.547913722693920135e-03 -3.564520739018917084e-03
7.536472922779167129e+04 -1.147620473057031978e-02 5.493879783898591995e-03 -7.856138981878757477e-03
7.536475422079167038e+04 -1.947582233697175980e-03 3.434276208281517029e-03 -2.497349400073289871e-03
7.536477921579167014e+04 -9.010487701743841171e-04 2.394420327618718147e-03 -3.621632058639078790e-04
7.536480419579167210e+04 -1.926685217767954090e-03 3.443501889705657959e-03 1.730193383991718075e-03
7.536482919979166763e+04 -5.107043776661157608e-03 2.445054997224361247e-04 6.583375507034361362e-04
7.536485418279167789e+04 -2.973140450194478035e-03 2.367592096561565995e-04 -4.006430390290915966e-04
7.536487917579167697e+04 -2.982031553983687921e-03 2.469652099534869194e-04 6.635399768128991127e-04
7.536490416679167538e+04 -4.059968050569295883e-03 -2.918709302321075959e-03 2.792780520394444032e-03
7.536492915679166617e+04 1.267161336727439924e-03 -5.045836791396141052e-03 1.746957190334796906e-03
7.536495414879167220e+04 -1.945803407579659982e-03 -8.204209618270397186e-03 4.935355857014656067e-03
7.536497914079167822e+04 -1.833130605518817902e-03 -9.271480143070220947e-03 7.051951717585325241e-03
7.536500412879166834e+04 1.372542581520975070e-03 -8.227329701185226440e-03 4.931255709379911423e-03
7.536502911979166674e+04 -2.867538249120115800e-03 -4.007768351584672928e-03 2.782275434583425956e-03
7.536505411679166718e+04 -3.907916601747274399e-03 -1.917936373502016068e-03 -4.178582748863846064e-04
7.536507910179167811e+04 -7.456285529769957066e-04 2.398677315795794129e-04 2.785397227853537040e-03
7.536510409579167026e+04 2.444750862196087837e-03 -1.879744348116219044e-03 2.799319103360176086e-03
7.536512908779167628e+04 -4.913918208330869675e-03 -1.925276941619813009e-03 1.691321376711129925e-03
7.536515407479167334e+04 -3.851045155897736983e-03 -1.924600452184676907e-03 1.694864360615611076e-03
7.536517907379167445e+04 2.537385094910860062e-03 -1.927393022924662070e-03 6.507367943413555622e-04
7.536520407079167489e+04 4.090863512828946114e-04 -8.689279202371835709e-04 6.419418496079742908e-04
7.536522904979166924e+04 3.605729900300503211e-03 1.247488544322550080e-03 -4.157071234658359939e-04
7.536525404179167526e+04 2.552066696807742119e-03 -8.878964581526815891e-04 -1.481841201893985055e-03
7.536527903479167435e+04 5.479264073073863983e-04 1.184911161544733021e-04 -4.705143626779317856e-03
7.536530400779166666e+04 3.729962045326828957e-03 -9.290280868299305439e-04 -3.628517268225551085e-03
7.536532900579167472e+04 5.224261549301445484e-04 -9.129814570769667625e-04 -1.508879009634255929e-03
7.536535400779166957e+04 7.937612943351268768e-03 2.311883959919213815e-03 1.706067123450339057e-03
7.536537899079166527e+04 1.575250644236803055e-03 1.595646026544272900e-04 -4.424712969921528751e-04
7.536540399779166910e+04 -5.427181604318320751e-04 -9.152168640866875648e-04 -1.513651804998517036e-03
7.536542896979166835e+04 -4.785490687936544418e-03 -5.177519749850034714e-03 -2.587344031780958176e-03
7.536545396679166879e+04 -7.892806082963943481e-03 -6.249409168958663940e-03 -1.548595959320663972e-03
7.536547896979167126e+04 -2.610504394397139983e-03 -6.201934069395065308e-03 2.729166066274046898e-03
7.536550393879167677e+04 -4.755124449729919434e-03 -5.122956354171037674e-03 4.851243458688259125e-03
7.536552894379166537e+04 -2.638058504089713097e-03 -4.049018491059541702e-03 5.921744275838136673e-03
7.536555393579167139e+04 1.605584984645247026e-03 -2.971960930153727965e-03 6.998844444751740369e-03
7.536557892779167742e+04 2.713070716708898978e-03 -6.207522470504044619e-03 1.680882647633552985e-03
7.536560391779166821e+04 -1.439305604435503049e-03 -5.193503573536872864e-03 -1.544478931464255073e-03
7.536562890779167356e+04 -2.504684962332249121e-03 -4.133571404963731766e-03 -1.549616572447120927e-03
7.536565390179166570e+04 -1.468833535909652927e-03 -1.978436019271612167e-03 1.646218472160398960e-03
7.536567889079167799e+04 -4.057682526763529128e-04 -1.977886306121944947e-03 1.649942481890320995e-03
7.536570388479167013e+04 -3.576760645955801010e-03 -5.187891889363527298e-03 -4.858805914409459179e-04
7.536572887479167548e+04 -6.782121490687131882e-03 -7.295262534171342850e-03 1.636824803426861980e-03
7.536575386279166560e+04 -8.917617611587047577e-03 -7.288116030395030975e-03 2.695207949727774100e-03
7.536577884579167585e+04 -6.749411579221487045e-03 -3.005304839462041855e-03 6.939921993762254715e-03
7.536580383379166597e+04 -8.862265385687351227e-03 1.555354974698275057e-04 4.799171350896357623e-03
7.536582883679166844e+04 -9.911797940731048584e-03 2.256502630189061165e-03 2.662302926182746887e-03
7.536585381579167733e+04 -1.842686347663402904e-02 1.194315729662775993e-03 3.700538538396358056e-03
7.536587881879166525e+04 -1.945411227643489838e-02 -2.033689059317111969e-03 -5.595817929133772850e-04
7.536590380979167821e+04 -1.621055975556373943e-02 -6.338402163237333298e-03 -6.933622062206268311e-03
7.536592880279167730e+04 -1.191588770598172968e-02 -8.428228087723255157e-03 -3.735854057595134215e-03
7.536595378779167368e+04 8.001130190677940845e-04 -7.298993878066539764e-03 1.630051527172327042e-03
7.536597878079167276e+04 -4.488058388233184814e-03 -9.788611205294728279e-04 -2.654485870152711868e-03
7.536600377479166491e+04 -9.878600016236305237e-03 -5.138727836310862628e-03 6.918019615113735199e-03
7.536602878279167635e+04 -1.092815771698952068e-02 -9.151477715931832790e-04 4.778899252414703369e-03
7.536605375779166934e+04 -7.739046588540077209e-03 1.211311900988220952e-03 4.785125143826007843e-03
7.536607874979167536e+04 -1.728344336152077068e-02 -8.728528628125786781e-04 1.006482262164353977e-02
7.536610374079167377e+04 -1.629321649670600891e-02 -6.085841450840234756e-03 1.965805701911449085e-02
7.536612871379166609e+04 -2.693460881710052143e-02 -8.212071843445301056e-03 2.069058641791344036e-02
7.536615370079167769e+04 -3.227741643786429665e-02 -9.249498136341571808e-03 2.386944182217121124e-02
7.536617871479167661e+04 -3.441878035664557717e-02 -1.347782276570796967e-02 2.599790692329407085e-02
7.536620370579167502e+04 -1.945451460778712879e-02 -5.071073770523071289e-03 1.538685057312249964e-02
7.536622869679167343e+04 -1.198086235672234968e-02 -8.575899410061538219e-04 1.114672608673573061e-02
7.536625368979167251e+04 -1.404685620218515049e-02 1.080900337547064001e-02 1.004670560359955007e-02
7.536627867079166754e+04 -4.411173518747091293e-03 1.392177026718855078e-02 1.555429189465939999e-03
7.536630366679167491e+04 2.020205138251184983e-03 1.280515640974044973e-02 -4.811482969671487808e-03
7.536632866279166774e+04 4.205096978694201383e-03 1.379628852009773081e-02 -1.226050965487957001e-02
7.536635365279167308e+04 1.601085066795349121e-02 1.367557141929865057e-02 -2.606577053666115154e-02
7.536637864479166456e+04 1.917506940662860870e-02 1.264897454530001034e-02 -2.285854890942573894e-02
7.536640363679167058e+04 1.923339255154132843e-02 1.583035103976726879e-02 -2.394033409655094147e-02
7.536642862679167592e+04 1.174852345138788050e-02 1.374913845211266951e-02 -1.863625273108482014e-02
7.536645361779167433e+04 1.131164841353893063e-03 1.583671756088734020e-02 -2.080338634550571095e-02
7.536647861079167342e+04 -1.009116997011006095e-03 1.266931276768445969e-02 -1.867680251598358154e-02
7.536650358979166776e+04 6.383836269378662109e-03 1.274071354418992996e-02 -1.226503681391477932e-02
7.536652857779167243e+04 9.551885537803173065e-03 8.529683575034141541e-03 -9.056390263140201569e-03
7.536655358379166864e+04 1.593689806759357105e-02 3.284373320639133020e-03 -4.787210840731859207e-03
7.536657857279166637e+04 1.383670419454574932e-02 1.127431401982903047e-03 -7.987473160028457642e-03
7.536660356479167240e+04 1.810390315949916840e-02 3.235287033021450043e-03 -1.010743342339993044e-02
7.536662855779167148e+04 1.486647967249155045e-02 -3.075658110901712938e-03 -3.720390610396862030e-03
7.536665355279167125e+04 1.907785795629024853e-02 -6.202924996614456177e-03 1.621975447051227093e-03
7.536667852279166982e+04 1.480019837617873972e-02 -9.361853823065757751e-03 4.806934390217065811e-03
7.536670351679167652e+04 1.903724111616611134e-02 -1.145908609032630920e-02 6.953417323529720306e-03
7.536672851979166444e+04 2.123788185417652130e-02 -1.145044621080159968e-02 5.878481548279523849e-03
7.536675351179167046e+04 1.808854006230831146e-02 -9.383898228406906128e-03 5.407716380432248116e-04
7.536677849479166616e+04 1.809383183717728008e-02 -6.210298277437686920e-03 -5.278636235743761063e-04
7.536680348579166457e+04 2.232752554118632923e-02 -3.000075928866862817e-03 1.612321124412118955e-03
7.536682848779167398e+04 1.488374080508947025e-02 -3.010457148775457902e-03 1.588774379342793985e-03
7.536685346179167391e+04 1.276285201311110930e-02 1.604341669008136067e-04 5.135002429597079754e-04
7.536687846679167706e+04 1.071325410157441919e-02 1.658570108702406016e-04 -5.802845116704702377e-04
7.536690346079166920e+04 3.275098511949181990e-03 3.330268664285541014e-03 -1.673114486038685062e-03
7.536692844079167116e+04 6.464452482759953413e-03 3.333715023472905159e-03 -1.662585418671369986e-03
7.536695344879166805e+04 5.416153464466333389e-03 5.434261169284582138e-03 -3.798718098551034927e-03
7.536697843379166443e+04 6.462282966822385788e-03 4.394513089209794998e-03 -1.664311275817454078e-03
7.536700342179166910e+04 1.502121333032845930e-02 2.219686284661293030e-03 -8.024160750210285187e-03
7.536702840879166615e+04 1.505561545491218914e-02 1.116013852879405022e-03 -1.228301413357258016e-02
7.536705340679167421e+04 1.726055704057216991e-02 1.137184328399599032e-03 -1.229517720639706005e-02
7.536707839879166568e+04 1.192354597151278929e-02 4.335398785769939423e-03 -1.018685381859540939e-02
7.536710336979167187e+04 8.706329390406608582e-03 5.423797294497489929e-03 -7.003575563430786133e-03
7.536712838279167772e+04 1.271500601433217959e-03 4.341853782534599304e-03 -8.091488853096961975e-03
7.536715337179167545e+04 -1.886417623609303994e-03 6.418877281248568621e-03 -1.236442849040031086e-02
7.536717836179166625e+04 -1.897383132018148899e-03 -9.921333985403180122e-04 -1.022515073418617075e-02
7.536720335479166533e+04 -2.101862058043479919e-02 2.210107864812016053e-03 -7.116470951586961746e-03
7.536722834679167136e+04 -2.104212529957294117e-02 -9.439522982574999332e-04 -3.917802590876817703e-03
7.536725333579166909e+04 -8.471457404084503651e-04 -9.085296187549829483e-04 -2.786573255434631868e-03
7.536727832879166817e+04 -5.116245243698359403e-03 -4.078347701579332352e-03 -6.659023929387331009e-04
7.536730332079167420e+04 -6.171160843223333359e-03 -6.213198415935040388e-03 -1.731194439344108105e-03
7.536732830679167819e+04 -5.122732371091842651e-03 -1.256005559116601944e-02 4.101969534531236237e-04
7.536735330679167237e+04 -1.260153762996196920e-02 -1.358923688530921936e-02 4.647262394428253174e-03
7.536737829979167145e+04 -6.168004591017962369e-03 -9.316449053585529327e-03 5.713044200092554092e-03
7.536740328379167477e+04 1.291592488996684985e-03 -9.327851235866546631e-03 3.606899408623576164e-03
7.536742827579166624e+04 -2.973288530483841896e-03 -5.077344831079244614e-03 4.652142059057950974e-03
7.536745326779167226e+04 3.399787237867712975e-03 -5.060270428657531738e-03 5.737877450883389387e-03
7.536747825979167828e+04 4.466676618903875351e-03 -8.244449272751808167e-03 5.745008122175931931e-03
7.536750325079167669e+04 7.682875264436007413e-03 -8.272593840956687927e-03 2.560317283496261077e-03
7.536752823279166478e+04 4.531233571469783783e-03 -9.321553632616996765e-03 3.606962040066719055e-03
7.536755323079167283e+04 -8.215316571295261383e-03 -6.174602080136538419e-03 1.432188320904969952e-03
7.536757822279166430e+04 -6.111635826528072357e-03 2.177642454626038942e-04 3.561905585229396820e-03
7.536760321479167033e+04 -3.988686949014663696e-03 3.404380520805716948e-03 3.566157305613160133e-03
7.536762820679167635e+04 -2.914405195042490959e-03 -8.511836058460175991e-04 2.510411664843558831e-03
7.536765319479166646e+04 -3.926277626305819425e-03 -3.038402879610658126e-03 -3.879917785525321960e-03
7.536767819579166826e+04 3.558024065569043159e-03 1.508004497736691886e-04 -4.930610302835702896e-03
7.536770317779167090e+04 4.653832409530878067e-03 1.171730691567062898e-03 -9.188780561089515686e-03
7.536772817079166998e+04 3.564493730664252801e-03 1.201331848278641918e-03 -5.997881758958101273e-03
7.536775316279167600e+04 2.457115799188613892e-03 2.313091652467846870e-03 -6.784930592402815819e-04
7.536777815179167374e+04 -2.894742880016564889e-03 3.409120719879866080e-03 3.562272293493152098e-03
7.536780312679166673e+04 -1.830809749662875912e-03 2.348373644053936005e-03 3.566419705748558044e-03
7.536782813679166429e+04 -3.949076402932404604e-03 2.334886230528355078e-03 2.494050655514001846e-03
7.536785312579167658e+04 3.630242135841398889e-04 1.781691244104877114e-04 -1.749246381223201969e-03
7.536787811579166737e+04 2.489228732883930206e-03 1.804721978260203925e-04 -1.742214546538888974e-03
7.536790311479166849e+04 5.705587565898895264e-03 -3.031584667041898207e-03 -4.922269843518733978e-03
7.536792809979166486e+04 -1.738911960273981094e-03 -3.041347721591591835e-03 -4.945973400026559830e-03
7.536795309179167089e+04 -1.767550129443407059e-03 -8.876692736521363258e-04 -1.752640819177031951e-03
7.536797808479166997e+04 3.419906715862452984e-04 -1.926018972881138108e-03 3.859134158119558746e-04
7.536800307079167396e+04 -3.920870833098888397e-03 -2.959190635010600090e-03 3.573954338207840919e-03
7.536802806379167305e+04 3.647136618383228779e-04 -8.727203239686787128e-04 -6.747672450728714466e-04
7.536805304979167704e+04 -2.824213588610291047e-03 -3.000449156388639970e-03 -6.826650933362543583e-04
7.536807804779167054e+04 6.754090543836355209e-03 -2.999116666615008874e-03 -1.716404454782604954e-03
7.536810304079166963e+04 3.562388243153690858e-03 -1.942198025062680028e-03 -1.727920491248369000e-03
7.536812803179166804e+04 1.443403190933167934e-03 -1.955743413418530984e-03 -2.799577312543987794e-03
7.536815301879166509e+04 2.480151597410440011e-03 -8.621264132671058178e-04 3.974242135882378167e-04
7.536817800479166908e+04 2.458813134580851035e-03 -8.156664553098380566e-04 4.664050880819559097e-03
7.536820300679167849e+04 4.610226023942232132e-03 2.170163497794420069e-04 1.474159304052591107e-03
7.536822799379167554e+04 -1.734512043185532093e-03 -1.956178806722164154e-03 -2.804765710607171059e-03
7.536825299679167802e+04 3.936136490665376186e-04 -4.077052231878042221e-03 -2.795154461637138887e-03
7.536827796579166898e+04 3.592855297029017968e-03 -6.207345984876155853e-03 -3.845704486593604088e-03
7.536830296679167077e+04 7.846132852137088776e-03 -7.263962179422379407e-03 -3.829522989690303802e-03
7.536832796879166563e+04 3.564699785783886909e-03 -5.097532644867897034e-03 4.215313529130070859e-04
7.536835295779167791e+04 6.731568370014429092e-03 1.296540256589651108e-03 2.553784055635333061e-03
7.536837793579166464e+04 -2.815212588757276969e-03 2.314702607691287994e-03 -6.744468118995428085e-04
7.536840293479166576e+04 -4.941134247928857803e-03 1.888016995508224043e-04 -6.790705374442040920e-04
7.536842792779166484e+04 -3.860276658087968826e-03 -8.927758317440748215e-04 -2.804570598527789116e-03
7.536845289979166409e+04 1.440261024981736920e-03 -1.927373348735273101e-03 -6.558718741871416569e-04
7.536847790879166860e+04 3.804794687312095815e-04 -7.217194419354200363e-03 4.215021908748894930e-04
7.536850290079167462e+04 -3.884519450366497040e-03 -4.027799237519502640e-03 1.468336209654808044e-03
7.536852788979167235e+04 -3.876196686178445816e-03 -5.100207868963479996e-03 4.048171977046877146e-04
7.536855288279167144e+04 -7.059074472635984421e-03 -4.053390584886074066e-03 -6.721080862917006016e-04
7.536857787479167746e+04 -4.931891337037085619e-03 -5.112895276397466660e-03 -6.639891071245074272e-04
7.536860286079166690e+04 -1.741647836752236106e-03 -6.170811131596565247e-03 -6.518886657431721687e-04
7.536862783979167580e+04 -6.005377043038606644e-03 -5.104754120111464587e-03 3.979974717367439920e-04
7.536865283579166862e+04 -5.989808589220046997e-03 -6.166229024529457092e-03 -6.559254252351820469e-04
7.536867783779167803e+04 -6.027570459991692629e-03 -2.940416336059569879e-03 3.600119845941662788e-03
7.536870283079167712e+04 -1.136255729943514044e-02 -2.926513319835066795e-03 5.712890531867743406e-03
7.536872782079166791e+04 -8.148867636919021606e-03 -1.892450614832342105e-03 2.526898402720690207e-03
7.536875281179166632e+04 -3.878090996295214133e-03 -2.969774184748529954e-03 4.122500249650328809e-04
7.536877780379167234e+04 -2.804416930302977996e-03 -6.164081394672393799e-03 -6.450961809605360031e-04
7.536880279679167143e+04 -1.753839896991848946e-03 -6.131317466497421265e-03 1.497416058555244966e-03
7.536882778179166780e+04 3.394869272597134113e-04 -8.210505358874797821e-03 5.766604561358690262e-03
7.536885279479167366e+04 3.518224461004137993e-03 -6.073063239455223083e-03 6.838842295110225677e-03
7.536887778079167765e+04 -7.448108517564833164e-04 -5.006757564842700958e-03 7.887912914156913757e-03
7.536890275979167200e+04 -2.869717776775360107e-03 -7.133102044463157654e-03 7.882455363869667053e-03
7.536892775279167108e+04 -7.137491833418607712e-03 -1.030286867171525955e-02 1.000210922211408962e-02
7.536895274479167711e+04 1.409598276950418949e-03 -1.456676889210939060e-02 5.785788875073195371e-03
7.536897774579166435e+04 -6.051774602383375168e-03 -1.349467784166336060e-02 7.890955545008182526e-03
7.536900273579166969e+04 -3.937299363315104571e-03 -1.029765978455544038e-02 8.960101753473281860e-03
7.536902769979166624e+04 -6.111802533268929395e-03 -4.940949380397796631e-03 1.427190098911523992e-02
7.536905270779167768e+04 1.310630468651651902e-03 -2.787644742056726976e-03 1.642391271889210094e-02
7.536907769979166915e+04 7.700763642787933350e-03 4.630349576473236084e-03 1.430575083941221064e-02
7.536910269579167652e+04 1.729921810328960072e-02 8.847038261592388153e-03 1.007256563752889980e-02
7.536912768379166664e+04 2.052423171699047089e-02 7.763236761093139648e-03 5.835427902638912201e-03
7.536915267579167266e+04 3.332881256937981346e-02 3.480994841083883806e-03 5.577314877882599831e-04
7.536917766679167107e+04 4.929511621594429016e-02 4.541336558759211627e-03 -1.520958263427018902e-03
7.536920273012500547e+04 5.882271006703376770e-02 4.604215733706951141e-03 3.836296033114194870e-03
7.536922772112500388e+04 3.649088740348815918e-02 6.697964854538440704e-03 3.761831438168882890e-03
7.536925272412500635e+04 2.050646208226681103e-02 7.779653184115886688e-03 7.968392223119735718e-03
7.536927770412500831e+04 2.800541371107101093e-02 4.558211192488670349e-03 1.615830464288591905e-03
7.536930269612499978e+04 1.842555403709411968e-02 6.678921170532703400e-03 2.645496977493166924e-03
7.536932768912499887e+04 1.321367081254721035e-02 3.362449584528803825e-03 -1.014842838048934937e-02
7.536935267812501115e+04 3.021310642361640930e-02 -8.415530319325625896e-04 -7.959210313856601715e-03
7.536937767012500262e+04 2.598383091390132904e-02 1.832219859352335063e-04 -1.116974279284477060e-02
7.536940266212500865e+04 2.382321096956729889e-02 -1.901060924865304990e-03 -6.914695259183645248e-03
7.536942765212499944e+04 3.235034272074698708e-02 -2.951512578874825998e-03 -9.006484411656856537e-03
7.536945264312499785e+04 1.423811074346303940e-02 -3.994400613009929657e-03 -4.804432857781648636e-03
7.536947763612501149e+04 2.377271465957165111e-02 -3.940571565181016922e-03 -5.135232931934297085e-04
7.536950263012500363e+04 1.950841397047042847e-02 -1.813087612390517972e-03 5.350811989046633244e-04
7.536952761412500695e+04 2.376106008887290955e-02 -1.807924476452172019e-03 5.488996393978595734e-04
7.536955259912500333e+04 2.695143036544322968e-02 -2.865877002477645874e-03 5.604916950687766075e-04
7.536957759912499750e+04 2.267827466130257000e-02 3.332648193463683128e-04 2.673001028597354889e-03
7.536960258912500285e+04 1.737360656261444092e-02 1.404885202646255059e-03 1.594554050825536034e-03
7.536962758612500329e+04 1.418317947536706924e-02 1.399937667883933024e-03 1.584796467795968056e-03
7.536965255912501016e+04 9.919823147356510162e-03 2.466086763888597055e-03 2.634813310578465028e-03
7.536967756112500501e+04 4.657214507460594177e-03 8.755062706768512726e-03 -4.844730254262685776e-03
7.536970254812500207e+04 -1.730026211589575031e-03 5.572473630309104919e-03 -3.796145552769302888e-03
7.536972754712500318e+04 3.646869957447052002e-02 -6.442343583330512047e-04 6.985769607126712799e-03
7.536975254012500227e+04 4.180222377181053162e-02 1.492720213718711896e-03 4.869214724749326706e-03
7.536977753212500829e+04 2.909588068723678936e-02 -2.832664176821709113e-03 -1.556833507493138096e-03
7.536980252012499841e+04 1.529386546462773930e-02 1.364561961963772991e-03 -4.802315495908260345e-03
7.536982751412500511e+04 1.421922538429499019e-02 3.496267367154359818e-03 -3.743358887732028961e-03
7.536985250712500419e+04 1.633537746965885162e-02 5.632010288536548615e-03 -2.673993585631250901e-03
7.536987749512500886e+04 2.268061786890029907e-02 5.680973641574382782e-03 1.607291982509196021e-03
7.536990248712500033e+04 2.692675217986106873e-02 3.573140362277626991e-03 2.689225599169731140e-03
7.536992748012499942e+04 1.414458360522984938e-02 4.668235313147305575e-03 4.769344814121723175e-03
7.536995246012500138e+04 1.524828653782605951e-02 6.740436423569917679e-03 -5.548686604015529156e-04
7.536997746212501079e+04 1.527225039899349039e-02 7.770386990159749985e-03 -3.751521231606603102e-03
7.537000245412500226e+04 1.102889794856310064e-02 4.569839686155319214e-03 -4.826609510928392410e-03
7.537002744312499999e+04 -2.795778447762132125e-03 4.551933612674474716e-03 -4.871818702667951584e-03
7.537005243612499908e+04 -1.876443810760974884e-02 5.613638088107109070e-03 -2.795108826830983162e-03
7.537007742812500510e+04 -2.940536662936210979e-02 1.360978349111974023e-03 -4.964265041053295135e-03
7.537010241712500283e+04 -3.584132716059684753e-02 -3.882429795339703994e-03 2.476050518453121185e-03
7.537012742012500530e+04 -4.119851067662239075e-02 -7.022541016340255737e-03 7.787439040839672089e-03
7.537015240212500794e+04 -3.166207671165466309e-02 -9.091832675039768219e-03 1.208074297755956997e-02
7.537017738912500499e+04 -2.743836864829063069e-02 -6.931922398507595062e-03 1.528651546686887915e-02
7.537020237112500763e+04 -3.594255819916725159e-02 -1.645322656258940914e-03 1.418741792440414082e-02
7.537022737412501010e+04 -3.164992853999137878e-02 -6.302833207882940769e-04 8.875436149537563324e-03
7.537025236612500157e+04 -1.887442171573638916e-02 3.588533028960227966e-03 1.446766080334783034e-03
7.537027734112500912e+04 -1.141708530485630035e-02 6.761325988918542862e-03 -6.622004439122974873e-04
7.537030235012499907e+04 -9.306576102972030640e-03 5.721957888454198837e-03 1.477477024309336922e-03
7.537032735312500154e+04 -4.003790672868490219e-03 2.563754329457879066e-03 3.629737999290227890e-03
7.537035234612500062e+04 -4.009231925010681152e-03 4.494235618039966172e-04 4.698072560131549835e-03
7.537037732912501087e+04 -7.612889748997986317e-04 3.564453450962901115e-03 -2.750155050307511850e-03
7.537040231412500725e+04 -1.893569249659776904e-03 3.616708796471356912e-03 4.303534224163740873e-04
7.537042730612499872e+04 -1.039331778883934021e-02 4.656762350350618362e-03 -6.636917241849005222e-04
7.537045229912499781e+04 -1.362656988203526064e-02 3.643052419647573991e-03 4.651408642530441284e-03
7.537047728712500248e+04 -8.300615474581718445e-03 1.516246004030108018e-03 3.606050275266170935e-03
7.537050226812499750e+04 -1.464667264372110020e-02 -6.565306684933602810e-04 -6.725395214743912220e-04
7.537052726912499929e+04 -7.187103386968374252e-03 -6.679921061731874943e-04 -2.778467955067753792e-03
7.537055226112500532e+04 -7.180280052125453949e-03 -6.784594152122735977e-04 -3.843778977170587020e-03
7.537057725312501134e+04 1.253190799616277001e-03 -6.147444946691393852e-04 -6.320701795630156994e-04
7.537060225712500687e+04 -8.495279471389949322e-04 4.123784892726690119e-04 -3.835288342088460922e-03
7.537062723612500122e+04 2.331765834242105050e-03 4.263272567186505145e-04 -2.759838476777077155e-03
7.537065222812500724e+04 4.492739681154490385e-03 -6.747337174601852894e-04 -7.011306937783957395e-03
7.537067722112500633e+04 4.465937148779630661e-03 4.174688656348735094e-04 -3.817310556769371033e-03
7.537070221112501167e+04 4.456455353647469607e-03 4.272037476766855067e-04 -2.751709194853901863e-03
7.537072720212501008e+04 1.128244679421186013e-03 4.714052192866802216e-04 4.228353500366210938e-04
7.537075219512500917e+04 -2.062699757516384125e-03 4.667921166401355917e-04 4.126732528675348109e-04
7.537077718412500690e+04 1.145320245996118026e-03 -1.673268619924783924e-03 -1.704371417872607925e-03
7.537080217612499837e+04 -3.100992878898977800e-03 -6.279531517066061497e-04 -2.785095945000648065e-03
7.537082716912499745e+04 6.461859680712223053e-03 -2.728801686316729026e-03 -1.686599105596541925e-03
7.537085215612500906e+04 2.198771573603152795e-03 -2.724114572629332976e-03 -6.357398815453052521e-04
7.537087714812500053e+04 1.081862137652934031e-03 -5.780156352557241917e-04 4.118245269637554884e-04
7.537090214712500165e+04 2.689830216695554893e-05 -1.651669037528336048e-03 -6.556482403539121151e-04
7.537092713412499870e+04 2.179521834477781816e-03 -2.741951961070299149e-03 -3.842733101919292970e-03
7.537095211812500202e+04 5.438338484964332797e-05 -5.929791368544101715e-03 -3.845629282295703888e-03
7.537097711712500313e+04 -2.056839410215615793e-03 -4.892102442681789398e-03 -5.983975715935230255e-03
7.537100210712500848e+04 -7.399176713079214096e-03 -5.929587408900260925e-03 -2.804623218253254890e-03
7.537102710912500334e+04 -1.047939294949173927e-03 -2.706471364945172830e-03 4.080015642102807760e-04
7.537105208012500952e+04 1.009561354294419072e-03 -5.466144648380577564e-04 2.527264878153800964e-03
7.537107708012500370e+04 1.036335481330751939e-03 -2.701736520975828171e-03 -6.644089589826762676e-04
7.537110207212500973e+04 2.092307899147272110e-03 -4.813562612980604172e-03 4.070636932738124782e-04
7.537112706512500881e+04 4.244510550051927567e-03 -5.904117599129676819e-03 -2.779520116746426062e-03
7.537115203512500739e+04 1.027090707793832042e-03 -4.815581254661083221e-03 4.035292949993162805e-04
7.537117704212501121e+04 -1.118360087275505066e-03 -4.797515459358692169e-03 2.525999210774898963e-03
7.537120205212500878e+04 -5.383898038417100906e-03 -2.691121306270360947e-03 3.645964316092432087e-04
7.537122702812500938e+04 -4.340868443250656128e-03 5.151572404429316521e-04 2.493856009095907211e-03
7.537125202112500847e+04 -2.226716605946422057e-03 -5.830907728523015976e-03 4.638364538550376892e-03
7.537127701412500755e+04 7.359970360994338989e-03 -5.840079858899117383e-03 2.539195585995912986e-03
7.537130200312500529e+04 9.803569409996271133e-04 -6.910131312906742096e-03 2.519671106711030006e-03
7.537132700412500708e+04 -1.116530154831707044e-03 -2.708752872422337966e-03 -1.752303680405020931e-03
7.537135198712500278e+04 -2.227832796052097841e-03 -2.682169899344443841e-03 3.608566767070441896e-04
7.537137697612500051e+04 2.032953314483166175e-03 -2.687736880034207864e-03 -6.897651473991572857e-04
7.537140196912499960e+04 6.251743063330650330e-03 -2.641243394464253946e-03 3.584357211366295815e-03
7.537142696112500562e+04 -2.235763939097524123e-03 -6.919553037732839584e-03 1.432324643246829943e-03
7.537145193512500555e+04 -9.965075150830671191e-05 -9.050668217241764069e-03 3.770959447138010913e-04
7.537147694312500244e+04 -2.243696711957455115e-03 -1.009468641132115971e-02 2.501915441825985909e-03
7.537150193512500846e+04 -5.452884826809167862e-03 -7.955254986882209778e-03 4.618825856596230593e-03
7.537152693612501025e+04 -2.303369576111435890e-03 -3.698456566780806021e-03 4.610318690538406372e-03
7.537155191612499766e+04 8.877279469743371010e-04 -5.817765370011329651e-03 4.623132757842540741e-03
7.537157690612500301e+04 1.951202517375349998e-03 -6.878416053950786591e-03 4.627523012459278107e-03
7.537160189812500903e+04 3.020480740815401077e-03 -4.764460027217864990e-03 3.562955884262918992e-03
7.537162689112500811e+04 5.173400044441223145e-03 -6.916289217770099640e-03 3.769085742533206940e-04
7.537165188412500720e+04 9.113185224123299122e-04 -7.973052561283111572e-03 1.429404132068156979e-03
7.537167688212500070e+04 -3.410307690501213074e-03 -7.930427789688110352e-03 5.667419172823429108e-03
7.537170185112500621e+04 -6.619389168918132782e-03 -5.791394971311092377e-03 7.784602697938680649e-03
7.537172685812501004e+04 -2.360102720558642907e-03 -2.612281823530793190e-03 6.729592103511095047e-03
7.537175184712500777e+04 5.112183745950459567e-03 -6.881125271320343018e-03 3.564581973478198051e-03
7.537177683912499924e+04 5.140271037817001343e-03 5.075837834738194942e-04 -7.044234080240130424e-04
7.537180183112500526e+04 5.141051951795816422e-03 -1.616109395399690108e-03 -7.014864822849631310e-04
7.537182682012500300e+04 4.023324698209762573e-03 -3.732213983312249184e-03 -7.118059438653290272e-04
7.537185181212500902e+04 7.932096486911177635e-04 -8.992386981844902039e-03 4.609680734574794769e-03
7.537187679812499846e+04 -3.384040028322488070e-04 -9.972343221306800842e-03 1.312730833888054068e-02
7.537190179412500584e+04 -8.892927318811416626e-03 -1.522907800972462047e-02 1.949609071016311992e-02
7.537192678412501118e+04 -2.462902572005987167e-03 -1.422215346246957952e-02 1.312551833689212973e-02
7.537195178912499978e+04 3.951082937419415388e-03 -1.531771477311849941e-02 8.887970820069313049e-03
7.537197676712500106e+04 3.943670075386762619e-03 -1.743079163134098053e-02 9.955723769962787628e-03
7.537200174812501064e+04 -1.443857909180223942e-03 -1.634373888373374939e-02 1.205734629184007992e-02
7.537202675112499855e+04 1.758493948727845929e-03 -1.105306297540665020e-02 9.931084699928760529e-03
7.537205174312500458e+04 -4.576221108436583605e-03 -4.754653200507164001e-03 3.512019058689475060e-03
7.537207673612500366e+04 -1.400390407070517974e-03 -8.976200595498085022e-03 5.657104309648275375e-03
7.537210173212501104e+04 -6.729765795171260834e-03 -4.726832732558250427e-03 6.699169985949993134e-03
7.537212671012499777e+04 -5.646158475428819656e-03 1.612068270333111069e-03 3.500098595395683809e-03
7.537215171212500718e+04 -4.573206417262554169e-03 1.563919708132744052e-03 -2.894328441470861001e-03
7.537217671412500204e+04 7.452615536749362946e-04 -1.614361885003745990e-03 -2.872616052627563043e-03
7.537220169112501026e+04 7.465083035640418530e-04 -4.799659829586744308e-03 -2.867690753191709952e-03
7.537222668412500934e+04 -4.536530468612909317e-03 -5.909631494432687759e-03 -7.143594324588775635e-03
7.537225167512500775e+04 -4.540301393717527390e-03 -2.725371392443776131e-03 -7.147490978240966797e-03
7.537227667312500125e+04 -5.647908896207808581e-03 -1.613477827049792030e-03 -1.827351865358650901e-03
7.537230163912499847e+04 -1.097173243761062969e-02 -3.733608638867735863e-03 -7.772797252982854843e-04
7.537232664712500991e+04 -6.792050320655106631e-03 -3.667085897177457809e-03 3.485313849523663954e-03
7.537235163912500138e+04 3.859438933432102203e-03 -4.736783448606730375e-03 1.391267869621515057e-03
7.537237663212500047e+04 4.904831293970345583e-03 -3.653649240732192993e-03 3.522975835949182944e-03
7.537240162512499955e+04 2.809122204780579047e-03 -5.135296378284692764e-04 -7.481146021746098995e-04
7.537242661412501184e+04 5.996776279062032700e-03 5.519376136362552643e-04 -7.394315325655043125e-04
7.537245159312500618e+04 -3.839513519778848236e-04 -5.175882251933217049e-04 -7.593009504489600658e-04
7.537247659912500239e+04 6.361193954944610596e-04 -4.841012414544820786e-04 2.970484492834656889e-04
7.537250158812500013e+04 -1.514940871857106902e-03 -2.579192863777279854e-03 3.488004207611083984e-03
7.537252658012500615e+04 -6.871156394481658936e-03 -7.842178456485271454e-03 8.802223019301891327e-03
7.537255157212499762e+04 -6.895247381180524826e-03 -9.934565983712673187e-03 1.199977286159992045e-02
7.537257656112500990e+04 -1.115527469664811915e-02 -2.509642625227570967e-03 1.197652798146008925e-02
7.537260155512500205e+04 -7.958907634019851685e-03 -3.931178071070461923e-04 1.091887149959802975e-02
7.537262654712500807e+04 2.693005139008163972e-03 6.507480284199118614e-04 4.544663708657026291e-03
7.537265153912499954e+04 5.863923579454421997e-03 2.798236440867186026e-03 6.682496052235364914e-03
7.537267653412499931e+04 3.723840927705169158e-03 -3.553388640284537835e-03 8.813805878162384033e-03
7.537270153612500872e+04 5.835113115608692169e-03 -6.714866962283849716e-03 1.095500960946083069e-02
7.537272651012500864e+04 1.580620883032679991e-03 -6.720870733261108398e-03 1.094174478203058069e-02
7.537275150312500773e+04 -2.658047247678041024e-03 -4.624387249350547791e-03 8.795651607215404510e-03
