5.312604612529167207e+04 7.626113295555114746e-02 5.107600688934326172e-01 1.135277152061461986e-01
5.312607111429166980e+04 1.096195951104163985e-01 3.162384629249572754e-01 8.299366384744644165e-02
5.312609610329166753e+04 -1.331785111688077016e-03 1.266767680644989014e-01 1.446764320135117132e-01
5.312612108729167085e+04 -6.589119136333465576e-02 -1.675985753536224018e-02 2.490730136632919034e-01
5.312614608129167027e+04 -1.782323606312274933e-02 -6.386417895555496216e-02 9.379278868436813354e-02
5.312617106529167359e+04 1.022647321224213063e-01 -1.075785234570502957e-01 -1.581756770610809049e-01
5.312619605529167166e+04 1.538813561201096136e-01 -8.912406861782073975e-02 -2.315183877944946012e-01
5.312622104429166939e+04 1.300747245550155917e-01 -1.533468961715697965e-01 -1.740035712718963901e-01
5.312624603229166678e+04 -6.491601467132568359e-03 -1.325808018445968905e-01 1.297234743833542044e-02
5.312627102929166722e+04 -2.382423579692841131e-01 -5.848196521401405334e-02 1.292788535356521884e-01
5.312629599429167138e+04 -2.428579032421112061e-01 -1.537344753742218018e-01 5.057008564472197792e-02
5.312632100229166826e+04 -1.170823872089385986e-01 -2.496241778135299960e-01 -1.097211316227913042e-01
5.312634598429167090e+04 7.908596843481063843e-02 -3.634731173515319824e-01 -1.611266583204269132e-01
5.312637097029166762e+04 2.938477136194705963e-02 -3.426072597503662109e-01 -8.982037752866744995e-02
5.312639596129167330e+04 -7.158321887254714966e-02 -3.383229076862335205e-01 3.551983833312988281e-02
5.312642093229167222e+04 -2.533183693885803223e-01 -2.875992655754089009e-02 1.250685453414916992e-01
5.312644593329166673e+04 -3.183192610740662176e-01 2.046441435813904086e-01 1.192392855882644931e-01
5.312647093529166887e+04 -1.865662783384323120e-01 2.142491787672043124e-01 -6.930617964826524258e-04
5.312649590829166846e+04 -5.895061790943145752e-02 1.823448985815047940e-01 -1.312373578548431119e-01
5.312652088729167008e+04 1.342481095343828028e-02 8.666904270648956299e-02 -2.629467546939849854e-01
5.312654589129167289e+04 3.845401108264923096e-02 -1.512429490685462952e-02 -2.545628547668457031e-01
5.312657087829166994e+04 -6.945671886205673218e-02 -4.410020634531974792e-02 -5.571589618921279907e-02
5.312659586729166767e+04 -1.097885072231293002e-01 1.002269908785820007e-01 5.367091670632361672e-02
5.312662085529167234e+04 -6.230920553207396594e-03 2.822751700878142755e-01 -1.438225992023945028e-02
5.312664584229166940e+04 1.041389107704163014e-01 2.625345885753632147e-01 1.582291349768638958e-02
5.312667083229166747e+04 1.816773265600203913e-01 3.282631039619445801e-01 1.324496790766716003e-02
5.312669582129167247e+04 1.420334279537200928e-01 3.177336156368256170e-01 -8.165957778692245483e-02
5.312672078829167003e+04 -1.166361719369888028e-01 2.585755586624146063e-01 8.904309570789337158e-02
5.312674579629166692e+04 -4.964976385235785744e-02 -2.556282840669155121e-02 1.173078939318657060e-01
5.312677078529167193e+04 1.314121931791306097e-01 -2.558252215385437012e-01 1.043403372168540955e-01
5.312679577229166898e+04 1.285721659660339078e-01 -3.423588275909423828e-01 1.517466455698013028e-01
5.312682076029166637e+04 1.313173770904541016e-01 -1.575121879577636996e-01 5.673561617732048035e-02
5.312684574829167104e+04 9.903963655233383179e-02 1.105056181550025940e-01 -1.333853043615818024e-02
5.312687072229167097e+04 1.002170592546463013e-01 6.052082404494286277e-02 -2.285756170749663960e-02
5.312689572829166718e+04 4.790721461176872253e-02 -2.542157098650931965e-02 8.290480077266693115e-02
5.312692071529167151e+04 8.478643139824271202e-04 -6.333238631486892700e-02 1.200752407312393050e-01
5.312694571229167195e+04 -4.504561051726341248e-02 -2.487851083278656006e-01 1.584992110729218084e-01
5.312697068329167087e+04 7.958248257637023926e-02 -5.090476870536804199e-01 5.875164642930030823e-03
5.312699568529167300e+04 1.379211992025375089e-01 -4.920621812343596857e-01 -1.100454032421112061e-01
5.312702066729166836e+04 2.579591609537601124e-02 -3.569410145282744806e-01 -6.478326767683029175e-02
5.312704565629167337e+04 -9.569611400365829468e-02 -2.674472630023955744e-01 9.233461320400238037e-02
5.312707064429167076e+04 -1.963208019733428955e-01 -1.279727518558501920e-01 2.716488838195800781e-01
5.312709561429166934e+04 -3.086449205875396729e-01 2.035951316356658936e-01 3.230547308921813965e-01
5.312712060929166910e+04 -3.669768273830413818e-01 2.847352921962738037e-01 1.598340570926665982e-01
5.312714561829167360e+04 -1.997063010931015015e-01 2.734784483909606934e-01 -1.442082226276397983e-01
5.312717059729166795e+04 -5.370153114199637673e-02 2.465201765298843106e-01 -3.141052424907683771e-01
5.312719558029167092e+04 1.763721704483031949e-01 4.801967740058898926e-02 -3.418634533882141113e-01
5.312722057529167068e+04 2.161179035902023038e-01 -5.505732074379920959e-02 -2.489466816186904907e-01
5.312724554729166994e+04 9.709939360618591309e-02 -1.333155632019042969e-01 1.382812112569808960e-02
5.312727054829167173e+04 4.779779911041259766e-02 1.629883795976639072e-01 3.353218734264373779e-02
5.312729554129167082e+04 6.703543663024902344e-02 3.400079905986785889e-01 4.617093130946159363e-03
5.312732052729166753e+04 4.899288713932036660e-02 3.730447590351104736e-01 1.302158087491989136e-01
5.312734551729167288e+04 1.339376270771026889e-01 2.704311311244965155e-01 1.561818122863770086e-01
5.312737050529167027e+04 1.458599865436553955e-01 4.462238550186157227e-01 1.112688034772873064e-01
5.312739549229166732e+04 -2.986894175410271038e-02 5.498237907886505127e-02 1.814786940813065130e-01
5.312742048129167233e+04 -9.957256913185119629e-02 1.500135213136672974e-01 2.514441609382628839e-01
5.312744545329167158e+04 -4.259661212563514709e-02 1.461512148380280096e-01 1.749517023563385010e-01
5.312747045529166644e+04 1.215347126126288951e-01 8.839988708496093750e-02 1.957142725586891174e-03
5.312749543329166772e+04 3.089291453361511230e-01 3.614155575633049011e-02 -1.549928784370422086e-01
5.312752043629167019e+04 4.144882261753082275e-01 6.774486601352691650e-02 -1.930301487445831021e-01
5.312754542329166725e+04 4.845620691776276329e-02 1.802134364843369085e-01 -4.419281706213951111e-02
5.312757041129167192e+04 -1.133647486567496976e-01 -6.345823407173156738e-02 1.345115453004837036e-01
5.312759540029166965e+04 -2.549557089805603027e-01 -3.508551716804503839e-01 1.812717616558074951e-01
5.312762039529166941e+04 -5.431127920746803284e-02 -5.892921090126037598e-01 -1.906861737370491028e-02
5.312764536629166832e+04 9.211082011461257935e-02 -7.533347606658935547e-01 -9.506924450397491455e-02
5.312767037129167147e+04 1.529401093721390048e-01 -7.004941701889038086e-01 -1.268885135650635043e-01
5.312769535329166683e+04 -8.293632417917251587e-03 -5.172313451766967773e-01 6.721354275941848755e-02
5.312772034229167184e+04 -1.198603510856628002e-01 -2.881637513637542725e-01 1.666769236326217929e-01
5.312774533029166923e+04 -2.030208557844161987e-01 6.516089290380477905e-02 1.595733463764190951e-01
5.312777032729166967e+04 -1.130778789520263949e-01 3.092727065086364746e-01 -7.368290424346923828e-02
5.312779529929166893e+04 -8.410197496414184570e-02 4.794993996620178223e-01 -2.559234201908112127e-01
5.312782029529166903e+04 -5.822819657623767853e-04 2.816378176212310791e-01 -3.086557090282440186e-01
5.312784528529166710e+04 9.157498180866241455e-02 1.241657361388206066e-01 -2.485163211822510043e-01
5.312787028029166686e+04 5.926989018917083740e-02 1.026849448680877963e-01 -1.625498682260513028e-01
5.312789525229167339e+04 -1.301906853914260864e-01 3.843976557254791260e-02 1.308640390634537021e-01
5.312792024829167349e+04 -1.757366210222243985e-01 2.112278342247009000e-01 2.232349067926407138e-01
5.312794523729167122e+04 3.593000024557114341e-02 2.928573191165924072e-01 7.684666663408279419e-02
5.312797022729166929e+04 2.239590585231781006e-01 2.559707462787628174e-01 -2.793362550437450062e-02
5.312799521429167362e+04 2.580311596393585205e-01 2.432326823472976962e-01 -3.206698223948478699e-02
5.312802020229167101e+04 1.446511149406433105e-01 3.963789045810698908e-01 -9.759547561407089233e-02
5.312804519229166908e+04 -2.869313396513462067e-02 3.607379198074340820e-01 -1.004196628928185064e-01
5.312807017829167307e+04 -7.073749601840972900e-02 -1.093434286303818009e-03 1.384650021791458130e-01
5.312809516729167080e+04 6.513134390115737915e-02 -2.499014139175415039e-01 1.914847046136856079e-01
5.312812015429166786e+04 -1.077815517783164978e-01 2.805838547646999012e-02 -2.136933803558349956e-02
5.312814514029167185e+04 -1.513435095548630038e-01 2.379483580589293878e-01 -4.627002403140068054e-02
5.312817014129166637e+04 5.548180546611546603e-03 -4.970640409737825394e-03 -1.170304417610168041e-01
5.312819511729166697e+04 1.274771839380264005e-01 -2.358167916536330899e-01 -1.823768168687819879e-01
5.312822009429166792e+04 -8.473833650350570679e-02 -9.539187699556350708e-02 -1.256971955299376886e-01
5.312824509829167073e+04 -2.135916352272033969e-01 -1.269121766090393066e-01 3.261326253414154053e-02
5.312827008729166846e+04 -1.018832996487616938e-01 -2.734304070472716730e-01 -9.251416474580764771e-02
5.312829507729166653e+04 -1.230532601475716054e-01 -2.003984451293945035e-01 -1.118453294038772999e-01
5.312832004829167272e+04 -1.479283571243286133e-01 -3.823388516902924139e-01 -4.247118160128592751e-02
5.312834504929166724e+04 -1.523458808660506925e-01 -3.217068612575531006e-01 -3.084335848689078938e-02
5.312837004029167292e+04 -1.221221387386322021e-01 -1.307130008935928067e-01 -1.107770577073097056e-02
5.312839502729166998e+04 -1.999662965536118109e-01 1.558040678501128873e-01 -1.169005315750836979e-02
5.312842001729166805e+04 -2.785794436931610107e-01 3.677212297916411798e-01 -4.203263670206069946e-02
5.312844500929166679e+04 -1.579861640930176059e-01 3.291677832603455145e-01 -9.164847433567047119e-02
5.312846998129167332e+04 -5.987660028040409088e-03 2.051170766353606900e-01 -2.038923203945159912e-01
5.312849498329166818e+04 -1.733162999153136860e-02 8.588796854019165039e-02 -2.367962896823883057e-01
5.312851995829166844e+04 -4.703805223107337952e-02 -5.119388177990912697e-02 -1.249245181679726063e-01
5.312854495929167024e+04 -7.882685214281082153e-02 -4.477239400148391724e-02 -6.816876120865345001e-03
5.312856994829166797e+04 -3.772583603858947754e-02 1.657226532697677890e-01 1.967931911349296917e-02
5.312859494329166773e+04 4.620184749364852905e-02 3.409185111522675116e-01 1.334304269403219050e-02
5.312861992329166969e+04 6.337769329547882080e-02 4.605808854103087824e-01 -1.654928550124168049e-02
5.312864491629166878e+04 1.222727373242377957e-01 3.254646956920623779e-01 -5.452977865934371948e-02
5.312866990729166719e+04 2.394997980445622964e-03 2.074935138225554865e-01 5.705423280596733093e-02
5.312869489529167186e+04 -6.125851348042488098e-02 3.989741206169127724e-02 1.869913786649703979e-01
5.312871987729166722e+04 4.452605266124010086e-03 -2.195710986852645874e-01 2.428993880748749057e-01
5.312874486529167189e+04 6.492103636264801025e-02 -3.434045612812042236e-01 2.730723917484282892e-01
5.312876985329166928e+04 1.392990499734879095e-01 -2.289353758096694946e-01 1.368462443351745883e-01
5.312879484329166735e+04 1.870871037244797030e-01 -2.858755178749560963e-02 -7.029256317764520645e-03
5.312881982629167032e+04 2.175686061382293979e-01 1.932067051529883991e-02 -1.081273481249808988e-01
5.312884482829167246e+04 1.186969205737113953e-01 4.167479276657103798e-02 1.932719908654690136e-02
5.312886981329166883e+04 2.679253555834293019e-02 -2.576579526066780090e-02 8.194946497678756714e-02
5.312889479529167147e+04 -7.453284412622451782e-02 -3.033922314643859863e-01 1.458691954612731934e-01
5.312891976729167072e+04 -8.374775946140289307e-02 -4.873305559158325195e-01 1.162574663758278032e-01
5.312894477229166660e+04 -7.447472214698791504e-02 -5.890077948570251465e-01 3.014668636023997914e-02
5.312896975929167093e+04 7.763095945119857788e-02 -6.856141686439514160e-01 -9.810670465230941772e-02
5.312899476229167340e+04 1.570575237274169922e-01 -5.323941111564636230e-01 -7.141397893428802490e-02
5.312901973329167231e+04 -2.429599687457085003e-02 -3.238128721714019775e-01 1.130508556962012967e-01
5.312904473629166750e+04 -2.279767841100693027e-01 -2.340479940176010132e-01 3.082420527935028076e-01
5.312906971229166811e+04 -1.696263551712036133e-01 5.018489807844161987e-02 1.653609871864319125e-01
5.312909470029167278e+04 -1.947533339262008945e-01 3.937124311923981268e-01 -7.705006748437881470e-02
5.312911969029167085e+04 -1.458017379045485895e-01 3.818271160125731867e-01 -2.132007926702499112e-01
5.312914466429167078e+04 2.159436233341693878e-02 3.151050955057144165e-02 -2.345829308032990057e-01
5.312916967029166699e+04 7.683341205120086670e-02 -2.774208597838878979e-02 -2.215484082698822021e-01
5.312919465729167132e+04 -9.063689410686492920e-02 -1.013253629207610945e-01 -1.751445606350899090e-02
5.312921964729166939e+04 -9.573281556367874146e-02 -3.454998508095741272e-02 8.143387734889984131e-02
5.312924463629166712e+04 -7.924944162368774414e-03 1.631171554327011108e-01 -1.541519723832606922e-02
5.312926962329167145e+04 1.147086694836616932e-01 3.208670616149901789e-01 -7.270693033933639526e-02
5.312929461129166884e+04 9.433273971080780029e-02 3.783198297023773193e-01 -5.686977505683898926e-02
5.312931960129166691e+04 9.559777379035949707e-02 3.250465691089630127e-01 -7.703477889299392700e-02
5.312934458729167090e+04 -2.693260274827479969e-02 3.402779698371887207e-01 8.656325936317443848e-02
5.312936957729166897e+04 -1.584609970450400959e-02 7.695638388395309448e-02 1.881076544523239136e-01
5.312939456529166637e+04 2.653146721422671925e-02 -2.484653890132904053e-01 2.259799391031264981e-01
5.312941955429167137e+04 2.030582539737224926e-02 -1.829078495502471924e-01 2.003165632486343106e-01
5.312944454329166911e+04 3.640881180763245323e-02 -8.998151868581771851e-02 3.943167626857758262e-02
5.312946953129166650e+04 1.291246712207793912e-01 -6.065123528242111206e-02 -1.211240068078040938e-01
5.312949451629167015e+04 1.887905597686768133e-01 -1.126860976219176969e-01 -1.304499804973602017e-01
5.312951951129166991e+04 1.045803278684615950e-01 -2.746469713747501026e-02 1.933940686285496105e-02
5.312954448329166917e+04 -1.055491715669631958e-01 8.653198927640914917e-02 8.773968368768692017e-02
5.312956948529167130e+04 -9.829118847846984863e-02 -1.086259484291076938e-01 -5.708173848688601580e-03
5.312959447329166869e+04 -2.794215269386767994e-02 -2.924534678459166925e-01 -1.415739357471466064e-01
5.312961946329166676e+04 5.108103528618813255e-02 -4.836507737636566162e-01 -1.655987948179244995e-01
5.312964444229166838e+04 3.513370454311370850e-01 -9.620491862297058105e-01 -1.661520302295685092e-01
5.312966944429167052e+04 5.733949691057205200e-02 -2.679456472396851141e-01 -3.807979077100753784e-02
5.312969442329167214e+04 -1.080257296562194963e-01 -3.351360559463500977e-01 1.680831462144851962e-01
5.312971941529167088e+04 -3.611773848533629816e-01 -1.749963015317916870e-01 2.927325367927551270e-01
5.312974440529166895e+04 -4.276234507560729980e-01 2.756335437297821045e-01 3.515063226222991943e-02
5.312976939429166669e+04 -4.532977342605590820e-01 3.559157550334929865e-01 -2.195779234170913974e-01
5.312979437529166898e+04 -1.541669368743895929e-01 1.066727116703986983e-01 -2.342671900987625122e-01
5.312981936929166841e+04 -4.677398130297660828e-02 2.571819126605988104e-01 -3.800162672996520996e-01
5.312984434829167003e+04 1.774719357490540106e-01 -1.942110247910023083e-02 -4.694679677486420233e-01
5.312986935729166726e+04 1.482162177562713901e-01 -1.113454811275004994e-02 -2.693464457988739014e-01
5.312989433529166854e+04 -1.366925984621047974e-01 1.218188032507896007e-01 1.076071336865424971e-01
5.312991940679166873e+04 -2.807749621570109974e-02 2.047270238399505893e-01 2.154441773891448975e-01
5.312994439179167239e+04 1.155002117156982006e-01 2.929099500179290771e-01 2.051509767770766934e-01
5.312996939179166657e+04 3.044194579124451239e-01 3.050213456153870184e-01 1.173528209328651012e-01
5.312999436179167242e+04 2.874181270599365234e-01 2.986199855804442804e-01 1.162403374910355031e-01
5.313001935979167320e+04 1.446933746337890903e-01 3.422027528285980225e-01 1.402166485786437988e-01
5.313004434779167059e+04 -6.763005163520574570e-03 2.949499189853668213e-01 2.046855539083481113e-01
5.313006933779166866e+04 3.985976427793502808e-02 1.581769138574599942e-01 1.091502159833907942e-01
5.313009432479167299e+04 1.159444451332092008e-01 1.183190643787384033e-01 4.022033512592315674e-02
5.313011929779167258e+04 1.873002946376801092e-01 3.213316574692726135e-02 -9.789451956748962402e-02
5.313014430379166879e+04 2.303159832954407016e-01 -8.506074547767639160e-02 -1.465995609760283869e-01
5.313016928879167244e+04 4.964710026979445717e-02 -1.813208684325217854e-02 9.875204414129257202e-02
5.313019427079166780e+04 -3.425700366497039795e-01 -5.254213884472846985e-02 2.114766091108321866e-01
5.313021927479167061e+04 -2.947588860988616943e-01 -2.010519057512283048e-01 9.671708941459655762e-02
5.313024425679167325e+04 1.042611375451087952e-01 -6.372168660163879395e-01 -1.570466011762619019e-01
5.313026924679167132e+04 1.160042285919189037e-01 -6.436198353767395020e-01 -1.623310595750808993e-01
5.313029423479166871e+04 1.694307848811149944e-02 -4.250679016113281250e-01 -1.629274487495422086e-01
5.313031922179167304e+04 -1.791435778141022006e-01 -2.972962856292725164e-01 9.875126183032989502e-03
5.313034420979167044e+04 -3.803448006510735252e-02 -1.612113118171691895e-01 -9.527458250522613525e-02
5.313036919979166851e+04 -9.208863228559494019e-02 1.420591622591018954e-01 -1.382242236286401922e-02
5.313039418779167318e+04 -2.549904584884644110e-01 2.131485641002655029e-01 2.605558373033999963e-03
5.313041917779167125e+04 -3.235499858856201172e-01 3.705467879772185724e-01 -8.095230162143707275e-02
5.313044416679166898e+04 -1.198432743549347063e-01 -4.991055279970169067e-02 -1.149087995290755948e-01
5.313046913979166857e+04 2.337703295052051891e-02 -4.001043736934661865e-02 -2.060481160879135132e-01
5.313049414179167070e+04 -3.626241534948348999e-02 -9.194516390562057495e-02 -1.902018934488297064e-01
5.313051914279167249e+04 -3.752099350094795227e-02 -3.656011447310447693e-02 -1.711047142744064053e-01
5.313054412179166684e+04 9.357662498950958252e-02 1.742629557847976962e-01 -2.305502146482467929e-01
5.313056911879166728e+04 1.843276321887969971e-01 2.900298237800598145e-01 -1.408849954605103094e-01
5.313059409879166924e+04 3.341015875339508057e-01 2.946603894233704168e-01 -1.201673224568367004e-01
5.313061907279166917e+04 1.770171970129013062e-01 4.162998199462891180e-01 -3.669328242540358803e-02
5.313064407479167130e+04 5.052985548973083496e-01 -5.804483219981194236e-02 5.018567293882369995e-02
5.313066907579167309e+04 1.573984175920485895e-01 5.494262576103210449e-01 1.208054926246404995e-02
5.313069405279166676e+04 6.740677356719970703e-02 3.454447090625762939e-01 1.164141297340393066e-01
5.313071904079167143e+04 6.465069949626922607e-02 1.404591500759125033e-01 2.146452814340590876e-01
5.313074403079166950e+04 1.565791964530945102e-01 5.300920456647872925e-03 1.682520955801010132e-01
5.313076901779166656e+04 2.629541456699370783e-01 -9.665998816490173340e-02 4.092147946357727051e-02
5.313079400679167156e+04 2.355711609125137052e-01 -2.688302993774414062e-01 2.400708757340908051e-02
5.313081899579166929e+04 3.689611554145812988e-01 -4.230129420757294256e-01 -1.903209462761878967e-02
5.313084398479166703e+04 1.479751709848642002e-02 -1.429325193166733066e-01 2.254875451326369962e-01
5.313086897379167203e+04 -2.439696788787842074e-01 -2.297833859920501987e-01 2.780052423477172852e-01
5.313089396279166976e+04 -5.406854748725891113e-01 -5.111715793609619141e-01 3.072120249271392822e-01
5.313091893279166834e+04 -9.584205597639083862e-02 -6.114363074302673340e-01 -1.236193776130675992e-01
5.313094393979167216e+04 -8.707436174154281616e-02 -6.976493597030639648e-01 -1.479788571596145907e-01
5.313096892879166990e+04 2.174652069807052890e-01 -5.598927736282348633e-01 -2.110618054866791049e-01
5.313099391379167355e+04 1.178795322775841037e-01 -3.807657659053801935e-01 -9.253144264221191406e-03
5.313101889679166925e+04 -8.531364798545837402e-02 9.764683246612548828e-02 8.850894123315811157e-02
5.313104389879167138e+04 -2.453892976045609076e-01 2.389536947011947909e-01 1.219278015196323048e-02
5.313106888179166708e+04 -1.229425743222237050e-01 3.723100125789641779e-01 -1.526564806699753085e-01
5.313109387079167209e+04 -1.544392108917236051e-01 3.876837491989135742e-01 -2.049653083086014072e-01
5.313111886079167016e+04 6.307730823755264282e-02 4.173736274242401123e-02 -1.111654415726661960e-01
5.313114386179167195e+04 -1.292543709278106967e-01 2.349685179069637819e-03 -1.106051430106163025e-01
5.313116883579167188e+04 -3.553198277950286865e-01 -8.602292835712432861e-02 1.081670224666595043e-01
5.313119382579166995e+04 -1.314494162797928134e-01 -4.588395729660987854e-02 1.684880554676055908e-01
5.313121881379166734e+04 1.529785096645354947e-01 1.052846461534499983e-01 -4.058751836419106224e-02
5.313124380379167269e+04 3.139913678169249933e-01 1.904384605586529125e-02 -8.681687712669372559e-02
5.313126879279167042e+04 3.770794272422791082e-01 -2.477402053773403168e-02 -1.259855777025223056e-01
5.313129378579166951e+04 2.449251711368561069e-01 4.565069451928138733e-02 3.644665703177452087e-02
5.313131876879167248e+04 2.083068788051604947e-01 1.145177632570267001e-01 3.536226153373718262e-01
5.313134375879167055e+04 -2.398517355322837830e-02 3.197258710861206055e-01 5.251452922821044922e-01
5.313136873579167150e+04 -4.919234663248062134e-02 2.068899720907211026e-01 4.964482784271240234e-01
5.313139373579167295e+04 1.336097270250319879e-01 7.419964671134948730e-02 2.565109729766846258e-01
5.313141872379167035e+04 2.943718731403350830e-01 -1.530275195837020874e-01 1.220590248703957020e-01
5.313144371179166774e+04 4.123038649559020996e-01 -2.155619114637374878e-01 8.562204428017139435e-03
5.313146870779166784e+04 4.083492457866669256e-01 -1.143555641174315990e-01 -1.715690791606903076e-01
5.313149369179167115e+04 3.660843521356583335e-02 -6.846852600574493408e-02 -1.004148423671721996e-01
5.313151867879166821e+04 -1.898579597473145086e-01 -2.687717378139495850e-01 1.792034059762954989e-01
5.313154365479166881e+04 -1.864089965820311945e-01 -4.886206090450286865e-01 1.677743196487427035e-01
5.313156865679167095e+04 -5.788848735392093658e-03 -6.498815417289733887e-01 -6.254897266626358032e-02
5.313159364479166834e+04 1.061069741845131059e-01 -6.394283175468444824e-01 -9.308384358882904053e-02
5.313161862279166962e+04 2.335433289408684124e-02 -4.783253371715546209e-01 1.682573638390749964e-04
5.313164362379167142e+04 -1.640434935688972126e-02 -2.922741174697875977e-01 3.388694673776627281e-02
5.313166860779166745e+04 -1.072713807225226940e-01 -1.327211409807204923e-01 7.812277227640151978e-02
5.313169360479166789e+04 -7.234567403793334961e-02 -7.518177479505538940e-02 9.195030480623245239e-02
5.313171858679167053e+04 -2.740692906081676136e-02 7.831864804029464722e-02 4.291263967752456665e-02
5.313174357679166860e+04 6.512105464935302734e-02 1.195437014102936069e-01 -9.529276192188262939e-02
5.313176854379167344e+04 1.224797144532203952e-01 1.162755489349364957e-01 -2.197114676237106046e-01
5.313179355479167134e+04 3.107336722314358105e-02 1.693630516529082974e-01 -1.008048132061958035e-01
5.313181853279167262e+04 -4.478727281093596718e-02 2.932043969631195068e-01 1.980689018964766901e-01
5.313184351379166765e+04 -2.924675121903419148e-02 4.082642197608947754e-01 2.384468168020248136e-01
5.313186850879166741e+04 2.979737520217896063e-01 6.474372744560241699e-01 1.220588684082030972e-01
5.313189350979166920e+04 8.079500496387481689e-02 5.549575090408325195e-01 2.774369902908802032e-02
5.313191848879167082e+04 -4.157176241278647683e-02 6.927694678306579590e-01 2.397943474352360119e-02
5.313194348979167262e+04 1.773762516677380042e-03 6.462308764457702637e-01 -7.273977249860763550e-02
5.313196846879166696e+04 3.656239807605742714e-02 4.056595861911774237e-01 -1.447480022907257080e-01
5.313199346479166707e+04 -3.531527519226074219e-02 1.051420569419860979e-01 -3.596822172403336265e-02
5.313201845379167207e+04 -1.277354657649993896e-01 -9.105262579396367073e-04 9.486321359872817993e-02
5.313204344079166913e+04 -1.148886308073996942e-01 -1.588200964033604015e-02 7.788643985986709595e-02
5.313206843079166720e+04 7.728963345289230347e-02 -1.289965063333511075e-01 -6.549161393195390701e-03
5.313209342079167254e+04 1.698525100946426114e-01 -1.353024840354918878e-01 -1.156508177518844951e-02
5.313211840079166723e+04 1.021893396973610063e-01 6.482966244220733643e-03 5.832949653267859719e-02
5.313214339479166665e+04 5.224147439002990723e-02 1.278826128691435034e-02 6.133138760924339294e-02
5.313216838879167335e+04 4.076087102293968201e-02 -3.499583154916763306e-02 5.074459686875343323e-02
5.313219337379166973e+04 3.714779391884803772e-02 -7.184165716171264648e-02 -2.590392343699932098e-02
5.313221836379166780e+04 -5.259421095252037048e-02 -1.416525989770889005e-01 -1.017964258790016036e-01
5.313224335279167281e+04 -8.304844051599502563e-02 -2.524559795856475830e-01 -1.433371454477309903e-01
5.313226833879166952e+04 -4.789426550269126892e-02 -4.030885100364685059e-01 -1.366439461708069125e-01
5.313229332979166793e+04 -1.077855378389358937e-01 -3.804766237735747736e-01 -9.639594703912734985e-02
5.313231831879167294e+04 -1.813091039657593051e-01 -3.313654065132141113e-01 5.027832463383675315e-02
5.313234329779166728e+04 -3.443062305450438898e-01 -1.082531586289405962e-01 1.985734403133392056e-01
5.313236828679167229e+04 -2.728109359741210938e-01 1.712307780981064120e-01 4.691122099757195386e-03
5.313239328579167341e+04 -1.681867688894272128e-01 1.918341517448425015e-01 -1.813757717609406073e-01
5.313241827179167012e+04 2.615733258426189076e-02 6.064482033252716064e-02 -2.689768373966217041e-01
5.313244326179166819e+04 8.492134511470794678e-02 -8.255939930677413940e-02 -1.567771583795546930e-01
5.313246825079167320e+04 1.566415466368198048e-02 1.744854636490345001e-02 -1.654294133186339985e-02
5.313249324879166670e+04 1.140685472637414932e-02 1.566174328327178955e-01 1.036182641983031949e-01
5.313251821979167289e+04 4.905471578240394592e-03 3.539993762969971258e-01 9.912303090095520020e-02
5.313254322179166775e+04 2.201557755470275879e-01 5.000847578048706055e-01 3.041366487741469990e-02
5.313256820379167038e+04 2.328898459672928134e-01 3.529508113861083984e-01 1.808097064495086947e-01
5.313259319379166845e+04 4.892143905162810724e-01 3.241122066974639893e-01 -8.564013987779617310e-02
5.313261818379166652e+04 8.517654985189437866e-02 3.505266308784484863e-01 1.696849763393402100e-01
5.313264317079167085e+04 2.022576630115509033e-01 2.306983023881911954e-01 1.680862009525299072e-01
5.313266814579167112e+04 1.752669662237167081e-01 -4.423921200213953853e-05 2.407096624374389926e-01
5.313269314979166666e+04 4.223755002021790245e-02 1.229409947991371016e-01 2.422581911087036133e-01
5.313271813079166895e+04 -7.302443846128880978e-04 1.780885159969330112e-01 2.478114143013954163e-02
5.313274312679166906e+04 1.598466783761977872e-01 -6.490035913884639740e-03 -9.055405110120773315e-02
5.313276811579166679e+04 3.955195844173430841e-01 -2.519928812980651855e-01 -1.491213589906693060e-01
5.313279310379167146e+04 1.240142658352852006e-01 1.451679971069098039e-02 -1.689950440777465972e-04
5.313281809279166919e+04 -1.976715922355652133e-01 6.249612197279930115e-02 6.156033277511596680e-02
5.313284308279166726e+04 -2.085602879524230957e-01 -1.866768449544906894e-01 -1.591114886105060924e-02
5.313286807179167226e+04 -6.192820146679878235e-02 -4.360567629337310791e-01 -2.430397123098373136e-01
5.313289306679167203e+04 -1.117321550846099992e-01 -6.038951277732849121e-01 -2.504741847515106201e-01
5.313291803879167128e+04 -1.410812139511108121e-01 -7.240478992462158203e-01 -1.599172800779342929e-01
5.313294303679167206e+04 -9.360326826572418213e-02 -7.012601494789123535e-01 -1.150596439838409007e-01
5.313296801879166742e+04 -9.746137261390686035e-02 -4.363709092140197754e-01 -5.682678148150444031e-02
5.313299301479166752e+04 -2.246218174695968905e-01 -4.867470264434813759e-02 -1.725499518215655934e-02
5.313301800179167185e+04 -3.036715984344481867e-01 1.743792444467545111e-01 4.564255010336636630e-03
5.313304299179166992e+04 -1.363585740327835083e-01 -8.698566257953643799e-02 -1.479292809963226041e-01
5.313306798079166765e+04 -1.912508159875870029e-01 1.884342730045318881e-01 -9.200590103864669800e-02
5.313309296879167232e+04 -5.309064313769341209e-02 -1.228625029325484952e-01 8.137001842260360718e-02
5.313311794679167360e+04 -8.037205040454864502e-02 6.117033213376998901e-02 1.718608103692531933e-02
5.313314294579166744e+04 4.666517302393913269e-02 1.869342327117919922e-01 -5.604538321495056152e-02
5.313316793479167245e+04 6.062256544828414917e-02 3.490545153617858887e-01 -8.815412968397140503e-02
5.313319292479167052e+04 8.393014222383499146e-02 3.451033532619475763e-01 -6.668598204851150513e-02
5.313321791279166791e+04 1.434619426727294922e-01 2.892268598079680841e-01 7.416293770074844360e-02
5.313324288279166649e+04 2.105726152658463080e-01 2.838675379753112793e-01 6.161285564303398132e-02
5.313326789079167065e+04 1.359023898839951117e-01 2.299679070711135864e-01 9.551827609539031982e-02
5.313329287979166838e+04 6.335513293743133545e-02 1.911599040031433105e-01 2.614764869213104248e-01
5.313331786879167339e+04 -3.867399320006371238e-02 8.066304028034210205e-02 2.644775211811066229e-01
5.313334285479167011e+04 -4.690386354923248291e-02 1.237342581152915955e-01 2.175937145948410034e-01
5.313336783679167274e+04 7.802288047969341278e-03 1.866222172975539884e-01 1.959586888551712036e-02
5.313339283379167318e+04 1.539495587348937988e-01 -7.017969153821468353e-03 -1.522220820188522061e-01
5.313341782279167091e+04 2.938286662101746161e-01 -2.037474662065505981e-01 -2.047722041606903076e-01
5.313344281179166865e+04 2.948581576347351074e-01 -1.591622978448868075e-01 -2.048247903585433960e-01
5.313346779679167230e+04 -2.148304134607315063e-01 2.267836593091487885e-03 8.406843245029449463e-02
5.313349279879166716e+04 -3.436594605445861816e-01 -1.960270553827286044e-01 1.222383677959442000e-01
5.313351779079167318e+04 -1.929872334003447931e-01 -4.674137234687805176e-01 -7.609348744153976440e-02
5.313354276679166651e+04 -9.231039881706237793e-02 -5.042225122451782227e-01 -1.619877070188522061e-01
5.313356775479167118e+04 1.713517904281615933e-01 -8.644101619720458984e-01 -1.191415637731551985e-01
5.313359274479166925e+04 7.616679184138774872e-03 -4.062509834766387939e-01 -3.398041799664496682e-02
5.313361773979166901e+04 -6.779924780130386353e-02 -1.113575249910355031e-01 6.123060360550879738e-02
5.313364272279167199e+04 -1.200706735253334045e-01 1.072531938552856029e-01 6.078657135367392800e-02
5.313366771279167006e+04 -2.135828733444213867e-01 4.474937319755554199e-01 1.958441361784934998e-02
5.313369269879166677e+04 -1.638696193695068082e-01 5.197618603706359863e-01 -8.684810250997543335e-02
5.313371768879167212e+04 -4.508578777313231728e-02 4.553651213645935059e-01 -1.737138777971267978e-01
5.313374267779166985e+04 1.064449101686477939e-01 2.629483640193939209e-01 -2.209062576293945035e-01
5.313376766579166724e+04 2.508339583873748779e-01 8.629889041185379028e-02 -1.744182258844375888e-01
5.313379265479167225e+04 1.126193925738334933e-01 1.035341471433639943e-01 8.604443073272705078e-02
5.313381764479167032e+04 4.018158838152884743e-02 2.247376590967178067e-01 2.230466306209563931e-01
5.313384263079166703e+04 1.380663812160491943e-01 3.478213250637053888e-01 2.051056176424025934e-01
5.313386760479166696e+04 2.708743810653687079e-01 3.457713425159453791e-01 8.732134848833084106e-02
5.313389261779167282e+04 2.406526058912276944e-01 2.611958086490631104e-01 1.810117997229098927e-02
5.313391759779166750e+04 1.054446995258331021e-01 1.636551469564437866e-01 4.759167879819869995e-02
5.313394258779167285e+04 5.850704759359359741e-02 -4.727564007043839195e-02 8.604417741298675537e-02
5.313396757679167058e+04 4.755182936787605286e-02 -2.441469579935074130e-01 1.458735913038254062e-01
5.313399254679166916e+04 7.350276410579681396e-02 -4.087893366813660223e-01 2.409526258707047064e-01
5.313401753579166689e+04 7.392798364162445068e-02 -4.538522958755493164e-01 1.920185089111328125e-01
5.313404254879167274e+04 1.506443619728088101e-01 -3.714548349380493164e-01 3.240932524204254150e-02
5.313406753079166810e+04 2.010973393917084018e-01 -2.765193879604340155e-01 -3.570780158042907715e-02
5.313409252079167345e+04 2.104626446962357122e-01 -2.083704322576523105e-01 -1.124714501202105955e-02
5.313411750979167118e+04 2.439234778285026897e-02 -2.810216322541236877e-02 1.008151024580001970e-01
5.313414247979166976e+04 -3.530728444457054138e-02 -2.269317023456096996e-02 1.187194064259528975e-01
5.313416748179167189e+04 -7.237153500318527222e-02 -1.268642246723175049e-01 1.091436669230460982e-01
5.313419248779166810e+04 -3.079335018992424011e-02 -3.179385960102080744e-01 -1.079384423792362040e-02
5.313421745579167327e+04 4.711159318685532310e-02 -4.369623661041259766e-01 -3.382201492786406777e-02
5.313424244379167067e+04 6.719303131103515625e-02 -3.731429576873778742e-01 -2.427347935736179005e-02
5.313426743279166840e+04 -1.423875838518142978e-01 -1.863995939493179044e-01 1.015496104955672940e-01
5.313429242979166884e+04 -3.001466989517211914e-01 -5.607339087873697281e-03 2.637602388858795166e-01
5.313431741979166691e+04 -2.591400742530822754e-01 2.524916529655457098e-01 1.645219773054122925e-01
5.313434240879167191e+04 -1.170048788189888000e-01 4.053556323051453192e-01 -7.058014720678329468e-02
5.313436739379166829e+04 3.662176197394729094e-03 2.699643373489379883e-01 -2.532043755054473877e-01
5.313439239579167042e+04 1.012710183858871044e-01 2.213117182254790982e-01 -3.561074435710906982e-01
5.313441737479167205e+04 4.455609992146492004e-02 5.752233415842056274e-02 -1.633151769638062079e-01
5.313444236279166944e+04 9.378105401992797852e-02 1.181111335754394948e-01 5.619167163968086243e-02
5.313446735279166751e+04 7.213970273733139038e-02 3.083794414997100830e-01 8.463893830776214600e-02
5.313449234079167218e+04 4.338520392775536277e-02 4.664181768894196112e-01 7.476194947957992554e-02
5.313451732779166923e+04 1.117376610636710947e-02 4.359983205795288086e-01 1.162315458059311052e-01
5.313454231679166696e+04 1.606135070323944092e-01 3.994374871253966730e-01 4.966650903224945068e-02
5.313456729979166994e+04 1.516003012657166082e-01 3.457313477993010919e-01 -1.314718928188086076e-02
5.313459229779167072e+04 9.090585261583328247e-02 2.799887657165526789e-01 5.825472762808203697e-04
5.313461726779166929e+04 3.613105043768882751e-02 1.278589814901351929e-01 8.260250091552734375e-02
5.313464227479167312e+04 -6.712032109498977661e-02 -1.429660245776175932e-02 1.037754788994788985e-01
5.313466725979166949e+04 -8.023289591073989868e-02 -7.775512337684631348e-02 2.073910273611545910e-02
5.313469226179167163e+04 -3.249821811914443970e-02 -1.233930587768554965e-01 -9.300756454467773438e-02
5.313471723279167054e+04 1.007647961378097951e-01 -3.124193549156188965e-01 -1.168328225612639965e-01
5.313474222779167030e+04 1.566503494977951050e-01 -3.382854759693145752e-01 -5.484627187252044678e-02
5.313476721779166837e+04 2.037836005911231041e-03 -1.322191506624222079e-01 -2.259176596999168049e-02
5.313479221479166881e+04 -2.334915548563004095e-01 -8.946042507886886597e-02 3.729465231299400330e-02
5.313481718979166908e+04 -1.686600446701050082e-01 -1.956241875886917114e-01 -8.166015893220901489e-02
5.313484219479167223e+04 -1.168055906891822954e-01 -3.800269663333892822e-01 -1.653985530138016025e-01
5.313486717879166827e+04 -1.010956987738609036e-01 -4.900127351284027100e-01 -1.247383356094359935e-01
5.313489226524999685e+04 -1.048969030380249023e-01 -4.086560010910034180e-01 -5.564735457301139832e-02
5.313491725325000152e+04 -1.087250038981437961e-01 -3.081907927989960272e-01 1.450684480369091034e-02
5.313494223825001245e+04 -2.122585624456405917e-01 -1.042250618338585039e-01 4.267022013664246299e-02
5.313496722925000358e+04 -2.595284283161162775e-01 1.230319067835807939e-01 -5.150136724114418030e-02
5.313499221825000132e+04 -1.948127895593642911e-01 1.898760050535202026e-01 -1.717237234115600863e-01
5.313501720924999972e+04 -2.111936733126639973e-02 1.196570843458175937e-01 -2.094115912914276123e-01
5.313504219824999745e+04 1.339386850595473966e-01 4.373204335570334694e-02 -1.768603771924973089e-01
5.313506718625000212e+04 7.017506659030914307e-02 7.883714884519577026e-02 -5.250259861350060203e-02
5.313509217625000019e+04 -6.319440901279449463e-02 2.491383999586105069e-01 1.193859875202178955e-01
5.313511717124999996e+04 -1.072103809565306057e-02 3.844929337501525879e-01 6.083828210830687783e-02
5.313514215325000259e+04 5.308113992214202881e-02 5.688753724098205566e-01 -8.935529738664627075e-02
5.313516714325000066e+04 1.231680661439896046e-01 6.252891421318054199e-01 -8.173513412475585938e-02
5.313519212624999636e+04 9.937488287687301636e-02 5.546869635581970215e-01 -2.527727000415325165e-02
5.313521713125000679e+04 1.016350463032722057e-01 4.230268895626068115e-01 -2.616749331355094910e-02
5.313524209525000333e+04 -4.957408085465431213e-02 2.558737397193909247e-01 1.546312570571899137e-01
5.313526708225000039e+04 -8.067004382610321045e-02 9.036640636622905731e-03 2.102208882570267001e-01
5.313529208625000319e+04 -1.536789685487746915e-01 -1.164112240076065063e-01 3.091886639595031738e-01
5.313531707625000126e+04 5.323018133640289307e-02 -2.125842124223709106e-01 1.097555905580521046e-01
5.313534206225001253e+04 1.390226185321807861e-01 -2.197198271751404086e-01 2.058062516152859081e-02
5.313536705324999639e+04 2.505868673324584961e-01 -1.974330544471741000e-01 -1.026285216212273060e-01
5.313539204125000106e+04 1.247392222285270968e-01 -5.182564724236726761e-03 -7.558819651603698730e-02
5.313541702725001232e+04 -4.010094329714775085e-02 4.553293064236640930e-02 -7.938385754823684692e-02
5.313544201825000346e+04 -1.631897538900375089e-01 -1.519859880208969116e-01 3.655908629298210144e-02
5.313546700925000187e+04 3.620037809014319940e-03 -4.572808444499968927e-01 -4.878359287977219322e-02
5.313549198725000315e+04 -2.729774452745914112e-02 -5.293439626693725586e-01 -3.282009065151215293e-02
5.313551698025000223e+04 -4.794600605964661338e-02 -5.171631574630737305e-01 2.141430415213108063e-02
5.313554197625000234e+04 -5.332062020897865295e-02 -3.845303952693939209e-01 1.590542867779732097e-02
5.313556695724999736e+04 -2.033160813152790070e-02 -1.511795073747634888e-01 -7.729236036539077759e-03
5.313559195124999678e+04 -8.366965502500534058e-02 4.249127581715583801e-02 4.826892539858818054e-02
5.313561693325000670e+04 -9.639047086238861084e-02 2.152974903583526889e-01 2.671028673648833882e-02
5.313564192825000646e+04 -1.684730648994446078e-01 2.351953387260437012e-01 3.061617724597454071e-03
5.313566691225000250e+04 -1.102302297949790955e-01 4.018518328666687012e-02 -8.064268529415130615e-02
5.313569189725001343e+04 -2.387198619544506073e-02 -8.536276966333389282e-02 -2.293097823858261108e-01
5.313571690025000134e+04 1.482084393501282085e-02 -5.399891361594200134e-02 -2.835400700569152832e-01
5.313574188524999772e+04 -4.972921311855316162e-02 -4.869163781404495239e-02 -5.796886235475540161e-02
5.313576687325000239e+04 -2.766675315797328949e-02 6.962256133556365967e-02 9.745047241449356079e-02
5.313579184325000097e+04 1.785598136484622955e-02 1.802288442850112915e-01 1.134358197450637956e-01
5.313581685625000682e+04 1.218087822198867937e-01 2.218011319637298862e-01 9.348484687507152557e-03
5.313584184025000286e+04 1.226992532610892972e-01 1.456516236066817960e-01 3.820264339447020790e-02
5.313586682825000025e+04 6.010885909199714661e-02 1.475198268890381137e-01 2.095163799822330128e-02
5.313589181725001254e+04 -2.562504075467586864e-02 1.779146045446395874e-01 1.005121171474457065e-01
5.313591680625000299e+04 -5.872062966227530739e-02 8.150094747543334961e-02 1.239815205335617065e-01
5.313594180125000275e+04 -1.205249652266501964e-01 9.747977601364254951e-04 1.473117470741271973e-01
5.313596678725000675e+04 -7.694683223962783813e-02 -4.902864247560501099e-02 2.184162475168704987e-02
5.313599177325000346e+04 7.754146307706832886e-02 -2.254866361618041992e-01 -1.307999789714812955e-01
5.313601676025000052e+04 1.758880317211151123e-01 -3.087148666381835938e-01 -1.868225783109664917e-01
5.313604174724999757e+04 7.806023955345153809e-02 -1.792046129703522006e-01 -6.376401335000991821e-02
5.313606673925000359e+04 -5.385381355881690979e-02 -2.469457685947417935e-01 8.180135488510131836e-02
5.313609172825000132e+04 -1.399631649255753119e-01 -3.499608635902404785e-01 8.803996443748474121e-02
5.313611671725001361e+04 -1.082588508725166043e-01 -3.127982020378112793e-01 -2.373249642550944935e-02
5.313614170724999713e+04 -6.346179544925689697e-02 -3.669953048229218084e-01 -3.523423895239830017e-02
5.313616667825000332e+04 1.054357960820198059e-01 -4.622490108013153076e-01 -1.357436627149581909e-01
5.313619169025000156e+04 8.709789812564849854e-02 -2.975634336471558172e-01 -1.189796626567840993e-01
5.313621667825001350e+04 -5.811131000518798828e-02 -1.080136075615883012e-01 6.882181018590927124e-02
5.313624166125000193e+04 -1.852526366710663119e-01 -9.011488407850265503e-02 2.846566736698151190e-01
5.313626665024999966e+04 -1.536468714475631991e-01 2.250351905822753906e-01 1.586903631687164029e-01
5.313629164025001228e+04 -1.512980461120604914e-01 4.270925223827362061e-01 -2.153738588094710957e-02
5.313631660925000324e+04 -1.107563078403473039e-01 3.535648882389069159e-01 -1.640285998582839966e-01
5.313634162625000317e+04 1.037512272596358975e-01 9.624449163675308228e-02 -2.343654334545134943e-01
5.313636659325000073e+04 1.855690330266953070e-01 1.481546759605407992e-01 -3.640987873077393133e-01
5.313639159325000219e+04 6.522002071142196655e-02 1.092246696352958957e-01 -2.046863138675689975e-01
5.313641658325000026e+04 -3.842283785343170166e-02 8.259423822164535522e-02 1.251713484525681097e-01
5.313644157225001254e+04 1.039936915040016036e-01 -5.418693646788597107e-02 1.505158841609955007e-02
5.313646655925000232e+04 2.080752551555634100e-01 1.317012906074523926e-01 1.409272383898496975e-02
5.313649154925000039e+04 1.661291718482970914e-01 1.608608514070510864e-01 7.036656886339187622e-02
5.313651652925000235e+04 -6.273632496595382690e-02 2.679759860038756769e-01 8.865755796432495117e-02
5.313654152725000313e+04 -9.459264576435089111e-02 2.222883850336075107e-01 8.859368413686752319e-02
5.313656650424999680e+04 4.337818548083304665e-02 -6.250036507844924927e-02 1.501067280769347867e-01
5.313659150525001314e+04 7.807973772287368774e-02 -2.337921410799025934e-01 2.154014855623244962e-01
5.313661649225000292e+04 1.546420603990555087e-01 -1.957508921623229980e-01 7.927814871072769165e-02
5.313664148225000099e+04 2.178077399730682095e-01 -1.487026065587996881e-01 -1.112170517444611012e-01
5.313666647325000667e+04 2.809717059135437012e-01 -2.138354331254959106e-01 -1.577916145324707031e-01
5.313669145925000339e+04 1.981423795223236084e-01 -1.883909553289412897e-01 -4.200410470366477966e-02
5.313671644825000112e+04 -1.116445958614348949e-01 -5.874284729361534119e-02 1.197753548622130931e-01
5.313674143725001340e+04 -1.581029444932937900e-01 -1.599595099687576016e-01 8.779946714639663696e-02
5.313676642525000352e+04 -7.636196911334991455e-02 -2.999170720577239990e-01 -1.400287728756666010e-02
5.313679141525000159e+04 -3.549478948116301796e-02 -3.884524106979370117e-01 -6.275083869695663452e-02
5.313681640524999966e+04 -6.736353039741516113e-02 -3.726141750812531073e-01 -6.822212785482406616e-02
5.313684138925000298e+04 -5.040672793984413147e-02 -3.757054209709166925e-01 -6.070788204669951699e-02
5.313686637425000663e+04 -1.031593903899192949e-01 -2.190813869237900058e-01 4.956535063683986664e-03
5.313689137825000216e+04 -1.949581205844878873e-01 2.882548375055193901e-03 2.674532681703567852e-02
5.313691635625000345e+04 -2.033311128616333008e-01 2.073907554149627963e-01 -1.081341225653886969e-02
5.313694136025001353e+04 -1.174301505088806014e-01 2.255759984254837036e-01 -1.159953474998473982e-01
5.313696633724999992e+04 1.671227044425904968e-03 1.014011353254317960e-01 -2.368664741516113004e-01
5.313699130725001305e+04 1.213796958327292980e-01 -2.751944772899150848e-02 -3.002175986766815186e-01
5.313701632225001231e+04 7.131469249725341797e-02 -8.557308465242385864e-02 -1.512026339769363126e-01
5.313704130425000039e+04 2.427146025002003063e-02 3.475663810968399048e-02 1.858958625234663053e-03
5.313706629124999745e+04 7.878373563289642334e-02 2.850134372711182196e-01 7.627585530281066895e-02
5.313709128225000313e+04 1.406111121177673062e-01 3.920204341411591131e-01 4.759497940540313721e-02
5.313711627125000086e+04 1.250098049640656073e-01 3.343031704425811768e-01 9.274934418499469757e-03
5.313714125325000350e+04 1.601511836051940918e-01 2.345931977033615112e-01 1.270922087132930929e-02
5.313716622425000241e+04 1.049931570887566029e-01 -1.805974356830120087e-02 1.923601143062115063e-02
5.313719124524999643e+04 7.030311226844787598e-02 -5.440704524517059326e-02 1.064896360039710999e-01
5.313721622525001294e+04 -3.241151943802834251e-02 -1.025558635592461049e-01 1.892883032560349066e-01
5.313724121425000340e+04 -4.653675109148026207e-02 -9.902572631835937500e-02 2.265141159296036044e-01
5.313726620425000146e+04 1.696478575468063008e-02 -4.886492341756820679e-02 1.351221799850463867e-01
5.313729117324999970e+04 1.747436821460723877e-01 2.591197006404399872e-02 -5.403455346822739341e-02
5.313731618124999659e+04 1.949435174465178888e-01 -8.085089502856135368e-04 -1.838701367378234863e-01
5.313734117125000193e+04 1.673101782798767090e-01 2.056641504168510090e-02 -5.830081179738044739e-02
5.313736615825001354e+04 -1.258340477943420133e-01 -1.804430484771729071e-01 4.856483265757560730e-02
5.313739115525000670e+04 -2.174484282732009888e-01 1.348626762628555020e-01 1.714160740375519076e-01
5.313741613425000105e+04 -2.640961706638336182e-01 -3.131639957427979071e-01 6.319094449281692505e-02
5.313744110625000030e+04 -9.019918739795684814e-02 -3.030279278755187988e-01 -7.613003253936767578e-03
5.313746611424999719e+04 1.420037448406218962e-02 -5.056930184364318848e-01 -1.127950474619865071e-02
5.313749110425000254e+04 -4.861211404204369285e-02 -2.522103488445281982e-01 -2.671207301318645130e-02
5.313751609925000230e+04 -2.829930186271666925e-01 -1.077404022216797014e-01 1.281496975570916956e-02
5.313754109625000274e+04 -2.278455793857573908e-01 -3.513482585549355247e-02 1.577489078044891080e-01
5.313756607725001231e+04 -2.245707809925079068e-01 2.139970809221267978e-01 1.233663037419319014e-01
5.313759105724999972e+04 -1.109781302511692047e-02 2.960060238838195801e-01 1.534068118780851017e-02
5.313761604825001268e+04 8.999942243099212646e-02 1.982324421405791959e-01 -1.173376068472861966e-01
5.313764104224999755e+04 1.071771085262299000e-01 1.280568987131119052e-01 -1.310393810272217074e-01
5.313766603425000358e+04 1.248154044151306014e-01 1.572492569684982022e-01 -7.883169502019882202e-02
5.313769102225000097e+04 1.208238825201987943e-01 1.921591162681579867e-01 1.803005114197731018e-02
5.313771600425000361e+04 4.251061752438545227e-02 3.212237358093262274e-01 9.110093861818313599e-02
5.313774099125000066e+04 -1.249934360384940928e-02 5.267900228500366211e-01 1.684121638536452970e-01
5.313776598025001294e+04 1.437173038721084872e-01 3.868793845176696777e-01 6.259583681821823120e-02
5.313779097024999646e+04 2.329526543617249090e-01 4.952778518199921209e-01 6.381575018167495728e-02
5.313781595325000671e+04 1.698993146419524869e-01 4.011892974376677912e-01 1.116547808051109036e-01
5.313784095525000157e+04 4.993745125830172625e-03 3.013849854469298761e-01 1.304132044315338135e-01
5.313786592625000048e+04 -6.308978796005249023e-02 9.770230203866958618e-02 1.528121232986449918e-01
5.313789093224999669e+04 -8.126496523618698120e-02 8.716623298823833466e-03 1.741579174995422086e-01
5.313791590025000187e+04 1.494349632412195032e-02 -4.716303199529647827e-02 -1.610084064304828991e-02
5.313794090525001229e+04 1.256378144025802890e-01 -1.120791137218475064e-01 -1.551791727542876920e-01
5.313796588625000004e+04 2.034284025430679044e-01 -7.930346578359603882e-02 -1.783978193998337070e-01
5.313799087124999642e+04 1.262622773647308072e-01 -5.003204941749572754e-02 -1.062632426619530002e-01
5.313801585925000109e+04 -1.247705817222594937e-01 -1.502628345042466944e-02 3.133017197251319885e-02
5.313804085725000186e+04 -2.299998253583908081e-01 -1.689983010292052945e-01 3.970038145780562661e-02
5.313806584624999959e+04 -2.709027528762816828e-01 -2.927705049514771063e-01 -1.992015726864337921e-02
5.313809083725001256e+04 -1.122863069176674028e-01 -4.043760001659392755e-01 -1.630441397428513128e-01
5.313811582325000199e+04 -3.354991599917411804e-02 -5.432664155960083008e-01 -1.551586091518402100e-01
5.313814081325000006e+04 -8.523042500019073486e-02 -4.110329449176787775e-01 -8.842258900403976440e-02
5.313816580225001235e+04 -1.782812476158142090e-01 -2.108749747276305875e-01 9.208025783300399780e-02
5.313819079025000246e+04 -2.234357595443725863e-01 -1.350328475236892978e-01 1.461550742387771884e-01
5.313821578025000053e+04 -1.699855476617813110e-01 1.033180281519889970e-01 8.851859718561172485e-02
5.313824077025001316e+04 -1.670116037130356113e-01 3.218169212341309149e-01 -3.954682499170303345e-02
5.313826575325000158e+04 -4.889318719506263733e-02 2.717820703983306885e-01 -1.775545924901962003e-01
5.313829074625000067e+04 6.649254262447357178e-02 1.398453116416930875e-01 -2.248937636613846103e-01
5.313831573625001329e+04 1.192699149250984053e-01 5.131560564041137695e-02 -1.660268008708954135e-01
5.313834072125000239e+04 9.514418989419937134e-02 1.149711087346076965e-01 5.110417306423187256e-02
5.313836570525001298e+04 9.632932394742965698e-02 2.232374697923660001e-01 1.585413217544555942e-01
5.313839070524999988e+04 1.058793365955353061e-01 4.650816619396210272e-01 1.380337923765181940e-01
5.313841569025000354e+04 1.562739014625549039e-01 5.314544439315795898e-01 8.060557395219802856e-02
5.313844067425000685e+04 2.246185094118118009e-01 3.646804988384246826e-01 6.080111488699913025e-02
5.313846567024999968e+04 2.544267773628234863e-01 1.960473656654357910e-01 7.282467186450958252e-02
5.313849065724999673e+04 3.278723731637001038e-02 1.740487068891524991e-01 1.307072788476943970e-01
5.313851563725001324e+04 -1.284689456224442083e-01 2.513133548200130116e-02 2.326216697692871094e-01
5.313854063925000082e+04 -1.060774996876717030e-01 -3.854392468929290771e-02 2.317030131816864014e-01
5.313856562224999652e+04 -2.711847424507141113e-02 -7.612850517034530640e-02 6.905622780323028564e-02
5.313859061325000221e+04 7.048362493515014648e-02 -1.763178780674934040e-02 -4.039822518825531006e-02
5.313861560325000028e+04 1.583583801984786987e-01 -1.092320214956998999e-02 -1.253235787153244019e-01
5.313864059925000038e+04 1.574395000934601108e-01 -1.110178045928478067e-02 -1.434321403503417969e-01
5.313866557025000657e+04 3.116015717387199055e-02 -4.846718534827231667e-02 -4.048800095915793679e-02
5.313869057125000108e+04 -1.967487186193465909e-01 -1.587191969156264981e-01 1.108210626989603043e-02
5.313871555725001235e+04 -2.720537483692169189e-01 -3.054107427597045898e-01 -7.047908729873597622e-04
5.313874054625000281e+04 -1.694125682115555087e-01 -4.883764982223510742e-01 -5.232838913798332214e-02
5.313876553625000088e+04 -7.453568279743194580e-02 -6.189937591552734375e-01 -6.889657676219940186e-02
5.313879053225000098e+04 -1.122089922428130965e-01 -5.134918093681335449e-01 -2.228974178433417927e-02
5.313881550025001343e+04 -1.771944761276245117e-01 -3.583513200283051092e-01 1.104340925812720975e-01
5.313884050225000101e+04 -6.640314310789108276e-02 -1.834233850240707120e-01 7.326994091272354126e-02
5.313886548825001228e+04 -1.730348765850067139e-01 1.582989096641541082e-01 7.675482332706451416e-02
5.313889048825000646e+04 -1.917339563369750977e-01 2.606099247932434082e-01 1.159837376326323076e-02
5.313891545624999708e+04 -1.199269741773605069e-01 1.293305754661560059e-01 -1.786454617977142056e-01
5.313894045725001342e+04 6.985523551702499390e-02 -2.081490494310855865e-02 -3.588959872722625732e-01
5.313896544624999660e+04 1.908072270452975880e-02 -2.203761488199234009e-01 -2.426994889974594116e-01
5.313899043525000161e+04 3.577530756592751243e-02 -3.512387573719025213e-01 -5.716460570693016052e-02
5.313901542725000036e+04 -3.817720338702201843e-02 -1.467087566852570135e-01 1.361706256866455078e-01
5.313904041825001332e+04 -1.102970819920300917e-02 9.998607635498046875e-02 1.753565520048140924e-01
5.313906538924999768e+04 1.179881319403647960e-01 3.012289404869080145e-01 1.126868799328804016e-01
5.313909038525001233e+04 1.793276816606521884e-01 4.679884612560272217e-01 6.173933390527963638e-03
5.313911537924999720e+04 1.886326819658278864e-01 4.131737947463989258e-01 4.461413994431495667e-02
5.313914036225000018e+04 4.284224659204483032e-02 3.157869279384613037e-01 2.008245587348937988e-01
5.313916535624999960e+04 6.015962734818459251e-02 2.420222908258438110e-01 3.695720061659812927e-02
5.313919034624999767e+04 6.525739282369613647e-02 1.360009014606476108e-01 -5.767240747809410095e-02
5.313921533525000268e+04 1.488994210958481113e-01 -2.231758832931519110e-01 -1.027577817440032959e-01
5.313924032325000007e+04 -2.772373855113983154e-01 1.412423849105834961e-01 9.030286222696304321e-02
5.313926531225001236e+04 -1.562465876340866089e-01 -1.767237633466721136e-01 1.760722324252128948e-02
5.313929030025000247e+04 -7.944578677415847778e-02 -2.416105121374129971e-01 -5.492322146892547607e-03
5.313931529325000156e+04 -3.420451283454895020e-02 -2.677191793918610174e-01 -7.667031884193420410e-02
5.313934028225000657e+04 -3.491314500570297241e-02 -1.737635731697083075e-01 -1.300422698259353915e-01
5.313936526625000261e+04 -3.597147390246391296e-02 2.260217675939201875e-03 -1.430372446775436124e-01
5.313939025125001353e+04 -5.406612530350685120e-02 9.132559597492218018e-02 -1.506337374448775968e-01
5.313941524625001330e+04 -6.639866530895233154e-02 7.511528581380844116e-02 -6.971073895692825317e-02
5.313944023624999681e+04 -5.084949731826782227e-02 -2.726140990853309978e-02 -1.307873055338860079e-02
5.313946521525001299e+04 -1.399653553962708075e-01 1.587064191699028015e-02 -4.006820544600486755e-02
5.313949021625000023e+04 -1.165745332837104936e-01 -2.333568409085274090e-02 -3.354800865054131248e-02
5.313951518825000676e+04 1.015322580933571001e-01 -3.462661430239676735e-02 8.752586692571640015e-02
5.313954019025000161e+04 1.610058844089508057e-01 2.378681451082229892e-01 -6.172712892293930054e-02
5.313956517925000662e+04 -4.973721504211425781e-02 4.544266164302825928e-01 7.364019751548767090e-02
5.313959016924999742e+04 -2.030730545520781916e-01 5.682020783424377441e-01 2.210385799407958984e-01
5.313961514324999735e+04 1.780772954225539884e-01 5.770758390426635742e-01 -2.240059673786163053e-01
5.313964013125000201e+04 2.390473335981369019e-01 2.028115838766098022e-01 3.333542868494986794e-02
5.313966512024999975e+04 -2.497876994311809973e-03 2.803533375263214111e-01 1.772967725992203036e-01
5.313969012325000222e+04 -1.698310971260071078e-01 1.690118610858916959e-01 1.023366451263428012e-01
5.313971511325000029e+04 -4.617969319224358299e-02 2.433038316667079926e-02 -5.364025756716728210e-02
5.313974010225001257e+04 1.528342515230179111e-01 -8.296798914670944214e-02 -1.955730170011520108e-01
5.313976509025000269e+04 2.157115042209624967e-01 -2.546310126781464178e-01 -6.308856606483459473e-02
5.313979008225000143e+04 5.664376169443129799e-02 -1.394294649362564087e-01 1.290505938231945038e-02
5.313981506925001304e+04 -1.763609647750853937e-01 -1.442910637706518000e-02 1.518464088439941059e-02
5.313984005625000282e+04 -1.632916033267975131e-01 -6.305814255028963089e-03 -2.418952248990536083e-02
5.313986504725000123e+04 5.440196488052606583e-03 -2.817827463150024067e-02 -1.109458133578300060e-01
5.313989003525001317e+04 1.535378098487854004e-01 -1.773578859865665089e-02 -1.477560102939605990e-01
5.313991509974999644e+04 1.109504252672195018e-01 1.055348291993141036e-01 -2.024448104202746998e-02
5.313994008875000145e+04 9.518720209598541260e-02 2.664924860000609796e-01 -5.884112045168877342e-02
5.313996507974999986e+04 7.687240093946456909e-02 2.869086265563964844e-01 -3.123541176319121968e-02
5.313999007175001316e+04 8.435394614934921265e-02 2.635408043861389160e-01 -3.331424668431282043e-02
5.314001503974999650e+04 6.182062625885009766e-02 1.545244306325911920e-01 8.149288478307425976e-04
5.314004004574999999e+04 1.058250293135643005e-02 6.242840364575386047e-02 3.377945348620414734e-02
5.314006503074999637e+04 -3.533801808953285217e-02 -3.706832230091094971e-02 6.673648208379745483e-02
5.314009002275000239e+04 -5.129432305693625710e-02 -8.692901581525802612e-02 7.207204401493072510e-02
5.314011501275000046e+04 -1.088424175977707048e-01 -1.377367228269577026e-01 9.322091937065124512e-02
5.314013999974999751e+04 -8.874674141407012939e-02 -1.206113696098328053e-01 1.049796491861342967e-01
5.314016498875000252e+04 -3.329130634665489197e-02 -9.422253072261810303e-02 8.276131004095077515e-02
5.314018997075001244e+04 -8.066000416874885559e-03 -4.953721910715103149e-02 -1.837521605193614960e-02
5.314021496574999765e+04 4.074645414948462746e-02 -2.495746500790119171e-02 -7.596731185913085938e-03
5.314023995774999639e+04 6.296230852603912354e-02 3.845772240310906930e-03 4.154914524406194687e-03
5.314026494675000140e+04 6.392671167850494385e-02 -1.406334806233643965e-02 1.802524365484714855e-02
5.314028993074999744e+04 2.543660812079906117e-02 1.265516597777605057e-02 4.129718989133834839e-02
5.314031490875001327e+04 1.063684560358523976e-02 5.827022716403008201e-02 4.008422046899796226e-02
5.314033991075000085e+04 7.347229123115539551e-02 4.019398242235183716e-02 2.967232465744018902e-02
5.314036490175000654e+04 8.597627282142639160e-02 7.552040368318557739e-02 5.842475220561028221e-02
5.314038987375001307e+04 8.523088693618774414e-02 1.748153418302536011e-01 9.320575743913650513e-03
5.314041488075000234e+04 4.598874598741530678e-02 2.456982880830765048e-01 -1.006703451275826021e-02
5.314043986874999973e+04 1.709427870810031891e-02 2.278546690940856934e-01 1.435699872672558004e-02
5.314046484175000660e+04 1.538528874516486948e-02 1.859817653894423883e-01 -3.459533676505088806e-02
5.314048984175000078e+04 2.946198545396327972e-02 7.645269483327865601e-02 -5.571321770548819802e-02
5.314051483375000680e+04 6.788071244955062866e-03 -1.648385636508465160e-02 -4.559224471449851990e-03
5.314053982374999759e+04 -4.867329820990561745e-02 -4.710960760712624290e-02 1.872923597693442951e-02
5.314056481275000260e+04 -6.454701721668243408e-02 -4.723052307963371277e-02 8.029773831367492676e-03
5.314058980074999999e+04 -4.946364462375640869e-02 -4.745121672749518654e-02 -1.641679555177688946e-02
5.314061478975001228e+04 -6.363906711339950562e-02 1.552241761237383062e-02 2.074418403208256115e-02
5.314063977475000138e+04 -6.167586520314217308e-02 6.662650406360626221e-02 3.667045012116432190e-02
5.314066476775000046e+04 -3.701209649443625710e-02 1.098887175321578979e-01 6.875430233776569366e-03
5.314068975575001241e+04 -4.022987559437751770e-02 1.184019520878791948e-01 1.005215477198362004e-02
5.314071474375000253e+04 4.548355471342802048e-03 8.133456110954284668e-03 1.988291554152965893e-02
5.314073973275000026e+04 -6.283038109540939331e-02 -9.738656692206859589e-03 -6.233211606740952232e-02
5.314076470675000019e+04 -5.136065185070037842e-02 -5.823314189910888672e-02 -2.921792678534984936e-02
5.314078971274999640e+04 -7.144311070442199707e-02 -1.358274221420288086e-01 -3.771353885531424782e-02
5.314081469875000039e+04 -4.567699134349822998e-02 -1.817010790109634122e-01 -6.419598311185836792e-02
5.314083968675001233e+04 -5.535527318716049194e-02 -1.974913775920867920e-01 -4.929731413722038269e-02
5.314086468874999991e+04 -9.543292969465255737e-02 -1.565743386745452881e-01 -8.783407509326934814e-02
5.314088966675000120e+04 -1.231269240379332941e-01 -9.398210793733596802e-02 -8.800014108419418335e-02
5.314091465675000654e+04 -1.468673795461654941e-01 -6.495571136474609375e-02 -4.764241725206375122e-02
5.314093965075001324e+04 -8.383224159479141235e-02 -2.176207676529883991e-02 -8.901830762624740601e-02
5.314096463375000167e+04 -5.407085269689559937e-02 -3.679142799228429794e-03 -8.894408494234085083e-02
5.314098962374999974e+04 -6.418745219707489014e-02 -9.087985381484031677e-04 -2.081236429512501110e-02
5.314101461274999747e+04 -4.726333543658257225e-02 2.993345633149147034e-02 -8.043382316827774048e-03
5.314103960075000214e+04 -3.315945854410529137e-03 4.228958114981651306e-02 -5.264746025204659202e-02
5.314106459075000021e+04 -1.932307332754135132e-02 1.688839867711066853e-02 -4.308898374438285828e-02
5.314108957975001249e+04 1.162479398772120042e-03 -4.387718811631202698e-02 -7.277692109346389771e-02
5.314111455274999753e+04 5.251970142126082680e-02 -6.540796905755996704e-02 -1.098591163754463057e-01
5.314113955474999966e+04 2.057783864438534130e-02 -1.396297365427016934e-01 -9.710100293159484863e-02
5.314116455475000112e+04 2.699235454201697956e-02 -1.513302773237228116e-01 -1.002606600522994995e-01
5.314118953475000308e+04 6.550116837024688721e-02 -1.186800003051757951e-01 -1.310618221759795865e-01
5.314121452375000081e+04 6.237436085939406655e-02 -1.588893122971057892e-02 -1.482344716787337979e-01
5.314123951375001343e+04 -8.236098219640552998e-04 8.216052502393722534e-02 -1.006364375352858942e-01
5.314126448575001268e+04 -1.894517429172993053e-02 1.203700155019759993e-01 -9.860998392105102539e-02
5.314128948975000094e+04 5.204766988754271767e-02 -2.326326668262481967e-01 -1.661057621240616122e-01
5.314131448875000206e+04 7.436760235577821732e-03 -2.040354162454605103e-02 -6.001299247145652771e-02
5.314133946774999640e+04 -7.634908426553010941e-03 -5.103244632482528687e-02 -2.918440662324428905e-02
5.314136445775000175e+04 3.373900055885314941e-02 -1.367728710174561102e-01 -9.769878350198268890e-03
5.314138944475001335e+04 5.933229811489582062e-03 -1.769178062677382868e-01 1.362058147788047964e-02
5.314141441875001328e+04 3.410556167364119790e-02 -7.253476232290267944e-02 -6.202592700719832680e-02
5.314143942475000222e+04 6.626085937023162842e-02 5.446321889758110046e-02 -1.057468652725220004e-01
5.314146441475000029e+04 1.114151328802109042e-01 1.389927566051482877e-01 -4.178924486041069031e-02
5.314148940174999734e+04 7.493811100721359253e-02 1.923665702342987061e-01 -6.828677374869585037e-03
5.314151439975001267e+04 3.738724440336226723e-02 2.287852615118027011e-01 3.134167566895484924e-02
5.314153938175000076e+04 3.406644612550734780e-02 2.045477777719497958e-01 4.946266114711760781e-02
5.314156437375000678e+04 1.101081222295760970e-01 1.085321605205536027e-01 -8.746707811951637268e-03
5.314158935775000282e+04 1.325396895408630094e-01 5.434863269329071045e-02 -1.606116257607936859e-02
5.314161434375000681e+04 1.178149431943893016e-01 1.700727082788943897e-02 -3.416927531361579895e-02
5.314163932175000082e+04 1.231918931007384976e-01 -4.033024236559867859e-02 -3.621013835072516701e-02
5.314166432475000329e+04 4.300092905759810707e-02 -9.716358035802841187e-02 2.323102951049805034e-02
5.314168931975000305e+04 4.566731303930283287e-02 -5.645735189318656921e-02 -4.816893115639687278e-02
5.314171430075001263e+04 8.171763271093368530e-02 7.286694645881652832e-02 -1.802783608436583918e-01
5.314173928375000105e+04 1.150621771812438965e-01 1.678947359323501864e-01 -2.356628328561783114e-01
5.314176428275000217e+04 -7.836144417524337769e-03 1.697779744863510132e-01 -2.731802500784397125e-02
5.314178924974999973e+04 -1.022124215960503041e-01 1.661524325609206876e-01 -6.063718348741530678e-02
5.314181426674999966e+04 -8.758310228586196899e-02 -1.061917189508677049e-02 -1.139198895543814052e-02
5.314183924775000196e+04 -5.254679173231124878e-02 -8.368664234876632690e-02 2.659030957147479057e-03
5.314186423475001357e+04 7.971901446580886841e-02 -1.786420643329620084e-01 -1.714577674865722934e-01
5.314188922574999742e+04 -3.368895500898361206e-02 -1.567319929599761963e-01 -8.771936595439910889e-02
5.314191421475000243e+04 6.444470584392547607e-02 -6.918739527463912964e-02 -2.664359509944915771e-01
5.314193920175000676e+04 7.148533314466476440e-02 -1.333817392587662021e-01 -2.098856866359710971e-01
5.314196419074999721e+04 2.049091644585132946e-02 -1.990004181861876886e-01 -7.580580562353134155e-02
5.314198917975000222e+04 -8.186317980289459229e-02 -2.284986674785614014e-01 -3.989105299115180969e-02
5.314201416975000029e+04 2.088558301329613079e-02 -1.454032361507416049e-01 -1.301714628934859952e-01
5.314203915875001258e+04 8.030540496110916138e-02 -6.236982531845569611e-03 -1.269571483135223111e-01
5.314206414875000337e+04 3.408707305788993835e-02 9.293708950281143188e-02 -7.504503428936004639e-02
5.314208912574999704e+04 3.915775939822196960e-02 1.006739065051078935e-01 -4.523212835192679665e-02
5.314211413375000120e+04 7.104381173849105835e-02 4.240163043141365051e-02 -3.760012611746788025e-02
5.314213911075000215e+04 1.043280661106110035e-01 -7.791062351316213608e-03 -7.257863879203796387e-02
5.314216410275000089e+04 1.218008249998093068e-01 1.524003408849239002e-02 9.370394400320947170e-04
5.314218909275001351e+04 9.825035929679870605e-02 2.919714897871017109e-02 2.000506035983562123e-02
5.314221407975000329e+04 9.937248378992080688e-02 6.412688642740249634e-02 9.310510940849781036e-03
5.314223907075000170e+04 1.079243347048759044e-01 1.287763118743895929e-01 -2.458123257383704185e-03
5.314226405575001263e+04 1.419748961925506869e-01 2.030181884765625000e-01 -1.307619735598563974e-02
5.314228903675000038e+04 1.053435504436493059e-01 2.237022817134856900e-01 4.429056495428085327e-02
5.314231403675000183e+04 1.240511238574982036e-02 2.304641306400299072e-01 9.616619348526000977e-02
5.314233902575000684e+04 -7.881761528551578522e-03 1.626662611961365024e-01 1.121460348367691040e-01
5.314236401374999696e+04 6.308912765234708786e-03 9.959534555673599243e-02 7.814706116914749146e-02
5.314238900275000196e+04 3.937121853232383728e-02 8.466235548257827759e-02 6.656075268983840942e-02
5.314241399875000207e+04 5.118129774928092957e-02 9.302342683076858521e-02 5.167813226580619812e-02
5.314243898175001232e+04 -2.464959211647510876e-02 9.333787113428115845e-02 9.295640885829925537e-02
5.314246397875001276e+04 -7.650371640920639038e-02 1.534162014722824097e-01 5.543584749102591774e-02
5.314248895975000050e+04 -3.864648938179016113e-02 1.134417802095413069e-01 -2.107755281031132091e-02
5.314251394975001313e+04 -2.917413599789142956e-02 2.872777357697486877e-02 -7.049868581816554070e-04
5.314253893675000290e+04 -5.354756861925125122e-02 -6.412186659872531891e-03 -9.262309409677982330e-03
5.314256391975001316e+04 -6.233289465308188698e-02 -4.002326726913452148e-02 2.802196331322193146e-02
5.314258891675001360e+04 -6.323952227830886841e-02 -6.779139488935470581e-02 1.101302914321422924e-02
5.314261390275000304e+04 -2.265802212059497833e-02 -1.061384677886963029e-01 -7.979168556630611420e-03
5.314263889175000077e+04 -3.619337454438210228e-02 -1.149916797876358032e-01 -4.315887391567230225e-02
5.314266387975001271e+04 -1.252408698201180025e-02 -1.068135276436806003e-01 -7.823842018842697144e-02
5.314268887074999657e+04 8.528450503945350647e-03 -6.517276167869567871e-02 -5.584754049777985313e-02
5.314271385175001342e+04 -4.279274120926856995e-02 -8.611159771680831909e-02 -1.977961510419845928e-02
5.314273885175000032e+04 -6.959903240203857422e-02 -1.092083156108856062e-01 9.982991963624954224e-03
5.314276382275000651e+04 2.114862762391566883e-02 -5.438410118222237327e-02 -3.984700888395308754e-02
5.314278881575001287e+04 6.375791132450103760e-02 -4.583310801535844803e-03 -5.360253900289536216e-02
5.314281381775000045e+04 1.336335018277167927e-02 1.273681819438934049e-01 -1.452557276934384953e-02
5.314283880374999717e+04 -2.062574774026871074e-02 2.927244901657103937e-01 -3.400272130966187217e-02
5.314286379375000251e+04 -1.378775777993724021e-04 3.106697797775269110e-01 6.189491972327231667e-02
5.314288878375000058e+04 -4.350384324789047241e-02 2.501249015331267755e-01 1.715133935213088989e-01
5.314291377775000001e+04 2.305633854120970206e-03 1.503867208957672119e-01 1.707223057746886929e-01
5.314293876075000298e+04 4.351301863789557717e-02 2.855969965457915913e-02 8.261074125766754150e-02
5.314296375075000105e+04 5.554272606968879700e-02 4.195097833871840737e-02 3.896650671958923340e-02
5.314298873675001232e+04 1.841961778700352062e-02 4.667070694267749786e-03 3.037187270820140839e-02
5.314301372775000345e+04 -1.570698805153369904e-02 3.231677040457726219e-02 3.981199115514755249e-02
5.314303871775000152e+04 -6.055628880858421326e-02 -1.948013342916965138e-02 6.741720438003540039e-02
5.314306370975000027e+04 3.761838749051094055e-02 -1.120442897081374983e-01 3.377150371670722961e-02
5.314308868175000680e+04 -2.113638259470463146e-02 -1.934451460838317871e-01 7.520612329244613647e-02
5.314311368475000199e+04 -1.341409701853991075e-02 -8.666572719812393188e-02 3.037803806364535938e-02
5.314313866175000294e+04 2.407239982858300209e-03 -1.649134606122970928e-02 3.992698341608046791e-02
5.314316366174999712e+04 -1.001203525811433966e-02 5.095614492893218994e-02 -8.121434599161148071e-03
5.314318865175000246e+04 -6.242568045854567788e-02 8.520235121250152588e-02 2.681116573512554169e-02
5.314321363775000646e+04 5.343748256564140320e-03 7.372633367776870728e-02 -6.986739486455917358e-02
5.314323862874999759e+04 -6.065707653760910034e-02 7.973494008183479309e-03 -5.508960410952568054e-02
5.314326361875000293e+04 -7.349910587072372437e-02 4.941842705011367798e-02 -4.879342764616013267e-02
5.314328860474999965e+04 2.066225185990333904e-02 9.018713235855102539e-02 -1.252206563949584961e-01
5.314331359374999738e+04 5.269877612590789795e-02 5.824552476406096718e-02 -1.389219164848327914e-01
5.314333857675000036e+04 -2.548156119883060108e-02 1.957829110324383129e-02 -6.670605391263961792e-02
5.314336357275000046e+04 -3.681072592735291221e-02 1.062709372490643935e-02 -1.125293076038361012e-01
5.314338856275001308e+04 -1.119684148579836065e-02 -5.846237391233444214e-02 -1.124031916260719022e-01
5.314341355274999660e+04 -2.410684898495674133e-02 -1.251134276390075961e-01 -8.786853402853012085e-02
5.314343855375001294e+04 -6.686541438102722168e-02 -1.100476533174515048e-01 -6.140019372105597756e-02
5.314346352574999764e+04 -8.282996714115142822e-02 -1.036884710192679943e-01 -6.039519235491753318e-02
5.314348850075001246e+04 -1.801683334633708000e-03 -8.398717269301414490e-03 -9.538727998733520508e-02
5.314351350675000140e+04 -2.850836515426636089e-02 1.716904155910015106e-02 -8.272588998079299927e-02
5.314353849675000674e+04 -1.736794039607048035e-02 2.740545757114886891e-02 -1.346832234412432064e-02
5.314356348574999720e+04 1.009123027324677034e-02 1.281981263309717005e-02 1.113457046449184071e-02
5.314358845974999713e+04 4.093480482697486877e-02 -1.684448681771754872e-02 1.340212859213352030e-02
5.314361346175000654e+04 -3.241124376654624939e-02 -6.441912148147821426e-03 1.311168540269136082e-02
5.314363846375000139e+04 -3.746612742543221214e-02 1.268541216850281039e-01 -3.178439289331436157e-02
5.314366344075000234e+04 -5.718574672937393188e-02 2.049553990364074985e-01 3.302088752388954163e-02
5.314368842775000667e+04 -6.853787600994110107e-02 2.365737259387969971e-01 1.202793195843697011e-01
5.314371341474999645e+04 -1.180169731378555020e-01 1.693215370178222934e-01 1.968850642442702970e-01
5.314373838874999637e+04 -8.784753829240798950e-02 3.313806653022766113e-02 1.609206348657608032e-01
5.314376339675000054e+04 -4.827994480729103088e-02 -1.060856878757476945e-01 1.483854353427886963e-01
5.314378839675000199e+04 -5.575367063283920288e-02 -1.686328202486037930e-01 1.580246239900588989e-01
5.314381337375000294e+04 -1.250637322664260864e-01 -2.649923264980316162e-01 1.909225583076477051e-01
5.314383836475000135e+04 -1.846089661121368131e-01 -2.894603013992310125e-01 1.928815692663193027e-01
5.314386335175001295e+04 -2.297313958406448087e-01 -2.435894012451171875e-01 1.127991676330565990e-01
5.314388834174999647e+04 -2.566761672496796209e-01 -1.299434155225754062e-01 1.459826715290546070e-02
5.314391333175000182e+04 -2.340142279863358099e-01 -6.147589161992073059e-02 -3.125420585274695656e-02
5.314393832075000682e+04 -2.400708198547363004e-01 -8.861331269145011902e-03 -7.711889594793319702e-02
5.314396330675000354e+04 -2.719122469425200861e-01 -7.920310832560062408e-03 -8.574322611093521118e-02
5.314398829575000127e+04 -2.964322268962860107e-01 -9.590307623147964478e-02 -6.973744183778762817e-02
5.314401328074999765e+04 -1.884307563304901123e-01 -1.781618744134902954e-01 -1.363802403211593905e-01
5.314403827775001264e+04 -1.384694874286651889e-01 -2.098952531814574918e-01 -1.308504045009613037e-01
5.314406325375001325e+04 -1.476950347423552912e-01 -1.710880696773529053e-01 -1.777908653020859042e-01
5.314408826275000320e+04 -1.502016335725784024e-01 -1.366821527481079102e-01 -1.320466548204421997e-01
5.314411324074999720e+04 -1.511087715625762939e-01 -1.018788814544678012e-01 -1.544484943151473999e-01
5.314413824175001355e+04 -7.696792483329772949e-02 -1.597551405429840088e-01 -1.115330755710601945e-01
5.314416320075000112e+04 -1.166936531662940979e-01 -2.070629745721817017e-01 -5.942438542842864990e-02
5.314418820975001290e+04 -1.117268279194831987e-01 -2.851118743419647217e-01 -8.188715204596519470e-03
5.314421319974999642e+04 -1.057502552866936008e-01 -2.623418867588043213e-01 3.972632065415381691e-02
5.314423818975000177e+04 -1.673327386379241943e-02 -1.114915609359740933e-01 -6.880662590265274048e-02
5.314426318275000085e+04 4.052992165088654258e-02 1.073939539492129933e-02 -6.025294587016106346e-02
5.314428817474999960e+04 1.569437235593796123e-02 2.063113749027251920e-01 -3.182271867990493774e-02
5.314431313775000308e+04 -2.148211747407912861e-02 2.838696837425231934e-01 8.830836415290832520e-02
5.314433814474999963e+04 -3.799250721931458213e-02 2.049857676029205045e-01 1.661110073328017911e-01
5.314436313374999736e+04 7.477943319827318192e-03 1.383014023303985873e-01 7.155400514602661133e-02
5.314438812375000271e+04 7.509164512157440186e-02 1.236863806843758046e-01 -6.800868432037532330e-04
5.314441310274999705e+04 1.070022210478782931e-01 1.523483842611312866e-01 -3.797719255089759827e-03
5.314443810175001272e+04 1.423045694828032892e-01 1.669833362102509100e-01 -3.139214590191841125e-02
5.314446309775001282e+04 1.188362166285514970e-01 1.405318975448608121e-01 -1.972714252769947052e-02
5.314448807775000023e+04 7.092997431755065918e-02 5.250945314764977195e-02 -4.862524103373289108e-03
5.314451306775001285e+04 3.149345144629477761e-02 -1.106090284883975983e-02 1.211944036185741078e-02
5.314453805774999637e+04 1.464839372783898960e-02 -6.326226890087127686e-02 -4.906796384602785110e-03
5.314456303875001322e+04 -7.883371785283088684e-03 -5.774434283375740051e-02 1.950867474079132080e-02
5.314458803475001332e+04 -4.072668030858039856e-02 -3.847714979201554818e-03 -8.976765093393623829e-04
5.314461302474999684e+04 -2.451312355697154999e-02 -1.369371823966502970e-02 -3.278380632400512695e-02
5.314463800975000049e+04 -2.425329387187958111e-02 -2.462370879948138844e-02 -6.471104919910430908e-02
5.314466299374999653e+04 -2.620226517319678913e-02 -3.651020675897598267e-02 -8.600424975156784058e-02
5.314468800075000036e+04 -5.612377077341079712e-02 -1.254575401544570923e-01 -5.936449766159058311e-02
5.314471297075001348e+04 -9.250527620315551758e-02 -2.090064436197280884e-01 -2.317833527922629963e-02
5.314473796775000665e+04 -8.706905692815780640e-02 -2.780825197696685791e-01 -3.159564360976219177e-02
5.314476295875001233e+04 -6.689078360795974731e-02 -2.886314690113068182e-01 -2.725663781166077007e-02
5.314478795775001345e+04 -6.146614253520966270e-02 -2.240667641162872037e-01 -4.647899791598320007e-02
5.314481292774999747e+04 -4.523494839668273926e-02 -1.215144917368888994e-01 -9.128622710704803467e-02
5.314483792775001348e+04 -3.596092388033866882e-02 -5.221224576234818199e-02 -6.044041737914084694e-02
5.314486291275000258e+04 -4.847605526447296143e-02 -3.744342830032110214e-03 -9.568309038877487183e-02
5.314488790675000200e+04 -2.510344982147217144e-02 -3.126372024416924217e-02 -9.024743735790252686e-02
5.314491297366667277e+04 -4.792759194970130920e-02 -6.993316859006881714e-02 -2.530724741518497120e-02
5.314493796066666982e+04 -4.354999959468842247e-02 -8.068975806236267090e-02 -4.018484428524971008e-02
5.314496293966667145e+04 -4.074858874082565308e-02 -9.612110257148742676e-02 9.900345467031002045e-03
5.314498794066667324e+04 -3.328038379549980164e-02 -3.993881121277809143e-02 1.344540738500654914e-03
5.314501292966667097e+04 1.141653675585985010e-02 -1.765339635312556874e-02 -4.928085021674633026e-03
5.314503791866666870e+04 -2.063805423676967968e-02 3.869702666997910240e-02 8.751230314373970032e-03
5.314506290766666643e+04 5.166755523532629013e-03 6.065207347273827293e-02 -2.846182696521281849e-02
5.314508790066667279e+04 3.827960789203643799e-02 6.793648004531860352e-02 -4.753391444683074951e-02
5.314511288566666917e+04 3.731944831088184877e-03 6.322718411684036255e-02 1.838691160082817078e-02
5.314513787566666724e+04 -2.598503418266772877e-02 4.190658032894135215e-02 1.299148984253407045e-02
5.314516285266666819e+04 -4.465776495635508624e-03 5.011553689837455750e-02 -1.890798471868037831e-02
5.314518785266666964e+04 2.220355533063412060e-02 3.943931311368942261e-02 -2.839322201907635082e-02
5.314521282566666923e+04 1.900577731430530895e-02 8.079835772514343262e-02 -3.163684159517288208e-02
5.314523783066667238e+04 7.093182299286127090e-03 1.266421675682067871e-01 -9.354545734822750092e-03
5.314526281966667011e+04 -3.567721694707869790e-02 2.000524401664733887e-01 1.277994830161333084e-02
5.314528781066666852e+04 -2.142723242286592993e-04 2.388846129179001132e-01 -3.721006587147712708e-02
5.314531278966667014e+04 -2.593727409839630127e-02 2.062058746814728061e-01 -1.060828380286693920e-02
5.314533778666667058e+04 -1.514405570924282074e-02 1.041978001594543041e-01 -2.321228943765163075e-02
5.314536278066667001e+04 -6.706885993480682373e-02 -2.146356971934438185e-03 -3.602887690067291260e-02
5.314538776466667332e+04 -1.553979665040970126e-01 -1.517161130905151090e-01 -1.589729264378548015e-02
5.314541275366667105e+04 -1.869118511676788053e-01 -3.167700767517089844e-01 -4.781141877174376748e-02
5.314543775366667251e+04 -1.866146028041839877e-01 -4.178864955902100164e-01 -7.537495344877243042e-02
5.314546271866666939e+04 -1.436922848224639893e-01 -4.564854502677916925e-01 -1.199185773730278015e-01
5.314548771966667118e+04 -9.385042637586593628e-02 -3.937023580074309748e-01 -1.091629266738892018e-01
5.314551272166667331e+04 -8.770287781953811646e-02 -3.223539590835570734e-01 -8.686653524637222290e-02
5.314553770666666969e+04 -1.444473564624786099e-01 -2.307486087083817083e-01 -4.775969311594963074e-02
5.314556268766667199e+04 -9.529589116573333740e-02 -1.927947103977203092e-01 -8.066344261169433594e-02
5.314558767966667074e+04 -1.322325170040130893e-01 -1.550215482711791992e-01 -1.212870404124259949e-01
5.314561265066666965e+04 -5.759831517934799194e-02 -1.445629149675368985e-01 -1.466180831193923950e-01
5.314563765266667178e+04 -2.754744142293930054e-02 -1.615945547819138128e-01 -4.638529941439629295e-02
5.314566263666666782e+04 1.502725109457970012e-02 -1.531324237585068027e-01 -5.368458852171897888e-02
5.314568763266666792e+04 -2.066547423601150860e-02 -7.844264805316925049e-02 -1.188618019223213057e-01
5.314571262266667327e+04 -6.868936866521835327e-02 -9.738911688327789307e-02 -9.662482887506484985e-02
5.314573761266667134e+04 -1.061448380351067006e-01 -1.342679560184479037e-01 -6.368453800678253174e-02
5.314576259766666772e+04 -1.357845813035964966e-01 -2.254429906606673917e-01 6.094248965382575989e-02
5.314578759266666748e+04 -7.303091138601303101e-02 -2.678074836730957031e-01 6.333383172750473022e-02
5.314581258766666724e+04 -7.130958884954452515e-02 -1.877851039171218872e-01 1.069206967949866971e-01
5.314583756666666886e+04 -6.247905269265174866e-02 -4.075108841061592102e-02 5.244831368327140808e-02
5.314586255766666727e+04 -6.550769507884979248e-02 9.479887038469314575e-02 1.925241947174071919e-02
5.314588754666667228e+04 -5.153325572609900734e-02 7.447866350412368774e-02 2.285973401740192933e-03
5.314591253466666967e+04 3.579203411936759949e-02 -1.465443521738052021e-02 -4.773370921611785889e-03
5.314593752366666740e+04 5.797474086284636757e-02 -3.247591108083724976e-02 1.555681042373180042e-02
5.314596251366667275e+04 6.604659557342529297e-02 -4.385273531079292297e-02 -6.319901347160339355e-02
5.314598751166667353e+04 2.705808728933334004e-02 -7.910034060478210449e-02 2.831133827567100872e-02
5.314601249466666923e+04 -5.185987055301666260e-02 -8.422656357288360596e-02 5.681666731834412315e-02
