2.210904841986249958e+05 8.974224328994750977e-04 -1.266054809093474908e-03 -4.553943872451782227e-04
2.210905091736250033e+05 -1.757226273184641925e-04 -1.960186345968394929e-04 6.047321367077529430e-04
2.210905341746250051e+05 -1.852766145020723072e-04 -1.873933360911906037e-04 1.669616089202464061e-03
2.210905591496250127e+05 -1.769263471942394972e-04 -1.261059893295169093e-03 6.058793514966964722e-04
2.210905841376250028e+05 -1.253512920811771913e-03 -1.930898433784022927e-04 1.666062860749661922e-03
2.210906091266250005e+05 8.786491816863417625e-04 -2.029741008300333944e-04 6.079914164729416370e-04
2.210906341106249893e+05 -9.496145066805183887e-04 1.146604423411190943e-03 1.766680274158715985e-03
2.210906590966249933e+05 -2.006350550800561905e-03 2.196046756580471992e-03 6.968352827243506908e-04
2.210906840816249896e+05 -2.004105132073163986e-03 -9.896428091451525688e-04 7.006906089372932911e-04
2.210907090556249896e+05 -9.499907027930021286e-04 -9.796398226171731949e-04 1.769072609022259929e-03
2.210907340576249990e+05 -2.006561262533069091e-03 7.105385884642601013e-05 6.991926929913461208e-04
2.210907590326250065e+05 -2.008446957916020913e-03 2.193905878812075095e-03 6.964495405554771423e-04
2.210907840236249904e+05 -9.002927690744400024e-04 1.126480710809119046e-04 7.152344333007931709e-04
2.210908090076250082e+05 -1.972726779058576064e-03 1.182312029413878918e-03 1.775330165401100896e-03
2.210908339936250122e+05 -1.963423797860742049e-03 -9.524663910269737244e-04 7.128780707716941833e-04
2.210908589886249974e+05 -1.973452279344201088e-03 1.190553812193684009e-04 1.776478951796889088e-03
2.210908839656249911e+05 1.602726406417787075e-04 1.106652780435978960e-04 7.183244451880455017e-04
2.210909089496250090e+05 -9.032287052832543850e-04 1.091092199203557995e-04 7.147535216063261032e-04
2.210909339346250053e+05 -9.119378519244492054e-04 1.190068142022937943e-04 1.779666286893188953e-03
2.210909589206250093e+05 1.673755759838969057e-04 -1.987479627132416205e-03 1.789115951396524906e-03
2.210909839066250133e+05 1.734048273647204041e-04 1.243211736436933008e-04 7.213898934423923492e-04
2.210910088906250021e+05 1.651035709073767066e-04 -9.280174854211509228e-04 1.787594635970890956e-03
2.210910338766250061e+05 -8.920406689867377281e-04 1.182022271677851894e-03 7.163925911299884319e-04
2.210910588526249921e+05 -8.994591771624982357e-04 1.299906580243259939e-04 1.782570499926805063e-03
2.210910838426249975e+05 1.226460444740951061e-03 1.315299014095216990e-04 1.789425266906619072e-03
2.210911088316249952e+05 -8.867596625350415707e-04 -1.998761435970664024e-03 7.198614766821265221e-04
2.210911338326249970e+05 -8.961127023212611675e-04 -9.269905858673155308e-04 1.783440588042140007e-03
2.210911588036250032e+05 -8.885146235115826130e-04 1.236212992807849971e-04 7.169768214225769043e-04
2.210911837896250072e+05 1.655711675994097915e-04 1.196765690110624053e-03 1.784017775207757950e-03
2.210912087756250112e+05 1.746168709360063076e-04 1.244953891728073087e-04 7.202253909781575203e-04
2.210912337706249964e+05 -8.972738869488239288e-04 1.333286345470696959e-04 1.781670493073761029e-03
2.210912587506250129e+05 -8.882723632268607616e-04 -9.343438432551920414e-04 7.154821651056408882e-04
2.210912837256249913e+05 2.309786854311823845e-03 1.201764753204769980e-04 -3.405604220461099798e-04
2.210913087166250043e+05 -1.969851320609449907e-03 1.452479773433879018e-04 2.840463072061539130e-03
2.210913337066250097e+05 1.238112919963896058e-03 -9.332384797744452953e-04 7.220982224680483341e-04
2.210913586886250123e+05 1.649960031500085917e-04 1.364406925858930024e-04 1.782173407264054038e-03
2.210913836736250087e+05 -1.951405662111938000e-03 -1.999696018174291091e-03 7.128167198970913887e-04
2.210914086486249871e+05 -1.961830537766218185e-03 1.330371887888759104e-04 1.775023643858731010e-03
2.210914336336250126e+05 -8.921085391193628311e-04 1.190582057461142974e-03 7.067174883559346199e-04
2.210914586306250130e+05 1.726128684822469950e-04 -9.318227530457079411e-04 7.127148564904928207e-04
2.210914836166249879e+05 -3.017660463228822188e-03 -9.367912425659596920e-04 7.022108184173703194e-04
2.210915086006250058e+05 1.709377538645640016e-04 1.282360171899198944e-04 7.112010498531162739e-04
2.210915335856250022e+05 -9.003133745864033699e-04 1.362535986118018898e-04 1.772569608874619007e-03
2.210915585726250138e+05 1.628173049539327893e-04 1.373036939185112986e-04 1.775949378497899012e-03
2.210915835616250115e+05 -9.103910997509956360e-04 1.179526676423847892e-03 6.933788536116480827e-04
2.210916085466250079e+05 1.540233497507869926e-04 1.188302412629128045e-04 6.980723119340837002e-04
2.210916335126250051e+05 1.218114048242568970e-03 -9.414835949428379536e-04 7.027382962405681610e-04
2.210916584966249939e+05 -9.096374269574880600e-04 1.170870164060033993e-04 6.943956832401454449e-04
2.210916834996250109e+05 -9.097611764445900917e-04 1.166368383564986017e-04 6.942638428881764412e-04
2.210917084856249858e+05 1.216864795424043915e-03 1.182226696982980046e-04 7.010956178419291973e-04
2.210917334706250113e+05 1.507780543761328134e-04 1.163606182672082944e-03 -3.809878835454583168e-04
2.210917584636250103e+05 -9.281056700274348259e-04 -9.409873164258897305e-04 1.748112146742641926e-03
2.210917834346249874e+05 1.421780034434050051e-04 1.102213864214717935e-04 6.851288489997386932e-04
2.210918084366249968e+05 1.332829997409135103e-04 1.181849511340260939e-03 1.748689683154224916e-03
2.210918334136249905e+05 1.346210920019075003e-04 1.193786956719122963e-04 1.749857794493437030e-03
2.210918583986249869e+05 -1.975127728655933900e-03 9.536077413940802217e-05 -3.871564113069326228e-04
2.210918833826250047e+05 -9.356567752547562122e-04 -1.996346050873399215e-03 2.813817933201789856e-03
2.210919083626249922e+05 -1.991602825000882149e-03 1.026291356538421999e-04 6.633766461163759232e-04
2.210919333606250002e+05 -9.296598145738244057e-04 1.164973713457583947e-03 6.653925520367920399e-04
2.210919583396250091e+05 1.270020293304696950e-04 -9.466173942200839520e-04 1.736418926157057068e-03
2.210919833326250082e+05 1.335168199148029089e-04 1.041513460222631964e-04 6.699985824525356293e-04
2.210920083066250081e+05 1.204942120239139037e-03 9.385409794049337506e-05 -3.916212590411304885e-04
2.210920332976249920e+05 -9.308909648098051548e-04 1.008637045742944018e-04 6.663317908532917500e-04
2.210920582826249884e+05 -1.999830128625034852e-03 1.160330954007803960e-03 6.476187845692038536e-04
2.210920832686249923e+05 1.196482480736448954e-04 -9.500131127424538136e-04 1.722126733511686108e-03
2.210921082546249963e+05 -9.464319446124136448e-04 2.232799073681234880e-03 1.714544370770453973e-03
2.210921332406250003e+05 1.182645792141556957e-03 -9.493727120570838451e-04 1.725377747789025090e-03
2.210921582256249967e+05 -9.363075951114296913e-04 -9.627570980228483677e-04 6.533451378345489502e-04
2.210921832096249855e+05 1.190270297229290009e-03 -9.609240223653614521e-04 6.601816858164966106e-04
2.210922081956249895e+05 1.173470882349647988e-04 1.094028048100881007e-04 1.720257685519755103e-03
2.210922331806249858e+05 1.232128561241551963e-04 9.952177788363769650e-05 6.404829327948391438e-04
2.210922581766250078e+05 1.224898878717795014e-04 9.923129255184903741e-05 6.403751904144883156e-04
2.210922831486249925e+05 1.132205143221653998e-04 1.095205370802432028e-04 1.705311238765716986e-03
2.210923081356250041e+05 -9.415882523171603680e-04 9.741370740812271833e-05 6.367136957123875618e-04
2.210923331256250094e+05 -2.022021682932972908e-03 1.162412663688883050e-04 2.763154450803995132e-03
2.210923581036250107e+05 -2.006381750106811957e-03 2.217989414930344062e-03 6.303504924289882183e-04
2.210923830956250022e+05 1.218643883476033942e-04 -9.627421386539936066e-04 6.259113433770835400e-04
2.210924080806249985e+05 1.203822175739333034e-04 9.761110413819551468e-05 6.244599935598671436e-04
2.210924330546249985e+05 1.175319543108344078e-03 1.087318887584843013e-04 1.692823483608663082e-03
2.210924580516249989e+05 -9.429804631508886814e-04 9.508178482064977288e-05 6.207641563378274441e-04
2.210924830266250065e+05 -9.506433270871639252e-04 -9.566821390762925148e-04 1.686998526565731005e-03
2.210925080226249993e+05 1.204680156661197950e-04 -9.662531665526330471e-04 6.253549945540726185e-04
2.210925330076249957e+05 1.155740537797100978e-04 9.316729847341775894e-05 6.080580642446875572e-04
2.210925579946250073e+05 1.187042798846960068e-03 8.323512156493961811e-05 -4.536025517154484987e-04
2.210925829796250036e+05 -9.406289900653064251e-04 1.141838147304951928e-03 -4.619452811311929876e-04
2.210926079566249973e+05 -2.021147403866053061e-03 1.160285319201648018e-03 1.664448529481888034e-03
2.210926329486249888e+05 1.062707451637834039e-04 1.013603759929538044e-04 1.672601094469428062e-03
2.210926579366250080e+05 -9.574108989909291267e-04 9.918896830640733242e-05 1.669053803198039965e-03
2.210926829086249927e+05 -2.012856770306826071e-03 8.669758972246199846e-05 6.004751194268465042e-04
2.210927079086249869e+05 1.113261605496518043e-04 1.149747171439230008e-03 5.895749200135469437e-04
2.210927328936250124e+05 1.165665336884557984e-03 1.160630839876831012e-03 1.657914253883064010e-03
2.210927578796249873e+05 1.120974193327129023e-04 -9.744277922436594963e-04 5.920384428463876247e-04
2.210927828656249912e+05 -9.602360660210251808e-04 -9.658993803896009922e-04 1.653453218750656085e-03
2.210928078416250064e+05 -9.552012197673320770e-04 3.269944339990615845e-03 5.830535665154457092e-04
2.210928328386250068e+05 1.174430828541517041e-03 -9.739710367284715176e-04 5.951820057816803455e-04
2.210928578146249929e+05 -9.527695947326719761e-04 -9.767309529706835747e-04 5.711059784516692162e-04
2.210928828066250135e+05 -9.623750229366123676e-04 9.480851440457627177e-05 1.634648768231272914e-03
2.210929077926249884e+05 1.173525932244956060e-03 -9.749461896717548370e-04 5.778221529908478260e-04
2.210929327796250000e+05 1.080982037819921970e-04 1.146310591138898893e-03 5.715754814445972443e-04
2.210929577496249985e+05 -9.632901637814939022e-04 9.335437061963602901e-05 1.634360989555716948e-03
2.210929827506250003e+05 -9.548045345582067966e-04 8.235114364651963115e-05 5.692256381735205650e-04
2.210930077396249981e+05 -9.555983706377446651e-04 1.143736881203949018e-03 5.678050802089273930e-04
2.210930327216250007e+05 -2.034975215792655945e-03 1.022919241222552955e-04 2.678620396181941032e-03
2.210930577056249895e+05 -9.547516820020973682e-04 8.279985922854393721e-05 5.520053673535585403e-04
2.210930826916249935e+05 -9.631808497942984104e-04 9.285440319217741489e-05 1.616867142729460976e-03
2.210931076696249947e+05 1.007018872769548947e-04 -9.680560324341058731e-04 1.621576258912682967e-03
2.210931326636250014e+05 -2.028542803600430055e-03 2.212923718616365953e-03 1.610517734661697908e-03
2.210931576596249943e+05 2.226525684818625016e-03 9.484350448474287987e-05 1.626944169402122064e-03
2.210931826346250018e+05 -9.626036626286804676e-04 9.151144331553950906e-05 1.601245487108827071e-03
2.210932076206250058e+05 1.001360869850032032e-04 9.227085683960467577e-05 1.604615012183785005e-03
2.210932326056250022e+05 -2.020710380747913881e-03 3.263453487306832834e-03 5.286142113618552685e-04
2.210932575906249986e+05 1.172211254015564919e-03 8.201596938306465745e-05 5.428441800177097321e-04
2.210932825766250025e+05 1.179541926831007004e-03 1.132649020291865089e-03 -5.235651624388992786e-04
2.210933075626250065e+05 -9.634607122279703617e-04 -9.732156177051365376e-04 1.602058182470500036e-03
2.210933325306249899e+05 2.227764343842864037e-03 -3.093059873208404021e-03 1.615033135749400096e-03
2.210933575446250034e+05 1.182112144306302071e-03 -9.899443248286843300e-04 -5.376160261221230030e-04
2.210933825246249908e+05 1.172693446278572083e-03 8.125821477733552456e-05 5.259598256088793278e-04
2.210934075046250073e+05 -9.551012190058827400e-04 1.139270374551415010e-03 5.175698315724730492e-04
2.210934324916249898e+05 -2.019069390371441841e-03 2.199555281549692154e-03 5.126826581545174122e-04
2.210934574756250076e+05 -9.544774657115340233e-04 7.736789120826870203e-05 5.186863127164542675e-04
2.210934824626249901e+05 -9.547136141918599606e-04 7.678354450035840273e-05 5.186015041545033455e-04
2.210935074336249963e+05 1.173971337266265912e-03 1.143413363024591966e-03 5.088403704576194286e-04
2.210935324336249905e+05 1.166112138889729977e-03 9.173402213491499424e-05 1.575081376358866908e-03
2.210935574186249869e+05 1.106977651943453063e-04 7.943424861878156662e-05 5.065043806098401546e-04
2.210935824046249909e+05 1.115816849051042985e-04 -9.828349575400352478e-04 5.077380337752401829e-04
2.210936073906249949e+05 1.030714411172085052e-04 -9.730642195791006088e-04 1.572597771883011081e-03
2.210936323646249948e+05 1.107324351323767954e-04 7.753854879410937428e-05 5.061781266704201698e-04
2.210936573616249952e+05 1.132303295889869061e-04 -9.828770998865365982e-04 4.912633448839187622e-04
2.210936823476249992e+05 1.209664405905642022e-04 6.770528852939605713e-05 -5.751609569415450096e-04
2.210937073156250117e+05 1.184295397251843972e-03 6.862859299872070551e-05 -5.718305474147200584e-04
2.210937323176249920e+05 1.105465344153345038e-04 2.200739691033958955e-03 4.869631666224449873e-04
2.210937573036249960e+05 1.174828736111521938e-03 7.839777390472590923e-05 4.929782007820904255e-04
2.210937822896250000e+05 1.116252024075947973e-04 7.651314081158488989e-05 4.893939476460218430e-04
2.210938072756250040e+05 1.120763845392502980e-04 -9.856653632596135139e-04 4.906445392407476902e-04
2.210938322536250053e+05 -9.510628296993672848e-04 1.136903767473995902e-03 4.679972189478576183e-04
2.210938572476250120e+05 1.034389788401312991e-04 1.148115727119147994e-03 1.536380266770720048e-03
2.210938822286250070e+05 1.166462199762464003e-03 1.148797688074409962e-03 1.539717428386210962e-03
2.210939072036250145e+05 1.035833993228151988e-04 8.564583549741655588e-05 1.537506701424717903e-03
2.210939322036250087e+05 1.126325878431088951e-04 -9.866341715678572655e-04 4.737169365398585796e-04
2.210939571886250051e+05 -3.069631755352019830e-03 6.036409831722266972e-05 -6.030962103977799416e-04
2.210939821736250015e+05 1.131253957282751934e-04 1.137503422796726010e-03 4.556745116133242846e-04
2.210940071516250027e+05 -2.013267017900944190e-03 7.292702503036707640e-05 4.500062204897404259e-04
2.210940321526250045e+05 1.184885739348829009e-03 6.560591282323002815e-05 -6.047263159416615963e-04
2.210940571246249892e+05 1.169188879430294037e-03 -2.037260914221405983e-03 1.527849584817885919e-03
2.210940821166250098e+05 1.135092825279570980e-04 -9.882331360131502151e-04 4.579192900564522093e-04
2.210941071026250138e+05 1.033308435580693050e-04 1.145036192610860088e-03 1.520168036222458103e-03
2.210941320756250061e+05 -2.011434407904744148e-03 7.225829176604747772e-05 4.339677980169653893e-04
2.210941571737499908e+05 -2.012478653341532187e-03 1.133319805376232104e-03 4.325528279878199100e-04
2.210941821437499893e+05 -9.583893115632236004e-04 1.144522102549671910e-03 1.500905724242330031e-03
2.210942071467500064e+05 1.177659141831099987e-03 7.471820572391152382e-05 4.440736665856093168e-04
2.210942321117499960e+05 -2.021212130784987970e-03 8.034710481297224760e-05 1.498551922850311019e-03
2.210942571057500027e+05 1.138001316576264934e-04 7.209542673081159592e-05 4.403969796840100938e-04
2.210942820907499990e+05 1.168809714727103927e-03 -9.782036067917943001e-04 1.510077388957143047e-03
2.210943070787499892e+05 1.167264781543053958e-04 -9.873325470834970474e-04 4.259431443642824888e-04
2.210943320607499918e+05 -9.550643153488636017e-04 -9.787949966266751289e-04 1.487339264713227966e-03
2.210943570357499993e+05 1.176692967419512976e-04 -2.049669856205583052e-03 4.270228382665663958e-04
2.210943820347499859e+05 1.168182061519474062e-04 -9.885162580758333206e-04 4.256021056789904833e-04
2.210944070207499899e+05 1.147784641943871975e-04 1.133613521233201027e-03 4.228144534863532132e-04
2.210944320067499939e+05 -2.012541517615317865e-03 1.130359596572815938e-03 4.158166993875057047e-04
2.210944569927499979e+05 1.010197229334152964e-04 -9.668261627666652203e-04 2.541117602959274812e-03
2.210944819777499943e+05 2.243792405351995988e-03 7.605450082337483764e-05 4.166304424870759249e-04
2.210945069637499982e+05 -9.465608745813369751e-04 7.101962546585127711e-05 4.061085928697139025e-04
2.210945319397500134e+05 1.171252733911388029e-04 7.210928015410900116e-05 4.094717442058026791e-04
2.210945569377499924e+05 -9.548187954351305962e-04 8.072819764493033290e-05 1.470874180085957050e-03
2.210945819067500124e+05 1.180390943773091056e-03 7.252281648106873035e-05 4.127127467654644901e-04
2.210946069067500066e+05 1.250508357770740986e-04 6.005934483255259693e-05 -6.558701861649751663e-04
2.210946318917500030e+05 1.181026571430265903e-03 7.294340321095660329e-05 3.977191809099168127e-04
2.210946568777500070e+05 -9.481992456130683422e-04 2.192788291722536087e-03 3.880242584273219109e-04
2.210946818617499957e+05 -9.467523195780813694e-04 6.899356958456337452e-05 3.905989287886769122e-04
2.210947068577499886e+05 1.170935109257698059e-03 8.152317604981362820e-05 1.462407410144805908e-03
2.210947318407499988e+05 1.071704682544804974e-04 7.983170507941395044e-05 1.458867569454014084e-03
2.210947568207499862e+05 1.178964623250067017e-03 6.990725523792207241e-05 3.971984260715544224e-04
2.210947818057500117e+05 -9.388434700667858124e-04 1.120185130275785923e-03 -6.910703377798199654e-04
2.210948067917499866e+05 -9.476198465563356876e-04 1.129788579419255040e-03 3.737978404387832230e-04
2.210948317757500045e+05 1.161061227321625027e-04 6.935631972737610340e-05 3.785205190069972927e-04
2.210948567657500098e+05 -9.479222353547811508e-04 6.728980952175334096e-05 3.749428142327814752e-04
2.210948817487499909e+05 1.152362237917259064e-04 6.800934352213516831e-05 3.783210995607078075e-04
2.210949067347499949e+05 9.760776447365060449e-05 8.772624278208240867e-05 2.508196979761124091e-03
2.210949317197499913e+05 -9.408306796103715897e-04 1.116119674406945922e-03 -6.917130667716264725e-04
2.210949567057499953e+05 1.161792024504392933e-04 6.826697790529578924e-05 3.632582083810120821e-04
2.210949816917499993e+05 1.159683233709074963e-04 6.751539331162348390e-05 3.631280851550400257e-04
2.210950066767499957e+05 1.148628289229236950e-04 1.128757954575120969e-03 3.617178299464284832e-04
2.210950316627499997e+05 -9.480376611463725567e-04 6.505049532279372215e-05 3.594590525608509779e-04
2.210950566337500059e+05 -9.653552551753818989e-04 8.534230437362566590e-05 2.489373553544282913e-03
2.210950816337500000e+05 1.069643767550588061e-04 -9.859810816124081612e-04 1.429046038538217978e-03
2.210951066217499902e+05 1.179783837869762941e-03 -9.931001113727688789e-04 3.542368358466774225e-04
2.210951316107499879e+05 1.186933484859765010e-03 5.747201066697015681e-05 -7.122088572941720486e-04
2.210951565917500120e+05 1.186828478239476898e-03 5.689477984560654245e-05 -7.122977403923869133e-04
2.210951815777499869e+05 1.148892624769359963e-04 6.554007268277928233e-05 3.491054521873592788e-04
2.210952065617500048e+05 -9.573125862516462803e-04 7.419366011163219810e-05 1.410561264492570920e-03
2.210952315487499873e+05 1.227751636179164052e-04 5.400602822192013264e-05 -7.160988752730190754e-04
2.210952565337500127e+05 1.230521447723731128e-04 -1.007748069241642952e-03 -7.148367003537714481e-04
2.210952815197499876e+05 1.169503666460514069e-03 7.835133146727457643e-05 1.401540241204201958e-03
2.210953065037500055e+05 1.059061178239062022e-04 7.667871250305324793e-05 1.397994928993284919e-03
2.210953314907499880e+05 -9.407611796632409096e-04 5.357273403205908835e-05 -7.355912239290773869e-04
2.210953564837499871e+05 1.139777305070310967e-04 6.497664435300976038e-05 3.327841113787143880e-04
2.210953814557500009e+05 1.049701750162057985e-04 7.494745659641921520e-05 1.397665124386548996e-03
2.210954064567500027e+05 1.132081670220941034e-04 6.430596113204956055e-05 3.325893485452979803e-04
2.210954314347500040e+05 1.053895539371297034e-04 7.688996993238106370e-05 1.384735922329128005e-03
2.210954564197500004e+05 1.059132264344953001e-04 -9.851928334683179855e-04 1.385985524393618107e-03
2.210954814067500120e+05 1.185080967843532996e-03 5.634873741655611179e-05 -7.419979083351790905e-04
2.210955063857499918e+05 -9.516258141957223415e-04 1.125076669268310070e-03 3.146516100969166106e-04
2.210955313877500012e+05 1.202268249471672015e-04 1.115477178245783069e-03 -7.469725096598267555e-04
2.210955563587500073e+05 1.176532707177102999e-03 -9.968170197680592537e-04 3.240174264647067135e-04
2.210955813487500127e+05 -9.501800523139536381e-04 -9.978656889870762825e-04 3.043520846404135227e-04
2.210956063347499876e+05 -9.519286686554551125e-04 1.124345464631915092e-03 3.015551774296910113e-04
2.210956313207499916e+05 1.036444591591134938e-04 7.374595588771626353e-05 1.371255610138178089e-03
2.210956563057499880e+05 1.041323048411869055e-04 -9.884590981528162956e-04 1.372462254948914051e-03
2.210956812777500018e+05 1.031918800435960022e-04 7.257364632096141577e-05 1.371043850667774894e-03
2.210957062617499905e+05 -9.606164530850946903e-04 7.073621236486360431e-05 1.367463264614344077e-03
2.210957312627499923e+05 1.166039379313587926e-03 7.287917833309620619e-05 1.374299870803952000e-03
2.210957562487499963e+05 1.174598466604948044e-03 6.463880708906799555e-05 2.956091484520583803e-04
2.210957812347500003e+05 -9.619506308808922768e-04 1.133490819483995004e-03 1.352276303805411079e-03
2.210958062207500043e+05 1.173803466372191906e-03 6.346368172671645880e-05 2.954100200440735167e-04
2.210958312067500083e+05 1.101497327908873965e-04 6.145494262455031276e-05 2.918630780186504126e-04
2.210958561767500069e+05 -9.448064956814050674e-04 4.887293107458390296e-05 -7.767327479086816311e-04
2.210958811757499934e+05 1.015172529150731997e-04 7.039382035145536065e-05 1.356632797978817983e-03
2.210959061547500023e+05 1.189337461255490997e-03 1.104761497117578983e-03 -1.849077525548636913e-03
2.210959311457499862e+05 1.090598670998587933e-04 6.240542279556393623e-05 2.787222329061477834e-04
2.210959561347500130e+05 1.085951516870408979e-04 6.172849680297076702e-05 2.786027034744619781e-04
2.210959811197500094e+05 1.178195598185994002e-04 -1.010804669931530952e-03 -7.851538830436766148e-04
2.210960061057500134e+05 1.091699377866462009e-04 -1.001448719762265899e-03 2.797091729007660801e-04
2.210960310907500098e+05 1.075095133273862031e-04 1.121315988712012985e-03 2.769582788459957188e-04
2.210960560857499950e+05 1.162493135780096054e-03 7.095983164617791772e-05 1.346640288829803033e-03
2.210960810477499908e+05 1.180076156742871024e-03 -1.008555642329155965e-03 -7.953003514558076859e-04
2.210961060487499926e+05 1.169716124422848008e-03 1.124692731536925056e-03 2.669556415639818257e-04
2.210961310267499939e+05 -9.563291096128523350e-04 5.986996256979181685e-05 2.612278040032833815e-04
2.210961560207500006e+05 -2.011515665799378915e-03 4.772833926836028695e-05 -8.073115604929625988e-04
2.210961810027500032e+05 1.141437023761681941e-04 1.111286343075335026e-03 -8.018414373509585857e-04
2.210962059927500086e+05 -9.565011714585125446e-04 -1.003307523205875917e-03 2.622760366648436135e-04
2.210962309777500050e+05 1.054951062542385946e-04 6.168770778458565474e-05 2.529383928049355745e-04
2.210962559637500090e+05 -9.581141639500856400e-04 5.987012264085934244e-05 2.493920037522912025e-04
2.210962809497500130e+05 9.564052015775814652e-05 1.132452511228621006e-03 1.316397567279637077e-03
2.210963059347500093e+05 -9.671584703028202057e-04 6.916260463185608387e-05 1.314183231443166950e-03
2.210963309187499981e+05 1.044692544382996993e-04 5.931075429543852806e-05 2.525199670344591141e-04
2.210963559047500021e+05 1.127347422880120982e-04 4.837185770156793296e-05 -8.125617750920355320e-04
2.210963808827500034e+05 -9.599549812264740467e-04 5.959482223261147738e-05 2.364848332945256883e-04
2.210964058727500087e+05 -9.601780911907553673e-04 5.904101271880791269e-05 2.364009997108950940e-04
2.210964308477499872e+05 9.434171079192310572e-05 7.007671956671401858e-05 1.304737525060772896e-03
2.210964558497499966e+05 9.422994480701163411e-05 6.971626862650737166e-05 1.304651843383908055e-03
2.210964808467499970e+05 -9.702793322503566742e-04 1.129080541431904056e-03 1.299732597544789097e-03
2.210965058137500018e+05 2.229152945801616149e-03 6.044028850737959146e-05 2.463609271217138117e-04
2.210965308157500112e+05 9.341364784631878138e-05 6.957693403819575906e-05 1.293263514526187940e-03
2.210965557847500022e+05 1.017290924210100959e-04 5.867557410965674303e-05 2.281823835801332918e-04
2.210965807787500089e+05 1.012484863167629052e-04 5.789321585325524211e-05 2.280626213178038868e-04
2.210966057647500129e+05 -9.630225831642746925e-04 1.117471489124000072e-03 2.231780526926741004e-04
2.210966307387500128e+05 1.154832658357918046e-03 1.129934331402183013e-03 1.294980640523136096e-03
2.210966557367499918e+05 1.172290183603764014e-03 4.698627162724732675e-05 -8.337838808074593544e-04
2.210966807217499882e+05 9.923182369675487280e-05 1.117142266593873935e-03 2.263423230033367872e-04
2.210967057077499921e+05 1.073187813744879988e-04 4.622347114491275765e-05 -8.495769579894840717e-04
2.210967306927499885e+05 9.845913155004382133e-05 5.626786514767446302e-05 2.153449022443965077e-04
2.210967556797500001e+05 9.830145427258685231e-05 5.534926094696857035e-05 2.152118831872940063e-04
2.210967806477500126e+05 9.646411490393802524e-05 2.177895279601215883e-03 2.124654565704985911e-04
2.210968056497499929e+05 8.811181032797321677e-05 1.125891809351742051e-03 1.278681331314146952e-03
2.210968306367500045e+05 -9.748474694788455963e-04 6.252753519220277667e-05 1.276472350582479997e-03
2.210968556217500009e+05 1.167606678791343949e-03 4.524050746113061905e-05 -8.578724227845668793e-04
2.210968806007500098e+05 1.166547648608684973e-03 1.106305513530970053e-03 -8.592857629992067814e-04
2.210969055937500088e+05 8.739552140468731523e-05 -9.978857124224305153e-04 1.269787899218500094e-03
2.210969305807499913e+05 1.149064861238002994e-03 1.126145943999290033e-03 1.270501990802586079e-03
2.210969555647500092e+05 9.479643631493672729e-05 5.242948827799410306e-05 2.032472839346156066e-04
2.210969805537500069e+05 1.031038336805067956e-04 4.146012724959292195e-05 -8.618361898697912693e-04
2.210970055357500096e+05 -9.700374794192612171e-04 1.111409044824541049e-03 1.982481480808928880e-04
2.210970305217500136e+05 8.538145630154758692e-05 -9.987008525058627129e-04 1.257991301827132919e-03
2.210970555067500100e+05 9.274777403334155679e-05 5.172115197638049722e-05 1.915387401822953874e-04
2.210970804937499925e+05 -9.694703621789813042e-04 -2.073523588478565216e-03 1.906595862237737125e-04
2.210971054787499888e+05 8.294982399092987180e-05 1.122243818826973005e-03 1.254993607290088914e-03
2.210971304557500116e+05 9.041568409884348512e-05 2.172807464376091957e-03 1.885799865704030070e-04
2.210971554427499941e+05 -9.724868577904999256e-04 1.109340344555675983e-03 1.863249926827847958e-04
2.210971804377500084e+05 1.146571245044470050e-03 -9.996118023991584778e-04 1.249336986802517934e-03
2.210972054187500034e+05 1.145422575064003034e-03 6.117429438745602965e-05 1.247881096787750938e-03
2.210972304087500088e+05 -9.805529844015836716e-04 -1.003554440103471062e-03 1.242175698280334039e-03
2.210972553937500052e+05 -9.746134746819734573e-04 2.170291030779480934e-03 1.730982330627738887e-04
2.210972803797500092e+05 8.907789742806926370e-05 1.109298318624496026e-03 1.777740690158680081e-04
2.210973053547499876e+05 8.111033093882724643e-05 5.773401062469928779e-05 1.244021812453866005e-03
2.210973303377499979e+05 8.093236101558431983e-05 5.698622408090159297e-05 1.243891543708742099e-03
2.210973553397500073e+05 8.059605170274153352e-05 5.814610267407260835e-05 1.232440583407879093e-03
2.210973803237499960e+05 8.907276060199365020e-05 4.701694342656991698e-05 1.673085644142701951e-04
2.210974053077500139e+05 8.971058559836819768e-05 -1.015048008412122943e-03 1.685548049863427877e-04
2.210974302947499964e+05 7.231237395899370313e-05 -9.950080420821905136e-04 2.298427512869238853e-03
2.210974552807500004e+05 8.771914872340857983e-05 1.106674200855195956e-03 1.656767708482221040e-04
2.210974802657499968e+05 1.159162959083914974e-03 1.097025233320892074e-03 -8.959771366789937019e-04
2.210975052527500084e+05 8.799936767900362611e-05 4.531412923824972727e-05 1.566531282151117921e-04
2.210975302377500047e+05 -9.843601146712899208e-04 5.390426667872816324e-05 1.218071789480746009e-03
2.210975552237500087e+05 1.151416683569550948e-03 -1.015677349641918919e-03 1.612532796571030942e-04
2.210975802097500127e+05 7.893090514698997140e-05 -1.007407205179333904e-03 1.222671358846127987e-03
2.210976051967499952e+05 -9.685064433142542839e-04 3.135556471534072675e-05 -9.122000192292034626e-04
2.210976301817499916e+05 1.150039606727659919e-03 -1.017885748296976089e-03 1.609370374353603071e-04
2.210976551677499956e+05 8.474486094200983644e-05 4.224745134706608951e-05 1.446941168978810039e-04
2.210976801517500135e+05 -2.042256062850356102e-03 3.893964458256959915e-05 1.376426371280103922e-04
2.210977051357500022e+05 1.156213576905428930e-03 3.218172059860079803e-05 -9.170506964437663555e-04
2.210977301347499888e+05 8.545362652512267232e-05 -2.082509454339743094e-03 1.470295101171358878e-04
2.210977551067500026e+05 8.428470027865841985e-05 -1.021087286062539057e-03 1.456243626307696104e-04
2.210977800977499865e+05 9.075213893083855510e-05 1.090940204448997974e-03 -9.221552754752337933e-04
2.210978050657499989e+05 -9.805774316191673279e-04 3.742413537111133337e-05 1.406001247232780132e-04
2.210978300557500042e+05 1.153155229985713959e-03 1.091342652216553905e-03 -9.297880460508167744e-04
2.210978550577500137e+05 -9.757229709066450596e-04 3.211359493434429169e-03 -9.394900407642126083e-04
2.210978800287499907e+05 -9.828043403103947639e-04 1.098309061489999077e-03 1.280870055779814991e-04
2.210979050067499920e+05 -9.821336716413497925e-04 3.617710899561644278e-05 1.292887609452008930e-04
2.210979300117499952e+05 7.336181442951783538e-05 -1.013889210298656984e-03 1.198998885229229927e-03
2.210979549967499916e+05 -9.912181412801146507e-04 4.544564581010491334e-05 1.194082433357835033e-03
2.210979799887500121e+05 8.017059735720977187e-05 3.654758620541542768e-05 1.225594460265710950e-04
2.210980049677499919e+05 -9.923786856234073639e-04 4.508251367951743305e-05 1.183984684757888100e-03
2.210980299487499869e+05 -9.925035992637276649e-04 4.452318898984231055e-05 1.183897722512484030e-03
2.210980549387499923e+05 8.749316475586965680e-05 2.441387550788931887e-05 -9.427569457329809666e-04
2.210980799257500039e+05 1.142932334914803939e-03 -1.025919103994965987e-03 1.269542262889445099e-04
2.210981049117500079e+05 -9.928951039910316467e-04 -1.018582843244075992e-03 1.184913911856710911e-03
2.210981298947499890e+05 1.134355668909847953e-03 -2.077918732538818879e-03 1.193091273307800076e-03
2.210981548927499971e+05 7.658282993361353874e-05 1.094741630367934921e-03 1.106459749280474944e-04
2.210981798687500122e+05 -2.058068290352820916e-03 4.027676914120092988e-05 1.169963506981730027e-03
2.210982048547499871e+05 1.140371779911220074e-03 3.322767224744894288e-05 1.152274489868432012e-04
2.210982298407499911e+05 1.140960375778377056e-03 -1.028660335578023954e-03 1.164777859230526063e-04
2.210982548247500090e+05 7.728102355031296611e-05 -1.030444633215666034e-03 1.128923177020624009e-04
2.210982798127499991e+05 1.139417756348847909e-03 3.216531331418082118e-05 1.149518575402908027e-04
2.210983047967499879e+05 1.139278989285231070e-03 3.232264498365112327e-05 1.049914935720153017e-04
2.210983297837499995e+05 -9.870369685813784599e-04 -1.032604835927485986e-03 9.931596287060528994e-05
2.210983547707500111e+05 -9.965057251974940300e-04 3.853947055176831782e-05 1.162873231805860996e-03
2.210983797457499895e+05 6.486701749963685870e-05 2.162132412195206122e-03 1.163550885394216017e-03
2.210984047477499989e+05 1.146656461060046933e-03 1.932096529344562102e-05 -9.604001534171402454e-04
2.210984297277499863e+05 6.767519516870379448e-05 -2.084817038848996162e-03 1.168668386526406028e-03
2.210984547127500118e+05 7.424956856993958354e-05 1.089719356968998909e-03 9.092589607462286949e-05
2.210984796997499943e+05 -9.991376427933573723e-04 2.159567084163426919e-03 1.151018543168901963e-03
2.210985046917499858e+05 -9.993582498282194138e-04 2.158913295716046853e-03 1.150934025645256042e-03
2.210985296787499974e+05 -9.980520699173212051e-04 3.501803075778298080e-05 1.153471297584474087e-03
2.210985546657500090e+05 1.136394101195036931e-03 1.088621676899492957e-03 9.398104157298803329e-05
2.210985796417499951e+05 2.200920134782791138e-03 -1.033661770634352944e-03 9.998870518757030368e-05
2.210986046287500067e+05 -9.994880529120564461e-04 1.095450832508503957e-03 1.151852309703826904e-03
2.210986296147500107e+05 1.138888765126466968e-03 -2.096857875585556030e-03 8.838452049531042576e-05
2.210986546007499855e+05 8.134397648973390460e-05 1.075616688467561982e-03 -9.841488208621740341e-04
2.210986795687499980e+05 1.127765863202512047e-03 3.521831240504980087e-05 1.150528085418045954e-03
2.210987045717499859e+05 -9.913174435496330261e-04 1.083274255506694100e-03 7.718412962276488543e-05
2.210987295557500038e+05 -9.827316971495747566e-04 1.072229351848364093e-03 -9.879504796117544174e-04
2.210987545517499966e+05 5.570242865360341966e-05 4.270597128197550774e-05 2.211753977462648912e-03
2.210987795157500077e+05 6.528430094476789236e-05 -1.029137987643480084e-03 1.138862338848412037e-03
2.210988045147499943e+05 -9.992880513891577721e-04 3.057706271647476337e-05 1.133992802351712964e-03
2.210988295007499983e+05 1.137042301706969955e-03 -2.101327059790492058e-03 7.846213702578097582e-05
2.210988544977499987e+05 -1.000217860564589934e-03 2.889076858991757035e-05 1.133795012719929001e-03
2.210988794717499986e+05 7.142781396396458149e-05 1.894836350402329117e-05 7.213110075099393725e-05
2.210989044577500026e+05 -2.056419383734465079e-03 1.077496330253780105e-03 6.379597471095621586e-05
2.210989294437500066e+05 1.144090667366981940e-03 -1.051623024977744059e-03 -9.962036274373531342e-04
2.210989544287500030e+05 -9.914892725646495819e-04 -1.044744043610990047e-03 6.174241570988669991e-05
2.210989794037500105e+05 -9.915649425238370895e-04 -1.045497250743210099e-03 6.165161903481930494e-05
2.210990044017499895e+05 -1.001984928734600978e-03 1.086993375793098970e-03 1.123859663493931077e-03
2.210990293877499935e+05 6.979984755162149668e-05 1.077377935871481895e-03 6.223669333849102259e-05
2.210990543717500113e+05 1.132657285779715018e-03 1.078184577636420944e-03 6.558576569659635425e-05
2.210990793567500077e+05 6.128707173047587276e-05 2.552269324951339852e-05 1.128373784013092952e-03
2.210991043357499875e+05 -9.929790394380688667e-04 1.379519835609244013e-05 5.116012471262366257e-05
2.210991293307500018e+05 1.135196187533437989e-03 -2.107147360220551057e-03 6.066432251827791333e-05
2.210991543810000003e+05 -1.002916367724538066e-03 1.084135030396283107e-03 1.114619895815849087e-03
2.210991793579999940e+05 7.023735088296234608e-05 -1.048899721354245923e-03 5.566540858126244761e-05
2.210992043349999876e+05 7.750036456855013967e-05 1.575890223648456899e-06 -1.010783598758280060e-03
2.210992293219999992e+05 5.930100087425672195e-05 1.083924435079097965e-03 1.117811189033091068e-03
2.210992543240000086e+05 -9.947645012289285660e-04 1.000706743070623075e-05 5.054553548689000309e-05
2.210992793109999911e+05 6.144052895251661539e-05 -1.039380556903779940e-03 1.111744320951401971e-03
2.210993042959999875e+05 1.131997792981564999e-03 1.205395165015943010e-05 4.875954618910328231e-05
2.210993292640000000e+05 6.756282527931034565e-05 1.071598613634705977e-03 4.388132219901307740e-05
2.210993542679999955e+05 6.013727033860050142e-05 -1.042021438479423957e-03 1.111422665417193933e-03
2.210993792539999995e+05 -2.060886472463607788e-03 2.129155443981289864e-03 3.543014463502913713e-05
2.210994042400000035e+05 1.129990210756659941e-03 1.071326085366308906e-03 4.702157821157015860e-05
2.210994292269999860e+05 -2.067323541268705888e-03 1.679785418673418123e-05 1.095170737244189002e-03
2.210994542120000115e+05 -1.004367717541754029e-03 1.736195008561481129e-05 1.098513603210449002e-03
2.210994791989999940e+05 5.951745333732105792e-05 -1.043553464114665985e-03 1.103224698454142051e-03
2.210995041830000118e+05 1.129282172769308090e-03 1.069615827873348973e-03 3.893136090482585132e-05
2.210995291689999867e+05 5.781470099464058876e-05 1.631478698982391845e-05 1.101673464290797927e-03
2.210995541469999880e+05 1.138772815465926907e-03 -1.064961543306707902e-03 -1.023606164380908012e-03
2.210995791409999947e+05 5.898660674574784935e-05 -1.044806442223489068e-03 1.094352686777710915e-03
2.210996041269999987e+05 -9.963666088879108429e-04 -1.056814449839293957e-03 2.582196430012118071e-05
2.210996291130000027e+05 1.129216747358440919e-03 6.604649570363108069e-06 3.129442484350875020e-05
2.210996540990000067e+05 1.128933043219148896e-03 5.857962605659849942e-06 3.121132613159716129e-05
2.210996790850000107e+05 6.422479782486334443e-05 1.065196585841476917e-03 2.629833215905819088e-05
2.210997040740000084e+05 5.559577766689471900e-05 1.075271517038344903e-03 1.091212965548038049e-03
2.210997290539999958e+05 5.514301301445811987e-05 1.075016101822257042e-03 1.091099460609257004e-03
2.210997540410000074e+05 5.748976400354877114e-05 -2.109121764078735872e-03 1.086551579646765969e-03
2.210997790279999899e+05 5.630165469483471729e-05 -1.048308098688722090e-03 1.085098483599721952e-03
2.210998040129999863e+05 -9.987243684008717537e-04 -1.060723909176886082e-03 1.655123560340144079e-05
2.210998289959999966e+05 6.201775249792262912e-05 2.124276943504809900e-03 1.588998384249861945e-05
2.210998539839999867e+05 -1.010302221402525902e-03 2.132818335667252974e-03 1.077349996194242997e-03
2.210998789560000005e+05 1.127202413044869900e-03 -1.059853821061552005e-03 2.314871926500927996e-05
2.210999039660000126e+05 -1.000406686216593006e-03 -4.440065310973296239e-07 6.505144483526237309e-06
2.210999289430000063e+05 7.294907845789566636e-05 -2.133224857971072197e-03 -1.052496139891446070e-03
2.210999539290000102e+05 6.413774099200963974e-05 -2.123594284057617188e-03 1.242015150637599047e-05
2.210999789199999941e+05 -1.010505598969757991e-03 1.068723271600902081e-03 1.069830497726798058e-03
2.211000038869999989e+05 5.270048495731317184e-05 1.069597550667821927e-03 1.073210150934756019e-03
2.211000288899999869e+05 1.124936272390187003e-03 -1.666867319727316075e-06 1.288848488911754029e-05
2.211000538600000145e+05 -1.008713385090231895e-03 -2.116059185937047005e-03 1.066113938577472947e-03
2.211000788579999935e+05 1.126290764659642956e-03 -2.124017337337135835e-03 7.941251169540919363e-06
2.211001038439999975e+05 5.249270543572492898e-05 7.245711913128616288e-06 1.066687284037471034e-03
2.211001288219999988e+05 -1.011140644550323053e-03 5.149803200765745714e-06 1.063141738995909908e-03
2.211001538210000144e+05 1.122847083024681048e-03 1.057900488376616998e-03 3.616744606915744953e-06
2.211001787999999942e+05 -1.005003578029572964e-03 2.116448245942593055e-03 -4.719737262348643588e-06
2.211002037940000009e+05 5.911211337661371313e-05 1.055757049471139908e-03 -5.495894228602082876e-08
2.211002287730000098e+05 1.115859136916697025e-03 -1.054521882906555913e-03 1.062813564203679995e-03
2.211002537609999999e+05 -1.002474105916917107e-03 -1.068536890670656941e-03 -9.244557077181525528e-06
2.211002787449999887e+05 6.065483466954901814e-05 -1.067992183379828930e-03 -5.865388175152475014e-06
2.211003037309999927e+05 6.676166958641260862e-05 1.043614116497338035e-03 -1.073634834028780027e-03
2.211003287169999967e+05 5.941855852142907679e-05 -1.069321995601058006e-03 -6.046335784049006179e-06
2.211003537019999931e+05 -1.003488898277282932e-03 -2.132700523361564116e-03 -8.298984539578668773e-06
2.211003786890000047e+05 -1.013615750707685947e-03 1.845352471718797037e-06 1.046425779350101948e-03
2.211004036740000010e+05 5.002462057746014811e-05 -1.059137401171029048e-03 1.051102997735142925e-03
2.211004286589999974e+05 5.741903441958128728e-05 -8.657796570332720876e-06 -1.530635381641332060e-05
2.211004536439999938e+05 -1.006531878374516964e-03 -1.089903071260778064e-05 -1.888631413748953153e-05
2.211004786350000068e+05 2.183384960517286821e-03 -7.502048902097158134e-06 -8.581342626712284982e-06
2.211005036179999879e+05 1.110580284148455100e-03 1.062439288944005966e-03 1.051491592079401016e-03
2.211005286069999856e+05 -1.016431022435426929e-03 1.059469301253556988e-03 1.044487697072326920e-03
2.211005535770000133e+05 3.247948130592703819e-03 -2.129114465788007216e-03 -1.112668633140856061e-05
2.211005785800000012e+05 1.110677258111536937e-03 1.163890601674211000e-06 1.044205622747540040e-03
2.211006035620000039e+05 1.110323704779148102e-03 2.121318800618610112e-07 1.044080709107219956e-03
2.211006285470000003e+05 -2.081751823425292969e-03 2.118492033332585855e-03 1.030947314575314955e-03
2.211006535340000119e+05 -1.008505350910126946e-03 -1.406682349625044079e-05 -2.802614653774071146e-05
2.211006785089999903e+05 5.510459595825523138e-05 -1.074856845661998012e-03 -2.334368764422833920e-05
2.211007035109999997e+05 -1.001136144623159929e-03 -2.370311995036900043e-05 -1.101628993637860038e-03
2.211007284830000135e+05 1.108330208808184104e-03 -1.142123437603004065e-06 1.035164110362529971e-03
2.211007534769999911e+05 -1.010991167277097919e-03 1.046612160280347087e-03 -3.817419928964226760e-05
2.211007784640000027e+05 1.114685204811393998e-03 2.110041910782455964e-03 -3.270465094828978181e-05
2.211008034489999991e+05 -1.011571614071727016e-03 1.045494689606129906e-03 -3.837732583633624017e-05
2.211008284229999990e+05 -1.010273001156746907e-03 -1.077993656508624987e-03 -3.583441139198839664e-05
2.211008534210000071e+05 1.108087948523462036e-03 -2.125371946021914048e-03 1.029774197377264066e-03
2.211008783920000133e+05 1.114829210564493916e-03 -1.339628215646371076e-05 -3.801486309384927154e-05
2.211009033939999936e+05 -1.011290354654192924e-03 -1.078471192158759074e-03 -4.369860471342690289e-05
2.211009283780000114e+05 4.164739948464558206e-05 1.055509084835648970e-03 1.021975884214044051e-03
2.211009533649999939e+05 5.919679460930638015e-05 -2.720003249123692851e-05 -1.106768846511841037e-03
2.211009783499999903e+05 5.183101529837585986e-05 -2.140420954674481912e-03 -3.922294490621425211e-05
2.211010033439999970e+05 1.105719129554926915e-03 -1.067683449946343899e-03 1.027821446768939061e-03
2.211010283219999983e+05 4.073129457538016140e-05 -6.521188424812862650e-06 1.014629844576119943e-03
2.211010533160000050e+05 5.691205660696140744e-05 1.033620210364460945e-03 -1.116785802878438993e-03
2.211010782980000076e+05 4.694887684308923781e-05 2.105045598000288010e-03 -5.322906508808956228e-05
2.211011032899999991e+05 4.739566793432459235e-05 1.043106196448206902e-03 -5.197353311814367771e-05
2.211011282650000066e+05 5.738987238146364689e-05 -1.090764766559005000e-03 -1.114435843192040920e-03
2.211011532500000030e+05 -1.014657318592071967e-03 -1.082011964172125080e-03 -5.298295945976860821e-05
2.211011782379999931e+05 1.110283075831830935e-03 -1.705813156149816107e-05 -5.572092777583748102e-05
2.211012032300000137e+05 4.670289854402653873e-05 -1.903711381601170044e-05 -5.926878293394111097e-05
2.211012282190000114e+05 -1.018703100271522999e-03 2.101951977238059044e-03 -6.549430690938606858e-05
2.211012531909999961e+05 4.497072950471193276e-05 1.041174749843776009e-03 -6.081385072320699692e-05
2.211012781799999939e+05 5.414739644038490951e-05 -3.111428668489679694e-05 -1.124564558267592950e-03
2.211013031659999979e+05 3.691355232149363242e-05 -1.103859631257365035e-05 1.005303813144565062e-03
2.211013281530000095e+05 3.700784509419464253e-05 -1.071414910256863074e-03 9.991839760914444923e-04
2.211013531380000059e+05 4.343962791608647190e-05 1.040299423038959937e-03 -6.859636050648987293e-05
2.211013781339999987e+05 1.105713890865444920e-03 2.102830214425921006e-03 -6.654188473476096988e-05
2.211014031100000138e+05 2.177304821088910103e-03 2.093340735882521109e-03 -1.128197880461812019e-03
2.211014280969999963e+05 4.440716293174772777e-05 -1.083838171325623989e-03 -6.621790817007422447e-05
2.211014530819999927e+05 -1.019154908135532899e-03 -1.085803145542741039e-03 -6.980860052863135934e-05
2.211014780679999967e+05 -1.028848462738096931e-03 -1.434893783880398016e-05 9.937824215739965439e-04
2.211015030529999931e+05 5.030463216826319695e-05 -3.266623025410809300e-05 -1.140782725997268937e-03
2.211015280400000047e+05 4.056995749124325812e-05 1.038757618516684012e-03 -7.719050336163491011e-05
2.211015530250000011e+05 -1.013111905194818974e-03 -1.096597407013178089e-03 -1.143105095252394893e-03
2.211015780000000086e+05 4.091150549356826327e-05 -2.366702938161325048e-05 -7.606327562825754285e-05
2.211016029860000126e+05 1.113245612941681905e-03 -1.094727078452705903e-03 -1.136385952122509046e-03
2.211016279879999929e+05 1.102735870517790101e-03 1.038147136569022915e-03 -7.412736886180937290e-05
2.211016529699999955e+05 4.653459836845286191e-05 2.086955588310956955e-03 -1.144038047641515949e-03
2.211016779549999919e+05 2.164533128961921172e-03 1.040218863636255047e-03 -7.842032209737226367e-05
2.211017029420000035e+05 -1.025138655677437999e-03 -2.580401451268699020e-05 -8.759710908634588122e-05
2.211017279170000111e+05 -1.025272184051573060e-03 -2.626191235322039913e-05 -8.768181578489020467e-05
2.211017529189999914e+05 -1.033026492223144011e-03 -1.077954540960490920e-03 9.785174624994397163e-04
2.211017778990000079e+05 -1.026376383379101970e-03 1.034169108606874943e-03 -8.922589040594175458e-05
2.211018028840000043e+05 4.481736323214136064e-05 1.024335739202796979e-03 -1.150848111137747981e-03
2.211018278709999868e+05 2.562969893915579062e-05 1.046011457219720104e-03 9.722707327455282211e-04
2.211018528569999908e+05 1.089569646865129037e-03 -1.477690511819674041e-05 9.769815951585769653e-04
2.211018778459999885e+05 3.547624510247260332e-05 -1.088666380383074067e-03 -9.027974010678008199e-05
2.211019028150000086e+05 -2.099785022437572046e-03 -1.081596361473202922e-03 9.676999761722981930e-04
2.211019278150000027e+05 3.406103132874704897e-05 -2.847581527021247894e-05 -9.181515633827075362e-05
2.211019527919999964e+05 1.087625394575298049e-03 1.044373377226293087e-03 9.752426412887871265e-04
2.211019777860000031e+05 2.166721504181623025e-03 -3.531677793944255195e-05 -1.156978891231120066e-03
2.211020027739999932e+05 3.135265797027386725e-05 -2.797686465783045035e-05 -9.899221186060458422e-05
2.211020277519999945e+05 1.095373998396099047e-03 -1.088769640773534992e-03 -9.432443039258942008e-05
2.211020527449999936e+05 1.094272127375006893e-03 -2.785852848319337111e-05 -9.573664283379912376e-05
2.211020777309999976e+05 -1.033822656609117985e-03 1.030109240673481984e-03 -1.041123978211544048e-04
2.211021027149999863e+05 2.843038237188011069e-05 2.092448063194752173e-03 -1.020591807900927961e-04
2.211021277009999903e+05 2.106658939737826925e-05 -2.056186895060818981e-05 9.654873865656554699e-04
2.211021526639999938e+05 1.084262970834970041e-03 -2.140714786946773963e-03 9.644902311265468597e-04
2.211021776550000068e+05 2.851594581443351101e-05 -1.091430312953888936e-03 -1.054312378983013061e-04
2.211022026590000023e+05 -1.043606898747384982e-03 -1.083054579794407108e-03 9.560205508023500443e-04
2.211022276429999911e+05 -1.037964713759719892e-03 2.090160502120852037e-03 -1.130939417635091056e-04
2.211022526350000117e+05 -1.038383576087654071e-03 2.089946065098046823e-03 -1.131655735662207007e-04
2.211022776080000040e+05 -2.109449356794356866e-03 -2.450858119118493050e-05 9.509298834018409252e-04
2.211023026100000134e+05 1.676957799645606090e-05 -1.082252594642340920e-03 9.530645911581814289e-04
2.211023275779999967e+05 -2.109854016453028159e-03 -1.085658906958997033e-03 9.460002765990793705e-04
2.211023525749999972e+05 -1.040461356751620986e-03 2.089040353894234137e-03 -1.196203593281097981e-04
2.211023775610000012e+05 -1.041008741594851017e-03 2.088310895487666130e-03 -1.197140154545194994e-04
2.211024025390000024e+05 1.078460249118506908e-03 -2.233550185337663036e-05 9.547533118166029453e-04
2.211024275410000118e+05 2.400662560830824077e-05 -1.095970510505140045e-03 -1.124496484408154948e-04
2.211024525239999930e+05 2.349869646423030983e-05 -2.156871603801846938e-03 -1.178454549517483061e-04
2.211024775080000109e+05 2.242741720692719925e-05 -1.096097868867218061e-03 -1.192601848742925037e-04
2.211025024909999920e+05 -1.034434884786606052e-03 1.014445559121667905e-03 -1.190504990518092892e-03
2.211025274769999960e+05 -2.115822630003095107e-03 2.094833878800272942e-03 9.346109000034630299e-04
2.211025524619999924e+05 1.083960290998220010e-03 -3.512627154123038054e-05 -1.174488716060295972e-04
2.211025774570000067e+05 2.139473333954811096e-03 -1.085417461581527970e-03 9.522589971311390400e-04
2.211026024350000080e+05 1.083707902580500083e-03 -3.621193536673671820e-05 -1.176628211396746066e-04
2.211026274200000043e+05 -1.053447020240128040e-03 1.033805659972131035e-03 9.324373095296323299e-04
2.211026524069999869e+05 -3.172935917973517938e-03 2.081379294395447211e-03 -1.409385440638289127e-04
2.211026773950000061e+05 -1.043917960487305901e-03 -1.101087545976042964e-03 -1.301032898481934992e-04
2.211027023779999872e+05 1.053217692970065061e-05 -1.089910161681473038e-03 9.382395073771476746e-04
2.211027273639999912e+05 1.799370875232852995e-05 -3.922912583220750093e-05 -1.281695003854111108e-04
2.211027523499999952e+05 2.714664697123226117e-05 -1.111932215280831077e-03 -1.191965886391699097e-03
2.211027773330000055e+05 -2.119575627148150964e-03 1.029565231874584935e-03 9.224169189110398293e-04
2.211028023310000135e+05 1.462120599171612073e-05 2.082629594951868057e-03 -1.371112884953618050e-04
2.211028272970000107e+05 -1.048149890266359069e-03 1.019291696138679981e-03 -1.393255952280015024e-04
2.211028522930000036e+05 6.980255875532748178e-06 -3.111113619524986229e-05 9.303528931923210621e-04
2.211028772799999861e+05 2.143752528354526000e-03 -2.162374788895248933e-03 -1.251415087608621067e-04
2.211029022650000115e+05 1.452708966098725965e-05 1.018722425214946053e-03 -1.361952017759903994e-04
2.211029272580000106e+05 -2.114396775141357942e-03 2.078174613416194916e-03 -1.508010172983630950e-04
2.211029522299999953e+05 1.067538512870668931e-03 1.030429615639149926e-03 9.258008212782442570e-04
2.211029772290000110e+05 4.896524387731915340e-06 -1.094466773793101094e-03 9.249219438061118126e-04
2.211030022089999984e+05 1.068847253918647983e-03 -2.155235968530178070e-03 9.296347852796316147e-04
2.211030271950000024e+05 1.075685839168726964e-03 -4.361893661553040147e-05 -1.381613255944103003e-04
2.211030521820000140e+05 -1.059761387296020985e-03 -3.656703484011813998e-05 9.198252810165286064e-04
2.211030771560000139e+05 1.173791042674566027e-05 -4.619329411070793867e-05 -1.418285537511110035e-04
2.211031021590000018e+05 -1.062621478922664902e-03 1.025469857268034978e-03 9.120790637098252773e-04
2.211031271340000094e+05 1.065195538103580041e-03 -1.095554325729608969e-03 9.215539903379976749e-04
2.211031521239999856e+05 3.184079658240079880e-03 -2.144595375284553008e-03 1.994724851101636887e-03
2.211031771109999972e+05 8.296363489534996916e-07 -3.688836295623332262e-05 9.165377123281359673e-04
2.211032020970000012e+05 -1.047143014147877910e-03 2.063505817204713821e-03 -1.219672965817153020e-03
2.211032270819999976e+05 -1.054473221302032037e-03 -4.973982140654698014e-05 -1.521302183391526070e-04
2.211032520690000092e+05 1.072005485184490898e-03 -4.737290873890743337e-05 -1.452808501198888096e-04
2.211032770550000132e+05 2.134646289050579071e-03 -1.107128220610321002e-03 -1.472628646297380057e-04
2.211033020400000096e+05 -8.859111062520241830e-07 -1.100091845728456974e-03 9.107269579544663429e-04
2.211033270119999943e+05 6.477180249930825084e-06 -4.996356074116192758e-05 -1.557261712150647965e-04
2.211033520049999934e+05 -1.050305902026593902e-03 2.060628496110438867e-03 -1.226930646225810051e-03
2.211033769979999925e+05 -2.121376572176814079e-03 -5.389962825574912131e-05 -1.628350728424265981e-04
2.211034019839999964e+05 1.061560004018246911e-03 -2.162758959457277818e-03 9.151378762908279896e-04
2.211034269700000004e+05 1.060342066921293952e-03 -2.162677235901356177e-03 9.096670546568930149e-04
2.211034519389999914e+05 4.760193860420258716e-06 -1.113494741730391979e-03 -1.602192496648058024e-04
2.211034769519999973e+05 -1.068605342879890962e-03 1.017592148855328994e-03 8.985102758742868900e-04
2.211035019200000097e+05 3.674207164294784889e-06 -5.338317714631556787e-05 -1.617667730897665024e-04
2.211035269139999873e+05 2.138736890628933907e-03 -1.122852787375449917e-03 -1.218599034473299980e-03
2.211035518990000128e+05 2.129010157659649849e-03 -5.150541619514115155e-05 -1.550304441479966044e-04
2.211035768849999877e+05 8.775471542321611196e-06 9.965692879632115364e-04 -1.234310446307063103e-03
2.211036018800000020e+05 -5.811980940961802844e-07 2.067374996840953827e-03 -1.707825140329078111e-04
2.211036268510000082e+05 -8.457970579911489040e-06 1.015666406601666970e-03 8.954635122790932655e-04
2.211036518429999996e+05 -1.079968176782130978e-03 -3.717235813383013010e-05 1.958213280886412101e-03
2.211036768279999960e+05 2.543362597862142138e-06 -3.241521306335926056e-03 -1.644005824346095053e-04
2.211037018049999897e+05 2.119285287335515022e-03 -1.106488285586237907e-03 9.047177736647427082e-04
2.211037267979999888e+05 -1.064981799572706006e-03 -6.049685543985106051e-05 -1.778879668563604084e-04
2.211037517700000026e+05 -3.430564447626239112e-06 2.063093706965446038e-03 -1.772149844327942079e-04
2.211037767729999905e+05 -1.073133898898958943e-03 -1.112927799113095024e-03 8.882337715476751328e-04
2.211038017549999931e+05 1.069552614353596947e-03 -6.971516995690762997e-05 -1.236287178471684022e-03
2.211038267460000061e+05 -9.718682122183963656e-06 -2.173830289393662973e-03 8.928360184654593468e-04
2.211038517310000025e+05 -2.954129286081296900e-06 -6.221094372449442744e-05 -1.749566145008429885e-04
2.211038767180000141e+05 -1.075762324035167911e-03 1.007790560834110000e-03 8.851605234667658806e-04
2.211039017020000028e+05 -1.068566227331757979e-03 -6.511579704238101840e-05 -1.846927771111950007e-04
2.211039266890000144e+05 1.057660207152367072e-03 -6.277098873397335410e-05 -1.778342266334221038e-04
2.211039516839999997e+05 1.058590947650372982e-03 -2.186378464102745056e-03 -1.752802781993522969e-04
2.211039766679999884e+05 -1.078295055776834054e-03 -5.608073843177407980e-05 8.800408104434609413e-04
2.211040016499999911e+05 -2.135556191205977960e-03 3.115661209449172020e-03 -1.925534743349998918e-04
2.211040266389999888e+05 -1.071834587492048957e-03 2.054996322840452194e-03 -1.878326438600196892e-04
2.211040516150000039e+05 -9.411680366611108184e-06 9.937824215739965439e-04 -1.886981917778030038e-04
2.211040765949999914e+05 1.062164199538528919e-03 9.842088911682367325e-04 -1.250311732292175076e-03
2.211041015900000057e+05 1.062736031599343040e-03 -7.808719237800687551e-05 -1.249106251634656949e-03
2.211041265880000137e+05 -1.074167317710817077e-03 2.051690127700566812e-03 -1.938131026690826091e-04
2.211041515699999873e+05 -1.015614270727382973e-05 9.909503860399127007e-04 -1.891018328024073893e-04
2.211041766257917043e+05 -9.311710527981631458e-06 -1.132478937506675937e-03 -1.865407975856215033e-04
2.211042016177916958e+05 3.179556922987103029e-03 -6.734071939717978239e-05 -1.775552373146638003e-04
2.211042266047917074e+05 1.052565872669219971e-03 -1.132988487370311997e-03 -1.887951948447152972e-04
2.211042515907917114e+05 -1.322658135904931040e-05 2.049453556537628174e-03 -1.963468675967305899e-04
2.211042765847916889e+05 -1.076733693480492072e-03 2.047453541308641000e-03 -1.999396918108687076e-04
2.211043015627916902e+05 -1.076251966878771999e-03 9.855314856395125389e-04 -1.986846473300830072e-04
2.211043265497917018e+05 1.043285010382533073e-03 -1.124813104979694106e-03 8.757836767472326756e-04
2.211043515337916906e+05 1.050176797434688048e-03 9.873986709862947464e-04 -1.919653295772149888e-04
2.211043765197916946e+05 -1.067598117515444972e-03 -8.877692016540095210e-05 -1.268106047064065933e-03
2.211044015057916986e+05 -2.149831037968397141e-03 2.053266623988748030e-03 8.556814282201230526e-04
2.211044265037917066e+05 -3.148807809338904917e-05 1.004197401925921006e-03 1.928830170072614930e-03
2.211044514617917011e+05 1.049229875206946893e-03 -7.713300146861001849e-05 -1.964404655154793912e-04
2.211044764637917106e+05 1.041109906509519057e-03 -1.128859701566397927e-03 8.697704179212450981e-04
2.211045014497917145e+05 1.041253097355365970e-03 -1.129205571487545967e-03 8.696771110408008099e-04
2.211045264337917033e+05 -1.079576439224183993e-03 2.041427651420236068e-03 -2.063712599920108914e-04
2.211045514307917038e+05 -1.549865373817738146e-05 9.802788263186812401e-04 -2.067815512418746948e-04
2.211045764077916974e+05 2.103655599057673974e-03 -1.130350632593035915e-03 8.676980505697429180e-04
2.211046013937917014e+05 1.039650756865740039e-03 -1.132034696638583920e-03 8.641694439575076103e-04
2.211046263807917130e+05 -2.460468749632127922e-05 -7.254551746882498264e-05 8.592431549914181232e-04
2.211046513687917031e+05 -1.089646713808178902e-03 2.048528986051679091e-03 8.530289633199572563e-04
2.211046763427917031e+05 -1.081402995623647950e-03 2.037407364696263833e-03 -2.120941062457860058e-04
2.211047013447917125e+05 2.108856337144970894e-03 2.040612744167447090e-03 -2.061367558781057867e-04
2.211047263237916923e+05 1.038753078319131894e-03 -1.135403290390968106e-03 8.593040984123945236e-04
2.211047513097916963e+05 -1.599944880581460893e-05 -1.147842383943497918e-03 -2.092944050673395124e-04
2.211047762957917002e+05 -2.535972816986032169e-05 -7.652264321222901344e-05 8.542817668057978153e-04
2.211048012807916966e+05 -2.145702252164483070e-03 2.032710704952477975e-03 -2.204200281994417039e-04
2.211048262757917109e+05 -1.090263132937252955e-03 9.825640590861439705e-04 8.492925553582608700e-04
2.211048512657916872e+05 -1.089368015527725003e-03 -8.041554247029125690e-05 8.460037643089890480e-04
2.211048762247916893e+05 1.037221867591143088e-03 -7.825553620932623744e-05 8.528451435267925262e-04
2.211049012257916911e+05 -1.080750604160130024e-03 -9.226650581695139408e-05 -2.192251995438710126e-04
2.211049262117916951e+05 -1.090903184376657009e-03 2.040662104263902144e-03 8.430214365944266319e-04
2.211049511977916991e+05 -1.792125840438529849e-05 -9.203256195178255439e-05 -2.159640716854482889e-04
2.211049761767917080e+05 2.100081183016300201e-03 -7.946966798044741154e-05 8.558791014365851879e-04
2.211050011677916918e+05 1.037094392813741944e-03 -1.143129658885299943e-03 8.536276291124522686e-04
2.211050261557917111e+05 -1.082143397070467038e-03 9.658146882429718971e-04 -2.249335084343329072e-04
2.211050511417916860e+05 -2.836730345734395087e-05 2.038583857938646837e-03 8.420755038969218731e-04
2.211050761257917038e+05 -1.867697937996127050e-05 -9.519291779724881053e-05 -2.203319163527339968e-04
2.211051011147917015e+05 -2.619522820168640126e-05 -2.208253135904670195e-03 8.472198387607932091e-04
2.211051261107916944e+05 3.172144526615738869e-03 -2.215363085269927979e-03 -2.074688673019408909e-04
2.211051510867917095e+05 1.041961484588683085e-03 2.027307869866489930e-03 -2.198476577177644047e-04
2.211051760807916871e+05 -1.084187533706427054e-03 2.023571170866488977e-03 -2.305968810105696049e-04
2.211052010547916871e+05 -1.101040281355381012e-03 9.822797728702425957e-04 1.900621340610086918e-03
2.211052260537917027e+05 1.033890992403029962e-03 9.743497357703745365e-04 8.424752741120755672e-04
2.211052510297916888e+05 2.089906018227338791e-03 -1.137935905717313073e-03 1.913479296490550041e-03
2.211052760157916928e+05 1.050458871759474061e-03 9.518731967546045780e-04 -1.287732156924902959e-03
2.211053010027917044e+05 -3.220496699213982062e-03 9.663791279308497906e-04 8.282903581857681274e-04
2.211053259927917097e+05 -2.252660669910256158e-05 9.595695883035659790e-04 -2.264025097247213125e-04
2.211053509647916944e+05 1.042751129716634967e-03 -1.162965316325426102e-03 -2.242494228994474086e-04
2.211053759657916962e+05 1.043352531269192912e-03 -2.225144300609827042e-03 -2.230453974334523082e-04
2.211054009457917127e+05 -2.151123771909623999e-05 -1.040663264575413953e-04 -2.292658900842071122e-04
2.211054259307917091e+05 -3.188901609973981977e-05 2.028540475293993950e-03 8.329436532221734524e-04
2.211054509237917082e+05 -2.141401171684265137e-03 9.432982187718153000e-04 -1.302712946198881106e-03
2.211054759037916956e+05 1.033431617543101094e-03 -2.217044122517108917e-03 8.415595511905848980e-04
2.211055008907917072e+05 1.041741925291717052e-03 -1.166891190223396041e-03 -2.277722524013370004e-04
2.211055258757917036e+05 -3.006765655300113965e-05 -1.158870523795485063e-03 8.336208993569016457e-04
2.211055508587917138e+05 -1.103778602555393956e-03 9.726786520332098007e-04 1.892410335130989985e-03
2.211055758377916936e+05 -2.376385964453220029e-05 9.525437490083277225e-04 -2.342411607969552007e-04
2.211056008187916887e+05 1.040720497258007960e-03 -1.169527531601489024e-03 -2.281836641486733881e-04
2.211056258197916904e+05 2.102795522660017014e-03 -1.074716346920468049e-04 -2.261703484691678936e-04
2.211056508057916944e+05 -1.077153254300355911e-03 -1.184743014164268970e-03 -1.303622499108314948e-03
2.211056757927917060e+05 -1.095793326385319016e-03 9.585325024090707302e-04 8.235774585045874119e-04
2.211057007747917087e+05 -2.168182050809264183e-03 9.672280284576117992e-04 1.885042758658527894e-03
2.211057257737916952e+05 1.038161804899572892e-03 9.498225408606231213e-04 -2.346672699786722931e-04
2.211057507517916965e+05 2.094272291287779808e-03 -1.162144937552511909e-03 8.363786619156599045e-04
2.211057757357917144e+05 -4.276740583009087227e-05 9.680072544142603874e-04 1.891660154797137000e-03
2.211058007217916893e+05 -1.099275774322449944e-03 3.079113317653536797e-03 8.204510668292641640e-04
2.211058257077916933e+05 -2.577043960627634078e-05 9.451285004615783691e-04 -2.424435078864916888e-04
2.211058506817916932e+05 2.092933747917414145e-03 -1.037129113683477044e-04 8.307363605126738548e-04
2.211058756907916977e+05 1.028893748298286958e-03 -1.059211790561676025e-04 8.271612459793686867e-04
2.211059006547917088e+05 -3.461991218500771306e-05 -1.079899884643964063e-04 8.235897985287010670e-04
2.211059256487916864e+05 -2.162159886211156845e-03 9.503258042968809605e-04 8.152422378771007061e-04
2.211059506387916917e+05 -1.099082059226929925e-03 9.512421675026416779e-04 8.185861515812575817e-04
2.211059756247916957e+05 -3.505909262457861819e-05 -1.107571370084770024e-04 8.203231263905763626e-04
2.211060006097916921e+05 2.099902601912618117e-03 -1.194364522234536978e-04 -2.378735662205145034e-04
2.211060255847916997e+05 -3.788998947129584849e-05 3.072261111810802980e-03 8.161186124198138714e-04
2.211060505827917077e+05 -1.100930385291575952e-03 2.008652547374368148e-03 8.138696430251002312e-04
2.211060755677917041e+05 -2.776873043330851942e-05 -1.238288095919415084e-04 -2.450778847560287064e-04
2.211061005537917081e+05 -3.630566061474382877e-05 -1.175798941403626962e-03 8.211460663005709648e-04
2.211061255397917121e+05 -2.034455792454537004e-05 -1.355686836177482930e-04 -1.310261432081460953e-03
2.211061505167917057e+05 -1.093593542464077039e-03 9.325088467448949814e-04 -2.536128158681095189e-04
2.211061755117916910e+05 1.032870262861252048e-03 9.345719008706510067e-04 -2.467655867803841829e-04
2.211062004987917026e+05 -3.095651845796965063e-05 9.328187443315982819e-04 -2.503433206584305113e-04
2.211062254827916913e+05 -3.887903221766463735e-05 -1.188113456009887023e-04 8.159037097357213497e-04
2.211062504687916953e+05 -3.118074164376594126e-05 9.314669878222048283e-04 -2.505601150915027207e-04
2.211062754507916979e+05 -2.277456223964691162e-05 9.205573005601763725e-04 -1.315642730332911015e-03
2.211063004467916908e+05 1.031107036396861076e-03 9.303269325755536556e-04 -2.501790004316716844e-04
2.211063254207916907e+05 -4.048989649163559079e-05 -1.226440799655393037e-04 8.126153843477368355e-04
2.211063504137916898e+05 3.158481093123555183e-03 -1.191478455439209938e-03 -2.407794527243823084e-04
2.211063753847916960e+05 -1.096600317396223979e-03 9.255817276425659657e-04 -2.573878155089914799e-04
2.211064003797917103e+05 -1.104576396755873940e-03 -1.263676094822586125e-04 8.088175673037767410e-04
2.211064253677917004e+05 -3.474115146673283793e-05 1.987325027585030036e-03 -2.554519160185009241e-04
2.211064503587917134e+05 1.031050342135130925e-03 -2.258087741211057143e-03 -2.467667218297719955e-04
2.211064753447916883e+05 2.083967672660946846e-03 -1.187022891826928096e-03 8.169377688318490982e-04
2.211065003307916922e+05 -1.100168214179575010e-03 1.982492860406637192e-03 -2.625324123073369265e-04
2.211065253037917137e+05 -1.108279451727866910e-03 9.306511492468416691e-04 8.036793442443013191e-04
2.211065503087916877e+05 -3.609079067246057093e-05 -1.403003552695736018e-04 -2.565934555605053902e-04
2.211065752767917002e+05 -1.100106630474328995e-03 -1.423013600287958980e-04 -2.601667365524917841e-04
2.211066002727916930e+05 -3.705331982928328216e-05 -1.415315928170456940e-04 -2.567814080975949764e-04
2.211066252607917122e+05 1.015950576402246952e-03 9.293251787312328815e-04 8.070275071077048779e-04
2.211066502467916871e+05 -5.524129664991050959e-05 -1.236649841303006086e-04 1.869808416813611984e-03
2.211066752317917126e+05 -3.885149635607376695e-05 -1.452875440008938041e-04 -2.602986060082911903e-04
2.211067002017917112e+05 2.079652622342110114e-03 -1.194477896206080914e-03 8.128852350637316704e-04
2.211067252047916991e+05 2.087601693347096009e-03 -1.205538981594145081e-03 -2.522257273085414821e-04
2.211067501897916954e+05 -4.923792221234180033e-05 9.247947600670158863e-04 8.030939497984945774e-04
2.211067751767917071e+05 -1.114826067350805023e-03 1.982598565518856049e-03 7.945648976601660252e-04
2.211068001607916958e+05 -1.113718026317656040e-03 -1.410094409948214889e-04 7.971571176312863827e-04
2.211068251477917074e+05 1.012303517200052955e-03 -1.390161778545007110e-04 8.039762615226209164e-04
2.211068501227916859e+05 -3.509852103888987817e-05 8.999609271995723248e-04 -1.330892206169665077e-03
2.211068751107917051e+05 -1.125006936490535953e-03 1.990653108805418015e-03 1.859180396422744014e-03
2.211069000977916876e+05 -1.115880091674626090e-03 9.182922658510506153e-04 7.954315515235066414e-04
2.211069251007917046e+05 -3.593058499973267317e-05 8.979845442809164524e-04 -1.331219333223998980e-03
2.211069500907917100e+05 -4.634113429347053170e-05 -1.558797375764698061e-04 -2.685831277631223202e-04
2.211069750647917099e+05 1.017227768898010037e-03 -1.216756994836031957e-03 -2.638983714859933203e-04
2.211070000497917063e+05 -4.563152469927445054e-05 -2.280158922076224847e-03 -2.661096514202653820e-04
2.211070250377916964e+05 -4.786209319718182087e-05 -1.580696552991867065e-04 -2.688868844415991956e-04
2.211070500227916928e+05 -1.120056840591133075e-03 -1.493348681833595037e-04 7.925723912194371223e-04
2.211070749937916989e+05 -1.111647579818964005e-03 -1.602110132807866010e-04 -2.725328959058970213e-04
2.211070999957917084e+05 -5.014708222006448291e-05 -1.613090280443429947e-04 -2.723564684856683016e-04
2.211071249797916971e+05 -5.047104787081480026e-05 -1.614557550055905906e-04 -2.724296646192669868e-04
2.211071499677916872e+05 -1.122944406233727932e-03 -1.531647430965676904e-04 7.889927364885807037e-04
2.211071749527917127e+05 -1.123095513321459077e-03 -1.536568306619300896e-04 7.889089174568653107e-04
2.211071999387916876e+05 2.067026915028690858e-03 -1.506829139543696967e-04 7.991602178663015366e-04
2.211072249267917068e+05 -2.187591977417469025e-03 9.051315137185156345e-04 7.838993333280086517e-04
2.211072498967917054e+05 -1.118130981922150092e-03 8.938753162510693073e-04 -2.811990270856767893e-04
2.211072748987916857e+05 1.017679227516055107e-03 -1.757327117957175049e-04 -1.338017173111438968e-03
2.211072998827917036e+05 2.072493080049753189e-03 -1.646922173677012053e-04 -2.696883166208863258e-04
2.211073248797917040e+05 -1.118544605560600974e-03 8.922344422899186611e-04 -2.814954787027090788e-04
2.211073498627917143e+05 -1.126568298786879019e-03 -1.597435184521600875e-04 7.847115048207342625e-04
2.211073748277917039e+05 -5.506952584255486727e-05 -1.690869539743289080e-04 -2.768963167909532785e-04
2.211073998307916918e+05 9.993012063205242157e-04 -1.583185076015070081e-04 7.914458401501178741e-04
2.211074248137917020e+05 -4.910432107863015749e-05 -1.821896148612723026e-04 -1.345313503406942108e-03
2.211074497997917060e+05 -6.736742943758144975e-05 8.993925293907523155e-04 7.832344854250550270e-04
2.211074747867916885e+05 -6.681345985271036625e-05 -1.624657306820153919e-04 7.844860083423554897e-04
2.211074997687916912e+05 2.060872502624988990e-03 -2.283530542626976967e-03 7.939680945128202438e-04
2.211075247617916903e+05 1.003047800622880025e-03 8.887852891348302364e-04 -2.785570686683058739e-04
2.211075497337917041e+05 1.002802280709147020e-03 8.879614179022610188e-04 -2.786830882541834766e-04
2.211075747287916893e+05 -2.190269296988844872e-03 1.943630049936472936e-03 -2.938311372417957133e-04
2.211075997157917009e+05 -1.124987145885824940e-03 -1.240303157828748009e-03 -2.864889102056623047e-04
2.211076247017917049e+05 1.000645570456982093e-03 -1.766566274454816905e-04 -2.809718425851315260e-04
2.211076496877917089e+05 1.001169905066489956e-03 -1.238732947967946963e-03 -2.797614433802663738e-04
2.211076746737917128e+05 -7.164819544414058328e-05 -1.687229232629761100e-04 7.803335320204496384e-04
2.211076996607916954e+05 -1.127705909311770959e-03 8.805228862911462784e-04 -2.895341312978417223e-04
2.211077246427916980e+05 9.986920049414038658e-04 8.823325042612850666e-04 -2.827292482834308797e-04
2.211077496307916881e+05 9.977333247661590576e-04 -1.242376398295164108e-03 -2.836882486008108204e-04
2.211077746147917060e+05 -6.781515548937022686e-05 8.786934195086359978e-04 -2.899272658396512270e-04
2.211077996037917037e+05 -6.820257840445265174e-05 8.782222284935414791e-04 -2.900019462686032057e-04
2.211078245907916862e+05 -6.781052798032760620e-05 -1.840385375544429096e-04 -2.887888404075055772e-04
2.211078495687916875e+05 -1.132126664742826982e-03 8.755860035307705402e-04 -2.936694363597779924e-04
2.211078745467916888e+05 -7.745760376565158367e-05 8.865892305038869381e-04 7.746662013232707977e-04
2.211078995417917031e+05 -7.918963092379271984e-05 -1.767446810845285925e-04 7.727846386842429638e-04
2.211079245207917120e+05 9.837247198447585106e-04 -1.760086597641929984e-04 7.761329761706292629e-04
2.211079495197916985e+05 9.918755386024713516e-04 -1.869263069238513979e-04 -2.889401221182196790e-04
2.211079745037916873e+05 -1.143628847785294056e-03 -1.799549208953976902e-04 7.690061465837061405e-04
2.211079994917917065e+05 9.915675036609172821e-04 -1.880311028799042106e-04 -2.891507756430656260e-04
2.211080244707916863e+05 -2.207790268585085869e-03 -1.822521589929237962e-04 7.653514039702713490e-04
2.211080494637917145e+05 -1.138230669312179089e-03 -1.928335841512308067e-04 -2.991026267409325188e-04
2.211080744527917122e+05 9.975665016099810600e-04 -1.262761652469635010e-03 -1.355965621769428036e-03
2.211080994357916934e+05 9.882739977911114693e-04 -1.913191081257537007e-04 -2.923886640928686207e-04
2.211081244227917050e+05 -1.147769857197999954e-03 8.773484150879085064e-04 7.642182172276079655e-04
2.211081494077917014e+05 -8.448146400041878223e-05 8.782026707194745541e-04 7.675958331674337387e-04
2.211081743937917054e+05 9.704526746645569801e-04 -1.723630848573521051e-04 1.837280811741947911e-03
2.211081993797917094e+05 9.950302774086594582e-04 8.575381361879408360e-04 -1.359128393232821985e-03
2.211082243547916878e+05 9.757177322171628475e-04 8.764098747633397579e-04 7.678020047023892403e-04
2.211082493377916981e+05 -8.033919584704563022e-05 1.925934455357491970e-03 -3.020626609213650227e-04
2.211082743427917012e+05 -1.150809344835578962e-03 -1.885722886072472009e-04 7.620325195603072643e-04
2.211082993217917101e+05 9.839618578553199768e-04 -1.967821299331262979e-04 -2.961521677207202261e-04
2.211083243097917002e+05 -1.144771347753704028e-03 1.923102769069374041e-03 -3.058183938264846802e-04
2.211083492957917042e+05 -1.134027843363583088e-03 -1.272531459107995033e-03 -1.366946147754787965e-03
2.211083742827916867e+05 -8.214387344196438789e-05 -2.006857248488813910e-04 -3.025140613317490166e-04
2.211083992657916970e+05 9.636012837290763855e-04 -1.795261487131938067e-04 1.830831053666770025e-03
2.211084242367917032e+05 -8.318662003148347139e-05 -2.020573738263919950e-04 -3.027003840543330258e-04
2.211084492387917126e+05 -2.211062237620354132e-03 8.563378942199051380e-04 -3.110765246674417907e-04
2.211084742267917027e+05 -9.222679364029318094e-05 -1.926293334690853953e-04 7.620958494953811169e-04
2.211084992067916901e+05 -8.389198046643286943e-05 -2.037935919361189008e-04 -3.030284424312412739e-04
2.211085242007916968e+05 9.677839698269963264e-04 8.679188322275876999e-04 7.614569040015339851e-04
2.211085491717917030e+05 -1.150022493675350926e-03 -2.074632648145779967e-04 -3.092561382800341195e-04
2.211085741697917110e+05 -8.674871060065925121e-05 -2.065836597466841069e-04 -3.058774746023117954e-04
2.211085991547917074e+05 -1.159303239546715996e-03 -1.982586836675181985e-04 7.555484189651906490e-04
2.211086241427916975e+05 -1.142606022767723040e-03 -2.193602849729358879e-04 -1.374522456899285100e-03
2.211086491297917091e+05 -1.160032814368606047e-03 -1.994101912714540958e-04 7.553531322628259659e-04
2.211086741157917131e+05 -9.762951958691701293e-05 8.629244985058903694e-04 7.574016926810145378e-04
2.211086991017916880e+05 -9.951831452781334519e-05 -2.000554086407647079e-04 7.561271777376532555e-04
2.211087240877916920e+05 -8.294804138131439686e-05 -2.212362014688550884e-04 -1.373939914628862901e-03
2.211087490737916960e+05 9.713795152492821217e-04 -2.102347061736508933e-04 -3.055915876757354086e-04
2.211087740597917000e+05 -1.156247104518115954e-03 8.483194978907704353e-04 -3.139346372336149216e-04
2.211087990467917116e+05 -1.156414626166224046e-03 8.476376533508300781e-04 -3.140614717267454213e-04
2.211088240327916865e+05 -1.155913923867047050e-03 -2.144221216440201077e-04 -3.128083480987697840e-04
2.211088490157916967e+05 9.686500416137278080e-04 -2.132892113877460089e-04 -3.080489696003497189e-04
2.211088740067917097e+05 -1.026430181809701025e-04 -1.266296720132231929e-03 7.547133136540651321e-04
2.211088989737917145e+05 9.689709404483437538e-04 -1.275901217013597055e-03 -3.068997175432742184e-04
2.211089239847917052e+05 -1.048398989951238036e-04 8.554100641049444675e-04 7.518492056988179684e-04
2.211089489567916899e+05 -9.479588334215804935e-05 -1.278605544939636967e-03 -3.105733485426753759e-04
2.211089739577916916e+05 -1.167994458228349903e-03 -2.088663750328124112e-04 7.495139143429696560e-04
2.211089989337917068e+05 -9.626943210605531931e-05 -2.184208860853686929e-04 -3.121044428553432226e-04
2.211090239197917108e+05 -9.758541273185983300e-05 -1.281302538700402000e-03 -3.127372474409639835e-04
2.211090489067916933e+05 -1.095385159715079042e-04 2.974911127239466147e-03 7.468560943379998207e-04
2.211090738987917139e+05 -1.161378342658280893e-03 -1.283788005821407058e-03 -3.164073859807103872e-04
2.211090988887916901e+05 -1.081570371752604978e-04 8.504409925080835819e-04 7.493030279874801636e-04
2.211091238607917039e+05 -1.078894856618717042e-04 -2.116238465532659942e-04 7.505209650844335556e-04
2.211091488467917079e+05 -9.964874334400519729e-05 -2.223848714493215084e-04 -3.145537339150906151e-04
2.211091739332499856e+05 -1.015585075947456062e-04 -2.236577274743468111e-04 -3.164375666528940201e-04
2.211091989192499896e+05 -1.024431985570117967e-04 8.373978198505938053e-04 -3.178552433382719755e-04
2.211092239132499963e+05 -1.019138871924951944e-04 -2.249808021588250995e-04 -3.166481619700788909e-04
2.211092488882500038e+05 9.613204747438430786e-04 -2.239847090095281872e-04 -3.132669953629375046e-04
2.211092738592500100e+05 9.607983520254492760e-04 -2.248263772344216975e-04 -3.133825375698506832e-04
2.211092988622499979e+05 9.503416949883103371e-04 1.908143865875900009e-03 7.488742703571915627e-04
2.211093238492500095e+05 -1.167317270301281972e-03 8.329026168212294579e-04 -3.218425263185054064e-04
2.211093488362499920e+05 -1.159593113698065064e-03 -2.397717180429025942e-04 -1.387254451401531913e-03
2.211093738202500099e+05 9.582491475157439709e-04 -2.272886922582983971e-04 -3.154479491058737040e-04
2.211093987892500008e+05 9.493986726738512516e-04 -2.172717213397845897e-04 7.494733436033129692e-04
2.211094237932499964e+05 -1.170157571323215961e-03 8.306350791826844215e-04 -3.238953358959407156e-04
2.211094487792500004e+05 9.569741087034344673e-04 -2.290832489961757985e-04 -3.157348837703465873e-04
2.211094737642499967e+05 -1.169247116195037961e-04 1.902638585306704044e-03 7.430636323988437653e-04
2.211094987432500056e+05 9.471715311519801617e-04 -1.281510107219218991e-03 7.491754367947578430e-04
2.211095237372500123e+05 -1.181231928057969050e-03 8.383892127312719822e-04 7.394994026981294155e-04
2.211095487232499872e+05 9.543822379782795906e-04 -2.314317971467972073e-04 -3.173557925038040226e-04
2.211095737102499988e+05 9.539380553178489208e-04 -2.321051579201593995e-04 -3.174305602442473173e-04
2.211095987052500132e+05 -1.115507402573712035e-04 1.889016479253768921e-03 -3.236710326746106148e-04
2.211096236732499965e+05 9.524144115857779980e-04 8.282694616355001926e-04 -3.189576673321425915e-04
2.211096486562500068e+05 9.527438087388873100e-04 -1.295192283578217030e-03 -3.174867597408593243e-04
2.211096736532500072e+05 -1.176043646410108046e-03 8.248831727541983128e-04 -3.271487075835465843e-04
2.211096986402499897e+05 9.433859377168118954e-04 -1.285775681026279926e-03 7.473212317563593388e-04
2.211097236252499861e+05 -1.126567658502608944e-04 -2.365804975852369991e-04 -3.225476248189806938e-04
2.211097486052500026e+05 -1.176372403278947093e-03 -2.386796841165051135e-04 -3.261327801737933809e-04
2.211097736072500120e+05 -1.141468819696456058e-04 8.237442816607654095e-04 -3.240766527596861124e-04
2.211097985782499891e+05 9.401633869856595993e-04 8.346954127773642540e-04 7.442700443789362907e-04
2.211098235702500097e+05 -1.179103623144329028e-03 8.216346031986176968e-04 -3.284770937170832807e-04
2.211098485562500136e+05 -1.241790450876578960e-04 8.327440591529011726e-04 7.398507441394031048e-04
2.211098735422499885e+05 -1.219602127093822035e-04 -2.352165989577769799e-03 7.437637541443109512e-04
2.211098985382500105e+05 -1.187658170238137028e-03 -2.312611613888294047e-04 7.375302957370877266e-04
2.211099235152500041e+05 2.002860419452189965e-03 -1.289411331526935101e-03 7.491752621717751026e-04
2.211099485112499970e+05 -1.241673307958990064e-04 -1.293121022172271989e-03 7.421208429150283337e-04
2.211099734842499893e+05 -1.172715710708870942e-04 -2.418013318674638867e-04 -3.250221780035644770e-04
2.211099984752500022e+05 -1.262136938748880950e-04 -2.319803315913304958e-04 7.398587767966091633e-04
2.211100234572500049e+05 -1.265163591597228971e-04 -2.323977241758256880e-04 7.397816516458988190e-04
2.211100484452499950e+05 -1.181761967018247084e-03 -2.445802965667098761e-04 -3.287742729298769886e-04
2.211100734312499990e+05 -1.281564909731968966e-04 8.279819739982485771e-04 7.382400217466056347e-04
2.211100984172500030e+05 -1.277132250834255868e-04 -2.339919155929237875e-04 7.394944550469517708e-04
2.211101234072500083e+05 -1.196647644974291054e-04 -2.450827450957149267e-04 -3.256185445934534073e-04
2.211101483932500123e+05 -1.184304477646946907e-03 8.154637762345373631e-04 -3.312040644232184237e-04
2.211101733652499970e+05 -1.290913060074672103e-04 -2.348551206523553079e-04 7.384736672975122929e-04
2.211101983612499898e+05 -2.239907393231987953e-03 8.029532618820667267e-04 -1.399854896590114074e-03
2.211102233472499938e+05 -1.214974108734167977e-04 -2.462958800606430119e-04 -3.267102292738854885e-04
2.211102483342500054e+05 -1.310589432250708071e-04 8.253246196545660496e-04 7.368791266344487667e-04
2.211102733242500108e+05 -1.186166889965533993e-03 8.126934408210217953e-04 -3.317098307888954878e-04
2.211102982962499955e+05 9.411007049493491650e-04 -2.460271643940358812e-04 -3.240331716369838065e-04
2.211103232922499883e+05 9.314081398770213127e-04 8.252218831330537796e-04 7.395129650831222534e-04
2.211103482862499950e+05 9.319262462668120861e-04 -2.366625849390401894e-04 7.407676312141120434e-04
2.211103732742500142e+05 9.331667097285389900e-04 -2.360449871048330827e-03 7.433109567500650883e-04
2.211103982362500101e+05 -1.150192329077981006e-04 -2.599256113171576912e-04 -1.392891397699713924e-03
2.211104232262499863e+05 -1.194282900542021015e-03 -2.364360960200428963e-03 7.361885509453713894e-04
2.211104482222500083e+05 -1.187418587505816980e-03 -2.513589279260485822e-04 -3.318327071610838175e-04
