2.032704834519166907e+05 -1.062247902154922052e-03 -1.731559634208678982e-03 -1.602118834853172085e-03
2.032705084409166884e+05 -1.063171192072331905e-03 -6.702263490296900272e-04 -1.603531534783541939e-03
2.032705334239166987e+05 2.053887437796219912e-04 -2.659254707396029992e-03 -1.547053456306457953e-03
2.032705584129166964e+05 -1.931534497998655059e-03 -5.289616528898477554e-04 -4.917324404232203960e-04
2.032705833979166928e+05 1.959223154699429870e-04 -1.588070997968316078e-03 -4.835980362258852070e-04
2.032706083819167106e+05 -8.689790847711265087e-04 5.338484188541769981e-04 -4.898104234598577023e-04
2.032706333689166931e+05 1.259202021174133041e-03 -1.586809055879712105e-03 -4.803432966582477093e-04
2.032706583539166895e+05 -8.590114885009825230e-04 -5.374483298510313034e-04 -1.553706941194832108e-03
2.032706833399166935e+05 -1.745579997077584050e-03 -4.228245816193521023e-04 -1.511400449089705944e-03
2.032707083269167051e+05 3.730707394424825907e-04 -4.101716622244567221e-04 -4.395809082780032808e-04
2.032707332979167113e+05 1.445136847905815081e-03 -1.481714076362550042e-03 -1.499895588494837067e-03
2.032707582999166916e+05 -6.827147444710135460e-04 -4.236827662680298090e-04 -1.508235465735197067e-03
2.032707832829167019e+05 -1.744610024616122029e-03 -1.485698507167398930e-03 -1.510509988293051937e-03
2.032708082679166982e+05 3.651748411357402802e-04 -2.523959148675202890e-03 6.276857457123696804e-04
2.032708332549167098e+05 -1.721198903396726088e-03 1.717051723971962929e-03 -1.506147673353553035e-03
2.032708582379166910e+05 -6.490949308499693871e-04 6.458684219978749752e-04 -2.566418144851922989e-03
2.032708832299167116e+05 4.067108675371854955e-04 -1.465289737097918987e-03 -1.495392760261893056e-03
2.032709082019166963e+05 4.068925918545573950e-04 -1.466054702177643993e-03 -1.495491829700767994e-03
2.032709331959167030e+05 -1.729967305436729951e-03 6.644662935286760330e-04 -4.402131307870150155e-04
2.032709581819167070e+05 1.470936113037168980e-03 -3.588628489524126053e-03 -1.489547081291676001e-03
2.032709831669167033e+05 4.034695157315582037e-04 6.565474322997033596e-04 -1.498425146564841054e-03
2.032710081529167073e+05 -6.585695082321763039e-04 -3.912126121576874906e-04 -4.313071258366107941e-04
2.032710331389167113e+05 -1.714373356662691073e-03 1.720248954370618083e-03 -1.502582221291959069e-03
2.032710581239167077e+05 1.477830344811082103e-03 -2.522252267226576805e-03 -1.486930996179580905e-03
2.032710831099167117e+05 -1.715215505100786903e-03 1.718981191515922980e-03 -1.502751489169896083e-03
2.032711080939167005e+05 -6.430812645703554153e-04 6.477576680481433868e-04 -2.563065616413950920e-03
2.032711330719167017e+05 -1.723263645544647954e-03 -3.946800716221333092e-04 -4.352669639047235250e-04
2.032711580669166869e+05 3.971586993429809809e-04 6.798182148486375809e-04 6.389272748492658138e-04
2.032711830519167124e+05 -1.712221885100007057e-03 -4.055561148561537266e-04 -1.496732234954833984e-03
2.032712080379166873e+05 4.160821845289319754e-04 -1.464523025788367011e-03 -1.488632056862116077e-03
2.032712330339167092e+05 2.525636227801442146e-03 -1.442070701159537055e-03 6.482015014626085758e-04
2.032712580129166890e+05 4.136297793593258208e-04 1.718951039947568937e-03 -1.492847106419503906e-03
2.032712829889167042e+05 -6.482248427346348763e-04 -4.053873417433350736e-04 -1.493727788329124017e-03
2.032713079629167041e+05 4.062872030772268772e-04 -1.456147641874850013e-03 -4.240243288222699815e-04
2.032713329659166920e+05 -1.711869263090193055e-03 6.539706373587250710e-04 -1.493707648478447957e-03
2.032713579519166960e+05 4.141968965996056795e-04 1.718041254207492092e-03 -1.488246140070260005e-03
2.032713829489166965e+05 -1.703298185020684979e-03 6.432571681216359138e-04 -2.558922395110129876e-03
2.032714079199167027e+05 -6.476695998571813107e-04 6.536947330459952354e-04 -1.490629510954021974e-03
2.032714328909167089e+05 -6.474561523646116257e-04 -4.082798550371081179e-04 -1.489365356974303939e-03
2.032714578869167017e+05 -1.702674198895693042e-03 -1.482204301282763047e-03 -2.556581515818833871e-03
2.032714828789166932e+05 -3.838262753561139107e-03 1.712946454063057899e-03 -1.495813368819653988e-03
2.032715078659167048e+05 -6.468962528742849827e-04 6.547735538333654404e-04 -1.484242849983274937e-03
2.032715328509167011e+05 -6.463319296017289162e-04 -4.073286254424601793e-04 -1.482993713580071926e-03
2.032715578369167051e+05 -6.537044537253677845e-04 -2.520164242014288902e-03 -4.154412599746137857e-04
2.032715828219167015e+05 -6.567856180481612682e-04 6.635549943894147873e-04 -4.195031069684774226e-04
2.032716078089167131e+05 4.072510346304624731e-04 -3.979959001298993826e-04 -4.148424195591359788e-04
2.032716327939167095e+05 -6.569283432327210903e-04 -3.998579923063517159e-04 -4.183849960099905729e-04
2.032716577749167045e+05 -1.732045551761985042e-03 -4.080880898982285911e-04 -4.172445624135435170e-04
2.032716827659166884e+05 4.042866639792919159e-04 -1.477892510592937036e-03 -1.474126824177802043e-03
2.032717077489166986e+05 -6.684368709102272987e-04 -4.073300515301526135e-04 -4.140067030675709248e-04
2.032717327369166887e+05 -1.732388627715409019e-03 6.518727750517427921e-04 -4.189475439488887787e-04
2.032717577219167142e+05 4.040428029838948900e-04 -4.175686044618486816e-04 -1.475787837989628098e-03
2.032717827059167030e+05 4.037363105453550816e-04 6.437738193199038506e-04 -1.477267709560692093e-03
2.032718077029167034e+05 -6.656002951785922050e-04 -4.215173830743879080e-04 -1.472085714340209961e-03
2.032718326789166895e+05 3.977888263761997223e-04 -4.206638259347528219e-04 -1.468753907829523087e-03
2.032718576569166908e+05 3.888377686962484771e-04 -4.106890992261468822e-04 -4.038265615236014128e-04
2.032718826489167113e+05 -6.758515373803675175e-04 6.487451028078794479e-04 -4.087359993718565052e-04
2.032719076369167014e+05 -6.762692937627434731e-04 6.483133765868842602e-04 -4.088082641828805208e-04
2.032719326089166861e+05 3.960119502153248137e-04 6.389985210262238979e-04 -1.470487914048135064e-03
2.032719576099166879e+05 3.848380583804100752e-04 -4.138117074035108089e-04 -3.936555003747344017e-04
2.032719825889166968e+05 3.831397916655988043e-04 1.708905678242444992e-03 -3.964453062508255243e-04
2.032720075799167098e+05 3.843622398562728817e-04 -4.143961996305733919e-04 -3.938536683563143015e-04
2.032720325659167138e+05 1.455366727896034934e-03 6.374337826855480671e-04 -1.456850091926753955e-03
2.032720575399167137e+05 -1.733197364956140952e-03 -1.490248483605683067e-03 -1.464664703235029957e-03
2.032720825229166949e+05 -2.797141671180725098e-03 -4.309766518417745829e-04 -1.469605253078043027e-03
2.032721075129167002e+05 -6.715053459629416466e-04 6.325409049168229103e-04 -1.464088330976665020e-03
2.032721325079167145e+05 1.446356647647917054e-03 -4.162538098171352798e-04 -3.783494757954031229e-04
2.032721574939166894e+05 -1.736666657961905003e-03 6.307088769972324371e-04 -1.455129473470150991e-03
2.032721824639166880e+05 3.912539104931055957e-04 -1.490754890255630016e-03 -1.445661066100000901e-03
2.032722074649166898e+05 3.825910098385065794e-04 -4.190861654933542013e-04 -3.821276186499745196e-04
2.032722324499166862e+05 -6.736693903803825378e-04 1.691801939159631946e-03 -1.453348551876842976e-03
2.032722574289166951e+05 -6.729292217642068863e-04 6.288894219323992729e-04 -1.452154596336185932e-03
2.032722824219166941e+05 3.928098303731530905e-04 -4.318273568060249090e-04 -1.434633508324623108e-03
2.032723074079166981e+05 3.845393948722630739e-04 -1.483225263655185916e-03 -3.684104303829371929e-04
2.032723323929166945e+05 -6.706513231620192528e-04 -4.336175625212491101e-04 -1.438309904187917926e-03
2.032723573789166985e+05 -6.630278076045215130e-04 6.163236103020608425e-04 -2.504773437976837158e-03
2.032723823659167101e+05 -1.752922427840531089e-03 1.707376795820892074e-03 6.853445665910840034e-04
2.032724073349167011e+05 -6.798762478865683079e-04 -4.256682004779577255e-04 -3.736452490556985140e-04
2.032724323329167091e+05 -6.716735078953206539e-04 -4.365559434518218040e-04 -1.438721315935254097e-03
2.032724573189167131e+05 3.951361577492206747e-04 -4.343662585597484762e-04 -1.420224551111459949e-03
2.032724822949166992e+05 -6.687408895231783390e-04 -4.362406034488230944e-04 -1.423758454620837948e-03
2.032725072939166857e+05 -6.774452049285173416e-04 -4.264475428499280864e-04 -3.588850086089224165e-04
2.032725322789167112e+05 3.951636026613413745e-04 -1.497518620453774929e-03 -1.419174601323903041e-03
2.032725572659166937e+05 3.856364346574991941e-04 -4.264140443410723859e-04 -3.556342853698878938e-04
2.032725822589166928e+05 3.846881445497273857e-04 6.347378948703408241e-04 -3.570485860109329224e-04
2.032726072269167053e+05 -6.789492908865213394e-04 1.692523946985601945e-03 -3.476076235529034788e-04
2.032726322319167084e+05 1.466800807975233035e-03 -1.510383444838226058e-03 -2.466752193868159814e-03
2.032726572079166945e+05 1.440094318240880966e-03 -4.177108057774602825e-04 7.267970941029489040e-04
2.032726821939166985e+05 -1.733510755002499060e-03 -4.429166729096323252e-04 -1.413656515069305897e-03
2.032727071799167024e+05 -6.704786210320889950e-04 -4.421036283019930124e-04 -1.410313532687724070e-03
2.032727321659167064e+05 -6.611511344090104103e-04 -1.514400471933186054e-03 -2.474067499861121178e-03
2.032727571509167028e+05 -1.733223325572907925e-03 6.163163925521075726e-04 -1.401851302944123962e-03
2.032727821379167144e+05 1.457865582779050090e-03 -1.503577339462935925e-03 -1.388887874782084985e-03
2.032728071229167108e+05 -1.734377350658177896e-03 6.149693508632481098e-04 -1.402009860612452030e-03
2.032728321089166857e+05 -6.799577386118471622e-04 6.262500537559390068e-04 -3.336634836159647053e-04
2.032728570949166897e+05 -6.778154638595879078e-04 -2.558722859248518944e-03 -3.297463117633014917e-04
2.032728820629167021e+05 3.939831804018468207e-04 -1.507298904471098943e-03 -1.392778591252862973e-03
2.032729070669166977e+05 3.938623412977904081e-04 -1.507658394984900951e-03 -1.392862177453934929e-03
2.032729320519166940e+05 2.531306119635701180e-03 -1.515968004241585948e-03 -2.435867674648762183e-03
2.032729570449166931e+05 -6.772612105123698711e-04 -4.379528108984231949e-04 -3.176564350724219734e-04
2.032729820299166895e+05 3.844443417619913816e-04 1.686004339717328982e-03 -3.169852716382592916e-04
2.032730070099167060e+05 -1.733036828227340958e-03 6.113162380643188953e-04 -1.387661555781960054e-03
2.032730319969166885e+05 3.855018003378062898e-04 -4.372227995190768892e-04 -3.145141236018388921e-04
2.032730569799166988e+05 3.853342786896973848e-04 -4.377887526061385870e-04 -3.145978553220630234e-04
2.032730819679166889e+05 1.450940733775496049e-03 6.249293801374733448e-04 -2.981142897624521905e-04
2.032731069419166888e+05 -1.737931394018233039e-03 -1.502529135905205987e-03 -3.059149603359401226e-04
2.032731319489167072e+05 3.955968422815204209e-04 6.124587962403893471e-04 -1.366775482892989895e-03
2.032731569209166919e+05 3.867992782033979893e-04 6.221831426955759525e-04 -3.018568386323750019e-04
2.032731819099166896e+05 -1.740252831950783946e-03 6.190811400301754475e-04 -3.089038655161858147e-04
2.032732068959166936e+05 -1.731827505864202976e-03 6.087262299843132496e-04 -1.373981707729398987e-03
2.032732318819166976e+05 3.988660464528948069e-04 6.114296847954392433e-04 -1.352303777821362019e-03
2.032732568719167029e+05 3.986665396951138973e-04 6.108769448474049568e-04 -1.352386199869215055e-03
2.032732818519166904e+05 -1.728169037960469940e-03 6.075264536775648594e-04 -1.359442132525146008e-03
2.032733068399167096e+05 -1.727471826598047993e-03 -4.543442046269773895e-04 -1.358194625936449008e-03
2.032733318309166934e+05 3.913188993465154821e-04 -1.503574661910533905e-03 -2.850636956281960011e-04
2.032733567899166956e+05 -6.740571116097271442e-04 6.175909074954688549e-04 -2.912657510023564100e-04
2.032733817959167063e+05 1.461507636122405963e-03 -4.522118833847343922e-04 -1.348097342997788949e-03
2.032734067819167103e+05 -1.724895555526017926e-03 6.061856984160840511e-04 -1.344611169770359993e-03
2.032734317669167067e+05 1.457555685192347007e-03 -4.411263507790864056e-04 -2.679816680029035157e-04
2.032734567539166892e+05 4.015350132249296254e-04 6.080805324018001556e-04 -1.337893307209014893e-03
2.032734817389166856e+05 -6.779950344935059547e-04 -4.344061890151352232e-04 7.898788899183273315e-04
2.032735067329166923e+05 -6.690733134746551514e-04 -1.506537781096995094e-03 -2.739006886258720810e-04
2.032735316969167034e+05 -6.623512017540633678e-04 6.060945452190935612e-04 -1.341639203019439957e-03
2.032735566939167038e+05 1.456584897823631980e-03 -4.428680695127695799e-04 -2.685133076738566160e-04
2.032735816869167029e+05 -1.724428962916136005e-03 6.038118153810501099e-04 -1.330713974311948039e-03
2.032736066559166939e+05 4.037823237013071775e-04 -1.517068012617528005e-03 -1.321251853369175954e-03
2.032736316359167104e+05 -6.519940216094255447e-04 -4.678275145124644041e-04 -2.391129964962602095e-03
2.032736566379166907e+05 -6.619637133553624153e-04 6.034040125086903572e-04 -1.327571924775839069e-03
2.032736816089166969e+05 4.105483531020582264e-04 -4.675373493228108233e-04 -2.387856831774115996e-03
2.032737066119167139e+05 -6.710715824738144875e-04 6.130604888312518597e-04 -2.627717040013521910e-04
2.032737315979166888e+05 -1.723597408272325993e-03 -4.595984646584839171e-04 -1.316712703555821939e-03
2.032737565829167143e+05 -6.597166648134589195e-04 -1.520773395895957947e-03 -1.312044565565883896e-03
2.032737815679167106e+05 -1.724855392239988067e-03 6.002681911922991276e-04 -1.318255206570029042e-03
2.032738065659166896e+05 -6.603195215575397015e-04 -1.522287726402282932e-03 -1.312248292379081032e-03
2.032738315419167047e+05 4.011907440144569224e-04 6.016616825945675373e-04 -1.311527448706329086e-03
2.032738565269167011e+05 4.008223768323659897e-04 6.009833305142819881e-04 -1.311647240072489002e-03
2.032738815119166975e+05 -6.679420475848019123e-04 -4.497990885283797979e-04 -2.343276282772422108e-04
2.032739064989167091e+05 3.947947698179631883e-04 -4.487003025133162737e-04 -2.309692063136025992e-04
2.032739314929166867e+05 4.031651478726416826e-04 -4.596735525410621816e-04 -1.296053058467804952e-03
2.032739564659167081e+05 4.021900822408496791e-04 6.010063225403428078e-04 -1.297513954341412024e-03
2.032739814409166866e+05 3.938607987947762012e-04 -4.505325923673809117e-04 -2.312697470188140869e-04
2.032740064419166883e+05 4.014782607555388862e-04 6.000712746754288673e-04 -1.297686831094325022e-03
2.032740314269167138e+05 -1.732282456941903071e-03 1.671433798037468953e-03 -2.272992569487541914e-04
2.032740564139166963e+05 -6.582886562682688236e-04 -1.522687962278723934e-03 -1.284917118027806065e-03
2.032740813989166927e+05 -6.766353617422282696e-04 -4.411592963151633739e-04 8.436315110884606838e-04
2.032741063859167043e+05 -1.731892814859748103e-03 -4.531765298452227766e-04 -2.249015669804065878e-04
2.032741313709167007e+05 3.954269050154834986e-04 -1.512755523435771032e-03 -2.167680650018156117e-04
2.032741563659166859e+05 -6.597820902243256569e-04 -1.524777151644230106e-03 -1.285304897464812019e-03
2.032741813449166948e+05 3.861796285491437262e-04 -1.503472332842648029e-03 8.480336982756853104e-04
2.032742063139166858e+05 4.044689994771034068e-04 6.018279818817973137e-04 -1.270543085411190987e-03
2.032742313139167090e+05 -6.587865063920617104e-04 -4.616558726411312819e-04 -1.272782217711210034e-03
2.032742562999167130e+05 -6.685257540084421635e-04 6.098684971220791340e-04 -2.091877104248852080e-04
2.032742812859166879e+05 -6.593570578843355179e-04 -4.628552414942532778e-04 -1.272984663955867074e-03
2.032743062569166941e+05 -6.603469373658299446e-04 5.981661961413919926e-04 -1.274397363886236928e-03
2.032743312579166959e+05 -6.599177140742540359e-04 -4.640327242668718100e-04 -1.273187343031167984e-03
2.032743562499166874e+05 -6.664923857897520065e-04 6.118552410043776035e-04 -1.948745193658396873e-04
2.032743812289166963e+05 -6.661213119514286518e-04 -4.499315691646187955e-04 -1.936560875037685037e-04
2.032744062149167003e+05 -6.578107713721692562e-04 -4.606264701578766108e-04 -1.258735079318284988e-03
2.032744312019167119e+05 -6.579207256436347961e-04 -4.610769683495163918e-04 -1.258862903341650963e-03
2.032744561909167096e+05 -6.759574171155691147e-04 6.205778918229043484e-04 8.697193115949630737e-04
2.032744811619166867e+05 -6.594936712644994259e-04 5.991236539557576180e-04 -1.260388875380157991e-03
2.032745061489166983e+05 3.958071174565703219e-04 -4.511036386247723753e-04 -1.906718680402263999e-04
2.032745311439167126e+05 4.052372532896698063e-04 1.664935494773090103e-03 -1.244517043232918002e-03
2.032745561299166875e+05 -6.649992428719997406e-04 -4.493752785492687875e-04 -1.804299827199429003e-04
2.032745811159166915e+05 1.462055835872888999e-03 -1.508475746959448078e-03 -1.722411107039079070e-04
2.032746061009166879e+05 -6.575409206561744213e-04 -4.608190502040088177e-04 -1.245611347258090973e-03
2.032746310879166995e+05 3.980097244493662769e-04 -1.510959584265946908e-03 -1.759011938702315092e-04
2.032746560749167111e+05 3.881144803017377853e-04 -4.398496530484408140e-04 8.876504143700003624e-04
2.032746810579166922e+05 -6.572200800292193890e-04 6.029871874488890171e-04 -1.233180169947444959e-03
2.032747060449167038e+05 4.074957105331122875e-04 -1.519321696832776070e-03 -1.227178378030657985e-03
2.032747310169166885e+05 4.059434577357023954e-04 6.033332319930195808e-04 -1.229933113791048960e-03
2.032747560169167118e+05 -6.653944146819412708e-04 -4.499591304920613766e-04 -1.671924983384087953e-04
2.032747809969166992e+05 1.470533548854291005e-03 -1.519537647254765034e-03 -1.224015490151941993e-03
2.032748059889166907e+05 4.057819896843283826e-04 -4.601309774443507195e-04 -1.228924142196774049e-03
2.032748309769167099e+05 -6.589397089555859566e-04 5.995824467390775681e-04 -1.233786460943520069e-03
2.032748559479166870e+05 -6.566818337887525558e-04 6.033946410752832890e-04 -1.219533383846282959e-03
2.032748809489166888e+05 3.971561382059007883e-04 1.676345942541956902e-03 -1.524843246443197131e-04
2.032749059329167067e+05 -6.572466227225959301e-04 6.025363691151142120e-04 -1.219733268953860023e-03
2.032749309179167030e+05 3.988191892858595198e-04 -1.509285648353398063e-03 -1.486838009441270882e-04
2.032749559039167070e+05 3.983717178925871849e-04 -1.509689842350780964e-03 -1.487983390688895908e-04
2.032749808779167070e+05 3.981128393206744844e-04 -1.509964116849005005e-03 -1.488762645749374953e-04
2.032750058779167011e+05 -6.550700054503977299e-04 -4.564767878036946058e-04 -1.204387401230633042e-03
2.032750308559167024e+05 4.080553189851344174e-04 -4.558091459330170805e-04 -1.201006001792847893e-03
2.032750558479166939e+05 1.471815863624214909e-03 -1.516703632660209916e-03 -1.196329598315059922e-03
2.032750808339166979e+05 -6.559923640452325344e-04 -4.583819245453923941e-04 -1.204669359140098095e-03
2.032751058039166965e+05 -6.649693823419511318e-04 -4.489004495553671772e-04 -1.397896558046340942e-04
2.032751308059167059e+05 1.461602631025016091e-03 -4.467770340852438861e-04 -1.329481165157631040e-04
2.032751557909167022e+05 4.062906373292208260e-04 -4.588308511301875114e-04 -1.201500999741256020e-03
2.032751807779167139e+05 4.174539353698492050e-04 -4.654991207644342834e-04 -2.252147998660802841e-03
2.032752057629167102e+05 3.992615966126322746e-04 6.164195947349071503e-04 -1.235592062585056099e-04
2.032752307489167142e+05 -6.549963145516812801e-04 -4.574142803903669119e-04 -1.190816052258014896e-03
2.032752557339167106e+05 4.159386735409498215e-04 5.945746088400483131e-04 -2.253765240311623053e-03
2.032752807209166931e+05 4.078282217960805243e-04 -4.571786266751586849e-04 -1.187555375508964062e-03
2.032753057059166895e+05 -6.558088934980332851e-04 -4.590809403453022242e-04 -1.191099989227951007e-03
2.032753307019167114e+05 3.995688166469336098e-04 1.678984961472451904e-03 -1.123022302635944973e-04
2.032753556819166988e+05 -6.634464953094720840e-04 6.155150476843118668e-04 -1.145084534073249048e-04
2.032753806659166876e+05 4.083068924956024235e-04 6.056082202121615410e-04 -1.176175079308450005e-03
2.032754057182917022e+05 -6.545475334860384464e-04 -4.577212093863636255e-04 -1.178386155515908978e-03
2.032754307162917103e+05 -6.640623323619365692e-04 6.134242285043001175e-04 -1.148473311332054030e-04
2.032754557012917066e+05 3.907302452716975862e-04 6.247885175980627537e-04 9.535267599858343601e-04
2.032754806872917106e+05 4.026544920634477789e-04 -4.434185975696892088e-04 -9.580218465998768806e-05
2.032755056812916882e+05 4.109864239580928737e-04 -4.541064845398067886e-04 -1.160882413387299018e-03
2.032755306492917007e+05 4.108310386072844267e-04 -4.544579132925719023e-04 -1.161008258350193934e-03
2.032755556512917101e+05 -6.540369358845055103e-04 6.050724769011139870e-04 -1.165866968221962018e-03
2.032755806162916997e+05 4.015413287561386824e-04 -4.454608424566686153e-04 -9.620695345802232623e-05
2.032756056162916939e+05 4.021752974949777126e-04 -1.507382839918137030e-03 -9.495805716142058372e-05
2.032756306032917055e+05 4.121486854273825884e-04 -1.515160780400037982e-03 -1.147293834947050051e-03
2.032756555732917041e+05 4.026660753879696131e-04 -4.435109440237284249e-04 -8.370876457775011659e-05
2.032756805792916857e+05 1.465795794501901107e-03 -4.429864056874067133e-04 -8.037372026592493057e-05
2.032757055602917098e+05 -6.519468734040856361e-04 -1.517830998636781953e-03 -1.151042524725198963e-03
2.032757305462917138e+05 2.537057735025883155e-03 -4.530864534899591857e-04 -1.142107066698371930e-03
2.032757555322916887e+05 -6.454421672970056534e-04 5.935813533142209053e-04 -2.218934707343577905e-03
2.032757805192917003e+05 -6.533323321491479874e-04 -4.580727545544505119e-04 -1.152690034359693961e-03
2.032758055032916891e+05 4.103626997675747221e-04 6.076343706808984280e-04 -1.136701437644660039e-03
2.032758304912917083e+05 4.024033842142670805e-04 -4.439064650796353817e-04 -7.045101665426045656e-05
2.032758554862916935e+05 -6.620773347094655037e-04 6.155631272122263908e-04 -7.537022611359134316e-05
2.032758804602916935e+05 4.008140531368554181e-04 6.163748330436646938e-04 -7.197850936790928245e-05
2.032759054402917100e+05 -1.733323675580322959e-03 -1.499487902037798925e-03 9.886411717161536217e-04
2.032759304392916965e+05 -1.726334565319121101e-03 6.127831293269991875e-04 -7.911365537438541651e-05
2.032759554202916916e+05 -6.529848324134945869e-04 -4.552060272544621879e-04 -1.126271090470253988e-03
2.032759804052916879e+05 4.017604805994778872e-04 -4.438157484401016885e-04 -5.789316855953074992e-05
2.032760053922916995e+05 -1.717632520012557940e-03 6.037689163349568844e-04 -1.131272292695939975e-03
2.032760303802916897e+05 -1.716863480396568992e-03 -4.581729299388825893e-04 -1.130029209889471965e-03
2.032760553672917013e+05 1.466111745685338974e-03 -2.567450050264596939e-03 -5.210515519138426266e-05
2.032760803362916922e+05 4.085123655386269093e-04 6.048221839591860771e-04 -1.124639413319528103e-03
2.032761053352917079e+05 1.463960972614585920e-03 -4.454860754776746035e-04 -5.497246093000285327e-05
2.032761303222916904e+05 -6.526724901050329208e-04 -1.516999327577650981e-03 -1.111963065341114998e-03
2.032761553082916944e+05 1.472674310207366943e-03 -4.535743792075663805e-04 -1.106480369344353893e-03
2.032761802882917109e+05 -6.629838608205318451e-04 -4.463889927137643099e-04 -4.848465323448181152e-05
2.032762052902916912e+05 -6.540177855640649796e-04 -1.519071287475525899e-03 -1.112274243496357961e-03
2.032762302652916987e+05 -6.643835804425179958e-04 6.137883174233138561e-04 -5.002088801120407879e-05
2.032762552512917027e+05 3.987072268500924110e-04 6.143494974821805954e-04 -4.668233668780886314e-05
2.032762802362916991e+05 -1.709786592982708974e-03 -4.671846108976752108e-04 -2.168379025533794923e-03
2.032763052232917107e+05 3.996400628238915855e-04 -4.443162179086356813e-04 -3.157914761686698280e-05
2.032763302082917071e+05 4.072055162396281958e-04 6.065586931072175503e-04 -1.098013948649168015e-03
2.032763551942917111e+05 4.085771506652235985e-04 -1.516844960860908031e-03 -1.095430692657827897e-03
2.032763801812916936e+05 3.989258548244833946e-04 -4.457417817320675200e-04 -3.188734990544617176e-05
2.032764051672916976e+05 1.461363164708018086e-03 6.167826941236853600e-04 -2.984114871651399881e-05
2.032764301362916885e+05 1.470494200475513935e-03 -4.556076310109347105e-04 -1.093632541596889062e-03
2.032764551212917140e+05 -1.728707225993276076e-03 6.157879834063351154e-04 -2.651928298291749913e-05
2.032764801242917019e+05 3.913224209100008011e-04 -1.494805212132632949e-03 1.047926489263772964e-03
2.032765051102917059e+05 -6.652289885096251965e-04 6.162691279314458370e-04 -2.328278787899762053e-05
2.032765300972916884e+05 3.984028880950062925e-04 -4.445280646905303001e-04 -1.860132033471018076e-05
2.032765550842917000e+05 -6.580966291949152946e-04 1.666320487856864929e-03 -1.089814468286931948e-03
2.032765800562917138e+05 -6.576998275704681873e-04 6.040381849743425846e-04 -1.088603050447999997e-03
2.032766050592917018e+05 4.050488059874624014e-04 6.081700557842850685e-04 -1.073015271686017947e-03
2.032766300392916892e+05 3.966888180002570152e-04 -4.436026792973279953e-04 -6.795099125156411901e-06
2.032766550252916932e+05 3.970577672589569742e-04 -1.505660591647028923e-03 -5.537719971471233293e-06
2.032766800122917048e+05 4.035169840790330822e-04 6.063035107217729092e-04 -1.073318417184055068e-03
2.032767049882916908e+05 -6.604206282645463943e-04 6.044782348908483982e-04 -1.076849293895066001e-03
2.032767299902917002e+05 -1.723537687212228992e-03 -4.590451426338403875e-04 -1.079095643945038102e-03
2.032767549792916980e+05 4.017484898213297129e-04 6.078620208427309990e-04 -1.060337526723742051e-03
2.032767799392917077e+05 -6.619639461860060692e-04 6.058252183720469475e-04 -1.063921954482794025e-03
2.032768049402917095e+05 -6.698993965983390808e-04 -4.457764443941413814e-04 2.324836032130405815e-06
2.032768299272916920e+05 4.013730213046073914e-04 -4.554833285510540009e-04 -1.059321919456124089e-03
2.032768549122916884e+05 -6.801963318139314651e-04 6.251736776903271675e-04 1.065805321559309959e-03
2.032768798992917000e+05 -1.726195565424859957e-03 -4.591270117089151794e-04 -1.066440017893909974e-03
2.032769048852917040e+05 4.012267454527317936e-04 -1.518502016551793055e-03 -1.058290246874094009e-03
2.032769298702917004e+05 4.082986852154136246e-04 -4.646245506592094898e-04 -2.111585577949881987e-03
2.032769548572917120e+05 3.993932041339576244e-04 -4.551324236672372168e-04 -1.046711462549865029e-03
2.032769798422917083e+05 3.991124685853720253e-04 -4.556826315820217133e-04 -1.046792021952569051e-03
2.032770048292916908e+05 -6.645706598646938801e-04 -4.577860527206211740e-04 -1.050380407832562923e-03
2.032770298142916872e+05 -6.818933761678636074e-04 -4.373461124487221241e-04 1.079537440091371970e-03
2.032770547992917127e+05 1.452231197617948055e-03 6.157567841000854969e-04 2.001146640395745974e-05
2.032770797782916925e+05 -6.656185141764581203e-04 -4.562473623082041740e-04 -1.038853195495903058e-03
2.032771047772917082e+05 -1.730246236547827937e-03 6.033945828676223755e-04 -1.043763477355241992e-03
2.032771297482917143e+05 -6.661307415924966335e-04 -4.573563637677580118e-04 -1.039059250615536950e-03
2.032771547442917072e+05 3.874704416375607252e-04 6.152134155854582787e-04 2.795350155793130059e-05
2.032771797272916883e+05 1.450535259209573052e-03 6.160262855701148510e-04 3.133614882244729183e-05
2.032772047162916861e+05 3.958636661991477013e-04 -4.578843363560736179e-04 -1.035904395394027016e-03
2.032772297072916990e+05 -1.741460175253451087e-03 1.672397716902195974e-03 1.943020470207557082e-05
2.032772546822917066e+05 1.440598396584392028e-03 6.279103108681738377e-04 1.108697964809834957e-03
2.032772796802916855e+05 3.948499215766788071e-04 -4.561577225103973800e-04 -1.023511984385550022e-03
2.032773046592916944e+05 3.764473076444119215e-04 6.254628533497452736e-04 1.105038216337562041e-03
2.032773296472917136e+05 -6.700823432765901089e-04 6.029197247698903084e-04 -1.028502359986305020e-03
2.032773546322917100e+05 3.932051185984163934e-04 6.036217673681676388e-04 -1.025172532536088987e-03
2.032773796242917015e+05 -1.725430716760456996e-03 5.902093253098428249e-04 -2.097170799970626831e-03
2.032774045962916862e+05 -6.871062796562910080e-04 -4.362855397630482912e-04 1.114746904931962056e-03
2.032774295832916978e+05 -6.795144290663301945e-04 6.145186489447951317e-04 4.833355706068687141e-05
2.032774545752916893e+05 3.926731296814978123e-04 -4.571438475977628881e-04 -1.011990127153695063e-03
2.032774795502916968e+05 -6.625856622122228146e-04 -4.693786322604864836e-04 -2.080526435747743087e-03
2.032775045302917133e+05 -6.806992460042238235e-04 6.122402264736592770e-04 4.803394040209241211e-05
2.032775295342917088e+05 -6.813798681832849979e-04 6.115642026998102665e-04 4.792455365532077849e-05
2.032775545142916963e+05 3.833463706541805917e-04 -1.508117071352899075e-03 6.481058517238125205e-05
2.032775795062916877e+05 -6.734275375492870808e-04 6.023539463058114052e-04 -1.006439444608985944e-03
2.032776044912917132e+05 -1.727861119434237046e-03 -4.713353991974145174e-04 -2.073645824566483064e-03
2.032776294772916881e+05 3.824173181783407927e-04 -1.510276226326823018e-03 6.448039493989199400e-05
2.032776544612917060e+05 3.890393709298223257e-04 6.022157613188028336e-04 -1.003258512355386994e-03
2.032776794442916871e+05 -6.833288935013115406e-04 6.107100634835660458e-04 5.816055272589437664e-05
2.032777044392917014e+05 3.798393008764833212e-04 6.116012809798121452e-04 6.154179573059082031e-05
2.032777294222917117e+05 -6.676477496512234211e-04 5.911285988986492157e-04 -2.060551894828677177e-03
2.032777544172916969e+05 -6.765376310795545578e-04 6.011792575009167194e-04 -9.956280700862407684e-04
2.032777794072917022e+05 3.865470644086598808e-04 6.015022518113255501e-04 -9.922947501763701439e-04
2.032778043732916994e+05 3.783951688092201948e-04 -4.500553477555512840e-04 7.396261207759380341e-05
2.032778293662916985e+05 3.867381892632693052e-04 -4.613648634403944016e-04 -9.911681991070508957e-04
2.032778543512916949e+05 -6.685006665065884590e-04 -4.735529364552348852e-04 -2.059704856947063966e-03
2.032778793382917065e+05 3.764454741030930931e-04 6.116568692959845066e-04 8.357199840247631073e-05
2.032779043182916939e+05 3.845022874884306842e-04 6.007483461871743202e-04 -9.815003722906112671e-04
2.032779293142916868e+05 3.852356167044491118e-04 -4.616597725544124842e-04 -9.803043212741613388e-04
2.032779542962916894e+05 3.681159287225455046e-04 -4.414161958266050166e-04 1.149603049270808914e-03
2.032779792812916858e+05 -6.793335196562111378e-04 5.971560021862387657e-04 -9.853122755885124207e-04
2.032780042672916898e+05 3.837706462945789099e-04 5.980408750474452972e-04 -9.819306433200836182e-04
2.032780292532916937e+05 -6.881017470732331276e-04 -4.529776342678815126e-04 9.100221359403803945e-05
2.032780542312916950e+05 3.658210916910321063e-04 6.199238123372197151e-04 1.158046419732273059e-03
2.032780792252917017e+05 3.732630284503101760e-04 1.670320052653551102e-03 9.161300840787589550e-05
2.032781041922917066e+05 -6.806215969845652580e-04 -4.648556932806969231e-04 -9.742947295308113098e-04
2.032781291882916994e+05 1.446000300347805023e-03 -4.625587316695600748e-04 -9.674522443674504757e-04
2.032781541832917137e+05 -6.812104838900268078e-04 -4.659819242078810930e-04 -9.744986891746520996e-04
2.032781791622916935e+05 2.517214743420482116e-03 -4.728477506432681734e-04 -2.029189141467214064e-03
2.032782041552916926e+05 -6.914811092428863049e-04 6.064143963158130646e-04 1.002315548248589039e-04
2.032782291412916966e+05 3.714329213835299015e-04 6.073296535760164261e-04 1.036229732562787966e-04
2.032782541272917006e+05 1.435201731510459943e-03 -4.536179185379297083e-04 1.082954113371669975e-04
2.032782791142917122e+05 3.723268164321780205e-04 -1.517047057859600024e-03 1.060851645888760957e-04
2.032783041052916960e+05 -6.921228487044572830e-04 -4.574377962853760069e-04 1.011650019790976969e-04
2.032783290882917063e+05 -6.846881005913019180e-04 5.933048669248819351e-04 -9.652430308051407337e-04
2.032783540712916874e+05 -6.757372757419943810e-04 -4.775853885803372210e-04 -2.018521539866923852e-03
2.032783790582916990e+05 3.791084454860538244e-04 -4.662590799853206223e-04 -9.501508320681750774e-04
2.032784040422916878e+05 3.787120222114027089e-04 -4.669417685363442248e-04 -9.502717293798923492e-04
2.032784290322916931e+05 -6.940927705727517605e-04 6.031192024238407612e-04 1.098442517104559053e-04
2.032784540192917048e+05 1.441701315343379974e-03 -4.667993634939194268e-04 -9.470210061408579350e-04
2.032784789912916895e+05 3.701878886204212904e-04 -1.519828452728688934e-03 1.157706719823182036e-04
2.032785039942917065e+05 -1.758437370881438038e-03 5.998468841426074505e-04 1.060536087607033957e-04
2.032785289742916939e+05 3.688467550091444904e-04 -4.578635853249580210e-04 1.250584318768233061e-04
2.032785539602916979e+05 3.771132614929229021e-04 -4.688357585109769756e-04 -9.400661219842731953e-04
2.032785789512917108e+05 -6.958316662348806858e-04 6.014188402332365513e-04 1.200573460664599998e-04
2.032786039322917059e+05 -6.970976246520876884e-04 1.662348979152739048e-03 1.186082226922735978e-04
2.032786289182917099e+05 -6.966184009797871113e-04 6.001736037433147430e-04 1.198596291942522065e-04
2.032786538922917098e+05 3.758429666049777919e-04 -4.709889180958271027e-04 -9.404484881088137627e-04
2.032786788892917102e+05 3.658133791759610176e-04 6.013708771206438541e-04 1.338095607934519920e-04
2.032787038752917142e+05 3.741267719306051731e-04 5.904411664232611656e-04 -9.312732727266848087e-04
2.032787288612916891e+05 3.747928130906075239e-04 -4.718491982202976942e-04 -9.300735546275973320e-04
2.032787538462916855e+05 3.745398717001081055e-04 -4.722568846773356199e-04 -9.301542304456233978e-04
2.032787788422917074e+05 3.655348846223204786e-04 -4.628213064279407263e-04 1.347245415672659874e-04
2.032788038172916858e+05 1.427900046110152981e-03 5.995573010295629501e-04 1.367715012747794119e-04
2.032788288062917127e+05 -6.993967108428478241e-04 5.962202558293938637e-04 1.297309499932453036e-04
2.032788537882916862e+05 3.726137510966510123e-04 -4.739945870824158192e-04 -9.200837812386453152e-04
2.032788787772917130e+05 1.418748986907302900e-03 -4.526841803453863209e-04 1.213245908729732037e-03
2.032789037612917018e+05 3.714321646839380264e-04 5.863166879862546921e-04 -9.216293110512197018e-04
2.032789287532916933e+05 3.631534927990288084e-04 -4.654749354813247919e-04 1.445871312171221050e-04
2.032789537372917111e+05 3.799364785663784092e-04 -4.866857198067008907e-04 -1.985489856451749802e-03
2.032789787082916882e+05 -6.838004919700324535e-04 -4.886906244792044163e-04 -1.989075681194663048e-03
2.032790037092916900e+05 1.424468122422694943e-03 5.967947654426097870e-04 1.566617866046726975e-04
2.032790286932917079e+05 -6.934568518772721291e-04 -4.782136820722370798e-04 -9.140457259491086006e-04
2.032790536792917119e+05 -6.929119699634611607e-04 -1.540123252198100090e-03 -9.127942030318081379e-04
2.032790786612917145e+05 3.608774859458208084e-04 -4.677408433053643053e-04 1.542085083201527867e-04
2.032791036362916930e+05 3.685028350446373224e-04 5.828490830026566982e-04 -9.122106130234897137e-04
2.032791286412916961e+05 3.689478908199816942e-04 -4.793812404386699200e-04 -9.110016981139779091e-04
2.032791536312917015e+05 -7.046138634905219078e-04 5.914894281886518002e-04 1.581814722158015045e-04
2.032791786092917027e+05 -7.056648028083145618e-04 1.652483944781125026e-03 1.567242725286633047e-04
2.032792035952917067e+05 3.659007197711616755e-04 1.643042662180959962e-03 -9.048886131495237350e-04
2.032792285812917107e+05 -7.140200468711555004e-04 6.005127215757966042e-04 1.222876831889152961e-03
2.032792535672916856e+05 -6.964104832150042057e-04 -4.826364456675947255e-04 -9.059186559170484543e-04
2.032792785592917062e+05 3.567190724425017834e-04 1.651661470532417081e-03 1.597938971826806936e-04
2.032793035402917012e+05 -7.054519373923540115e-04 -4.735183611046522856e-04 1.588717568665742874e-04
2.032793285262917052e+05 -6.976119475439190865e-04 -4.833755374420434237e-04 -8.971419883891940117e-04
2.032793535112917016e+05 3.738166124094278162e-04 -4.932352458126842976e-04 -1.958795124664903121e-03
2.032793784892917029e+05 3.742974658962339163e-04 -1.555323135107756095e-03 -1.957542961463332176e-03
2.032794034842916881e+05 3.561782941687852144e-04 -4.738724674098194188e-04 1.709937205305323005e-04
2.032794284692917136e+05 3.636619949247688055e-04 5.768156843259930611e-04 -8.954189834184944630e-04
2.032794534562916961e+05 3.547582891769707203e-04 5.866800202056765556e-04 1.694599050097166950e-04
2.032794784392917063e+05 3.637809422798454762e-04 -4.858204338233917952e-04 -8.942880085669457912e-04
2.032795034392917005e+05 -6.913858233019709587e-04 -4.967352142557501793e-04 -1.953025115653872056e-03
2.032795284272916906e+05 2.482194919139146805e-03 -1.533935195766388936e-03 1.886127283796668053e-04
2.032795534002917120e+05 3.629380662459880114e-04 -4.862670903094112873e-04 -8.847726858220994473e-04
2.032795783862916869e+05 3.628227277658879757e-04 -4.868647956755011732e-04 -8.848607540130615234e-04
2.032796033732916985e+05 -7.096502813510596752e-04 -4.785920027643442154e-04 1.765595370670781082e-04
2.032796283582916949e+05 -7.031317800283432007e-04 1.633677515201271014e-03 -8.911761688068509102e-04
2.032796533442916989e+05 1.414463389664887948e-03 1.646892633289098956e-03 1.887698308564723080e-04
2.032796783292916953e+05 1.424130401574075005e-03 -4.871074634138494730e-04 -8.736397139728069305e-04
2.032797032972917077e+05 -7.107856799848377705e-04 -1.541479025036097007e-03 1.856455783126876029e-04
2.032797283022917109e+05 3.422132867854089087e-04 5.926961312070488930e-04 1.251359935849905014e-03
2.032797532892916934e+05 3.511201357468963211e-04 -4.798117151949555224e-04 1.875750167528167096e-04
2.032797782742916897e+05 -7.142688846215605736e-04 1.641279901377856948e-03 1.813493145164102045e-04
2.032798032612917013e+05 3.584101505111902952e-04 -4.906748072244226933e-04 -8.690852555446326733e-04
2.032798282462916977e+05 3.572101995814592188e-04 5.701551563106477261e-04 -8.705385262146592140e-04
2.032798532432916982e+05 3.577320312615483999e-04 -4.918955964967608452e-04 -8.692877017892897129e-04
2.032798782142917044e+05 -7.061441428959369659e-04 -4.938202328048646450e-04 -8.728675893507897854e-04
2.032799032042917097e+05 3.562401398085057735e-04 5.686684162355959415e-04 -8.708186796866357327e-04
2.032799281912916922e+05 2.484370255842804909e-03 -1.552423927932977893e-03 -8.613580139353871346e-04
2.032799531652916921e+05 3.480555023998022079e-04 -4.835910222027450800e-04 1.953022729139775038e-04
2.032799781632917002e+05 -6.999185425229370594e-04 5.559033597819507122e-04 -1.931261271238327026e-03
2.032800031412917015e+05 3.468884970061480999e-04 -4.839137836825103110e-04 2.034524077316746116e-04
2.032800281322917144e+05 -7.083054515533149242e-04 -4.962750826962292194e-04 -8.651334792375564575e-04
2.032800531182916893e+05 3.455797559581696987e-04 5.764844245277345181e-04 2.019123639911412922e-04
2.032800781062917085e+05 -7.078502094373106956e-04 -1.558878342621027990e-03 -8.640157175250351429e-04
2.032801030922917125e+05 -7.003500941209495068e-04 -5.080167320556938648e-04 -1.930425525642931028e-03
2.032801280772917089e+05 3.449132200330495834e-04 5.758508923463523388e-04 2.090694906655699015e-04
2.032801530462916999e+05 3.446616174187511206e-04 5.753362784162163734e-04 2.089874033117667112e-04
2.032801780482917093e+05 1.406741212122142098e-03 1.637456589378416972e-03 2.110009954776614904e-04
2.032802030362916994e+05 -7.186781149357557297e-04 -4.888786352239549160e-04 2.066549786832183871e-04
2.032802280222917034e+05 3.437978157307953185e-04 5.732905701734125614e-04 2.086535096168518066e-04
2.032802530052917136e+05 1.425480004400015094e-03 -1.569654559716582081e-03 -1.915295259095727964e-03
2.032802779952916899e+05 1.408076379448174997e-03 -1.548652769997715950e-03 2.229453966720029983e-04
2.032803029802916863e+05 2.478044712916017012e-03 5.649636732414364815e-04 -8.413294563069939613e-04
2.032803279692917131e+05 -7.218470564112067223e-04 1.632470753975213008e-03 2.118300180882214958e-04
2.032803529532917019e+05 3.430369251873344183e-04 -4.899867926724255085e-04 2.178449358325451884e-04
2.032803779402917135e+05 -7.205920410342514515e-04 -4.917221958748996258e-04 2.143004676327109066e-04
2.032804030126250000e+05 2.477024914696813063e-03 5.627777427434921265e-04 -8.417670615017414093e-04
2.032804279996250116e+05 -7.219469407573342323e-04 5.687177181243896484e-04 2.127623738488181883e-04
2.032804529836250003e+05 3.496916615404189175e-04 5.600954173132777214e-04 -8.408386493101716042e-04
2.032804779626250092e+05 -7.231917115859687328e-04 1.630196347832679965e-03 2.192806132370606065e-04
2.032805029426249966e+05 -7.220429251901805401e-04 -4.936424084007740021e-04 2.218239242210983959e-04
2.032805279336250096e+05 3.394928062334657257e-04 1.630213693715631962e-03 2.225410862592979995e-04
2.032805529336250038e+05 -1.786695327609777017e-03 5.654341075569391251e-04 2.168187784263863889e-04
2.032805779176249926e+05 3.500174498185514862e-04 -1.566013554111123085e-03 -8.386765839532017708e-04
2.032806029016250104e+05 3.488446818664669991e-04 -5.036917282268404961e-04 -8.322832291014492512e-04
2.032806278876250144e+05 -7.249046466313302517e-04 1.627856865525246100e-03 2.265059738419950008e-04
2.032806528706249956e+05 3.485165070742369240e-04 -5.049376632086932659e-04 -8.324999944306910038e-04
2.032806778536250058e+05 3.482231695670635050e-04 -5.054443608969449997e-04 -8.325803792104125023e-04
2.032807028556249861e+05 -7.247181492857635021e-04 5.644217017106711864e-04 2.274951548315584931e-04
2.032807278236249986e+05 3.390924539417027885e-04 -4.960774676874279976e-04 2.322148357052356005e-04
2.032807528176250053e+05 3.403180453460664099e-04 -2.619790611788630052e-03 2.347543777432292971e-04
2.032807778036250093e+05 -7.175781647674739361e-04 -5.082199349999427795e-04 -8.283576462417840958e-04
2.032808027906249918e+05 -7.265908643603324890e-04 -4.984542611055076122e-04 2.365240507060661912e-04
2.032808277856250061e+05 3.450158983469008857e-04 -5.079373368062078953e-04 -8.250912069343030453e-04
2.032808527606250136e+05 3.431703080423175747e-04 1.614504843018949032e-03 -8.278817986138164997e-04
2.032808777296250046e+05 -7.281328435055911541e-04 5.617041606456041336e-04 2.349031419726088914e-04
2.032809027346250077e+05 -7.199819083325564861e-04 5.507767782546579838e-04 -8.302153437398374081e-04
2.032809277206250117e+05 -7.295229006558656693e-04 -5.002645775675773621e-04 2.433514600852504102e-04
2.032809527066249866e+05 -7.203429122455418110e-04 -1.572701963596045971e-03 -8.204022306017577648e-04
2.032809776916250121e+05 3.410460194572805816e-04 5.509894690476357937e-04 -8.197245770134031773e-04
2.032810026786249946e+05 -7.216904778033494949e-04 -5.123675800859928131e-04 -8.219418814405798912e-04
2.032810276646249986e+05 3.413855156395583803e-04 -5.119383567944169044e-04 -8.186056511476635933e-04
2.032810526506250026e+05 3.404298913665115833e-04 5.492076743394136429e-04 -8.200222509913146496e-04
2.032810776346249913e+05 3.309251915197818929e-04 -5.018446245230734348e-04 2.540618006605654955e-04
2.032811026316249918e+05 3.291965113021432811e-04 1.620794646441936059e-03 2.513120125513523817e-04
2.032811275996250042e+05 3.219518694095314091e-04 -4.924324457533657551e-04 1.318849273957312107e-03
2.032811525946249894e+05 3.301506512798368931e-04 -5.032960907556116581e-04 2.537731197662652081e-04
2.032811775806249934e+05 3.297908406239002943e-04 -5.039868992753326893e-04 2.536498650442808867e-04
2.032812025736249925e+05 3.373116778675466776e-04 5.467223818413913250e-04 -8.127644541673362255e-04
2.032812275406249973e+05 -7.440788904204964638e-04 1.626828801818192005e-03 1.312306034378706975e-03
2.032812525486249942e+05 -7.268762565217912197e-04 -5.165449110791087151e-04 -8.074454381130635738e-04
2.032812775246250094e+05 -7.271249196492135525e-04 -5.171288503333926201e-04 -8.075720979832112789e-04
2.032813025106250134e+05 -7.190610631369054317e-04 -5.280711920931935310e-04 -1.872643711976706982e-03
2.032813274966249883e+05 -7.280298159457743168e-04 -5.184133187867701054e-04 -8.077668608166277409e-04
2.032813524666249868e+05 3.257953503634781187e-04 5.543241277337074280e-04 2.592809614725410938e-04
2.032813774666250101e+05 3.251005255151540041e-04 5.535465897992253304e-04 2.591700467746704817e-04
2.032814024546250002e+05 -7.394879357889294624e-04 5.529961781576275826e-04 2.623695181682705879e-04
2.032814274266250140e+05 -7.312444504350423813e-04 5.418867804110050201e-04 -8.027544245123863220e-04
2.032814524276249867e+05 -7.401453331112861633e-04 5.519506521522998810e-04 2.621672465465962887e-04
2.032814774146249983e+05 -7.404278730973601341e-04 5.514096701517701149e-04 2.620423911139369011e-04
2.032815024016250100e+05 3.226906992495059967e-04 5.521966959349811077e-04 2.654019626788794994e-04
2.032815273866250063e+05 -7.486224058084189892e-04 -5.007885047234594822e-04 1.328183570876718001e-03
2.032815523726250103e+05 3.297452349215745926e-04 5.421157111413776875e-04 -7.926081307232379913e-04
2.032815773496250040e+05 -7.431702688336372375e-04 1.612390624359250069e-03 2.675139112398027832e-04
2.032816023306249990e+05 -7.413692655973136425e-04 -1.572928391396998925e-03 2.713947906158863956e-04
2.032816273316250008e+05 3.287552099209278822e-04 5.407184362411499023e-04 -7.928881095722317696e-04
2.032816523156249896e+05 -7.436656742356717587e-04 5.489598843269050121e-04 2.685290237423033064e-04
2.032816773016249936e+05 3.201703366357833147e-04 -5.116832326166331768e-04 2.732462598942220211e-04
2.032817022886250052e+05 3.188443661201744730e-04 5.490457988344132900e-04 2.717964525800197774e-04
2.032817272746250092e+05 1.381147070787847042e-03 5.511327181011438370e-04 2.819444052875041962e-04
2.032817522636250069e+05 3.266337153036146814e-04 -5.229829694144427776e-04 -7.853059796616435051e-04
2.032817772466249880e+05 3.339769900776445866e-04 5.276908050291240215e-04 -1.851711887866259055e-03
2.032818022326249920e+05 -7.461708737537264824e-04 -5.153365200385451317e-04 2.760330389719455892e-04
2.032818272186249960e+05 1.379705034196377017e-03 5.484472494572401047e-04 2.815384359564632177e-04
2.032818522046250000e+05 -7.388666854240000248e-04 5.345696117728948593e-04 -7.905097445473074913e-04
2.032818771946250054e+05 3.261374949943274260e-04 -2.647870453074574037e-03 -7.772420067340135574e-04
2.032819021666249901e+05 -7.406360236927866936e-04 1.596170710399746895e-03 -7.861616322770714760e-04
2.032819271676249919e+05 3.233808383811265230e-04 5.354527384042739868e-04 -7.814542041160166264e-04
2.032819521496249945e+05 3.154894802719355172e-04 -5.161959561519324780e-04 2.847475407179445028e-04
2.032819771336250124e+05 -7.397202425636351109e-04 -5.283909267745912075e-04 -7.837929879315197468e-04
2.032820021186250087e+05 -1.804292085580527999e-03 5.309451953507959843e-04 -7.887101965025067329e-04
2.032820271076250065e+05 -7.317612180486321449e-04 -5.399754154495894909e-04 -1.848997781053185029e-03
2.032820520936250105e+05 3.216818440705537796e-04 5.342008662410080433e-04 -7.757337880320847034e-04
2.032820770796250144e+05 -7.495792815461754799e-04 -5.188774666748940945e-04 2.870249445550144261e-04
2.032821020656249893e+05 -7.504809182137250900e-04 5.422217072919011116e-04 2.856055507436395234e-04
2.032821270516249933e+05 3.235802869312465191e-04 -2.652194350957870050e-03 -7.720635039731860161e-04
2.032821520386250049e+05 -7.417620508931577206e-04 -5.308283143676817417e-04 -7.782671600580215454e-04
2.032821770236250013e+05 3.126969677396119183e-04 -5.196045967750251293e-04 2.900753752328454906e-04
2.032822020096250053e+05 -7.432918646372854710e-04 5.317713366821408272e-04 -7.737429114058613777e-04
2.032822269896249927e+05 -7.520592771470546722e-04 5.414757179096341133e-04 2.911263145506381989e-04
2.032822519906249945e+05 -7.413509883917868137e-04 -2.653967356309295134e-03 -7.699606940150260925e-04
2.032822769516250119e+05 -1.806551008485258059e-03 -5.328684346750378609e-04 -7.762141758576035500e-04
2.032823019536249922e+05 3.200004866812378168e-04 -5.307542160153388977e-04 -7.693735533393919468e-04
2.032823269226250122e+05 3.204002568963915110e-04 -1.592825748957694010e-03 -7.681623101234436035e-04
2.032823519266250078e+05 -1.815756550058722062e-03 -5.222047329880297184e-04 2.938370744232087785e-04
2.032823769126250118e+05 3.108462260570377111e-04 -5.201644962653517723e-04 3.006331971846520901e-04
2.032824018826250103e+05 3.022501477971673012e-04 -5.104400916025042534e-04 1.365539617836474939e-03
2.032824268856249982e+05 -7.454126025550067425e-04 5.285250954329967499e-04 -7.693647057749330997e-04
2.032824518566250044e+05 1.373373670503496907e-03 -5.203936016187071800e-04 3.038076101802288944e-04
2.032824768566249986e+05 -7.469516713172197342e-04 1.588890212588012002e-03 -7.708971388638019562e-04
2.032825018426250026e+05 -7.548478897660970688e-04 5.374448373913764954e-04 2.953484654426575249e-04
2.032825268296250142e+05 -1.818205695599317984e-03 5.376625922508537769e-04 2.973163209389895201e-04
2.032825518156249891e+05 -7.464033551514148712e-04 5.284110666252672672e-04 -7.643026183359324932e-04
2.032825767986249994e+05 -7.460159831680357456e-04 -5.338994087651371956e-04 -7.630951004102826118e-04
2.032826017896250123e+05 2.994008827954531258e-04 5.492523778229951859e-04 1.368945580907166004e-03
2.032826267726249935e+05 -7.473269361071288586e-04 5.267079104669392109e-04 -7.646321319043636322e-04
2.032826517586249975e+05 1.362132374197245078e-03 5.497086676768958569e-04 1.372185768559575081e-03
2.032826767456250091e+05 3.256492200307548046e-04 -5.423577385954558849e-04 -1.819150522351264954e-03
2.032827017186250014e+05 -7.550676818937063217e-04 -5.237177247181534767e-04 3.072551044169812852e-04
2.032827267176249879e+05 2.988033229485154152e-04 5.491346237249672413e-04 1.374300103634596088e-03
2.032827517036249919e+05 -7.472618017345666885e-04 -5.352476146072149277e-04 -7.579454686492681503e-04
2.032827766886249883e+05 -7.567926659248769283e-04 5.362606607377529144e-04 3.056387358810753172e-04
2.032828016726250062e+05 1.377987791784107902e-03 5.277603631839156151e-04 -7.525522960349917412e-04
2.032828266736250080e+05 3.150980046484618837e-04 -5.341159994713962078e-04 -7.500312058255076408e-04
2.032828516476250079e+05 -7.573645561933517456e-04 -5.256503936834633350e-04 3.113895654678345269e-04
2.032828766346249904e+05 3.135535516776145047e-04 5.265567451715469360e-04 -7.515604957006871700e-04
2.032829016206249944e+05 3.149636613670737093e-04 -1.597400405444205024e-03 -7.490290445275604725e-04
2.032829266026249970e+05 3.138487809337676114e-04 -5.364379612728953362e-04 -7.504413952119648457e-04
2.032829515936250100e+05 -7.600685930810868740e-04 1.594991073943674998e-03 3.083091869484633207e-04
2.032829765766249911e+05 3.037808637600392103e-04 5.343494703993201256e-04 3.130257246084510738e-04
2.032830015646250104e+05 1.375651219859719060e-03 5.264427745714783669e-04 -7.435270817950367928e-04
2.032830265486249991e+05 3.043795295525342226e-04 -5.264376522973179817e-04 3.192555741406977177e-04
2.032830515376249969e+05 1.358887413516641097e-03 -5.153692327439785004e-04 1.387592637911438942e-03
2.032830765056250093e+05 3.115861618425697088e-04 5.236347788013517857e-04 -7.472838042303919792e-04
2.032831015006249945e+05 3.112190461251885241e-04 5.230343667790293694e-04 -7.474062731489539146e-04
2.032831265016249963e+05 3.024955512955784798e-04 5.329063278622925282e-04 3.175084129907190800e-04
2.032831514826249913e+05 1.376068568788469055e-03 -1.597600639797746918e-03 -7.368790684267878532e-04
2.032831764676249877e+05 -7.518903585150837898e-04 -5.390786682255566120e-04 -7.452129502780735493e-04
2.032832014596250083e+05 3.119586035609244758e-04 -1.600035233423114040e-03 -7.405430660583078861e-04
2.032832264396249957e+05 3.107659576926379854e-04 -5.390139995142817497e-04 -7.419736939482390881e-04
2.032832514096249943e+05 1.365453470498323007e-03 -5.278623430058360100e-04 3.264007682446389848e-04
2.032832764126250113e+05 -7.533677853643894196e-04 -5.415118648670613766e-04 -7.456375169567763805e-04
2.032833014066249889e+05 -7.536786724813282490e-04 -5.421332316473126411e-04 -7.457188330590724945e-04
2.032833263716250076e+05 3.005239123012871092e-04 5.329923587851226330e-04 3.259727382101119107e-04
2.032833513696249865e+05 -7.545851403847336769e-04 5.204454064369201660e-04 -7.425735238939523697e-04
2.032833763576250058e+05 1.364219700917602019e-03 -5.286783562041819096e-04 3.305523132439702749e-04
2.032834013426250021e+05 -7.543484680354595184e-04 -5.421478417702019215e-04 -7.414503488689661026e-04
2.032834263296250138e+05 -7.545666303485631943e-04 -5.430711316876113415e-04 -7.415818399749696255e-04
2.032834513296250079e+05 -7.549681467935442924e-04 -5.436856881715357304e-04 -7.416593725793063641e-04
2.032834763166249904e+05 -7.646526210010051727e-04 5.304926307871937752e-04 3.266295534558594227e-04
2.032835012826249877e+05 2.991270448546857184e-04 -5.301975179463624954e-04 3.313483903184533119e-04
2.032835262736250006e+05 -7.568069268018007278e-04 5.189929506741464138e-04 -7.385702920146286488e-04
2.032835512586249970e+05 3.062426403630524874e-04 5.198232829570770264e-04 -7.351881358772516251e-04
2.032835762456250086e+05 2.991507644765079021e-04 -1.593654276803136089e-03 3.323422570247203112e-04
2.032836012296249974e+05 2.972471702378243208e-04 5.292201531119644642e-04 3.296014328952879256e-04
2.032836262096250139e+05 1.369860954582690976e-03 -5.419879453256726265e-04 -7.307359483093023300e-04
2.032836511976250040e+05 2.979458658955991268e-04 -5.306473467499017715e-04 3.352565981913357973e-04
2.032836761896249955e+05 1.361769856885076003e-03 -1.591636566445231004e-03 3.399251727387309074e-04
2.032837011756249995e+05 -7.574623450636863708e-04 -5.438058869913220406e-04 -7.334168767556548119e-04
2.032837261616250034e+05 -7.663115393370389938e-04 -5.341590731404721737e-04 3.314567438792436773e-04
2.032837511576249963e+05 -7.581056561321020126e-04 -5.448826705105602741e-04 -7.336206617765128613e-04
2.032837761286250025e+05 2.973994705826044083e-04 -1.595571287907660007e-03 3.360400150995702094e-04
2.032838011306250119e+05 2.964585146401078051e-04 -5.319782649166882038e-04 3.384613955859094858e-04
2.032838261086250131e+05 -7.587751024402678013e-04 -5.441586836241185665e-04 -7.300782599486410618e-04
2.032838510926250019e+05 -7.590499008074402809e-04 -5.448763840831816196e-04 -7.302056183107197285e-04
2.032838760796250135e+05 -7.600430399179458618e-04 5.162464221939444542e-04 -7.316193659789860249e-04
2.032839010596250009e+05 1.358595094643533013e-03 -5.329035338945686817e-04 3.415126411709933931e-04
2.032839260516249924e+05 3.035349654965103215e-04 -5.448930314742028713e-04 -7.270301575772464275e-04
2.032839510376249964e+05 3.030223597306758165e-04 -5.424871342256665230e-04 -7.230223855003714561e-04
2.032839760276250017e+05 2.943987492471932823e-04 -5.324410158209502697e-04 3.418898559175432270e-04
2.032840010096250044e+05 2.933354699052869731e-04 5.284934886731207371e-04 3.404315211810172146e-04
2.032840259956250084e+05 -7.609137101098895073e-04 -5.452652694657444954e-04 -7.267840555869042873e-04
2.032840509816250124e+05 3.100534668192266876e-04 5.064700962975621223e-04 -1.789782429113984108e-03
2.032840759676249872e+05 -1.824634498916565938e-03 -5.478144739754498005e-04 -7.304624305106699467e-04
2.032841009516250051e+05 -7.625515572726726532e-04 5.143294692970812321e-04 -7.284494931809604168e-04
2.032841259396249952e+05 1.363854389637709098e-03 5.192616954445838928e-04 -7.177902734838426113e-04
2.032841509256249992e+05 2.916680241469293833e-04 5.275573930703103542e-04 3.436179540585725957e-04
2.032841759106249956e+05 -7.618346717208623886e-04 -1.607673824764787934e-03 -7.222631829790771008e-04
2.032842008936250058e+05 -7.721679867245256901e-04 5.253013805486261845e-04 3.399445849936454946e-04
2.032842258646250120e+05 3.003435849677770788e-04 -5.458619561977684498e-04 -7.203446002677083015e-04
2.032842508716250013e+05 -7.542190141975879669e-04 -1.619653310626745007e-03 -1.787590445019304969e-03
2.032842758426250075e+05 -1.835612463764846108e-03 -5.364448297768831253e-04 3.412964870221912861e-04
2.032843008476250106e+05 2.985406317748128826e-04 5.166839691810309887e-04 -7.182323606684803963e-04
2.032843258386249945e+05 1.362606417387723923e-03 -5.437947693280875683e-04 -7.135228370316326618e-04
2.032843508146250097e+05 -7.748014177195727825e-04 1.586417900398374038e-03 3.417693078517913818e-04
2.032843758026249998e+05 -7.725461036898195744e-04 -1.598692266270518086e-03 3.456561244092882222e-04
2.032844007876249962e+05 2.977496478706597740e-04 5.147409392520785332e-04 -7.186355651356279850e-04
2.032844257766249939e+05 2.973864611703901941e-04 5.169901996850967407e-04 -7.152196485549211502e-04
2.032844507516250014e+05 2.982314908877015114e-04 -5.450445460155606270e-04 -7.139816880226135254e-04
2.032844757516249956e+05 2.894600329454988241e-04 -5.352909793145954609e-04 3.508896916173397953e-04
2.032845007326249906e+05 1.351052545942365906e-03 1.588774728588759899e-03 3.516059950925409794e-04
2.032845257176249870e+05 -1.830071327276528098e-03 5.121224676258862019e-04 -7.225758745335042477e-04
2.032845506996249896e+05 2.880258543882519007e-04 5.245685460977256298e-04 3.492606629151850939e-04
2.032845756816249923e+05 -7.749559590592980385e-04 -5.393486353568732738e-04 3.470041265245527029e-04
2.032846006776250142e+05 2.967488544527441263e-04 -5.460802349261939526e-04 -7.111966260708868504e-04
2.032846256546250079e+05 1.358087407425045967e-03 1.577720977365971045e-03 -7.105167023837566376e-04
2.032846506496249931e+05 1.349312835372983976e-03 1.587745035067201094e-03 3.544009814504534006e-04
2.032846756356249971e+05 1.349904108792542978e-03 5.256094154901802540e-04 3.556019219104201144e-04
2.032847006226250087e+05 2.776559558697044849e-04 5.341130890883505344e-04 1.417058287188410976e-03
2.032847256076250051e+05 2.941734564956278151e-04 5.124256713315844536e-04 -7.130570011213421822e-04
2.032847505936250091e+05 -7.599355303682386875e-04 -5.580623401328921318e-04 -1.776810968294739940e-03
2.032847755806249916e+05 -7.780251908116042614e-04 5.233128904365003109e-04 3.517231671139597893e-04
2.032848005616249866e+05 2.859921078197658062e-04 -5.372461164370179176e-04 3.564335929695516825e-04
2.032848255596249946e+05 3.024861798621714115e-04 -5.586899933405220509e-04 -1.773678930476308086e-03
2.032848505416249973e+05 -7.710873032920062542e-04 1.573052024468779998e-03 -7.148954318836331367e-04
2.032848755246250075e+05 -7.776060956530272961e-04 -1.601782627403735898e-03 3.539752215147017891e-04
2.032849005106250115e+05 -7.778317085467278957e-04 -1.602144213393331008e-03 3.538928867783396894e-04
2.032849254966249864e+05 -7.698875269852578640e-04 -5.483411368913948536e-04 -7.089535356499254704e-04
2.032849504916250007e+05 2.933846553787589073e-04 -5.475333309732377529e-04 -7.056002505123615265e-04
2.032849754576249979e+05 1.357446424663067081e-03 -1.608314225450157902e-03 -7.008933462202548981e-04
2.032850004546249984e+05 -7.714310777373611927e-04 5.115512176416814327e-04 -7.105983677320182323e-04
2.032850254406250024e+05 2.837393549270927906e-04 -5.388082936406135559e-04 3.591203421819955111e-04
2.032850504276250140e+05 -7.804210181348025799e-04 -5.407150019891560078e-04 3.555504081305115873e-04
2.032850754136249889e+05 1.354667125269771056e-03 5.160305299796164036e-04 -7.003672071732580662e-04
2.032851003876249888e+05 2.736821770668029785e-04 5.347565747797489166e-04 1.426049042493104935e-03
2.032851253856249969e+05 2.904823340941221064e-04 5.136199761182069778e-04 -7.040286436676979065e-04
2.032851503716250008e+05 1.344931428320706107e-03 5.245910142548382282e-04 3.643095551524310762e-04
2.032851753536250035e+05 -7.729062926955521107e-04 -5.503575666807591915e-04 -7.063582888804376125e-04
2.032852003336249909e+05 2.739807532634586096e-04 -1.590454601682723002e-03 1.428305287845432975e-03
2.032852253306249913e+05 1.346843549981713078e-03 -1.596609596163034005e-03 3.698192012961953878e-04
2.032852503026250051e+05 1.354884123429656029e-03 -1.607581390999257998e-03 -6.952962139621376991e-04
2.032852753026249993e+05 -7.822652696631848812e-04 5.226773791946470737e-04 3.600301861297339201e-04
2.032853002886250033e+05 2.808979479596018791e-04 5.230788374319672585e-04 3.633618180174381083e-04
2.032853252736249997e+05 2.909455215558410233e-04 -1.610702718608080907e-03 -6.990614929236471653e-04
2.032853502586249961e+05 2.805686672218143940e-04 5.221196333877742290e-04 3.631466533988714218e-04
2.032853752576250117e+05 -7.736494299024343491e-04 -5.516759702004492283e-04 -7.040706113912165165e-04
2.032854002984999970e+05 1.345961936749517918e-03 -5.351612926460802555e-04 3.710617311298847198e-04
2.032854252944999898e+05 2.822000533342360908e-04 -5.369614227674901485e-04 3.675229672808200121e-04
2.032854502804999938e+05 2.819771762005984783e-04 -5.375671316869556904e-04 3.673945320770143920e-04
2.032854752565000090e+05 -7.824405911378562450e-04 5.222660256549715996e-04 3.625174867920578068e-04
2.032855002634999983e+05 2.894267672672867775e-04 5.122217698954045773e-04 -6.991574191488325596e-04
2.032855252345000044e+05 2.900026738643646240e-04 -5.496822413988411427e-04 -6.979299942031502724e-04
2.032855502275000035e+05 -1.855170237831770940e-03 5.295249866321682930e-04 1.423739828169346073e-03
2.032855752044999972e+05 2.740907657425851172e-04 -5.260080215521156788e-04 1.434843521565198898e-03
2.032856001985000039e+05 2.823436225298792124e-04 -5.366948898881673813e-04 3.697662614285945892e-04
2.032856251754999976e+05 1.343868090771139102e-03 1.586973899975419044e-03 3.704378323163837194e-04
2.032856501655000029e+05 -7.729762583039700985e-04 -5.496604717336595058e-04 -6.989089888520538807e-04
2.032856751555000083e+05 2.908486058004199916e-04 -1.610502367839216969e-03 -6.942374166101217270e-04
2.032857001424999908e+05 -7.829186506569385529e-04 5.212476244196295738e-04 3.645537362899631262e-04
2.032857251274999871e+05 2.732151187956333160e-04 5.365043762139976025e-04 1.435612561181188063e-03
2.032857501144999987e+05 -1.853664172813296101e-03 5.335286841727793217e-04 1.428601797670125961e-03
2.032857751005000027e+05 -7.819968159310519695e-04 5.237594596110284328e-04 3.669370489660649950e-04
2.032858000684999861e+05 2.983202284667640924e-04 5.038264789618551731e-04 -1.759683713316916986e-03
2.032858250734999892e+05 2.826643758453428745e-04 -1.598972128704190037e-03 3.728480369318277186e-04
2.032858500594999932e+05 2.818109933286904747e-04 -5.379614885896444321e-04 3.714258782565594262e-04
2.032858750454999972e+05 -7.900933269411325455e-04 5.359943606890738010e-04 1.434089499525726058e-03
2.032859000304999936e+05 2.994043170474470204e-04 -5.557488766498863697e-04 -1.756192301400006034e-03
2.032859250034999859e+05 2.812057791743428057e-04 5.258428282104432583e-04 3.723478876054286957e-04
2.032859499864999962e+05 2.824767143465579098e-04 -1.597632654011249976e-03 3.749326569959520752e-04
2.032859749904999917e+05 2.892367483582348174e-04 5.145091563463211060e-04 -6.928602815605700016e-04
2.032859999804999970e+05 2.812424208968877792e-04 -5.372397718019783497e-04 3.733880294021219015e-04
2.032860249525000108e+05 2.884932619053869897e-04 5.131652578711509705e-04 -6.930629606358706951e-04
2.032860499635000015e+05 2.904415305238217115e-04 -5.444430862553417683e-04 -6.893886602483689785e-04
2.032860749345000077e+05 1.346059259958565018e-03 -1.595162437297404029e-03 3.802656719926745242e-04
2.032860999205000116e+05 -7.733106613159179688e-04 -5.470947944559156895e-04 -6.930689560249447823e-04
2.032861249064999865e+05 2.807097916956990957e-04 5.254544666968286037e-04 3.739474050235003233e-04
2.032861498804999865e+05 -7.830014219507575035e-04 5.232468247413635254e-04 3.703573602251709050e-04
2.032861748854999896e+05 -7.744114845991134644e-04 5.124249728396534920e-04 -6.947343354113399982e-04
2.032861998784999887e+05 -7.734459359198808670e-04 5.157543928362429142e-04 -6.929176161065697670e-04
2.032862248515000101e+05 -7.822699262760579586e-04 5.257051670923829079e-04 3.719994565472006798e-04
2.032862498375000141e+05 2.816077612806112116e-04 -5.350254941731691360e-04 3.766696900129318237e-04
2.032862748244999966e+05 -1.846285536885261969e-03 5.234106793068349361e-04 3.683322574943304062e-04
2.032862998094999930e+05 -7.755188271403312683e-04 1.575087895616889000e-03 -6.946591311134397984e-04
2.032863247874999943e+05 -7.834140560589730740e-04 5.235483986325562000e-04 3.715851053129882163e-04
2.032863497825000086e+05 2.895994402933865786e-04 5.180420703254640102e-04 -6.882079760544002056e-04
2.032863747675000050e+05 1.362262410111724897e-03 -5.533241783268749714e-04 -1.748504815623163960e-03
2.032863997554999951e+05 -7.827390218153595924e-04 5.256580188870429993e-04 3.731121832970529795e-04
2.032864247414999991e+05 2.797116758301854134e-04 1.588009996339678981e-03 3.751564072445034981e-04
2.032864497264999954e+05 -7.825470529496669769e-04 -5.371054867282509804e-04 3.742370754480361938e-04
2.032864747124999994e+05 -7.833052659407258034e-04 5.241173785179853439e-04 3.728125593625009060e-04
2.032864996985000034e+05 2.898136735893785954e-04 -1.608899910934268995e-03 -6.861841538920998573e-04
2.032865246944999963e+05 -7.888897089287638664e-04 -1.585839781910181046e-03 1.441791886463760896e-03
2.032865496745000128e+05 1.353163388557732105e-03 5.184649489820003510e-04 -6.840730202384293079e-04
2.032865746435000037e+05 -1.836509676650166945e-03 -5.475706420838832855e-04 -6.932091782800853252e-04
2.032865996434999979e+05 2.805954136420040781e-04 5.265419022180140018e-04 3.772597701754420996e-04
2.032866246295000019e+05 1.343763433396816037e-03 5.272770067676901817e-04 3.806365421041845733e-04
2.032866496155000059e+05 2.709557011257857084e-04 1.597082475200295015e-03 1.440705382265150981e-03
2.032866746015000099e+05 -7.730189245194196701e-04 5.172102828510105610e-04 -6.903068860992789268e-04
2.032866995895000000e+05 2.817672502715141123e-04 5.283273058012127876e-04 3.780412080232053995e-04
2.032867245704999950e+05 1.344762276858090921e-03 5.290954140946269035e-04 3.813806688413023949e-04
2.032867495605000004e+05 -7.822376792319118977e-04 5.258700693957507610e-04 3.743721754290164059e-04
2.032867745475000120e+05 2.902499691117554903e-04 -5.454760394059121609e-04 -6.859618006274104118e-04
2.032867995344999945e+05 2.806755364872515202e-04 5.261501064524054527e-04 3.776244702748953754e-04
2.032868245044999931e+05 -7.744440808892250061e-04 5.141078727319836617e-04 -6.909613730385899544e-04
2.032868495065000025e+05 -7.812782423570752144e-04 5.281279445625841618e-04 3.749783500097692013e-04
2.032868744775000087e+05 1.354594365693629005e-03 -5.420039524324238300e-04 -6.818932015448808670e-04
2.032868994764999952e+05 -7.809004164300858974e-04 -5.349041894078254700e-04 3.760940453503280878e-04
2.032869244645000144e+05 -7.898700423538684845e-04 -5.252027185633778572e-04 1.440970692783593915e-03
2.032869494474999956e+05 2.826776471920310909e-04 -1.596228685230016925e-03 3.806829336099327153e-04
2.032869744315000135e+05 -7.736235274933278561e-04 -5.470659234561026096e-04 -6.892240489833056927e-04
2.032869994085000071e+05 2.908473543357104063e-04 5.191749660298228264e-04 -6.862395093776285648e-04
2.032870244114999950e+05 -2.899174345657228990e-03 -5.469603929668664932e-04 -6.954069831408560276e-04
2.032870493955000129e+05 -7.828657398931682110e-04 1.588640501722693010e-03 3.737740626093000174e-04
2.032870743814999878e+05 2.816229825839399749e-04 -5.335855530574917793e-04 3.797838289756327868e-04
2.032870993674999918e+05 -7.818823796696960926e-04 -5.354203167371451855e-04 3.762329579330980778e-04
2.032871243534999958e+05 -1.846425468102097945e-03 5.239010206423699856e-04 3.713121986947954243e-04
2.032871493394999998e+05 2.825213596224784851e-04 5.302407080307602882e-04 3.791801864281296730e-04
2.032871743265000114e+05 -7.727820193395018578e-04 5.177006241865456104e-04 -6.894023390486836433e-04
2.032871993115000078e+05 -1.845018356107174917e-03 5.262027261778712273e-04 3.720516106113790924e-04
2.032872242935000104e+05 1.345653319731354930e-03 -5.320761119946837425e-04 3.836437826976180077e-04
2.032872492855000019e+05 -7.729969220235943794e-04 -5.457271472550928593e-04 -6.883575115352869034e-04
2.032872742704999982e+05 2.790854196064174175e-04 2.650145674124360085e-03 3.760106337722390890e-04
2.032872992624999897e+05 -7.838176679797470570e-04 1.586725818924606063e-03 3.737548249773681164e-04
2.032873242455000000e+05 2.837082429323344881e-04 -5.315133021213114262e-04 3.809457994066178799e-04
2.032873492334999901e+05 1.355333602987230041e-03 -5.414581391960382462e-04 -6.807188619859516621e-04
2.032873742175000079e+05 2.817084896378219128e-04 1.590262283571064039e-03 3.780663828365504742e-04
2.032873991974999954e+05 -7.726488984189927578e-04 5.163748282939195633e-04 -6.891882512718439102e-04
2.032874241864999931e+05 2.896436199080199003e-04 1.578894094564021067e-03 -6.871382356621325016e-04
2.032874491735000047e+05 -7.808012887835502625e-04 -5.360150244086980820e-04 3.769266186282039231e-04
2.032874741485000122e+05 2.926086599472910166e-04 5.199068691581487656e-04 -6.847472977824509144e-04
2.032874991565000091e+05 -7.711073267273604870e-04 5.179348518140614033e-04 -6.883332971483469009e-04
2.032875241145000036e+05 1.355612650513648987e-03 5.200864397920668125e-04 -6.814991938881576061e-04
2.032875491265000019e+05 1.348316785879432938e-03 -1.593217370100318952e-03 3.860385331790894270e-04
2.032875741045000032e+05 -7.718563429079949856e-04 5.164424655959010124e-04 -6.886252085678279400e-04
2.032875990905000072e+05 -7.809722446836531162e-04 5.260755424387753010e-04 3.762565029319375753e-04
2.032876240765000111e+05 -7.780637242831289768e-04 -5.321456119418144226e-04 3.786568413488566875e-04
2.032876490634999936e+05 -7.786299102008342743e-04 -5.324385710991919041e-04 3.785447333939372951e-04
2.032876740494999976e+05 1.356474589556456046e-03 -5.407215794548392296e-04 -6.796134402975440025e-04
2.032876990315000003e+05 -7.699015550315380096e-04 -1.605558092705905004e-03 -6.853298982605338097e-04
2.032877240215000056e+05 -7.801736937835812569e-04 5.273573915474116802e-04 3.769186150748283213e-04
2.032877490084999881e+05 -7.889436092227697372e-04 5.367980920709669590e-04 1.441786997020245032e-03
2.032877739935000136e+05 1.355594955384731076e-03 -5.433632759377360344e-04 -6.800424889661371708e-04
2.032877989804999961e+05 2.856832579709588939e-04 5.304331425577402115e-04 3.813332004938275164e-04
2.032878239654999925e+05 -7.692521903663873672e-04 5.182888126000761986e-04 -6.872162339277565479e-04
2.032878489525000041e+05 2.939654514193534851e-04 5.188564537093043327e-04 -6.838871631771326065e-04
2.032878739355000143e+05 -7.779521984048187733e-04 5.275601870380342007e-04 3.775357909034938162e-04
2.032878989174999879e+05 2.954615338239818811e-04 -1.605011057108641104e-03 -6.814247462898492813e-04
2.032879239165000035e+05 -7.699632551521062851e-04 5.160280852578580379e-04 -6.876706029288470745e-04
2.032879488814999931e+05 2.941262209787964821e-04 -5.446176510304212570e-04 -6.829656194895505905e-04
2.032879738835000026e+05 -7.663900614716112614e-04 -5.430424353107810020e-04 -6.850588251836597919e-04
2.032879988695000065e+05 2.884150017052888870e-04 -5.319269839674234390e-04 3.833124355878680944e-04
2.032880238604999904e+05 2.873879857361317223e-04 5.289119435474276543e-04 3.818514232989401167e-04
2.032880488335000118e+05 1.368371187709271908e-03 -5.525022279471158981e-04 -1.743433880619704940e-03
2.032880738405000011e+05 2.868456067517399788e-04 5.278292810544371605e-04 3.816429525613784790e-04
2.032880988134999934e+05 -7.674237131141126156e-04 -5.458345985971391201e-04 -6.855712854303419590e-04
2.032881237994999974e+05 2.904124266933649778e-04 -5.318539333529770374e-04 3.842305741272867268e-04
2.032881487865000090e+05 -7.654275395907461643e-04 5.176106351427733898e-04 -6.856459076516330242e-04
2.032881737725000130e+05 -7.821004255674779415e-04 -5.237535224296152592e-04 1.445559551939368031e-03
2.032881987495000067e+05 -7.739121792837977409e-04 -5.346101825125515461e-04 3.804833395406603813e-04
2.032882237284999865e+05 2.975619572680444067e-04 -5.444695707410573959e-04 -6.811745115555822849e-04
2.032882487165000057e+05 2.887353766709566116e-04 -5.345194367691874504e-04 3.837445110548288172e-04
2.032882737164999999e+05 2.828484284691513127e-04 5.400903173722326756e-04 1.449078321456908963e-03
2.032882987014999962e+05 2.918243699241430109e-04 -5.321745411492884159e-04 3.853353846352546865e-04
2.032883236955000029e+05 -7.719538989476859570e-04 -5.343425436876714230e-04 3.817482211161404848e-04
2.032883486754999903e+05 2.911230549216269905e-04 -5.334145971573889256e-04 3.851319197565317154e-04
2.032883736625000020e+05 -1.835456700064242103e-03 -1.598449191078544097e-03 3.794217773247510195e-04
2.032883986555000010e+05 2.904269786085932905e-04 -5.347104743123054504e-04 3.849276981782168150e-04
2.032884236345000099e+05 -7.732445956207811832e-04 -5.366632831282913685e-04 3.813382063526660204e-04
2.032884486195000063e+05 -7.712895749136805534e-04 1.588970422744750977e-03 3.806139866355807131e-04
2.032884736074999964e+05 -7.801465108059346676e-04 1.598735223524272008e-03 1.445532543584703965e-03
2.032884986055000045e+05 -1.826112042181194045e-03 5.144011229276657104e-04 -6.867166375741362572e-04
2.032885235774999892e+05 -7.630811305716633797e-04 5.154183018021285534e-04 -6.833302322775125504e-04
2.032885485655000084e+05 -7.728122291155159473e-04 1.586513710208236954e-03 3.802117716986685991e-04
2.032885735364999855e+05 -7.720587891526520252e-04 5.247060325928032398e-04 3.814550000242888927e-04
2.032885985374999873e+05 3.029744839295744896e-04 1.579185249283910015e-03 -6.792697822675108910e-04
2.032886235234999913e+05 -7.598388474434614182e-04 5.158318090252578259e-04 -6.814827793277800083e-04
2.032886485094999953e+05 -1.832029782235621972e-03 5.242030601948499680e-04 3.799241676460952109e-04
2.032886734975000145e+05 2.939251426141709089e-04 1.587965060025454001e-03 3.854275273624808138e-04
2.032886984884999983e+05 -7.681131828576326370e-04 -5.370894214138388634e-04 3.844999591819941998e-04
2.032887234745000023e+05 2.959435805678368157e-04 -1.597769558429718018e-03 3.892077947966753894e-04
2.032887484404999996e+05 3.067704383283854073e-04 -5.450383177958428860e-04 -6.750297616235911846e-04
2.032887734415000014e+05 -7.745736511424183846e-04 5.353962769731879234e-04 1.450085081160068946e-03
2.032887984275000053e+05 -7.662032730877399445e-04 5.240355967544019222e-04 3.849514760077000206e-04
2.032888234125000017e+05 3.149379044771193916e-04 -5.576470284722745419e-04 -1.740340376272798018e-03
2.032888484004999918e+05 -7.657140959054231644e-04 -5.390620790421962738e-04 3.860618744511156732e-04
2.032888733845000097e+05 -7.658213726244866848e-04 -5.395367625169456005e-04 3.859737189486622810e-04
2.032888983705000137e+05 -7.583677652291953564e-04 5.109875928610563278e-04 -6.804825388826429844e-04
2.032889233585000038e+05 -7.547357236035168171e-04 -5.491188494488596916e-04 -6.770241307094693184e-04
2.032889483454999863e+05 3.074403211940079927e-04 5.129312630742788315e-04 -6.750156171619892120e-04
2.032889733305000118e+05 -1.818793476559221961e-03 -5.516860983334481716e-04 -6.806899327784776688e-04
2.032889983164999867e+05 2.991321380250155926e-04 -5.393887404352426529e-04 3.911076637450606173e-04
2.032890233034999983e+05 -1.819471479393542030e-03 -5.529455374926328659e-04 -6.809166516177356243e-04
2.032890482895000023e+05 -7.554573821835219860e-04 -1.613616012036799951e-03 -6.762089906260371208e-04
2.032890732675000036e+05 -7.624118588864803314e-04 -5.406337440945208073e-04 3.895659174304456061e-04
2.032890982655000116e+05 -7.542158127762377262e-04 -5.514200893230736256e-04 -6.755120120942592621e-04
2.032891232334999950e+05 1.362880924716592052e-03 5.224843043833971024e-04 3.949556557927281207e-04
2.032891482334999891e+05 -7.649143808521330357e-04 1.581029850058258013e-03 3.866170591209083796e-04
2.032891732205000008e+05 -7.644222350791096687e-04 5.188886425457894802e-04 3.878233255818486214e-04
2.032891981955000083e+05 2.994150272570549900e-04 -5.417849752120673656e-04 3.925397759303451127e-04
2.032892231864999922e+05 2.991279761772602797e-04 -5.424297414720058441e-04 3.924132324755191803e-04
2.032892481885000016e+05 -7.525507244281470776e-04 -5.527570610865950584e-04 -6.740919779986143112e-04
2.032892731595000078e+05 1.365537056699394963e-03 -5.403355462476611137e-04 3.977003507316113060e-04
2.032892981504999916e+05 -7.530453149229288101e-04 -5.539525882340967655e-04 -6.743032718077301979e-04
2.032893231375000032e+05 -1.826216001063585065e-03 5.159204592928290367e-04 3.857805568259208852e-04
2.032893481244999857e+05 1.373918028548360088e-03 -1.613969798199832006e-03 -6.662515806965529919e-04
2.032893731104999897e+05 3.085927455686032772e-04 5.069971666671335697e-04 -6.725038401782512665e-04
2.032893980905000062e+05 3.041824675165116787e-04 -5.429886514320969582e-04 3.955264110118151253e-04
2.032894230924999865e+05 -7.594591006636619568e-04 -5.450047319754958153e-04 3.919351438526064157e-04
2.032894480674999941e+05 3.030469815712422132e-04 5.174456746317446232e-04 3.939779417123646086e-04
2.032894730555000133e+05 1.366082113236189105e-03 5.181589513085782528e-04 3.973154525738208944e-04
2.032894980395000021e+05 3.025574842467904091e-04 5.161840235814452171e-04 3.937659203074871952e-04
2.032895230105000082e+05 1.382617629133165100e-03 4.960302030667662621e-04 -1.732892822474241040e-03
2.032895480225000065e+05 1.368762808851897933e-03 5.177877028472721577e-04 3.984637442044913769e-04
2.032895729995000002e+05 3.220346989110112190e-04 4.950864240527153015e-04 -1.735116122290492058e-03
2.032895979865000118e+05 -7.501243380829691887e-04 5.033125635236501694e-04 -6.736877257935702801e-04
2.032896229724999866e+05 3.130128607153893059e-04 5.042172851972281933e-04 -6.703085964545607567e-04
2.032896479594999983e+05 1.375413034111260934e-03 1.566322054713964029e-03 -6.683085812255740166e-04
2.032896729444999946e+05 2.963047008961439133e-04 -5.378928035497665405e-04 1.460805535316467068e-03
2.032896979304999986e+05 -7.510768482461571693e-04 5.009101587347686291e-04 -6.741120596416294575e-04
2.032897229175000102e+05 3.074202977586538142e-04 5.135508836247026920e-04 3.956248110625892878e-04
2.032897479035000142e+05 3.087105869781225920e-04 -1.610327395610511086e-03 3.981612971983850002e-04
2.032897728894999891e+05 -1.819188706576823971e-03 -5.519486730918288231e-04 3.898234863299875909e-04
2.032897978765000007e+05 1.378358574584126039e-03 5.025372374802827835e-04 -6.662424420937895775e-04
2.032898228614999971e+05 3.155882877763360739e-04 -5.605827318504452705e-04 -6.684572435915470123e-04
2.032898478394999984e+05 -7.565413834527134895e-04 -5.521103739738464355e-04 3.929498489014803821e-04
2.032898728314999898e+05 -7.453335565514862537e-04 5.000930395908653736e-04 -6.724191480316221714e-04
2.032898978294999979e+05 -7.544868858531117439e-04 5.099615664221346378e-04 3.924657648894935846e-04
2.032899228134999867e+05 -7.548301946371793747e-04 5.094201769679784775e-04 3.923863987438381260e-04
2.032899477804999915e+05 3.079462912864983082e-04 5.099545815028250217e-04 3.957343287765979767e-04
2.032899727875000099e+05 -7.471017306670546532e-04 4.976887721568346024e-04 -6.728118169121444225e-04
2.032899977655000112e+05 3.173972654622048140e-04 -1.624796888791024902e-03 -6.668065907433629036e-04
2.032900227625000116e+05 -7.534351898357272148e-04 1.569923595525323911e-03 3.915049601346253807e-04
2.032900477405000129e+05 -1.824859646148980098e-03 5.166092305444180965e-04 1.454245415516197898e-03
2.032900727124999976e+05 1.373530714772642092e-03 5.096926470287144184e-04 3.995527513325213844e-04
2.032900977025000029e+05 3.191318537574260885e-04 -5.641559255309402943e-04 -6.677001365460455418e-04
2.032901226965000096e+05 3.003908495884389227e-04 1.578940544277430014e-03 1.459541381336749034e-03
2.032901476825000136e+05 -7.455307641066610813e-04 4.946462577208876610e-04 -6.727072759531438351e-04
2.032901726694999961e+05 -1.817896612919867039e-03 5.033172783441841602e-04 3.887312777806072885e-04
2.032901976514999988e+05 1.377673121169209047e-03 -1.614656299352646091e-03 4.025524831376969814e-04
2.032902226495000068e+05 3.216571058146656102e-04 -5.655992426909506321e-04 -6.673646857962012291e-04
2.032902476115000027e+05 -7.511611911468207836e-04 5.045573925599455833e-04 3.927516809199004823e-04
2.032902726144999906e+05 -7.514922763220965862e-04 5.040614050813019276e-04 3.926281933672726154e-04
2.032902976004999946e+05 3.124448121525347233e-04 -5.566708859987556934e-04 3.973401908297092265e-04
2.032903225864999986e+05 3.203415544703602791e-04 -5.677875597029924393e-04 -6.677728379145264626e-04
2.032903475714999950e+05 -7.402663468383252621e-04 4.934738390147686005e-04 -6.717750220559537411e-04
2.032903725585000066e+05 3.149276017211378163e-04 -5.573150701820850372e-04 3.978946770075709170e-04
2.032903976314167085e+05 1.385790063068270900e-03 4.946945700794458389e-04 -6.650554132647812366e-04
2.032904226114166959e+05 1.377052511088550091e-03 5.044313729740679264e-04 3.998123283963649923e-04
2.032904475964166922e+05 3.140663902740926093e-04 -5.588382482528686523e-04 3.976067237090318853e-04
