3.584604350366666768e+04 -1.461613923311233954e-03 2.984181046485900879e-04 -2.202659845352172852e-03
3.584606849366667302e+04 -1.354489591903984980e-03 -1.696896855719387965e-03 -2.161846532544587146e-05
3.584609347766666906e+04 -1.353980274870991924e-03 -2.758814487606287003e-03 -2.039454011537599970e-05
3.584611845666667068e+04 -1.347508630715311007e-03 -6.454720278270542622e-04 -1.088118529878556945e-03
3.584614344566666841e+04 -1.345545053482056098e-03 -2.768751466646790938e-03 -1.085540046915411949e-03
3.584616843566666648e+04 -2.827290445566176826e-04 -6.456621340475976467e-04 -1.084798015654087067e-03
3.584619340666667267e+04 -1.347711309790611050e-03 -6.462859455496072769e-04 -1.088385470211506107e-03
3.584621840666666685e+04 -2.213907428085803986e-03 -4.721384320873767138e-04 -1.008811988867819092e-03
3.584624349962500128e+04 -1.149747171439230008e-03 -1.532970694825052998e-03 -1.004125340841711001e-03
3.584626848662501288e+04 -1.150317257270216942e-03 -4.720483266282827204e-04 -1.005523954518138929e-03
3.584629347562500334e+04 9.666936239227652550e-04 6.008088821545243263e-04 6.492617831099778414e-05
3.584631846362500073e+04 -1.141295535489917018e-03 -2.607028232887386842e-03 -2.068073954433203177e-03
3.584634343762500066e+04 -1.151614356786013083e-03 -1.535842660814523914e-03 -1.004545018076897101e-03
3.584636844262499653e+04 -1.161054475232959010e-03 5.968664772808551788e-04 5.773400334874168038e-05
3.584639343262500188e+04 -2.184467390179634094e-03 6.180073833093047142e-04 -9.933942928910255432e-04
3.584641840262500045e+04 -2.192963380366563797e-03 6.284826667979359627e-04 7.154376362450420856e-05
3.584644340962499700e+04 -1.129080657847226100e-03 -4.317995917517691851e-04 7.623493729624897242e-05
3.584646839862500201e+04 -6.540265167132019997e-05 -1.492425682954489968e-03 8.094219811027869582e-05
3.584649338662499940e+04 -5.776407124358228661e-05 -4.422660567797719890e-04 -9.855012176558375359e-04
3.584651837662499747e+04 -1.121917390264570930e-03 1.679293462075293064e-03 -9.916677372530102730e-04
3.584654336662500282e+04 -1.112597761675715013e-03 -1.496513141319155910e-03 -9.810795309022068977e-04
3.584656835162499920e+04 -4.083256499143316664e-05 -4.441837663762270862e-04 -2.044023945927619934e-03
3.584659333762500319e+04 -5.715563020203263245e-05 -2.546816831454635100e-03 8.854140469338744879e-05
3.584661833662499703e+04 -1.122142770327628093e-03 -4.256632237229496241e-04 8.231335232267156243e-05
3.584664332062500034e+04 -1.123095746152102947e-03 6.354908109642565250e-04 8.090787741821259260e-05
3.584666830662499706e+04 -5.995673927827738225e-05 -4.262833681423217058e-04 8.554555097362026572e-05
3.584669329562500207e+04 -2.177554881200193925e-03 -4.370285896584392136e-04 -9.838873520493507385e-04
3.584671828562500014e+04 -1.106601208448410034e-03 6.157516618259251118e-04 -2.046847017481923103e-03
3.584674328662500193e+04 -5.052266351412981749e-05 -4.344575572758913040e-04 -9.771126788109540939e-04
3.584676825862500118e+04 -2.185693942010403113e-03 -4.276452236808835918e-04 8.085487934295088053e-05
3.584679323662500246e+04 9.955691639333963394e-04 6.477890419773757458e-04 1.154848374426364899e-03
3.584681824362499901e+04 -2.176066860556602044e-03 -4.392738046590238810e-04 -9.842884028330445290e-04
3.584684323262499674e+04 -2.183914883062243028e-03 -1.491264323703944900e-03 8.195854752557352185e-05
3.584686822662500344e+04 -1.113463775254786015e-03 6.251587765291333199e-04 -9.809262119233608246e-04
3.584689321962500253e+04 -1.121978042647242980e-03 6.349128670990467072e-04 8.399892976740375161e-05
3.584691819662500347e+04 -1.122028101235627911e-03 6.341094267554581165e-04 8.388906280742958188e-05
3.584694318762500188e+04 -1.111923134885727926e-03 -1.499735517427325032e-03 -9.785161819308996201e-04
3.584696817662499961e+04 -1.119593507610261007e-03 -2.550920238718390031e-03 8.772293222136795521e-05
3.584699317262499972e+04 1.015260466374457099e-03 -1.497360644862055995e-03 -9.717395296320319176e-04
3.584701815062500100e+04 -2.184252254664897919e-03 -4.294895334169269150e-04 8.144627645378932357e-05
3.584704315262500313e+04 -1.112261204980313995e-03 -1.496127806603908972e-03 -9.778598323464393616e-04
3.584706812362500204e+04 -1.112633268348873095e-03 -4.346988862380384857e-04 -9.792735800147056580e-04
3.584709312062500248e+04 1.014894689433277087e-03 -1.493847463279962973e-03 -9.710856247693300247e-04
3.584711811062500055e+04 -5.794979733764193952e-05 -4.241767746862024069e-04 8.900281682144850492e-05
3.584714310562500032e+04 -1.113944104872643948e-03 6.252386956475675106e-04 -9.808678878471255302e-04
3.584716808762500295e+04 -1.113702775910496929e-03 -4.369325470179318840e-04 -9.796576341614127159e-04
3.584719307662500069e+04 1.003919867798686028e-03 -1.503222272731363990e-03 -9.739463566802442074e-04
3.584721806762499909e+04 -6.854045204818248749e-05 -4.328309150878340006e-04 8.619850996183231473e-05
3.584724304662500072e+04 -6.009616117808037184e-05 -4.440348711796104908e-04 -9.789094328880310059e-04
3.584726804862500285e+04 -2.195639302954078154e-03 -4.371829854790120775e-04 7.907883264124393463e-05
3.584729302962501242e+04 -2.188334008678793907e-03 6.127342348918318748e-04 -9.873792296275496483e-04
3.584731802062500356e+04 -1.123485388234257915e-03 -1.510244677774607918e-03 -9.813454234972596169e-04
3.584734301162500196e+04 -6.764182762708514929e-05 6.095934659242630005e-04 -9.813846554607152939e-04
3.584736800062499969e+04 -7.526630361098796129e-05 -4.420890763867645914e-04 8.487485320074483752e-05
3.584739299562499946e+04 -1.130008953623474078e-03 -1.515649957582354979e-03 -9.823712753131985664e-04
3.584741798862499854e+04 -7.620915130246430635e-05 -4.429054679349064827e-04 8.467688894597813487e-05
3.584744297962499695e+04 -1.139072235673666000e-03 -4.442468634806572849e-04 8.113893272820860147e-05
3.584746793662501295e+04 -1.130688120611011982e-03 -4.545336414594203234e-04 -9.839237900450825691e-04
3.584749294462500256e+04 -7.637436647200956941e-05 -4.434174916241317987e-04 8.441507816314697266e-05
3.584751793462500063e+04 -7.832596020307391882e-05 6.171753047965466976e-04 8.379898645216599107e-05
3.584754293162500107e+04 -1.131982309743762016e-03 -1.518185599707067013e-03 -9.821141138672828674e-04
3.584756789962499897e+04 -7.880524935899302363e-05 6.166761158965528011e-04 8.362090738955885172e-05
3.584759290162500110e+04 -6.957112782401964068e-05 -4.560807137750089169e-04 -9.801578707993030548e-04
3.584761788862501271e+04 -7.841996557544916868e-05 -4.457988543435931206e-04 8.476587390759959817e-05
3.584764287962499657e+04 -1.152034034021198966e-03 1.686140778474509933e-03 1.143539673648775058e-03
3.584766786662500090e+04 -7.736959378235042095e-05 6.177426548674702644e-04 8.512644853908568621e-05
3.584769285662499897e+04 -1.149085350334644101e-03 6.260121590457856655e-04 1.146559137851000049e-03
3.584771784662499704e+04 -2.202141098678112030e-03 -1.509104855358601050e-03 8.070137118920683861e-05
3.584774283562500204e+04 -1.140799140557646968e-03 6.142919883131980896e-04 8.137446275213733315e-05
3.584776782362499944e+04 -7.659465336473658681e-05 -4.459935880731791258e-04 8.610404620412737131e-05
3.584779281762499886e+04 -1.131685567088424943e-03 6.030196091160178185e-04 -9.837786201387643814e-04
3.584781780362500285e+04 -7.115365588106215000e-05 -4.428731335792691058e-04 8.905489085009321570e-05
3.584784279062499991e+04 -6.274208135437220335e-05 -4.532088933046907187e-04 -9.760216926224529743e-04
3.584786778062501253e+04 -7.071163418004289269e-05 -4.436315502971410751e-04 8.888353477232158184e-05
3.584789276962500298e+04 -6.216867768671363592e-05 -4.542722599580883980e-04 -9.761796682141721249e-04
3.584791773962500156e+04 -2.196120563894509835e-03 -2.570262411609292030e-03 8.444565173704177141e-05
3.584794275062499946e+04 -8.737191819818690419e-05 -1.485562883317470984e-03 2.219960093498229980e-03
3.584796773562500312e+04 -2.189483726397157149e-03 -4.583130939863622189e-04 -9.833924705162644386e-04
3.584799271262499678e+04 -5.608862193184904754e-05 -4.509145801421254873e-04 -9.726504213176667690e-04
3.584801771162501245e+04 -1.128806499764323018e-03 6.189073319546878338e-04 8.744647493585944176e-05
3.584804270262500359e+04 1.008649589493870952e-03 -1.512334099970757961e-03 -9.680181392468512058e-04
3.584806768062499759e+04 -5.639601295115426183e-05 6.085680215619504452e-04 -9.742546826601028442e-04
3.584809268262499972e+04 -7.325078331632539630e-05 6.293217884376645088e-04 1.155684702098370032e-03
3.584811767962500016e+04 -5.564231105381622910e-05 -4.536100313998758793e-04 -9.730913443490862846e-04
3.584814265862500179e+04 -1.106040203012526035e-03 -4.626185982488095760e-04 -2.038425998762249947e-03
3.584816763362500205e+04 -1.122171175666152997e-03 -1.504012499935925007e-03 9.280045196646824479e-05
3.584819263862501248e+04 -5.087384852231480181e-05 -4.519239009823650122e-04 -9.701318340376019478e-04
3.584821760662500310e+04 -5.034134301240555942e-05 -1.514463219791650989e-03 -9.689200087450444698e-04
3.584824261562500033e+04 9.959836024791002274e-04 -1.493027433753014045e-03 1.164463232271373055e-03
3.584826760562501295e+04 -1.113801612518727996e-03 -1.517067314125597043e-03 -9.725638665258884430e-04
3.584829259262500273e+04 1.011483953334390900e-03 6.081702304072678089e-04 -9.683710522949695587e-04
3.584831756662500266e+04 -1.117256004363297982e-03 -4.417014133650810069e-04 9.494765981798991561e-05
3.584834257262499887e+04 -2.171362517401576042e-03 -1.514943083748220964e-03 -9.722447139210999012e-04
3.584836756162499660e+04 -5.281006815494038165e-05 -1.502576866187155030e-03 9.957975998986512423e-05
3.584839254062501277e+04 -4.437565075932071291e-05 -1.513700233772397041e-03 -9.654958848841488361e-04
3.584841755062500306e+04 -6.126520747784525156e-05 -1.492524403147398992e-03 1.164419110864401080e-03
3.584844252762499673e+04 -1.116793719120324092e-03 -4.432901914697139913e-04 9.455888357479125261e-05
3.584846751762500207e+04 -1.118447631597518921e-03 -4.288779164198786020e-04 1.163339125923811956e-03
3.584849250562499947e+04 -1.101561472751199982e-03 -4.495246103033422882e-04 -9.667371632531285286e-04
3.584851749362499686e+04 -1.101610017940402031e-03 -4.498937923926860094e-04 -9.668076527304947376e-04
3.584854248462500254e+04 1.025046803988515897e-03 -4.476722097024322098e-04 -9.599881013855338097e-04
3.584856748262500332e+04 -1.093975733965635083e-03 6.002808804623782635e-04 -2.033312804996966882e-03
3.584859246162499767e+04 -2.166024409234524207e-03 6.091110408306121826e-04 -9.718776564113795757e-04
3.584861743862499861e+04 -1.094014965929090977e-03 -4.455403250176460093e-04 -9.631588472984731197e-04
3.584864245462501276e+04 -1.102136913686990955e-03 -1.497371587902307944e-03 1.030540952342561971e-04
3.584866742962501303e+04 -3.865370308631099761e-05 -1.496321754530071995e-03 1.064500029315240952e-04
3.584869241962499655e+04 -3.975572326453403316e-05 -4.353963595349342173e-04 1.050046339514665035e-04
3.584871740962500189e+04 -4.006696326541713693e-05 -4.355270648375154084e-04 1.049307102221063998e-04
3.584874239562499861e+04 -4.047470429213718257e-05 -4.361277970019727945e-04 1.048140911734662950e-04
3.584876739762500074e+04 -1.104405149817466953e-03 -4.378732992336153984e-04 1.012673747027292983e-04
3.584879238262499712e+04 -3.222241299226880074e-03 -4.346636997070162946e-04 9.864118328550830483e-05
3.584881736362499942e+04 -1.087779062800108953e-03 6.186757236719131470e-04 -9.608372347429394722e-04
3.584884235362499749e+04 -2.150159329175949097e-03 -4.447951214388012886e-04 -9.630640852265059948e-04
3.584886734362500283e+04 -2.265292096126358956e-05 -1.503639039583503983e-03 -9.548731613904237747e-04
3.584889233162500022e+04 -1.086365082301199003e-03 -1.505338819697499058e-03 -9.584453655406832695e-04
3.584891732162501285e+04 -3.238673161831683733e-05 -4.324627225287259167e-04 1.086106203729287061e-04
3.584894231062500330e+04 -1.086835283786057992e-03 -4.274265957064927166e-04 1.094924373319372941e-04
3.584896729762500036e+04 -2.355788092245348137e-05 -4.263480950612574816e-04 1.128828371292911063e-04
3.584899228862499876e+04 -1.096541294828057072e-03 6.436248659156262875e-04 1.172974822111428001e-03
3.584901727462500276e+04 -1.079564332030713992e-03 6.224534008651971817e-04 -9.570930269546806812e-04
3.584904226562500116e+04 -2.151872031390666962e-03 6.313446792773902416e-04 1.043355659930967066e-04
3.584906725562499923e+04 -2.399013101239689033e-05 -4.279892018530517817e-04 1.125288326875306937e-04
3.584909224562499730e+04 -1.080959220416844108e-03 -4.248938639648259228e-04 1.125541893998160958e-04
3.584911724062499707e+04 -2.136172493919730186e-03 -4.371430550236254930e-04 -9.559877798892557621e-04
3.584914222162499937e+04 -9.384066288475878537e-06 -4.350474628154187852e-04 -9.491526870988309383e-04
3.584916721062499710e+04 -1.082490547560154958e-03 6.346534937620162964e-04 1.109303557313978943e-04
3.584919219862500177e+04 -1.666189382376614958e-05 -2.549061551690102057e-03 1.183171334560028938e-04
3.584921718962500017e+04 -1.089583500288427093e-03 -1.478713704273105101e-03 1.178418169729412036e-03
3.584924217962501280e+04 -1.073689432814717076e-03 -4.381620965432376212e-04 -9.529865928925573826e-04
3.584926716862500325e+04 -1.066012191586195989e-03 -4.330048104748129845e-04 -9.489626972936093807e-04
3.584929214562499692e+04 -1.074497355148196004e-03 -4.231988568790256977e-04 1.159644161816685985e-04
3.584931714762499905e+04 -1.073870575055480003e-03 -1.485599437728523991e-03 1.171817275462671979e-04
3.584934213462500338e+04 -1.066160039044917063e-03 -4.349213850218803233e-04 -9.492204408161342144e-04
3.584936711462501262e+04 -1.229958525073016062e-05 6.375696975737810135e-04 1.177955346065572988e-04
3.584939211662500020e+04 -1.074939849786459966e-03 -4.254347877576947212e-04 1.155985446530393985e-04
3.584941710662501282e+04 -5.562854312302079052e-06 1.704268623143434958e-03 1.202504063257947971e-04
3.584944207362500310e+04 -1.067182049155235074e-03 -4.203583230264484882e-04 1.193902207887730950e-04
3.584946707562501251e+04 -1.068838872015476010e-03 1.702165696769952991e-03 1.166212969110347060e-04
3.584949205762500060e+04 -3.192181000486015840e-03 -2.547048265114427047e-03 1.149612653534859012e-04
3.584951705962500273e+04 1.069211750291287899e-03 -1.490894122980535030e-03 -9.376163943670690060e-04
3.584954204962500080e+04 1.270677967113443058e-05 6.198841147124767303e-04 -2.008813433349132972e-03
3.584956704062499921e+04 -1.067841192707418962e-03 6.387856556102633476e-04 1.176133664557710019e-04
3.584959202562500286e+04 -1.057925401255487962e-03 -4.153598274569957906e-04 1.234552037203683907e-04
3.584961701662500127e+04 5.294034508551703766e-06 -4.149817978031932766e-04 1.267998595722019943e-04
3.584964200462499866e+04 1.284851714444812048e-05 6.356748635880649090e-04 -9.396055247634649277e-04
3.584966699362499639e+04 1.243920451088342985e-05 6.349522736854851246e-04 -9.397245012223720551e-04
3.584969198462500208e+04 -1.049509504809976058e-03 -1.489900052547455051e-03 -9.405987220816314220e-04
3.584971698062500218e+04 1.286663064092863012e-05 -4.277304979041218758e-04 -9.385807788930833340e-04
3.584974194462499872e+04 -2.106383675709366798e-03 6.377833778969943523e-04 -9.428973426111042500e-04
3.584976695162500255e+04 4.599099156621377915e-06 -1.462454907596111081e-03 1.196569995954632976e-03
3.584979193862499960e+04 -1.051224069669842937e-03 -4.132440371904522181e-04 1.266848994418978962e-04
3.584981691462500021e+04 1.219634214066899974e-05 -4.122107638977468014e-04 1.300784497288987041e-04
3.584984191062500031e+04 -2.107140375301241875e-03 6.355183431878685951e-04 -9.432891383767127991e-04
3.584986690662500041e+04 -1.043710974045098045e-03 6.365995504893362522e-04 -9.398947586305439472e-04
3.584989189462501236e+04 -2.114869188517332077e-03 -4.162371333222836256e-04 1.228721666848286986e-04
3.584991688662499655e+04 -2.106421394273639159e-03 6.531351245939731598e-04 1.261335419258103046e-04
3.584994185562500206e+04 2.931951348728034984e-05 -4.164349811617285013e-04 -9.307191357947885990e-04
3.584996685862499726e+04 2.149021565855946053e-05 -1.467858674004673958e-03 1.355390704702585936e-04
3.584999186062499939e+04 -1.042738324031234004e-03 -4.078137280885130167e-04 1.306489575654267994e-04
3.585001684062500135e+04 -1.043692696839570999e-03 6.535922875627875328e-04 1.292476808885112134e-04
3.585004183062499942e+04 2.156323054805397987e-03 -1.476636622101068063e-03 -9.228183189406991005e-04
3.585006682062499749e+04 4.653946234611793675e-05 -1.482529914937912984e-03 -1.990364631637930870e-03
3.585009179862499877e+04 -1.026444602757691903e-03 -4.124742699787021225e-04 -9.302713442593812943e-04
3.585011679162501241e+04 -1.043549156747757955e-03 -3.918222791980952024e-04 1.199658378027379946e-03
3.585014179262499965e+04 -1.035179127939044996e-03 -4.027301620226352865e-04 1.345536584267393026e-04
3.585016677662500297e+04 -1.035448280163109086e-03 -4.032626457046716863e-04 1.344734046142548052e-04
3.585019176662500104e+04 -1.035847817547618909e-03 -4.039890191052109003e-04 1.343544718110933900e-04
3.585021675562499877e+04 -1.027232850901782946e-03 -3.966190852224826813e-04 1.391471305396408114e-04
3.585024174262500310e+04 -1.027475809678434892e-03 -3.972337581217288971e-04 1.390350516885519028e-04
3.585026673362500151e+04 3.510269380058161914e-05 6.651232833974063396e-04 1.410938421031459895e-04
3.585029172262499924e+04 3.517612276482395828e-05 6.644813111051917076e-04 1.409909746143966913e-04
3.585031671062499663e+04 -1.017985516227781989e-03 -1.470677787438035011e-03 -9.248727001249790192e-04
3.585034168562499690e+04 4.443354555405675687e-05 -4.088411224074661732e-04 -9.228593553416430950e-04
3.585036669162500039e+04 3.591702625271864235e-05 -3.988138632848858833e-04 1.420689804945141077e-04
3.585039167862499744e+04 1.108786207623779991e-03 -1.452526310458778901e-03 1.516612683190033111e-04
3.585041666762500245e+04 5.296554809319786727e-05 -4.031659336760640144e-04 -9.182210196740925312e-04
3.585044165862500085e+04 -1.019063871353865103e-03 -3.946869692299515009e-04 1.432391145499422875e-04
3.585046664362499723e+04 4.261978392605669796e-05 1.729234121739863916e-03 1.439321495126933130e-04
3.585049163962499733e+04 1.099213608540595011e-03 -3.828280896414070779e-04 1.214983989484607957e-03
3.585051660862500285e+04 -1.019938266836106994e-03 6.649533752351999283e-04 1.416210143361240896e-04
3.585054161362499872e+04 -1.009849365800618909e-03 -3.894482797477393800e-04 1.483992964494972879e-04
3.585056660262499645e+04 -2.065077191218733788e-03 -4.014922888018190861e-04 -9.201710345223546028e-04
3.585059159362500213e+04 -1.010410720482469039e-03 -3.902641183231025934e-04 1.482110237702727047e-04
3.585061657062500308e+04 -1.009703846648335023e-03 -1.452492433600127914e-03 1.494338066549971971e-04
3.585064157162499760e+04 -1.010028296150266907e-03 -1.453129108995198987e-03 1.493501622462644902e-04
3.585066654362499685e+04 6.078833757783286273e-05 -4.013666475657374209e-04 -9.136338485404849052e-04
3.585069153962499695e+04 5.201664316700770773e-05 -3.916836576536297798e-04 1.512806629762052948e-04
3.585071654062499874e+04 1.125780283473432064e-03 -1.444147666916250966e-03 1.620646653464064002e-04
3.585074153062499681e+04 -2.074528951197863059e-03 6.848469492979347706e-04 1.213943352922796986e-03
3.585076651562500047e+04 -1.002039760351181030e-03 -3.865143517032266205e-04 1.536239578854292902e-04
3.585079149862500344e+04 6.882820161990821362e-05 6.655752076767385006e-04 -9.093214175663888454e-04
3.585081647762501234e+04 -9.856494143605232239e-04 -4.079566569998859817e-04 -1.976560568436979814e-03
3.585084148262500094e+04 -9.943490149453282356e-04 -3.977986925747246092e-04 -9.116353467106819153e-04
3.585086647362499934e+04 1.134022837504744963e-03 -3.774471406359226054e-04 1.664812589297071099e-04
3.585089146262499708e+04 -9.774714708328247070e-04 1.721674343571067073e-03 -1.973178004845976830e-03
3.585091643862499768e+04 -2.055711578577756882e-03 -1.444415654987097003e-03 1.572346518514677882e-04
3.585094144962500286e+04 -9.846297325566411018e-04 -3.924059856217355078e-04 -9.057058487087488174e-04
3.585096641662500042e+04 -2.057374455034732819e-03 6.779510877095162868e-04 1.543996186228469014e-04
3.585099141762500221e+04 6.139240576885640621e-05 -3.710594319272785837e-04 1.227572560310363986e-03
3.585101640762500028e+04 -9.849244961515069008e-04 -3.938400477636606043e-04 -9.059911244548857212e-04
3.585104139862499869e+04 -9.829328628256917000e-04 -1.437644241377711079e-03 1.665776653680950132e-04
3.585106636662499659e+04 8.026022987905889750e-05 -1.437133760191499970e-03 1.699393324088304964e-04
3.585109137562500109e+04 7.842132617952302098e-05 6.855952087789773941e-04 1.671701465966179967e-04
3.585111636562499916e+04 6.948922964511439204e-05 6.955000571906566620e-04 1.232083654031157060e-03
3.585114135862501280e+04 1.141594140790403106e-03 -3.759547835215926170e-04 1.717510604066773978e-04
3.585116635162499733e+04 -2.040533116087317033e-03 -3.906729107256978750e-04 -9.037143900059163570e-04
3.585119132262500352e+04 -9.790839394554495811e-04 6.875460385344922543e-04 1.684863091213628921e-04
3.585121632062499702e+04 8.501607953803613782e-05 -3.732414625119417906e-04 1.732027158141135898e-04
3.585124140029167029e+04 -9.787285234779119492e-04 -3.751289623323827982e-04 1.696275139693171057e-04
3.585126638229167293e+04 -9.882313897833228111e-04 6.963344640098512173e-04 1.233216607943177006e-03
3.585129137329167133e+04 1.014617228065616976e-04 -3.956362197641282732e-04 -1.957091270014644103e-03
3.585131636429166974e+04 -9.707423741929233074e-04 -3.870515502057970112e-04 -8.956345263868570328e-04
3.585134134629167238e+04 1.155557925812900066e-03 -3.684126713778824156e-04 1.817149895941838893e-04
3.585136634629166656e+04 9.187906107399612665e-05 -3.701092500705271959e-04 1.781747851055114919e-04
3.585139132929166954e+04 1.163378125056623979e-03 -3.798138641286640817e-04 -8.834781474433839321e-04
3.585141632629166998e+04 -9.628881816752254963e-04 -1.444419380277395032e-03 -8.891496690921485424e-04
3.585144130529167160e+04 -9.731365717016160488e-04 6.885934271849691868e-04 1.730801741359755126e-04
3.585146630329167238e+04 8.999459532788023353e-05 6.894302205182611942e-04 1.764632615959272060e-04
3.585149129329167044e+04 1.004198420559987019e-04 -1.428178511559963009e-03 1.848388783400878039e-04
3.585151628129166784e+04 -9.555568685755133629e-04 -3.786871675401926041e-04 -8.850301965139806271e-04
3.585154127029167284e+04 -9.566217777319252491e-04 6.822134018875658512e-04 -8.864754927344620228e-04
3.585156626129167125e+04 -9.644586825743317604e-04 -3.693461185321211815e-04 1.797818840714172071e-04
3.585159122629166814e+04 -9.554133866913616657e-04 -1.442014821805059910e-03 -8.840011432766914368e-04
3.585161623929166672e+04 9.846332977758720517e-05 -3.690998128149657899e-04 1.830522087402642044e-04
3.585164122829167172e+04 -9.662242373451590538e-04 6.906269700266420841e-04 1.781424216460437125e-04
3.585166621829166979e+04 1.066196928150020946e-04 6.979708559811115265e-04 1.876502501545473933e-04
3.585169119329167006e+04 -9.474915568716824055e-04 -3.757931990548967773e-04 -8.795837056823074818e-04
3.585171619429167185e+04 1.179999555461108901e-03 -1.435313024558126926e-03 -8.714197902008891106e-04
3.585174118429166992e+04 1.080495712812989950e-04 -1.426719245500863032e-03 1.900427596410735900e-04
3.585176617329166766e+04 1.178966136649250984e-03 -3.748110902961344069e-04 -8.729340042918920517e-04
3.585179116329167300e+04 1.153837874880992012e-04 -3.766386071220039779e-04 -8.764736703597009182e-04
3.585181615329167107e+04 1.064789394149557027e-04 -3.665780532173811847e-04 1.884121302282437953e-04
3.585184113929166779e+04 -9.567155502736568451e-04 7.099942304193973541e-04 1.254582195542752960e-03
3.585186612629167212e+04 -2.010971540585159822e-03 -3.637588815763593262e-04 1.873459550552069870e-04
3.585189111829167086e+04 -9.408402838744223118e-04 1.749746152199805000e-03 -8.769318228587508202e-04
3.585191610829166893e+04 -9.393952786922454834e-04 -3.738803789019585198e-04 -8.743767975829541683e-04
3.585194109629167360e+04 -9.556218865327537060e-04 -1.414982602000236945e-03 1.256883144378661893e-03
3.585196608629167167e+04 -9.405133314430713654e-04 6.865040631964802742e-04 -8.758956100791692734e-04
3.585199108429167245e+04 1.229084300575777888e-04 7.037566392682492733e-04 1.978332729777320948e-04
3.585201607229166984e+04 -9.312990005128085613e-04 -3.702160611283034086e-04 -8.694076095707714558e-04
3.585204105429167248e+04 1.302342716371641105e-04 1.753663178533316092e-03 -8.686887449584901333e-04
3.585206604029166920e+04 -9.496122365817427635e-04 7.107725832611322403e-04 1.259062089957297065e-03
3.585209103429166862e+04 1.229536428581922975e-04 -3.601573698688297922e-04 1.987840078072621876e-04
3.585211602229167329e+04 -9.400621638633310795e-04 -1.423737034201622009e-03 1.965355477295815945e-04
3.585214101229167136e+04 1.315987756242976135e-04 -3.546241496223955804e-04 2.045501169050112096e-04
3.585216600129166909e+04 1.389519020449369875e-04 6.960951141081750393e-04 -8.618918363936245441e-04
3.585219098929166648e+04 -9.330752072855830193e-04 7.045493694022297859e-04 1.995677157538011941e-04
3.585221597929167183e+04 1.299388532061130079e-04 7.051985012367367744e-04 2.029124589171260866e-04
3.585224096929166990e+04 1.398319727741182121e-04 -1.428870600648223920e-03 -8.595036924816668034e-04
3.585226595729166729e+04 -9.240317158401012421e-04 -1.430828240700066090e-03 -8.630857919342815876e-04
3.585229094629167230e+04 -9.342589182779192924e-04 7.021992933005094528e-04 1.991759490920231017e-04
3.585231594529167342e+04 -9.153679129667580128e-04 -1.425869995728134892e-03 -8.574063540436327457e-04
3.585234092429166776e+04 -9.173818398267030716e-04 6.968794623389840126e-04 -8.601665613241493702e-04
3.585236591329167277e+04 -9.175943559966981411e-04 6.963066989555954933e-04 -8.602461894042789936e-04
3.585239090129167016e+04 1.470339775551111048e-04 -1.426181173883378939e-03 -8.542386349290609360e-04
3.585241589329166891e+04 -9.179420885629951954e-04 6.950314273126423359e-04 -8.604367612861096859e-04
3.585244088329166698e+04 1.375219144392758879e-04 -3.551431291271001101e-04 2.092481154249981046e-04
3.585246587229167199e+04 -1.990525750443338914e-03 7.190952892415225506e-04 1.271040877327322960e-03
3.585249086629167141e+04 -9.181572240777313709e-04 -3.520717436913400888e-04 2.107210457324981961e-04
3.585251583729167032e+04 -9.106163051910698414e-04 6.986085791140794754e-04 -8.556864922866225243e-04
3.585254082729166839e+04 1.208039233461021943e-03 -3.507509536575525999e-04 2.174451365135610104e-04
3.585256582829167019e+04 -9.196239989250898361e-04 7.078549824655056000e-04 2.091204078169540113e-04
3.585259081729166792e+04 -9.190499549731612206e-04 -3.543214697856456041e-04 2.103396545862779021e-04
3.585261580829167360e+04 -9.199334308505058289e-04 7.066045072861015797e-04 2.089314657496287877e-04
3.585264079829167167e+04 1.454986340831964937e-04 -3.371594357304275036e-04 1.284268102608620904e-03
3.585266578229166771e+04 -9.110350511036813259e-04 1.773784984834491990e-03 2.130727225448935953e-04
3.585269078529167018e+04 1.536589843453838879e-04 -3.483886248432099819e-04 2.190861705457791957e-04
3.585271576229167113e+04 1.526144915260375088e-04 7.125411066226661205e-04 2.176751149818300930e-04
3.585274075229166920e+04 1.522443781141191992e-04 7.119797519408166409e-04 2.175597182940691981e-04
3.585276574329166760e+04 -9.104597265832126141e-04 -3.514169657137244940e-04 2.153531677322461930e-04
3.585279073029167193e+04 -9.032989619299769402e-04 7.147942669689655304e-04 2.183202450396493077e-04
3.585281573229166679e+04 -9.119282476603984833e-04 7.245936430990695953e-04 1.283240737393497987e-03
3.585284071129166841e+04 1.606916630407795039e-04 -3.465921618044375831e-04 2.229280216852203012e-04
3.585286570129166648e+04 1.683415612205862999e-04 7.042813813313841820e-04 -8.434709161520004272e-04
3.585289068529166980e+04 -9.038022835738956928e-04 7.127897697500884533e-04 2.179546136176213893e-04
3.585291567829166888e+04 1.600881805643439022e-04 -3.477065183687955141e-04 2.226699143648148125e-04
3.585294066629167355e+04 1.679399574641138044e-04 -3.429109638091176748e-04 2.268702955916523933e-04
3.585296565629167162e+04 1.677616091910749945e-04 -3.431274089962244034e-04 2.267983218189328909e-04
3.585299063829166698e+04 1.685646129772067070e-04 -1.405152725055814006e-03 2.280273765791208094e-04
3.585301563229166641e+04 1.669023768045007911e-04 7.173334015533328056e-04 2.252749254694209045e-04
3.585304062229167175e+04 1.837775052990764108e-04 6.959648453630506992e-04 -1.904799952171742916e-03
3.585306561729167151e+04 1.756363344611600041e-04 -3.559092292562127113e-04 -8.385907858610153198e-04
3.585309060229166789e+04 -8.965449524112045765e-04 -3.473385586403309757e-04 2.228659868706018004e-04
3.585311559229167324e+04 -8.883208502084016800e-04 7.193360361270606518e-04 2.261038171127439087e-04
3.585314058129167097e+04 -8.792399894446134567e-04 -3.531883412506430799e-04 -8.376443292945623398e-04
3.585316557029166870e+04 1.926547556649894064e-04 -3.629284910857676918e-04 -1.899288035929203033e-03
3.585319056829166948e+04 1.754206896293908087e-04 -3.424716996960341930e-04 2.306337846675887975e-04
3.585321555129167245e+04 -8.975096279755234718e-04 7.277625263668596745e-04 1.290731248445809104e-03
3.585324053729166917e+04 1.826953666750341925e-04 7.079133065417408943e-04 -8.358797058463096619e-04
3.585326552729166724e+04 1.823084894567728043e-04 -3.394795057829468900e-04 2.341911458643153039e-04
3.585329051729167259e+04 -8.642810862511396408e-04 -3.621754585765302181e-04 -1.899346476420759938e-03
3.585331550529166998e+04 -8.748211548663675785e-04 1.770315808244049983e-03 -8.371372241526842117e-04
3.585334050429167110e+04 1.814509887481108037e-04 -3.415367100387812203e-04 2.339082857361063090e-04
3.585336548429167306e+04 -8.823076495900750160e-04 -3.433772944845259190e-04 2.303331275470555100e-04
3.585339047229167045e+04 -8.831548038870096207e-04 7.177378865890204906e-04 2.289294934598729014e-04
3.585341546029166784e+04 1.874063309514895082e-04 7.224769797176122665e-04 2.357879857299849120e-04
3.585344043629166845e+04 -8.677624282427132130e-04 7.103126263245940208e-04 -8.327535470016300678e-04
3.585346543929167092e+04 -1.940956688486040072e-03 1.780051505193114064e-03 2.273271820740774003e-04
3.585349043429167068e+04 1.955950865522027016e-04 -3.512866678647696972e-04 -8.281666086986660957e-04
3.585351542029166740e+04 1.876311289379372922e-04 -1.402920344844460054e-03 2.380520600127055970e-04
3.585354040729167173e+04 -8.776366594247519970e-04 7.183838752098381519e-04 2.318488259334116903e-04
3.585356539829167014e+04 1.855488517321645942e-04 7.192618795670568943e-04 2.352028677705675092e-04
3.585359038829166821e+04 1.941059599630534920e-04 -3.385939635336399078e-04 2.399396034888922897e-04
3.585361537529167254e+04 -8.611266384832561016e-04 -3.512059920467435772e-04 -8.286415832117199898e-04
3.585364036529167061e+04 1.257036579772830009e-03 -3.386041789781302214e-04 2.432065666653215885e-04
3.585366535529166867e+04 2.019691746681928906e-04 -3.508308727759867907e-04 -8.253466221503913403e-04
3.585369034229167301e+04 -8.709323010407388210e-04 7.190807373262941837e-04 2.347457921132445064e-04
3.585371533029167040e+04 -8.796982583589851856e-04 7.290671346709132195e-04 1.299665542319417000e-03
3.585374033329167287e+04 1.991281751543282920e-04 7.230035844258964062e-04 2.412178582744672894e-04
3.585376530929167347e+04 -8.544152369722723961e-04 -1.412167679518461011e-03 -8.246580837294459343e-04
3.585379031029166799e+04 -1.936809043399990039e-03 7.292662630788981915e-04 1.299089053645730019e-03
3.585381529129167029e+04 -8.729344117455184460e-04 -3.315132053103297949e-04 1.303798519074917056e-03
3.585384026229166921e+04 1.986225979635491967e-04 -3.411264915484935045e-04 2.421470417175441980e-04
3.585386526429167134e+04 1.975979394046590003e-04 7.197208469733595848e-04 2.407347492408007112e-04
3.585389026529167313e+04 -8.500638650730252266e-04 7.112689199857413769e-04 -8.244044729508459568e-04
3.585391523629167204e+04 -8.678351878188550472e-04 1.793012372218071981e-03 1.304188626818358898e-03
3.585394023729166656e+04 -8.665822097100317478e-04 -3.307486185804008895e-04 1.306735095568001053e-03
3.585396522729167191e+04 2.052276977337897095e-04 -3.403029113542289084e-04 2.451233449392021244e-04
3.585399022529167269e+04 -8.676889701746404171e-04 7.294526440091431141e-04 1.305212266743182919e-03
3.585401519729167194e+04 -1.913591404445468946e-03 -3.546547086443752050e-04 -8.269944810308516026e-04
3.585404018729167001e+04 -8.591793011873960495e-04 -3.436231927480549162e-04 2.413446491118519956e-04
3.585406518229166977e+04 -1.915112719871103980e-03 -3.414360107854009217e-04 2.415899944026022878e-04
3.585409017329166818e+04 2.190477534895763072e-04 7.117012282833456993e-04 -8.179329452104866505e-04
3.585411516329167353e+04 -8.523267460986971855e-04 -3.411791112739592791e-04 2.448575105518103188e-04
3.585414014929167024e+04 -8.354953024536371231e-04 -3.627059631980956143e-04 -1.885253237560390992e-03
3.585416512929167220e+04 -8.535381639376282692e-04 7.191202021203935146e-04 2.433334739180282029e-04
3.585419013029166672e+04 -1.907831872813404040e-03 -3.547142550814896822e-04 -8.239058661274611950e-04
3.585421511829167139e+04 2.078441029880196127e-04 7.333857356570661068e-04 1.315130037255584977e-03
3.585424010829166946e+04 2.160698059014976025e-04 7.223998545669019222e-04 2.500188129488378763e-04
3.585426509829166753e+04 -8.389830472879111767e-04 7.101717637851834297e-04 -8.185205515474081039e-04
3.585429008529167186e+04 -8.469864260405302048e-04 -3.415058599784969741e-04 2.476980444043874741e-04
3.585431507629167027e+04 2.170048828702419996e-04 -1.402377383783460097e-03 2.524092851672322100e-04
3.585434006629166834e+04 -8.395572658628225327e-04 7.085269317030906677e-04 -8.188035571947693825e-04
3.585436505229167233e+04 2.081001439364627004e-04 -1.393328071571886973e-03 1.317199436016381004e-03
3.585439003529166803e+04 -1.903424155898391984e-03 -3.414569946471602267e-04 2.477395755704491788e-04
3.585441504329167219e+04 2.223429182777180997e-04 7.219992112368345261e-04 2.532181388232856989e-04
3.585444002129167347e+04 -8.411740418523550034e-04 7.203657296486198902e-04 2.496834495104848796e-04
3.585446501229167188e+04 -8.404282270930707455e-04 -3.417569678276777267e-04 2.509084297344089096e-04
3.585449000129166961e+04 -8.414423209615051746e-04 7.193127530626952648e-04 2.494988439138979262e-04
3.585451500329167175e+04 -8.503560093231499195e-04 7.290666690096259117e-04 1.314378459937870936e-03
3.585453999229166948e+04 2.293129800818861073e-04 -1.399967120960355022e-03 2.586102345958352089e-04
3.585456495329167228e+04 -8.258933085016906261e-04 -1.412517391145228906e-03 -8.099690312519669533e-04
3.585458995729166782e+04 -8.354501915164291859e-04 -3.409415076021105051e-04 2.536219544708728790e-04
3.585461494829167350e+04 2.276100422022863951e-04 -3.404981107451022213e-04 2.569620846770703793e-04
3.585463993729167123e+04 -8.275165455415844917e-04 -3.525876090861856937e-04 -8.115748642012476921e-04
3.585466492329166795e+04 2.261708286823705110e-04 7.199488463811576366e-04 2.554360253270714933e-04
3.585468991029167228e+04 2.415873605059460077e-04 -3.488420334178953821e-04 -8.052607299759984016e-04
3.585471490329167136e+04 -8.306351955980062485e-04 -3.403514274396001751e-04 2.561619039624928886e-04
3.585473989229166909e+04 2.318992192158476060e-04 7.217829697765409946e-04 2.582143642939627171e-04
3.585476487229167105e+04 -8.224818157032132149e-04 -3.520435420796275139e-04 -8.090294431895017624e-04
3.585478986529167014e+04 2.322788059245795012e-04 -3.406581236049532890e-04 2.593579411040992087e-04
3.585481486129167024e+04 -8.314892766065895557e-04 -3.426568582653998787e-04 2.557795087341219187e-04
3.585483985129166831e+04 2.307855756953358921e-04 7.196487276814877987e-04 2.578276034910231829e-04
3.585486484129166638e+04 -1.888413331471384005e-03 -3.407477925065904856e-04 2.555633545853198117e-04
3.585488982129166834e+04 -8.252671686932444572e-04 -3.399314591661096161e-04 2.589459763839840889e-04
3.585491481929166912e+04 -8.254618733190000057e-04 -3.405324823688716238e-04 2.588348288554698229e-04
3.585493980829166685e+04 2.469735918566585129e-04 -1.411512028425931931e-03 -8.014481281861662865e-04
3.585496479629167152e+04 2.466563018970190937e-04 -1.412259181961416981e-03 -8.015656494535505772e-04
3.585498978729166993e+04 -8.268880192190408707e-04 7.192121120169758797e-04 2.572155790403484756e-04
3.585501477629166766e+04 2.507700410205870867e-04 7.130072335712611675e-04 -8.015023777261376381e-04
3.585503976229167165e+04 -8.119299309328198433e-04 -3.507035435177385807e-04 -8.037463412620127201e-04
3.585506475729167141e+04 -8.206719649024307728e-04 -3.406672331038861925e-04 2.611767558846623248e-04
3.585508974829166982e+04 1.304161734879017093e-03 1.784485299140214920e-03 2.653207338880748099e-04
3.585511472929167212e+04 -8.288379758596420288e-04 -1.392798149026929899e-03 1.327317324467002912e-03
3.585513970829166647e+04 1.296975184231996970e-03 -3.291854809504001791e-04 1.332799904048443057e-03
3.585516471229166928e+04 1.313802320510149002e-03 -3.506074426695703918e-04 -7.972774328663945198e-04
3.585518968829166988e+04 1.311177155002952056e-03 -3.370546328369528055e-04 2.706212399061769247e-04
3.585521468929167168e+04 1.319508999586104913e-03 -3.478537546470760757e-04 -7.944521494209766388e-04
3.585523969229166687e+04 2.550456265453249216e-04 7.117413915693759918e-04 -7.993599865585565567e-04
3.585526466729166714e+04 -8.163931779563426971e-04 -3.411418001633136922e-04 2.634284028317778760e-04
3.585528965829167282e+04 2.550774661358445883e-04 -3.510819515213369781e-04 -7.982318056747317314e-04
3.585531464829167089e+04 2.473938802722842043e-04 -1.402414520271122022e-03 2.680319012142717838e-04
3.585533962129167048e+04 -8.127868059091269970e-04 7.213293574750423431e-04 2.641944738570600748e-04
3.585536462029167160e+04 2.503093273844569921e-04 7.222324493341147900e-04 2.675774157978593761e-04
3.585538961629167170e+04 -8.117557736113667488e-04 -1.402961206622421958e-03 2.666615182533860207e-04
3.585541460329166875e+04 -7.948765414766967297e-04 -1.424355548806488948e-03 -1.863413839600980065e-03
3.585543959429166716e+04 -1.876562018878757954e-03 -3.439523861743509769e-04 2.616698620840907097e-04
3.585546458429167251e+04 2.500485861673951149e-04 -3.418189589865506237e-04 2.685149956960231066e-04
3.585548957029166922e+04 2.658362209331244230e-04 6.981824408285319805e-04 -1.862933044321835041e-03
3.585551455629167322e+04 2.473205386195331812e-04 -1.391586731187999032e-03 1.337165129370986982e-03
3.585553955229167332e+04 -8.009374141693115234e-04 7.088059210218489170e-04 -7.990713347680866718e-04
3.585556453929167037e+04 -8.079772233031690121e-04 -1.404257956892251968e-03 2.685180224943906069e-04
3.585558953029166878e+04 -8.099167607724666595e-04 7.181864930316805840e-04 2.657384029589592868e-04
3.585561452029166685e+04 2.626088971737772226e-04 -3.529897658154367858e-04 -7.945456309244036674e-04
3.585563950829167152e+04 2.437716175336391005e-04 1.790063804946840026e-03 1.332672080025077083e-03
3.585566449729166925e+04 2.492210187483578920e-04 7.300481083802878857e-04 1.336011686362325928e-03
3.585568948829166766e+04 2.653018746059387922e-04 1.770265866070986011e-03 -7.953942404128611088e-04
3.585571446729166928e+04 2.494921500328928232e-04 -3.325945581309496814e-04 1.337149995379149914e-03
3.585573946929167141e+04 2.485862933099269867e-04 7.285440806299448013e-04 1.335744862444699027e-03
3.585576446029166982e+04 1.311685191467403932e-03 7.291480433195829391e-04 1.339090755209326961e-03
3.585578944229167246e+04 2.488091995473951101e-04 -3.340617986395955086e-04 1.336882472969592051e-03
3.585581443429167120e+04 2.570365904830396175e-04 -3.453429671935737133e-04 2.717638271860777790e-04
3.585583942329166894e+04 2.615623234305530787e-04 7.182551198638975620e-04 2.726163365878164768e-04
3.585586442629167141e+04 -8.013243786990642548e-04 -3.454558609519153833e-04 2.703667851164937019e-04
3.585588941329166846e+04 1.324380631558597088e-03 7.183874840848147869e-04 2.758803311735392159e-04
3.585591438929166907e+04 1.325519755482674079e-03 -1.405299641191958947e-03 2.784247044473885948e-04
3.585593937929166714e+04 2.774655877146869898e-04 6.952849216759204865e-04 -1.857768860645591996e-03
3.585596437029167282e+04 2.607381320558487827e-04 -3.462445747572929209e-04 2.734345325734465772e-04
3.585598935229166818e+04 -8.001187234185636044e-04 1.777193509042263031e-03 2.691146801225841045e-04
3.585601435529167065e+04 1.336514367721975067e-03 -3.545881481841207093e-04 -7.864168146625161171e-04
3.585603933629167295e+04 -7.922385702840983868e-04 1.765385852195322947e-03 -7.960870279930531979e-04
3.585606433829166781e+04 2.630669623613358086e-04 7.149572484195232391e-04 2.735900343395770138e-04
3.585608931529166875e+04 2.713390567805618048e-04 7.040176424197852612e-04 -7.914897287264466286e-04
3.585611430529166682e+04 -8.094932418316602707e-04 7.228885078802704811e-04 1.334927626885473945e-03
3.585613929529167217e+04 -7.874836446717381477e-04 7.041019271127879620e-04 -7.930094725452363491e-04
3.585616428329166956e+04 2.671063994057477063e-04 7.151304162107408047e-04 2.753366716206073761e-04
3.585618927329166763e+04 -7.956076879054307938e-04 -3.482171741779894179e-04 2.731303684413433075e-04
3.585621435224999732e+04 2.752055879682301933e-04 7.036741590127348900e-04 -7.898520561866462231e-04
3.585623934125000233e+04 2.665055799297987873e-04 7.136874482966959476e-04 2.750719431787729263e-04
3.585626432924999972e+04 -7.970862207002937794e-04 7.119394722394645214e-04 2.715015725698322058e-04
3.585628931925001234e+04 -8.057632949203252792e-04 7.217628881335258484e-04 1.336420769803225994e-03
3.585631430725000246e+04 2.716025046538562125e-04 -1.409481978043914058e-03 2.793752064462751150e-04
3.585633929725000053e+04 2.611102245282381773e-04 7.232784410007297993e-04 1.341592404060065963e-03
3.585636428724999860e+04 -7.855482399463653564e-04 7.007716922089457512e-04 -7.919457857497036457e-04
3.585638928424999904e+04 -7.945644902065396309e-04 7.106516859494149685e-04 2.729350817389786243e-04
3.585641426925000269e+04 1.341435010544955947e-03 -3.590552660170943087e-04 -7.838815799914300442e-04
3.585643924325000262e+04 2.690855180844665116e-04 -3.505976055748761242e-04 2.775349421426653862e-04
3.585646424324999680e+04 -7.900478667579591274e-04 -1.412724144756793976e-03 2.770352002698928118e-04
3.585648923325000214e+04 2.798375790007411892e-04 7.008182583376765251e-04 -7.872805581428110600e-04
3.585651422425000055e+04 -7.905893144197762012e-04 -1.413682824932039001e-03 2.768443373497576064e-04
3.585653920225000184e+04 2.631647512316703796e-04 -3.410200879443436861e-04 1.343857496976851983e-03
3.585656420424999669e+04 2.629094815347344225e-04 -3.414292295929043943e-04 1.343779498711227937e-03
3.585658917525000288e+04 2.789591962937266177e-04 6.985724321566522121e-04 -7.876627496443688869e-04
3.585661419025000214e+04 1.330761471763252995e-03 -1.401241053827106953e-03 1.350190606899559064e-03
3.585663915325001290e+04 -1.862221048213541941e-03 1.778827514499426105e-03 1.335693290457129045e-03
3.585666414524999709e+04 2.737206814344971830e-04 7.090305443853139877e-04 2.788732526823877746e-04
3.585668913525000244e+04 -7.900033961050212383e-04 7.074077147990465164e-04 2.753014268819243258e-04
3.585671413724999729e+04 2.740791824180632830e-04 -3.534296702127904242e-04 2.800158981699497050e-04
3.585673912725000264e+04 2.804204123094677925e-04 1.758579397574066899e-03 -7.877690950408577919e-04
3.585676410125000257e+04 -7.814971613697707653e-04 -3.662931849248706752e-04 -7.886432576924562454e-04
3.585678910525001265e+04 -1.840314245782793002e-03 -1.427954412065445943e-03 -7.888102554716169834e-04
3.585681409525000345e+04 2.763244265224785155e-04 7.075731991790235043e-04 2.803753013722599095e-04
3.585683907525001268e+04 2.845180279109627008e-04 6.965274224057793617e-04 -7.847400847822427750e-04
3.585686407224999857e+04 -7.953252643346786499e-04 -3.460574953351169825e-04 1.343047246336936951e-03
3.585688906224999664e+04 2.770100254565476829e-04 -1.417269231751560948e-03 2.827253774739801884e-04
3.585691405125000165e+04 2.761028299573808908e-04 -3.562943311408162117e-04 2.813170431181787902e-04
3.585693904124999972e+04 2.888643066398798877e-04 -3.655462351161987132e-04 -7.815129356458783150e-04
3.585696403125001234e+04 -7.747106137685477734e-04 -3.673981118481606245e-04 -7.850535912439227104e-04
3.585698901925000246e+04 2.883622364606707746e-04 -3.666615521069616079e-04 -7.816901779733598232e-04
3.585701400325001305e+04 -1.839555799961090088e-03 6.915460689924657345e-04 -7.900616619735956192e-04
3.585703899924999860e+04 2.793186868075280840e-04 -3.576499293558300084e-04 2.831084420904517174e-04
3.585706399224999768e+04 2.405758481472731070e-03 -3.554336726665496826e-04 2.899206010624765808e-04
3.585708898025000235e+04 2.794433967210351879e-04 -1.420023152604698918e-03 2.842476824298501015e-04
3.585711395825000363e+04 -7.811165414750576019e-04 7.031092536635696888e-04 2.804150863084942102e-04
3.585713895524999680e+04 2.913233765866606885e-04 -3.678464563563466072e-04 -7.798672304488718510e-04
3.585716394525000214e+04 -7.895420421846210957e-04 -3.489829250611364841e-04 1.346548786386847062e-03
3.585718893525000021e+04 1.353234401904046969e-03 6.938314181752502918e-04 -7.779363659210503101e-04
3.585721391625000251e+04 -1.844900194555521011e-03 -3.618193732108920813e-04 2.778966736514120752e-04
3.585723891724999703e+04 -7.815369754098355770e-04 -3.610029816627501899e-04 2.812855236697942019e-04
3.585726389024999662e+04 2.941209531854838133e-04 6.925516645424067974e-04 -7.794025004841387272e-04
3.585728889224999875e+04 -7.863234495744109154e-04 7.116746273823082447e-04 1.347062294371426105e-03
3.585731388124999648e+04 -7.773236720822751522e-04 -3.608453262131661177e-04 2.832818427123128826e-04
3.585733887025000149e+04 -7.776021375320851803e-04 -3.611730353441088850e-04 2.832046884577720815e-04
3.585736384725000244e+04 2.855102065950632095e-04 -3.604939556680620259e-04 2.865506394300609827e-04
3.585738885225001286e+04 2.853663463611155748e-04 -3.609353152569382841e-04 2.864752896130084991e-04
3.585741384025000298e+04 -7.745885523036122322e-04 7.001744816079735756e-04 2.836266648955643177e-04
3.585743882624999969e+04 2.416189061477779908e-03 -3.578533651307225227e-04 2.952660724986345118e-04
3.585746381725001265e+04 2.976206305902450735e-04 -3.714584163390100002e-04 -7.767695351503789425e-04
3.585748880725000345e+04 1.359839807264507034e-03 6.910028168931603432e-04 -7.747205672785639763e-04
3.585751379525000084e+04 2.875950885936617851e-04 6.992593407630920410e-04 2.866969443857669830e-04
3.585753878524999891e+04 -7.742324378341436386e-04 -1.425498398020863967e-03 2.858275838661938906e-04
3.585756377524999698e+04 2.880865067709236795e-04 -3.634723543655126745e-04 2.878381928894668818e-04
3.585758875325001281e+04 1.363968243822454973e-03 6.904377369210124016e-04 -7.729834760539233685e-04
3.585761375425000006e+04 -1.825568964704870961e-03 -3.758705570362507755e-04 -7.821508334018290043e-04
3.585763873525000236e+04 -7.701261783950030804e-04 -1.426375005394219918e-03 2.875424106605350971e-04
3.585766373125000246e+04 3.006756305694580078e-04 -3.743960114661604166e-04 -7.754073594696819782e-04
3.585768872125000053e+04 2.996143011841922998e-04 6.866070325486361980e-04 -7.768512587063014507e-04
3.585771371124999860e+04 2.916981175076215917e-04 -3.650402650237082893e-04 2.893997880164533854e-04
3.585773870324999734e+04 2.913220378104596788e-04 -3.659025242086499929e-04 2.892781922128052061e-04
3.585776369624999643e+04 1.367816701531410000e-03 6.882825400680303574e-04 -7.712057558819651604e-04
3.585778866925000330e+04 2.962798462249339169e-04 -3.649232967291026765e-04 2.915404620580375195e-04
3.585781366724999680e+04 -7.587710861116647720e-04 -3.770566836465150118e-04 -7.769952644594013691e-04
3.585783865825000248e+04 -7.599628297612071037e-04 6.839050911366939545e-04 -7.784437621012330055e-04
3.585786364624999987e+04 2.962323778774588758e-04 -1.427806681022047997e-03 2.926018496509640867e-04
3.585788862925000285e+04 1.359281246550380967e-03 -1.427319599315524101e-03 2.959439589176326990e-04
3.585791361524999957e+04 -7.637503440491855145e-04 -3.665787226054816896e-04 2.898028178606181795e-04
3.585793862125000305e+04 1.370428595691918893e-03 6.866851472295820713e-04 -7.697173277847468853e-04
3.585796360724999977e+04 3.067911311518400908e-04 6.848952034488320351e-04 -7.732584490440785885e-04
3.585798859324999648e+04 -7.730731158517301083e-04 -3.580853226594626904e-04 1.354489242658019066e-03
3.585801358425000217e+04 3.062947944272310084e-04 6.836868124082684517e-04 -7.734530372545123100e-04
3.585803856225000345e+04 -7.581512909382581711e-04 1.743083004839717908e-03 -7.783644250594079494e-04
3.585806356224999763e+04 -7.619702955707907677e-04 6.935585988685488701e-04 2.896321238949894905e-04
3.585808856324999942e+04 -7.531297742389142513e-04 -3.787435125559567863e-04 -7.741505978628993034e-04
3.585811354025000037e+04 1.365024363622068925e-03 -3.661934460978955030e-04 2.976960386149585247e-04
3.585813853025001299e+04 -7.535816403105854988e-04 -3.797321987804024870e-04 -7.743395981378853321e-04
3.585816352024999651e+04 -7.537904893979430199e-04 -3.801053971983491832e-04 -7.744156173430383205e-04
3.585818849925001268e+04 -7.550427108071744442e-04 6.808078032918274403e-04 -7.758669089525938034e-04
3.585821348525000212e+04 3.135407750960438901e-04 -3.773668140638620203e-04 -7.692325161769986153e-04
3.585823849125001288e+04 3.204181848559529131e-04 1.734739402309060097e-03 -1.836999785155057907e-03
3.585826346425001248e+04 -7.431460544466972351e-04 1.732737757265567996e-03 -1.840542885474861102e-03
3.585828846524999972e+04 -7.517135818488895893e-04 1.742589985951781056e-03 -7.756357081234455109e-04
3.585831345625001268e+04 3.035347908735275269e-04 6.921165622770786285e-04 2.940386184491217136e-04
3.585833844824999687e+04 -7.507755071856081486e-04 -3.814485098700969869e-04 -7.731669466011226177e-04
3.585836343525000120e+04 3.030877269338815862e-04 6.910407100804150105e-04 2.938480174634606188e-04
3.585838842424999893e+04 3.158618928864597732e-04 6.829755147919058800e-04 -7.692993967793881893e-04
3.585841341125000326e+04 3.078250156249850988e-04 -3.688810684252529794e-04 2.969126799143850803e-04
3.585843841124999744e+04 1.370399142615496895e-03 6.934893317520618439e-04 2.989704080391675234e-04
3.585846339224999974e+04 2.981283178087323904e-04 7.020675693638622761e-04 1.360393129289150021e-03
3.585848838024999714e+04 3.073525731451808864e-04 -3.703907423187047243e-04 2.966501633636652881e-04
3.585851337025000248e+04 2.984570746775717085e-04 -3.605176461860538071e-04 1.361533999443053982e-03
3.585853836425000191e+04 3.196074103470892256e-04 -3.788030880969017744e-04 -7.665223674848675728e-04
3.585856334524999693e+04 -7.527124835178256035e-04 -3.703410038724542206e-04 2.948965702671558207e-04
3.585858834425001260e+04 -7.530380389653146267e-04 -3.708048316184430772e-04 2.948153414763510227e-04
3.585861331524999696e+04 1.373416278511285999e-03 -3.688225988298655098e-04 3.016215923707932234e-04
3.585863831724999909e+04 -7.459031767211854458e-04 6.791934138163924217e-04 -7.717116968706250191e-04
3.585866330624999682e+04 -1.809660228900610967e-03 6.770929903723299503e-04 -7.752917008474469185e-04
3.585868829725000251e+04 3.083824994973837787e-04 6.896166014485061169e-04 2.965510648209602183e-04
3.585871327524999651e+04 -7.494447054341435432e-04 -1.432307879440485997e-03 2.977453113999217749e-04
3.585873827724999865e+04 -7.504155510105192661e-04 -3.713672922458500212e-04 2.963342412840574980e-04
3.585876324824999756e+04 3.212723240721970797e-04 -3.809952759183942730e-04 -7.653139764443039894e-04
3.585878825225000037e+04 3.202587540727109259e-04 6.800584378652274609e-04 -7.667241152375936508e-04
3.585881324324999878e+04 3.199204802513123101e-04 6.792886415496468544e-04 -7.668429752811789513e-04
3.585883823324999685e+04 -7.437326712533831596e-04 6.776795489713549614e-04 -7.703812443651258945e-04
3.585886322924999695e+04 3.147844399791210890e-04 6.914302357472479343e-04 2.999157295562326908e-04
3.585888820924999891e+04 1.379550434648991065e-03 -1.430874806828797080e-03 3.059596056118608063e-04
3.585891321125000104e+04 -7.492099539376795292e-04 6.889973301440477371e-04 2.962574362754821777e-04
3.585893819225000334e+04 -7.401721668429672718e-04 -3.835728275589644909e-04 -7.675089873373508453e-04
3.585896316824999667e+04 -7.486391114071011543e-04 -3.734904166776686907e-04 2.974229864776133949e-04
3.585898817024999880e+04 3.144093207083641941e-04 -3.730017051566392183e-04 3.007633495144546032e-04
3.585901315725000313e+04 -7.451770361512899399e-04 -3.718486696016042883e-04 2.995243412442504818e-04
3.585903814725000120e+04 -7.539514335803687572e-04 -3.622150106821209192e-04 1.364405616186558983e-03
3.585906313724999927e+04 -7.462841458618640900e-04 6.884500617161393166e-04 2.980029385071247816e-04
3.585908812524999666e+04 3.337699163239449263e-04 6.683308747597038746e-04 -1.828649197705090046e-03
3.585911311525000201e+04 -7.377858855761587620e-04 -3.845326718874276226e-04 -7.658657268621027470e-04
3.585913810525000008e+04 3.239018551539630240e-04 1.739072380587459044e-03 -7.651794585399329662e-04
3.585916309324999747e+04 3.167735412716866082e-04 -3.738559025805444067e-04 3.024078614544122869e-04
3.585918808325000282e+04 -7.427990203723311424e-04 -3.731223696377127821e-04 3.014061949215828830e-04
3.585921307325000089e+04 -7.430760306306183338e-04 -3.736685321200639009e-04 3.013248788192868233e-04
3.585923806025001250e+04 1.374122221022844098e-03 7.003907230682671070e-04 1.371803111396729946e-03
3.585926304925000295e+04 3.275426570326089859e-04 6.778597016818821430e-04 -7.617332739755511284e-04
3.585928802824999730e+04 -7.360548479482531548e-04 6.758554372936487198e-04 -7.653089705854654312e-04
3.585931302924999909e+04 -7.438694010488688946e-04 -3.756510850507766008e-04 3.009494976140559262e-04
3.585933802125001239e+04 3.225112450309097767e-04 -3.723108966369181871e-04 3.065991913899778778e-04
3.585936301025000284e+04 1.386525691486895084e-03 -1.432932447642087936e-03 3.113173588644713163e-04
3.585938798824999685e+04 3.297440998721867800e-04 6.777149392291903496e-04 -7.599226664751768112e-04
3.585941299024999898e+04 3.217410121578723192e-04 -3.740746760740876198e-04 3.063231124542654103e-04
3.585943796125001245e+04 -7.343565812334418297e-04 6.748952437192201614e-04 -7.635913789272308350e-04
3.585946297025000240e+04 -7.422989583574235439e-04 -3.766019362956284935e-04 3.026635386049746925e-04
3.585948795624999912e+04 1.384057104587554932e-03 -3.746572183445096016e-04 3.094661224167793989e-04
3.585951294624999719e+04 -7.310809451155364513e-04 -3.855573886539787054e-04 -7.602194091305136681e-04
3.585953792124999745e+04 3.311147738713771105e-04 6.767511949874460697e-04 -7.582052494399249554e-04
3.585956292124999891e+04 3.230939619243144989e-04 -3.751040203496813774e-04 3.080385795328766108e-04
3.585958791024999664e+04 -7.323074387386441231e-04 -3.874195390380918980e-04 -7.605422288179397583e-04
3.585961290125000232e+04 3.215756150893867016e-04 6.853237282484769821e-04 3.064937773160635883e-04
3.585963789225000073e+04 3.220728540327399969e-04 -3.767136367969214916e-04 3.077423898503183776e-04
3.585966288324999914e+04 1.396097359247506099e-03 6.777641247026622295e-04 -7.531653391197323799e-04
3.585968787025000347e+04 3.341680567245929891e-04 -1.446942682377994061e-03 -7.540367078036069870e-04
3.585971285524999985e+04 -7.387280929833650589e-04 -3.771918127313256264e-04 3.060521848965436220e-04
3.585973785124999995e+04 3.329338796902447939e-04 -3.867611521854997223e-04 -7.555642514489591122e-04
3.585976283924999734e+04 3.326127480249851942e-04 -3.872070810757576877e-04 -7.556763594038784504e-04
3.585978783725001267e+04 3.229766152799128944e-04 6.841457216069102287e-04 3.079078451264650172e-04
3.585981281925000076e+04 3.262031823396682739e-04 6.865591276437044144e-04 3.100000321865081787e-04
3.585983781325000018e+04 -7.273093797266483307e-04 -1.448550610803067901e-03 -7.558739744126796722e-04
3.585986279725000350e+04 3.351309569552540779e-04 -3.864137106575071812e-04 -7.538557983934879303e-04
3.585988779025000258e+04 1.397581654600799084e-03 6.760625983588397503e-04 -7.517997291870415211e-04
3.585991277325001283e+04 3.261205856688321179e-04 -3.772224590647966212e-04 3.109469835180789232e-04
3.585993776125000295e+04 -7.297558477148413658e-04 6.723433616571128368e-04 -7.589182350784540176e-04
3.585996274424999865e+04 -1.793575705960392952e-03 6.703238468617200851e-04 -7.624986465089023113e-04
3.585998774224999943e+04 3.295440110377966816e-04 -1.437143771909177086e-03 3.141881898045539856e-04
3.586001273325001239e+04 3.277932410128415173e-04 6.852980586700141430e-04 3.114158462267369032e-04
3.586003772325000318e+04 3.461483283899723941e-04 -1.458904356695712046e-03 -1.815996831282973073e-03
3.586006272625001293e+04 3.279443481005728245e-04 -3.771002229768782854e-04 3.125532530248165131e-04
3.586008771025000169e+04 -7.271071663126349449e-04 -3.891692613251506740e-04 -7.559812511317431927e-04
3.586011270125000010e+04 -7.369369268417358398e-04 6.822455907240509987e-04 3.075670101679862088e-04
3.586013768025000172e+04 3.303209959995002097e-04 -3.756775986403226852e-04 3.143700596410781145e-04
3.586016267225000047e+04 3.384733281563966924e-04 -3.868599596899002790e-04 -7.507475093007087708e-04
3.586018766025001241e+04 3.382449503988028115e-04 -3.872568777296692133e-04 -7.508245762437582016e-04
3.586021265924999898e+04 3.210257273167371750e-04 -3.669980796985328197e-04 1.379062538035213947e-03
3.586023763825000060e+04 -7.179061649367213249e-04 6.615738384425640106e-04 -1.820806064642966010e-03
3.586026262924999901e+04 3.375750093255192041e-04 -3.890598600264639204e-04 -7.511142757721245289e-04
3.586028761625000334e+04 3.331711341161280870e-04 -1.438252511434257030e-03 3.175209858454763889e-04
3.586031260425000073e+04 -7.398027228191494942e-04 -3.682024253066629171e-04 1.377644948661326928e-03
3.586033759624999948e+04 1.403796952217817090e-03 -3.867511404678226059e-04 -7.455356535501778126e-04
3.586036258524999721e+04 3.316868678666651249e-04 -3.780630358960478956e-04 3.159236221108586138e-04
3.586038757525000256e+04 -7.413665298372507095e-04 6.915438571013510227e-04 1.376005238853394985e-03
3.586041256525000063e+04 -7.246098830364644527e-04 6.703583640046417713e-04 -7.540702354162931442e-04
3.586043755325001257e+04 3.392894286662340164e-04 -3.906083584297447855e-04 -7.493932498618960381e-04
3.586046254225000303e+04 3.434946702327579260e-04 -1.449862727895379066e-03 -7.455403101630508900e-04
3.586048753625000245e+04 3.338545793667436188e-04 -3.785149892792106217e-04 3.180104831699281931e-04
3.586051252124999883e+04 1.397035084664822058e-03 -3.775960067287086898e-04 3.213959571439772844e-04
3.586053751124999690e+04 -7.232887437567114830e-04 1.731796655803919055e-03 -7.533096359111368656e-04
3.586056250125000224e+04 3.336171794217079878e-04 -1.441180356778204007e-03 3.190703282598406076e-04
3.586058748525001283e+04 3.419728309381753206e-04 -1.452415715903043964e-03 -7.460421184077858925e-04
3.586061248324999906e+04 1.398279797285794995e-03 6.842932780273258686e-04 3.219952923245728016e-04
3.586063745224999730e+04 3.352554631419479847e-04 -3.791571361944078857e-04 3.197466721758245880e-04
3.586066245625000010e+04 -7.290894282050430775e-04 6.806403980590403080e-04 3.148791438434273005e-04
3.586068745625000156e+04 -7.293827366083860397e-04 6.798745016567409039e-04 3.147615643683820963e-04
3.586071243924999726e+04 -7.296385010704398155e-04 6.793229840695858002e-04 3.146805684082210064e-04
3.586073741324999719e+04 -7.290886715054512024e-04 -3.830804780591279268e-04 3.158940526191145182e-04
3.586076241624999966e+04 -7.301614969037473202e-04 6.781308329664170742e-04 3.144852817058563232e-04
3.586078741525000078e+04 3.374048683326690847e-04 -3.800190752372146195e-04 3.218607162125409192e-04
3.586081239325000206e+04 -7.262081489898264408e-04 -3.817225224338471889e-04 3.183235821779816801e-04
3.586083738425000047e+04 -7.273607770912349224e-04 6.791293853893876076e-04 3.168740659020841122e-04
3.586086237325001275e+04 -7.272767834365367889e-04 6.788360769860446453e-04 3.168081748299301213e-04
3.586088735024999914e+04 1.407648320309818008e-03 6.704229163005948067e-04 -7.413846324197947979e-04
3.586091234925000026e+04 1.408075331710278988e-03 -3.917915164493023807e-04 -7.401397451758384705e-04
3.586093735225000273e+04 3.394270024728029966e-04 -3.803849394898862189e-04 3.241164959035813808e-04
3.586096233024999674e+04 3.388719633221625740e-04 -3.811344795394688845e-04 3.239915531594306231e-04
3.586098732125000242e+04 -1.788090914487838962e-03 -3.843076992779970169e-04 3.169906558468937874e-04
3.586101231125000049e+04 3.375664236955345219e-04 6.792006897740066051e-04 3.224665997549890930e-04
3.586103729624999687e+04 3.380254784133284742e-04 -3.828615590464323759e-04 3.237135533709079027e-04
3.586106227624999883e+04 3.452844102866948193e-04 6.675751064904034138e-04 -7.427369710057973862e-04
3.586108727825000096e+04 -7.176472572609782219e-04 -3.958254528697580099e-04 -7.449507247656583786e-04
3.586111226724999869e+04 3.476206329651176929e-04 6.691580056212842464e-04 -7.399952737614512444e-04
3.586113726324999880e+04 1.402915804646909020e-03 -3.811478673014789820e-04 3.297129587735980749e-04
3.586116224725000211e+04 -1.789233065210283019e-03 1.737358979880810001e-03 3.165478701703249866e-04
3.586118723524999950e+04 3.474074474070221186e-04 -3.938529407605528831e-04 -7.389411330223083496e-04
3.586121221325000079e+04 3.308088926132767850e-04 -1.435406738892198043e-03 1.392266596667468982e-03
3.586123730100000103e+04 -7.166060968302190304e-04 -3.963813360314816236e-04 -7.426021620631217957e-04
3.586126229800000146e+04 3.577707975637168234e-04 -4.036373575218021870e-04 -1.801444217562675042e-03
3.586128730199999700e+04 3.388671902939677238e-04 1.739739673212171035e-03 3.258106880821288174e-04
3.586131228000001283e+04 3.493781259749085253e-04 -1.455792225897311947e-03 -7.353092660196125507e-04
3.586133726900000329e+04 3.483513137325643951e-04 -3.946682554669678211e-04 -7.367184152826666832e-04
3.586136226000000170e+04 1.420017681084573052e-03 -4.041586362291126901e-04 -1.798364566639065959e-03
3.586138724600001296e+04 3.472686803434044123e-04 6.659771897830069065e-04 -7.382323965430259705e-04
3.586141224299999885e+04 -7.249145419336855412e-04 6.743130506947636604e-04 3.231880837120115757e-04
3.586143724099999963e+04 3.414752136450260878e-04 -3.838193370029330254e-04 3.308682935312389785e-04
3.586146222700000362e+04 -7.230520714074373245e-04 6.756719085387885571e-04 3.259579534642397815e-04
3.586148720700001286e+04 3.409545752219855785e-04 -3.848818305414170027e-04 3.306755388621240854e-04
3.586151219200000196e+04 -7.235868833959102631e-04 6.747122388333082199e-04 3.257668577134609222e-04
3.586153718700000172e+04 3.572432324290276116e-04 -4.066841502208263224e-04 -1.799519755877553983e-03
3.586156217200001265e+04 3.389716730453073978e-04 6.750937318429350853e-04 3.290296881459652835e-04
3.586158716599999752e+04 1.414001802913845019e-03 -3.935571585316210985e-04 -7.286077016033232212e-04
3.586161215600000287e+04 -7.224614964798092842e-04 6.750024622306227684e-04 3.280163509771227837e-04
3.586163714299999992e+04 3.499196900520474261e-04 -3.960192261729388887e-04 -7.322847959585487843e-04
3.586166213300001255e+04 3.495631099212915247e-04 -3.962602640967816114e-04 -7.323626196011900902e-04
3.586168712300000334e+04 -7.234122022055089474e-04 6.737170042470097542e-04 3.277284558862447739e-04
3.586171211200000107e+04 1.404216862283647060e-03 -3.854871320072562045e-04 3.359159163665025884e-04
3.586173710099999880e+04 3.429903299547731876e-04 -3.849445783998817205e-04 3.350158222019671852e-04
3.586176209199999721e+04 3.504553460516036099e-04 6.660435465164482594e-04 -7.313864189200103283e-04
3.586178707399999985e+04 3.425037430133671111e-04 -3.859313437715172768e-04 3.348256286699324846e-04
3.586181206999999995e+04 -7.126939599402248859e-04 -3.982355701737105846e-04 -7.337181014008820057e-04
3.586183704700000089e+04 -7.300389115698635578e-04 -3.780340193770825863e-04 1.396164065226912065e-03
3.586186204800000269e+04 -7.217514212243258953e-04 -3.891295054927467758e-04 3.310832544229925221e-04
3.586188703800000076e+04 3.411525685805826837e-04 -3.885791811626405066e-04 3.344200376886873895e-04
3.586191202899999917e+04 3.512136754579842091e-04 6.647208356298506260e-04 -7.296135881915688515e-04
3.586193701300000248e+04 -7.203155546449124813e-04 -3.883369208779186010e-04 3.331372281536459923e-04
3.586196201599999767e+04 -7.128358702175319195e-04 6.625131936743855476e-04 -7.332691457122564316e-04
3.586198700000000099e+04 -7.299801218323409557e-04 6.825327873229980469e-04 1.396615523844956918e-03
3.586201198399999703e+04 -7.138822693377733231e-04 1.722819753922522068e-03 -7.347888313233852386e-04
3.586203697300000204e+04 3.414931998122482950e-04 6.724724662490189075e-04 3.348915779497473890e-04
3.586206194900000264e+04 -7.096862536855041981e-04 -1.460274215787648938e-03 -7.288836059160530567e-04
3.586208693900000071e+04 -7.123859832063317299e-04 1.723684370517730930e-03 -7.329945801757276058e-04
3.586211194100000284e+04 -7.112072198651731014e-04 -3.999274922534822876e-04 -7.304168539121747017e-04
3.586213694099999702e+04 2.470027655363082886e-03 -3.863485762849450111e-04 3.448453207965940237e-04
3.586216192099999898e+04 -7.220458355732262135e-04 1.732396194711327986e-03 3.317183000035583973e-04
3.586218691099999705e+04 3.432600060477852821e-04 -1.451487769372761033e-03 3.390540950931609219e-04
3.586221190100000240e+04 -1.781569910235702991e-03 -3.902047465089709109e-04 3.330540785100311041e-04
3.586223687200000131e+04 -7.183272391557693481e-04 -3.896329144481570071e-04 3.364030271768569946e-04
3.586226187400000344e+04 3.526992513798177242e-04 6.622957298532128334e-04 -7.265414460562169552e-04
3.586228686800000287e+04 -7.102855015546083450e-04 -4.011272103525698185e-04 -7.287885528057813644e-04
3.586231185700000060e+04 -7.104665273800492287e-04 -4.017559695057570934e-04 -7.288845954462885857e-04
3.586233683800000290e+04 -7.116159540601074696e-04 6.592238787561655045e-04 -7.303004385903477669e-04
3.586236183699999674e+04 3.512344264890999144e-04 6.599519401788711548e-04 -7.269596680998802185e-04
3.586238681299999735e+04 -7.084676763042807579e-04 -4.001584602519869804e-04 -7.267468608915805817e-04
3.586241181200001301e+04 1.392605481669306972e-03 -3.672643506433814764e-04 2.475054701790214019e-03
3.586243680899999890e+04 3.537971933837980032e-04 6.613071891479194164e-04 -7.248104084283113480e-04
3.586246179400000256e+04 3.458674764260650223e-04 -3.905387420672922784e-04 3.414047532714902813e-04
3.586248678500000096e+04 -7.091194274835288525e-04 -4.028212861157953739e-04 -7.271322538144886494e-04
3.586251177399999870e+04 -7.110806764103472233e-04 1.719545223750174046e-03 -7.299144635908305645e-04
3.586253676200000336e+04 -7.260385900735855103e-04 -1.444823225028813102e-03 1.403994858264923096e-03
3.586256175200000143e+04 3.472233074717224186e-04 6.718027871102094650e-04 3.420810680836439133e-04
3.586258674299999984e+04 -7.156028295867145061e-04 -3.913278342224658078e-04 3.398756962269545144e-04
3.586261172800000350e+04 -7.166977156884968281e-04 6.696010241284966469e-04 3.384293231647462195e-04
3.586263673000001290e+04 3.550008696038275957e-04 6.600125343538820744e-04 -7.231867639347910881e-04
3.586266169200000149e+04 3.545561921782792157e-04 6.592573481611907482e-04 -7.233088253997266293e-04
3.586268669900001260e+04 -7.167236763052642345e-04 -3.935395798180251772e-04 3.394857631064950878e-04
3.586271168900000339e+04 3.485758497845380956e-04 6.714804330840706825e-04 3.435383550822734833e-04
3.586273667900000146e+04 3.575332520995289087e-04 -4.011635610368102789e-04 -7.202166598290205002e-04
3.586276166400001239e+04 -7.155647617764770985e-04 6.688957801088690758e-04 3.398723492864518816e-04
3.586278666000001249e+04 -7.166068535298109055e-04 1.730205956846476035e-03 3.384664305485785007e-04
3.586281165499999770e+04 1.411368022672832012e-03 -3.910519008059055155e-04 3.479302395135164261e-04
3.586283663600000000e+04 3.554868453647940809e-04 6.583854556083679199e-04 -7.219375111162662506e-04
3.586286162500001228e+04 -7.126163691282272339e-04 -3.915547858923674172e-04 3.429501957725734061e-04
3.586288661600000341e+04 -1.767831854522228024e-03 -4.037149774376302958e-04 -7.255908567458391190e-04
3.586291160200000013e+04 -7.141889655031263828e-04 6.686854176223278046e-04 3.414133680053054744e-04
3.586293659699999989e+04 3.497836878523231095e-04 -3.918939328286796808e-04 3.461293817963451147e-04
3.586296158899999864e+04 -7.156562060117721558e-04 1.728969509713351943e-03 3.398803819436579943e-04
3.586298657100000128e+04 3.483587934169917757e-04 6.681665545329451561e-04 3.445793117862194777e-04
3.586301156199999969e+04 -7.124959956854581833e-04 6.695624906569719315e-04 3.429800271987915039e-04
3.586303655099999742e+04 3.513271221891046112e-04 -3.912274551112204790e-04 3.476561687421054190e-04
3.586306154900001275e+04 -7.052936707623302937e-04 1.719703897833823941e-03 -7.235426455736160278e-04
3.586308654099999694e+04 3.594955487642437220e-04 -4.028189578093587810e-04 -7.175320060923695564e-04
3.586311152199999924e+04 -7.133216131478548050e-04 6.670978036709129810e-04 3.425933246035128832e-04
3.586313649400001304e+04 3.504952182993292809e-04 -3.939786693081260270e-04 3.472634998615831137e-04
3.586316148100000282e+04 -7.133755134418606758e-04 -3.956153814215213060e-04 3.437204286456108093e-04
3.586318649000000005e+04 -7.032847497612237930e-04 6.586873787455260754e-04 -7.206313312053680420e-04
3.586321148199999880e+04 -7.032893481664359570e-04 6.581128691323101521e-04 -7.207058370113372803e-04
3.586323646700000245e+04 1.414773869328201034e-03 6.705399136990308762e-04 3.511040413286536932e-04
3.586326145700000052e+04 -7.115639746189117432e-04 -3.940943570341914892e-04 3.454312391113489866e-04
3.586328644399999757e+04 -7.128638681024312973e-04 6.670088623650372028e-04 3.439825377427042073e-04
3.586331143500000326e+04 -7.277308613993227482e-04 -2.497207839041947885e-03 2.477897563949226899e-03
3.586333642400000099e+04 -7.013631984591484070e-04 -4.028794064652175253e-04 -7.179793319664895535e-04
3.586336141399999906e+04 3.455625555943698233e-04 -1.442713313736021952e-03 1.416733954101800919e-03
3.586338640399999713e+04 3.522026236169040203e-04 6.690733716823160648e-04 3.489530063234270161e-04
3.586341139200000180e+04 -1.774910371750592969e-03 6.659952341578900814e-04 3.419475397095084190e-04
3.586343638199999987e+04 -7.186118746176362038e-04 -1.446201582439244010e-03 1.412954763509332917e-03
3.586346137200001249e+04 -1.774315722286700986e-03 -3.969209501519799232e-04 3.430888464208691770e-04
3.586348636300000362e+04 -7.094455067999660969e-04 -3.938509325962514227e-04 3.481813182588667220e-04
3.586351135000000068e+04 3.529286768753082102e-04 6.687230197712779045e-04 3.502372419461607933e-04
3.586353634800000145e+04 3.533876442816107923e-04 -3.934649284929037094e-04 3.514502313919364864e-04
3.586356132999999681e+04 -6.934072589501738548e-04 -4.159216769039630890e-04 -1.782089355401694991e-03
3.586358632699999725e+04 -7.107064593583345413e-04 -3.956286236643791199e-04 3.477958962321280891e-04
3.586361130699999921e+04 1.424210262484848066e-03 -4.038584302179514820e-04 -7.103623938746750355e-04
3.586363629400000355e+04 -1.758738071657717011e-03 6.424334133043885231e-04 -1.787204411812127070e-03
3.586366126800000347e+04 3.531166003085672855e-04 -3.936143766622989828e-04 3.528841189108788967e-04
3.586368627600000036e+04 -7.017842144705355167e-04 -4.059196216985582763e-04 -7.156509673222899437e-04
3.586371126799999911e+04 -7.027772953733801842e-04 6.548289675265550613e-04 -7.170983008109033108e-04
3.586373626200001308e+04 3.536417207214980775e-04 -1.457142643630505042e-03 3.539483295753598213e-04
3.586376123299999745e+04 3.525500360410661047e-04 -3.960001049563289231e-04 3.525062056723982096e-04
3.586378623499999958e+04 3.522977931424974853e-04 -3.961867478210479021e-04 3.524324274621903896e-04
3.586381122299999697e+04 3.522441838867961818e-04 6.668813875876367092e-04 3.525362699292600155e-04
3.586383621500000299e+04 1.407575211487710042e-03 -3.835861571133136749e-04 1.422241912223398902e-03
3.586386120400000073e+04 3.601308271754533052e-04 6.552687264047563076e-04 -7.126625278033316135e-04
3.586388619399999880e+04 -7.034273003228008747e-04 6.536013679578900337e-04 -7.161992834880948067e-04
3.586391118000000279e+04 3.513454867061228102e-04 6.648714770562946796e-04 3.521566977724432945e-04
3.586393616800000018e+04 3.526941873133183068e-04 -1.458572689443826892e-03 3.547408559825270826e-04
3.586396115999999893e+04 3.423153539188206196e-04 6.744132842868566513e-04 1.416965387761593082e-03
3.586398614999999700e+04 3.605343226809055155e-04 6.557369488291442394e-04 -7.114037289284169674e-04
3.586401114000000234e+04 -6.938881124369800091e-04 -4.180597898084669763e-04 -1.778646721504629092e-03
3.586403612799999974e+04 3.608338010963053053e-04 -4.069157585036010092e-04 -7.102653034962713718e-04
3.586406112900000153e+04 3.527343797031790018e-04 -1.458695507608354092e-03 3.559458709787576849e-04
3.586408610100000078e+04 3.526135988067836111e-04 -1.459027873352169991e-03 3.558731114026159048e-04
3.586411109700000088e+04 -7.033907459117472172e-04 -4.098605713807045871e-04 -7.140350062400102615e-04
3.586413608699999895e+04 3.527468943502753973e-04 -3.957029548473656178e-04 3.558835887815802747e-04
3.586416107400000328e+04 3.608692204579710960e-04 -4.067502450197935104e-04 -7.092324667610228062e-04
3.586418605400001252e+04 -7.018938194960355759e-04 -1.469908514991403060e-03 -7.114367326721549034e-04
3.586421106200000213e+04 3.524486965034157038e-04 -1.458876766264439063e-03 3.568995452951639891e-04
3.586423604600001272e+04 -7.112409221008419991e-04 -1.460611820220947049e-03 3.533594717737286741e-04
3.586426102000001265e+04 3.509352682158350945e-04 -3.984653158113359863e-04 3.553676360752434081e-04
3.586428600100000040e+04 -7.096849731169641018e-04 -2.520474139600992203e-03 3.559703473001719063e-04
3.586431101399999898e+04 3.508983354549854994e-04 6.648435955867171288e-04 3.553189453668891841e-04
3.586433600199999637e+04 -1.776358112692832947e-03 6.616624305024743080e-04 3.482912725303322077e-04
3.586436099100000138e+04 3.510138485580682755e-04 -3.974913852289319038e-04 3.564718062989413738e-04
3.586438598199999979e+04 3.506006032694131136e-04 -3.982983762398362160e-04 3.563493955880404061e-04
3.586441096899999684e+04 3.512227849569172209e-04 -1.460384344682097001e-03 3.576022281777114218e-04
3.586443596000000252e+04 -7.047568215057253838e-04 -4.109849396627395803e-04 -7.123003597371280193e-04
3.586446095000000059e+04 3.511556133162230253e-04 6.651051808148622513e-04 3.565334482118486816e-04
3.586448593699999765e+04 -7.126975688152015209e-04 6.629789131693542004e-04 3.529473033268005198e-04
3.586451092800000333e+04 3.513142000883818215e-04 -3.976471780333667994e-04 3.576634917408227921e-04
3.586453591800000140e+04 3.588010440580546856e-04 6.528335507027804852e-04 -7.087795529514551163e-04
3.586456091500000184e+04 3.508168738335371017e-04 -3.988055395893753117e-04 3.574692527763546055e-04
3.586458590000001277e+04 3.599499759729952162e-04 -1.471409224905074076e-03 -7.063090451993048191e-04
3.586461088100000052e+04 -7.109738653525710106e-04 -3.976337611675261909e-04 3.556750598363577777e-04
3.586463587499999994e+04 -7.019171025604009628e-04 -1.470015617087482972e-03 -7.081029471009969711e-04
3.586466087300000072e+04 -7.123416289687156677e-04 6.629296694882214069e-04 3.541506011970341206e-04
3.586468585599999642e+04 1.431929878890513940e-03 -4.174943605903536081e-04 -1.767710666172205968e-03
3.586471083199999703e+04 -7.121046073734760284e-04 -3.999709442723541910e-04 3.552819543983786756e-04
3.586473584300000221e+04 -1.767235342413187027e-03 -4.127050051465631073e-04 -7.132994942367076874e-04
3.586476081400000112e+04 -7.211792399175465107e-04 -3.910768718924372846e-04 1.420076470822096088e-03
3.586478581200000190e+04 3.524544881656765938e-04 -3.976739244535564834e-04 3.601443604566156864e-04
3.586481080199999997e+04 -7.025195518508553505e-04 -4.097491037100554055e-04 -7.083881646394729614e-04
3.586483579200001259e+04 -7.037604227662086487e-04 6.510665989480912685e-04 -7.098413188941776752e-04
3.586486078900001303e+04 -7.115461048670113087e-04 -4.004722286481410265e-04 3.564172366168349981e-04
3.586488577700000315e+04 3.515299758873879910e-04 -3.996792947873473167e-04 3.597639151848853177e-04
3.586491076500000054e+04 3.768492606468499249e-04 -4.311845113988965750e-04 -2.835306338965892792e-03
3.586493574800000351e+04 3.603943623602389747e-04 6.535231950692832470e-04 -7.050534477457404137e-04
3.586496073800000158e+04 3.601349308155477047e-04 6.530217942781746387e-04 -7.051337161101400852e-04
3.586498572899999999e+04 -1.775589655153452916e-03 6.597184692509472370e-04 3.528136294335126877e-04
3.586501070600000094e+04 3.517421719152479822e-04 -3.996026352979242802e-04 3.609895356930791790e-04
3.586503570800000307e+04 -7.042269571684300900e-04 6.497082649730145931e-04 -7.088992279022932053e-04
3.586506069700000080e+04 -7.135840132832527161e-04 1.720927190035582022e-03 3.546588413883001154e-04
3.586508568400001241e+04 -7.139448425732553005e-04 1.720590516924858093e-03 3.545788931660354137e-04
3.586511067500000354e+04 -7.019012118689715862e-04 -1.471930765546858094e-03 -7.049572886899113655e-04
3.586513566500000161e+04 3.443944733589888161e-04 -1.450388110242784023e-03 1.428425777703524070e-03
3.586516065299999900e+04 -7.117298082448542118e-04 -4.010491829831153154e-04 3.585176309570670128e-04
3.586518564299999707e+04 -1.776125282049179077e-03 6.587212556041777134e-04 3.536461736075580120e-04
3.586521063300000242e+04 -7.026868988759815693e-04 -1.473912503570318005e-03 -7.053331355564296246e-04
3.586523563100000320e+04 -7.129298755899071693e-04 6.592139252461493015e-04 3.569294931367040223e-04
3.586526062300000194e+04 3.602950600907207077e-04 6.525148055516183376e-04 -7.032974972389638424e-04
3.586528560100000323e+04 -7.118916837498545647e-04 6.611373391933739185e-04 3.581597120501101017e-04
3.586531059000000096e+04 1.416158629581331990e-03 -1.459883293136954091e-03 3.676303604152054137e-04
3.586533557399999700e+04 -7.126046111807227135e-04 6.602133507840335369e-04 3.579636686481534893e-04
3.586536056899999676e+04 3.683156683109701222e-04 -4.215925291646271944e-04 -1.767359906807542064e-03
3.586538555800000177e+04 3.503752814140170813e-04 6.600160268135368824e-04 3.612268483266233856e-04
3.586541055400000187e+04 -7.116415072232484818e-04 6.605003727599978447e-04 3.587495884858071804e-04
3.586543553800001246e+04 -7.024362566880881786e-04 -4.118941724300385064e-04 -7.049932028166949749e-04
3.586546052700000291e+04 -7.111415034160017967e-04 -4.019855696242303198e-04 3.598968323785812205e-04
3.586548551600000064e+04 -7.129947771318256855e-04 1.720605068840086026e-03 3.571534762158989906e-04
3.586551050899999973e+04 3.586405655369163102e-04 1.711055287159978910e-03 -7.044950616545975208e-04
3.586553548600000067e+04 3.684855182655156201e-04 -4.228858160786331242e-04 -1.766910892911254926e-03
3.586556047599999874e+04 2.477825153619050980e-03 -4.002032219432293827e-04 3.698893415275961161e-04
3.586558546000000206e+04 1.417135819792747064e-03 -1.460870844312011979e-03 3.688499855343251878e-04
3.586561046299999725e+04 -7.114327163435518742e-04 6.589103722944855690e-04 3.591514541767538136e-04
3.586563545300000260e+04 3.688456781674175912e-04 6.391048082150518894e-04 -1.767456880770623901e-03
3.586566044099999999e+04 -7.102378876879811287e-04 -1.465158537030220032e-03 3.616266476456075907e-04
3.586568543200001295e+04 3.521860344335436821e-04 -4.027100221719592810e-04 3.636794863268733025e-04
3.586571042100000341e+04 -7.030013366602361202e-04 -4.152569745201616937e-04 -7.048842962831258774e-04
3.586573542300001282e+04 -7.103919633664190769e-04 6.584509974345564842e-04 3.598024486564099789e-04
3.586576039999999921e+04 -7.089783903211355209e-04 -1.464972156099974892e-03 3.623908851295710152e-04
3.586578538799999660e+04 -7.110070437192916870e-04 6.572791025973856449e-04 3.596043388824909925e-04
3.586581038100000296e+04 3.606816753745079041e-04 6.478727445937693119e-04 -7.020084885880351067e-04
3.586583536800000002e+04 3.526455257087945938e-04 -4.038859333377330953e-04 3.642051015049219131e-04
3.586586035900001298e+04 -7.108617573976516724e-04 -4.057507321704179049e-04 3.606677346397190744e-04
3.586588534800000343e+04 3.544661449268459732e-04 -4.027190734632313251e-04 3.649494028650224209e-04
3.586591033600000083e+04 3.448655479587615078e-04 6.689789006486535072e-04 1.428541145287453911e-03
3.586593532599999889e+04 -7.188061135821044445e-04 6.670674774795770645e-04 1.424964866600930908e-03
3.586596031599999696e+04 -7.019948679953813553e-04 6.460221484303474426e-04 -7.051064749248325825e-04
3.586598530500000197e+04 1.408137264661490917e-03 -3.931061946786940098e-04 1.433020224794745012e-03
3.586601029199999903e+04 -7.111338782124221325e-04 6.549907848238945007e-04 3.596897586248815060e-04
