5.087166327925000223e+04 -2.230039536952972135e-01 -3.410927057266234796e-01 -5.623708665370941162e-02
5.087168825924999692e+04 -1.508943736553192139e-01 -2.771236300468444824e-01 -3.691169247031211853e-02
5.087171324525000091e+04 -9.977050125598907471e-03 -1.329980138689280077e-02 2.608864335343242125e-03
5.087173823824999999e+04 4.708301275968552330e-02 9.750855714082717896e-02 3.670024126768112183e-02
5.087176320125000348e+04 2.586483210325241089e-02 8.333203382790088654e-03 3.887276723980904319e-02
5.087178820325001288e+04 -1.961592771112918854e-02 -1.394614279270172119e-01 1.971067488193511963e-02
5.087181317925001349e+04 -4.713329300284385681e-02 -1.714455783367156982e-01 9.005378000438213348e-03
5.087183816924999701e+04 -2.062819525599480022e-02 -8.431427925825119019e-02 1.430683303624392076e-02
5.087186316324999643e+04 2.296434901654719959e-02 1.746004796586930969e-03 1.647105813026427876e-02
5.087188813225000195e+04 3.253182023763657310e-02 4.001767933368682861e-02 2.069668285548686981e-02
5.087191312025000661e+04 3.055122680962086071e-02 6.329351663589477539e-02 1.208804268389939915e-02
5.087193810525000299e+04 -5.507772322744131088e-03 3.561129793524742126e-02 7.711446844041348371e-03
5.087196310725001240e+04 -2.242443524301052094e-02 6.871734745800495148e-03 1.256210030987858989e-03
5.087198808925000048e+04 -5.004125088453292847e-02 7.583170384168624878e-02 -1.730457188386936080e-05
5.087201308025001345e+04 -1.117431223392486989e-01 -5.683377012610434792e-02 1.058680657297372991e-02
5.087203805525000644e+04 -9.034013748168945312e-02 -1.005601808428764066e-01 -1.272516790777445013e-02
5.087206305224999960e+04 -2.778046019375323902e-02 -4.099103063344954750e-02 -8.380585350096225739e-03
5.087208803825000359e+04 7.123955525457859039e-03 2.395203523337841034e-02 5.410596728324890137e-03
5.087211302525000065e+04 1.336841285228729075e-02 2.830434218049049030e-02 1.381647400557995016e-02
5.087213801124999736e+04 -4.681058228015899658e-03 -2.694138698279857982e-02 1.056246925145387996e-02
5.087216299025001354e+04 -5.759298335760831833e-03 -4.496967792510986328e-02 1.157352887094021017e-02
5.087218799525000213e+04 4.857532214373350143e-03 -2.584743499755859028e-02 1.157097984105348934e-02
5.087221296925000206e+04 8.108136244118213654e-03 -1.638422720134257923e-02 1.985637936741114096e-03
5.087223795625000639e+04 9.129743091762065887e-03 -1.208481565117835999e-02 7.306045852601528168e-03
5.087226294125000277e+04 1.344705093652009964e-02 -9.996553882956504822e-03 3.047828795388340950e-03
5.087228792724999948e+04 1.240378338843584061e-02 -1.952588185667991985e-02 5.151746794581413269e-03
5.087231291325000348e+04 1.564525067806243896e-02 8.080142550170421600e-03 5.120783112943171587e-03
5.087233790125000087e+04 1.567956618964672089e-02 -8.935499005019664764e-03 1.942194881848990917e-03
5.087236288825001247e+04 8.253096602857112885e-03 -1.321122981607913971e-02 -2.153608074877411127e-04
5.087238787425000191e+04 1.364933419972657984e-02 -6.903255823999643326e-03 -6.554307881742715836e-03
5.087241285225000320e+04 2.110263332724570881e-02 2.389856800436973919e-02 -5.482139997184276581e-03
5.087243785124999704e+04 3.281750157475470803e-02 5.574818700551986694e-02 -6.543247960507869720e-03
5.087246282524999697e+04 5.410370603203772805e-02 8.012779802083969116e-02 -1.290034782141447067e-02
5.087248781825000333e+04 7.869987934827804565e-02 1.118021830916405002e-01 -3.306407853960990906e-02
5.087251280525000038e+04 9.577438235282897949e-02 1.446444094181061069e-01 -4.154397547245026329e-02
5.087253779124999710e+04 1.010086312890052934e-01 1.436619311571120938e-01 -3.407734259963036277e-02
5.087256278524999652e+04 9.567470848560333252e-02 1.171520799398421964e-01 -3.090198524296284069e-02
5.087258776824999950e+04 6.691621989011764526e-02 6.943900138139724731e-02 -2.363404259085654865e-02
5.087261275025000214e+04 4.236710444092751243e-02 5.157557502388954163e-02 -3.568811807781457901e-03
5.087263773625001340e+04 2.436937391757965088e-02 3.133429586887360313e-02 -1.009260956197977066e-02
5.087266272325000318e+04 1.907321996986865997e-02 3.980511799454689026e-02 -1.229758653789759029e-02
5.087268770924999990e+04 4.216640815138816833e-02 7.872908562421798706e-02 -9.227750822901725769e-03
5.087271268825000152e+04 5.281174555420876243e-02 1.137307211756705960e-01 -1.349356211721896952e-02
5.087273768225000094e+04 -4.391447454690933228e-02 6.376885622739791870e-02 -8.412634022533893585e-03
5.087276266824999766e+04 -1.998277157545089999e-01 -1.734197437763214111e-01 -3.631463274359703064e-02
5.087278765425000165e+04 -1.654334366321563998e-01 -1.271325051784515103e-01 -8.307410776615142822e-02
5.087281263425000361e+04 -1.434622257947922030e-01 -1.033140793442725996e-01 -3.830514475703238747e-02
5.087283761924999999e+04 -1.473511457443237027e-01 -1.003616079688072066e-01 4.685218259692192078e-02
5.087286261325000669e+04 -1.328710019588469904e-01 -4.787806048989295959e-02 9.260158240795135498e-02
5.087288759925000340e+04 -6.038571894168853760e-02 -1.936562918126583099e-02 6.830598413944244385e-02
5.087291258625000046e+04 2.247691340744495045e-02 -6.161788851022720337e-02 7.925684005022048950e-02
5.087293757124999684e+04 -1.180007122457026915e-02 -9.376253932714462280e-03 1.067766100168228011e-01
5.087296254225000303e+04 -8.708634972572326660e-02 -1.147296279668807983e-01 8.962255716323852539e-02
5.087298754425001243e+04 -8.149190992116928101e-02 -1.702280789613724032e-01 5.884941294789314270e-02
5.087301253125000221e+04 -1.099531278014183044e-01 -1.758869886398314875e-01 2.683376334607601166e-02
5.087303751825000654e+04 -8.667013794183731079e-02 -1.407236009836196899e-01 3.751588985323905945e-02
5.087306250425000326e+04 -6.108536198735237122e-02 -8.880358189344406128e-02 2.476803027093410145e-02
5.087308747225000116e+04 -2.813857980072497975e-02 -3.040943853557109833e-02 2.160704694688320160e-02
5.087311247525000363e+04 -2.481588348746300091e-02 -3.055098652839660991e-02 6.705643143504858017e-03
5.087313746225000068e+04 -1.215734053403138941e-02 -6.234331522136926651e-03 4.674254450947046280e-03
5.087316244824999740e+04 -2.054400555789471020e-02 -1.592367514967918049e-02 -8.123047649860382080e-03
5.087318742625001323e+04 -4.177629575133323669e-02 -3.083326108753680836e-02 -1.030059810727835048e-02
5.087321242524999980e+04 -4.389982298016548157e-02 -3.403177484869956970e-02 -1.136887632310389952e-02
5.087323740325000108e+04 -9.941976517438888550e-03 7.450838573276996613e-03 -7.043700665235519409e-03
5.087326239524999983e+04 -9.927935898303985596e-03 1.049161888658999963e-03 -1.022900640964508057e-02
5.087328738124999654e+04 -2.373707108199596058e-02 -2.127067558467388153e-02 -1.131699606776236967e-02
5.087331236725000053e+04 -4.908259958028793335e-03 5.024224054068326950e-03 -1.119641587138175964e-02
5.087333735424999759e+04 -2.793738618493080139e-03 -1.299832202494143919e-02 -9.042618796229362488e-03
5.087336234125000192e+04 8.777294307947158813e-03 1.262839976698159998e-02 4.802688024938107404e-03
5.087338732625001285e+04 7.699832785874605179e-03 -3.264570375904440880e-03 8.009039796888828278e-03
5.087341231425000296e+04 5.619489122182130814e-03 -4.380580503493546572e-03 2.673125127330421968e-03
5.087343730024999968e+04 -7.101565133780241013e-03 -2.459733188152312885e-02 -5.386520060710608959e-04
5.087346228525000333e+04 5.457243882119655609e-03 4.881766624748706818e-03 -4.000385815743356943e-04
5.087348725425000157e+04 4.331255331635475159e-03 2.404975704848765980e-02 5.964212585240601626e-03
5.087351226425000641e+04 7.570699788630008698e-03 3.884189203381537697e-02 -1.499265315942466042e-03
5.087353723725001328e+04 -8.964728331193327904e-04 1.226167194545269012e-02 -4.692771006375551224e-03
5.087356223624999984e+04 1.819609291851520885e-02 2.506546489894390106e-02 -3.902060852851719206e-04
5.087358721425000113e+04 3.513604030013083718e-02 5.698440223932266235e-02 4.946773871779441833e-03
5.087361219225000241e+04 3.837529197335243225e-02 5.267959460616111755e-02 -1.429240102879703045e-03
5.087363719424999726e+04 3.413246572017669678e-02 3.027717769145965923e-02 -1.375805353745817921e-03
5.087366216624999652e+04 2.037945576012134899e-02 2.596843987703322931e-03 -7.774259895086287585e-03
5.087368716224999662e+04 2.247194945812224995e-02 3.447595611214637756e-02 -4.609622992575168610e-03
5.087371215025000129e+04 -4.772145673632621765e-02 -3.559042513370513916e-02 3.768819617107511000e-03
5.087373713725001289e+04 -6.243725493550301292e-02 -7.081757485866546631e-02 -1.433681696653365915e-02
5.087376212525000301e+04 -1.988303847610950123e-02 -3.579716384410858154e-02 -2.062793821096419941e-02
5.087378711525000108e+04 2.264222130179404865e-02 -2.701612561941146851e-02 -5.638386588543652621e-03
5.087381209625000338e+04 1.150417998433112959e-01 6.549594551324844360e-02 -1.205010688863695101e-03
5.087383708225000009e+04 1.031713411211967052e-01 1.060069575905800005e-01 1.787073910236358990e-02
5.087386206824999681e+04 -8.223297074437141418e-03 -8.111874759197235107e-02 1.760870683938265064e-03
5.087388705024999945e+04 -1.877301000058650970e-02 -6.849893927574157715e-02 -8.933401666581630707e-03
5.087391204425001342e+04 2.156475000083446850e-02 1.118600275367498051e-02 -6.762998178601264954e-03
5.087393702825000219e+04 2.065194398164749146e-02 2.738375961780548096e-02 1.661143149249256091e-03
5.087396200824999687e+04 2.591265179216862072e-02 7.200530916452407837e-02 4.819994792342185974e-03
5.087398700925001322e+04 1.954842172563076019e-02 7.622234523296356201e-02 2.661654725670814948e-03
5.087401198624999961e+04 1.539972331374883999e-02 3.790855407714843750e-02 -6.894766818732023239e-03
5.087403697324999666e+04 7.932028733193874359e-03 -1.314770895987749100e-03 -4.885319503955543041e-04
5.087406196025000099e+04 1.534956041723489935e-02 8.268981240689754486e-03 1.651297556236386082e-03
5.087408694624999771e+04 3.443834185600280762e-02 5.289700627326965332e-02 3.790946910157800154e-03
5.087411192125001253e+04 5.487081408500670693e-02 8.926059305667877197e-02 4.792090039700269699e-03
5.087413692725000146e+04 6.560808420181274414e-02 9.762906283140182495e-02 -9.018587879836559296e-03
5.087416191425001307e+04 7.522195577621459961e-02 1.506220698356627863e-01 -1.862723752856254925e-02
5.087418688524999743e+04 9.230332821607589722e-02 2.014709711074829102e-01 -3.140827268362045288e-02
5.087421187824999652e+04 1.243600174784660062e-01 2.978375852108002264e-01 -5.909860134124755859e-02
5.087423686525000085e+04 2.273422628641129095e-01 4.668101668357849121e-01 -5.256495997309684753e-02
5.087426185225001245e+04 1.428590416908263883e-01 3.243322968482971191e-01 -8.575604856014251709e-02
5.087428684424999665e+04 1.324707418680191040e-01 2.603766918182373047e-01 -1.112679988145827970e-01
5.087431181525000284e+04 1.588144153356552124e-01 3.052436709403992254e-01 -8.568195998668670654e-02
5.087433681724999769e+04 1.014329046010971069e-01 1.470959037542342862e-01 -7.608560472726821899e-02
5.087436179625000659e+04 1.674802154302597046e-01 1.639969944953917902e-01 -9.293868392705917358e-02
5.087438678424999671e+04 2.312866449356079102e-01 2.849772572517395020e-01 -1.045978218317031999e-01
5.087441177025000070e+04 2.027517855167388916e-01 2.734848856925963800e-01 -1.004980504512787004e-01
5.087443675524999708e+04 1.496706604957581122e-01 2.404381781816483099e-01 -1.080894544720649997e-01
5.087446174625000276e+04 1.252376586198807040e-01 2.064377069473266879e-01 -1.081265881657599986e-01
5.087448672025000269e+04 1.016363725066184998e-01 2.002988606691359919e-01 -8.157330751419067383e-02
5.087451171525000245e+04 -4.671121388673781655e-02 2.506402432918549139e-01 -1.716003753244876862e-02
5.087453670224999951e+04 -1.774470955133438110e-01 1.560096740722655972e-01 -1.640244759619235992e-02
5.087456168924999656e+04 -9.845237433910369873e-02 8.574499934911727905e-02 -4.694333672523499229e-02
5.087458667425000021e+04 -8.602090179920196533e-02 -3.440448269248008728e-02 2.454128116369247090e-02
5.087461166024999693e+04 -2.349074333906173984e-01 -1.883683502674103061e-01 3.915300592780113220e-02
5.087463664825000160e+04 -3.198541104793549139e-01 -3.487881124019622803e-01 3.694458678364753723e-02
5.087466163824999967e+04 -3.090604245662689209e-01 -4.030592143535614014e-01 2.213702537119388927e-02
5.087468662225000298e+04 -1.644965708255768100e-01 -2.575104832649230957e-01 1.603537984192371021e-02
5.087471162124999682e+04 -9.445483237504959106e-02 -1.594509035348891934e-01 3.739703819155693054e-02
5.087473659325000335e+04 -9.880324453115463257e-02 -1.614654511213302890e-01 4.909834638237953186e-02
5.087476158025000041e+04 -1.221077814698219022e-01 -2.061522454023360928e-01 4.162071645259857178e-02
5.087478656624999712e+04 -9.957539290189743042e-02 -2.084977179765701016e-01 1.613784953951835979e-02
5.087481156324999756e+04 -3.038230538368225098e-02 -1.141120865941047946e-01 -1.856315648183227019e-03
5.087483653825001238e+04 5.980522930622100830e-02 4.214916378259658813e-02 8.899514563381671906e-03
5.087486152525000216e+04 4.290063679218292236e-02 1.547419559210539038e-02 -2.834222512319684029e-03
5.087488651225000649e+04 1.428890693932772030e-02 -4.089706391096115112e-02 -1.030868850648402994e-02
5.087491149925000354e+04 6.112308055162429810e-02 7.898031733930110931e-03 -1.980002969503403057e-02
5.087493648525000026e+04 6.652989238500595093e-02 1.734373159706592907e-02 -3.151034191250801086e-02
5.087496147625001322e+04 6.008606776595115662e-02 3.756716474890708923e-02 -2.516888640820980072e-02
5.087498646824999742e+04 4.727715998888015747e-02 5.140339955687522888e-02 -1.990979164838790894e-02
5.087501143925000360e+04 8.656874299049377441e-02 1.278830617666245062e-01 -1.987888477742671967e-02
5.087503643325000303e+04 2.290787175297737122e-02 2.262752503156661987e-02 -2.847784943878651012e-02
5.087506140825000330e+04 -5.792807042598723671e-02 -7.714376598596572876e-02 -1.690462976694107056e-02
5.087508640425000340e+04 -1.549378503113985062e-02 -1.333649922162294041e-02 -1.045888941735029047e-02
5.087511139825000282e+04 3.014877438545227051e-02 5.681285262107849121e-02 -7.204953115433455381e-03
5.087513636525000038e+04 2.376248501241207123e-02 3.134858608245850303e-02 -5.070737563073635101e-03
5.087516137224999693e+04 -8.105118758976459503e-03 -4.403961822390556335e-02 -2.955783624202013016e-03
5.087518635025001277e+04 -1.236130110919476076e-02 -5.571181327104567788e-02 -1.893720240332186005e-03
5.087521133725000254e+04 9.944503195583820343e-03 -1.004873868077993046e-02 -2.942560473456978798e-03
5.087523632325000654e+04 2.485349541530013084e-03 -2.170455828309059143e-02 2.438231458654626933e-04
5.087526131025000359e+04 -1.748826703988016085e-03 -2.279271930456161152e-02 -1.897620735689998107e-03
5.087528629524999997e+04 8.867985568940639496e-03 1.648613810539245952e-02 -2.974150935187935829e-03
5.087531127025000023e+04 3.332678228616713784e-02 6.530506163835525513e-02 -7.212714757770299911e-03
5.087533626825000101e+04 2.704179100692271839e-02 3.866471722722054222e-02 -1.678554527461529125e-02
5.087536125525001262e+04 1.323758345097303044e-02 2.483652159571647991e-02 -1.787921227514744152e-02
5.087538624225000240e+04 4.621298238635063171e-02 8.107623457908630371e-02 -2.423044294118880879e-02
5.087541122525001265e+04 9.933837503194808960e-02 1.522541940212250033e-01 -2.520776912570000042e-02
5.087543621525000344e+04 1.228730455040931979e-01 1.436242908239364902e-01 -4.215985164046288231e-02
5.087546119625001302e+04 9.557089954614639282e-02 6.149697676301003196e-02 -7.835438847541809082e-02
5.087548618624999654e+04 1.030636802315711975e-01 7.417149096727371216e-02 -8.580097556114196777e-02
5.087551115725000273e+04 9.877222776412963867e-02 7.633060216903686523e-02 -8.156247437000274658e-02
5.087553615924999758e+04 1.103057488799095015e-01 1.136651113629340987e-01 -6.453397125005722046e-02
5.087556114725000225e+04 1.368937045335769931e-01 1.508099436759949008e-01 -6.875555217266082764e-02
5.087558613524999964e+04 1.188283488154411038e-01 1.507659852504729947e-01 -7.094565033912658691e-02
5.087561112125000363e+04 6.882733106613159180e-02 6.587367504835128784e-02 -6.142338365316390991e-02
5.087563611824999680e+04 2.186870202422142029e-02 -3.976102918386459351e-03 -3.380265831947326660e-02
5.087566109025000333e+04 5.847579333931207657e-03 -2.724612876772880901e-02 -2.318101562559604992e-02
5.087568609125001240e+04 1.431144587695598949e-02 -2.824533358216286053e-02 -1.782947592437266957e-02
5.087571106725001300e+04 -6.686904234811663628e-04 -3.981634229421616294e-02 -5.087481345981358614e-03
5.087573605325000244e+04 -3.233748301863669655e-02 -8.540865778923034668e-02 -1.051311753690242941e-02
5.087576104124999983e+04 -7.172872871160507202e-02 -1.469130367040633878e-01 1.148546929471194961e-03
5.087578601524999976e+04 -3.663618117570877075e-02 -7.580878585577011108e-02 -5.216094665229321393e-03
5.087581101325000054e+04 2.570811659097671942e-03 -1.348802819848061042e-03 5.469965748488903046e-03
5.087583599425000284e+04 -3.987093269824981689e-02 -4.712129756808280945e-02 -2.066017361357808113e-03
5.087586107529167202e+04 -6.754516810178756714e-02 -9.272991120815277100e-02 5.355614703148602572e-03
5.087588606129166874e+04 -4.090633243322371743e-02 -7.036000490188598633e-02 5.420088302344083786e-03
5.087591104829167307e+04 -1.337931398302317013e-02 -3.624272719025611877e-02 1.718253642320632935e-02
5.087593603429166978e+04 2.697181701660155903e-02 3.811448812484741211e-02 1.722144149243831981e-02
5.087596102129166684e+04 6.308722496032714844e-02 1.135072335600852966e-01 1.511725131422280918e-02
5.087598600829167117e+04 1.193453893065452992e-01 2.059716731309891025e-01 1.945114508271216999e-02
5.087601099229166721e+04 1.608297228813171109e-01 2.961598336696624756e-01 9.893157519400119781e-03
5.087603596429166646e+04 2.260192185640335083e-01 4.040276706218718927e-01 -4.007379338145256042e-02
5.087606096229166724e+04 2.729653716087340753e-01 4.314668178558350164e-01 -6.231451034545897744e-02
5.087608594529167021e+04 2.594470679759979248e-01 3.812237679958344061e-01 -9.637439996004104614e-02
5.087611093829166930e+04 2.347714304924010953e-01 3.167617619037628174e-01 -6.336588412523269653e-02
5.087613592729166703e+04 2.089170962572098056e-01 2.492581605911254883e-01 -1.543895620852708990e-02
5.087616090629166865e+04 1.503834724426270086e-01 1.633358746767044067e-01 -1.684281043708323999e-03
5.087618589729166706e+04 1.431019902229309082e-01 1.493388265371322909e-01 -2.086107432842254986e-02
5.087621086929167359e+04 2.040862739086151123e-01 1.998694539070129117e-01 -7.184763252735137939e-02
5.087623588529167318e+04 3.042561411857604980e-01 3.270035982131958008e-01 -1.100151762366295000e-01
5.087626085929167311e+04 3.650097548961638849e-01 4.011476337909697931e-01 -1.344060748815535944e-01
5.087628584629167017e+04 1.183093264698981961e-01 2.226555943489074985e-01 -1.190074533224105974e-01
5.087631083729166858e+04 -1.210573837161064009e-01 -1.137145012617111067e-01 -7.463941723108291626e-02
5.087633582829166699e+04 -1.527906358242034912e-01 -1.913823038339614868e-01 -8.849115669727325439e-02
5.087636080529166793e+04 1.604948751628398895e-02 1.453254818916321078e-01 -8.942450582981109619e-02
5.087638578029166820e+04 1.402917504310607910e-01 6.759893298149108887e-01 -1.163062080740929066e-01
5.087641077629166830e+04 8.925548940896987915e-02 8.021230697631835938e-01 -1.294109076261520108e-01
5.087643576529167331e+04 7.642832398414611816e-02 7.417339086532592773e-01 -1.155324056744576056e-01
5.087646075229167036e+04 9.101501107215881348e-02 7.577901482582092285e-01 -2.124236077070235928e-01
5.087648573229167232e+04 4.497202858328819275e-02 5.797064900398254395e-01 -2.890331149101256769e-01
5.087651072529167141e+04 5.271411687135695717e-02 4.213170707225800116e-01 -3.122378587722777765e-01
5.087653571129166812e+04 8.349974453449249268e-02 3.896026611328125000e-01 -3.025125861167908270e-01
5.087656069829167245e+04 1.342688798904418945e-01 4.196899533271790106e-01 -2.715017795562744141e-01
5.087658568529166951e+04 2.071295976638793945e-01 4.628244042396544855e-01 -2.116812467575072965e-01
5.087661067129167350e+04 2.568192780017852783e-01 4.971774518489838202e-01 -1.785463094711303988e-01
5.087663564429167309e+04 2.315168678760529120e-01 4.205170869827271063e-01 -1.987685710191726962e-01
5.087666064529166761e+04 1.931424736976624090e-01 3.951265811920166016e-01 -1.850163936614989957e-01
5.087668562429166923e+04 8.037227392196655273e-02 1.892962604761123935e-01 -1.595651656389235895e-01
5.087671062529167102e+04 -1.087325140833854953e-01 -9.645310789346694946e-02 -1.555633544921875000e-01
5.087673560729166638e+04 -2.619952708482741963e-02 -1.032715365290642062e-01 -1.030991673469543041e-01
5.087676059029166936e+04 1.293525472283362995e-02 4.378951340913773277e-02 5.235061421990395286e-02
5.087678557029167132e+04 -9.354823082685470581e-02 -1.110166385769844055e-01 8.413873612880706787e-02
5.087681056429167074e+04 -2.872379124164580744e-01 -3.751563131809235174e-01 1.275050044059752863e-01
5.087683555529166915e+04 -4.729130566120148260e-01 -6.238306760787963867e-01 2.315783053636550903e-01
5.087686051929167297e+04 -5.263856649398803711e-01 -8.112498521804809570e-01 2.870202064514160156e-01
5.087688552129166783e+04 -5.391228199005126953e-01 -9.788643121719360352e-01 2.999689579010009766e-01
5.087691050929167250e+04 -5.887419581413269043e-01 -1.051486015319823997e+00 2.615567743778228760e-01
5.087693549629166955e+04 -5.480298995971679688e-01 -9.902926683425903320e-01 2.179461121559143066e-01
5.087696049129166931e+04 -4.546438455581665039e-01 -8.584314584732055664e-01 2.298005223274230957e-01
5.087698547029167094e+04 -3.420411646366118830e-01 -7.361829876899719238e-01 2.332092970609664917e-01
5.087701045629166765e+04 -2.459495961666106900e-01 -6.379017829895019531e-01 1.758870333433150968e-01
5.087703545329166809e+04 -2.254943996667861938e-01 -5.300053954124450684e-01 1.342819929122925082e-01
5.087706042929166870e+04 -2.030275464057922086e-01 -4.049972891807556152e-01 1.054425016045569957e-01
5.087708541629167303e+04 -1.539508700370789129e-01 -3.128636777400969904e-01 7.673677802085876465e-02
5.087711040529167076e+04 -9.108059853315353394e-02 -2.026456147432326993e-01 5.017750710248947144e-02
5.087713538929166680e+04 -8.133511990308761597e-02 -1.720890998840332031e-01 2.568661607801913868e-02
5.087716037529167079e+04 -5.047687888145446777e-02 -6.601142138242721558e-02 1.394762936979532068e-02
5.087718536329166818e+04 -3.340414911508560181e-02 -3.000264242291450847e-02 3.311996813863515854e-03
5.087721034929167217e+04 -4.614667221903800964e-02 -4.276772961020469666e-02 2.219010144472122192e-03
5.087723533529166889e+04 -3.230788931250572205e-02 -3.525761887431145148e-03 -3.114528488367795944e-03
5.087726032129167288e+04 -7.932883687317371368e-03 3.478185459971427917e-02 3.304011421278119087e-03
5.087728530429166858e+04 -2.165419608354568135e-02 4.936789628118276596e-03 -7.358521688729524612e-03
5.087731029629166733e+04 1.758454181253910065e-02 6.662736088037490845e-02 1.460758794564754042e-04
5.087733528129167098e+04 6.546693295240402222e-02 1.260387748479842862e-01 -9.356555528938770294e-03
5.087736025029166922e+04 -4.288227111101151207e-02 3.986714035272598267e-02 -1.492426544427872051e-02
5.087738523929166695e+04 -7.984922826290130615e-02 -1.344394981861115057e-01 -3.187362849712371826e-02
5.087741025229167280e+04 -2.587665570899844170e-03 -7.238954305648803711e-02 7.701933383941650391e-03
5.087743522829167341e+04 4.495328664779663086e-02 1.819145306944847107e-02 3.755278885364531777e-02
5.087746021629167080e+04 7.705061230808495608e-03 -6.455138325691223145e-02 4.817475378513336182e-02
5.087748520229166752e+04 -6.459169089794158936e-02 -1.855744272470473966e-01 5.659770593047142029e-02
5.087751018329166982e+04 -8.921568840742111206e-02 -1.917667686939240057e-01 7.782381027936935425e-02
5.087753517229166755e+04 -4.566030204296112061e-02 -1.343903243541718084e-01 7.789681851863861084e-02
5.087756017229166901e+04 -3.706835582852364280e-02 -1.005464941263198991e-01 6.404073536396026611e-02
5.087758514829166961e+04 -1.367461495101452047e-02 -5.491390079259871743e-02 5.980352312326431274e-02
5.087761013529166667e+04 -3.485904261469841003e-02 -7.519351691007614136e-02 5.124220997095108032e-02
5.087763512229167100e+04 -5.600038543343544006e-02 -1.082531064748764038e-01 3.843415528535842896e-02
5.087766010329167329e+04 -4.836036637425422668e-02 -1.254469454288482944e-01 1.612004451453686107e-02
5.087768509429167170e+04 -4.288632050156593323e-02 -9.911026060581207275e-02 -5.188927985727787018e-03
5.087771008229166910e+04 -3.445978835225105286e-02 -4.808343201875687339e-02 1.167951151728630066e-03
5.087773506729167275e+04 -1.844842731952666889e-02 -2.586516365408897053e-02 -8.392285555601119995e-03
5.087776005529167014e+04 -3.546162322163581848e-02 -2.588708139955997120e-02 -8.447016589343547821e-03
5.087778504129166686e+04 -4.605803638696671226e-02 -4.386379569768906334e-02 -4.178300499916076660e-03
5.087781002729167085e+04 -5.350623652338982322e-02 -5.341759324073792198e-02 -3.125311806797980829e-03
5.087783501429166790e+04 -3.542847186326981285e-02 -4.491374641656876304e-02 -4.142061341553925601e-03
5.087786000129167223e+04 1.027200743556022991e-02 9.259973652660846710e-03 -6.189276464283466339e-03
5.087788498429166793e+04 -6.740866694599390030e-03 -6.674378179013729095e-03 -5.161969922482967377e-03
5.087790995729166752e+04 2.082544378936291088e-02 2.209390886127949108e-02 2.344888169318438010e-03
5.087793496029167000e+04 -2.478877082467079163e-02 -5.976413935422897339e-02 -4.094085190445184708e-03
5.087795993829167128e+04 -2.695968188345431935e-02 -3.107456676661967884e-02 -9.416122338734567165e-04
5.087798493429167138e+04 -4.677536431699991226e-03 8.301335037685930729e-04 2.286800183355807824e-03
5.087800992029166810e+04 1.721478300169110081e-03 8.236711844801902771e-03 -8.952976786531507969e-04
5.087803488929167361e+04 -1.530621666461228977e-02 -3.313321620225905678e-02 4.426288418471813202e-03
5.087805989129166846e+04 -8.913494646549224854e-03 6.098687648773193359e-03 -9.253906318917870522e-04
5.087808489129166992e+04 1.234538201242684971e-02 2.734495885670185089e-02 -1.947182230651379065e-03
5.087810985329167306e+04 2.081372402608394970e-02 9.371060878038406372e-03 4.492648411542177200e-03
5.087813485329166724e+04 -4.604107234627007571e-03 -2.578532882034778942e-02 -5.132331978529691696e-03
5.087815984029167157e+04 -1.519225258380174984e-02 -2.797410637140274048e-02 -1.048979815095663071e-02
5.087818481329167116e+04 1.344429887831210917e-02 1.669783331453799854e-02 -5.126539617776870728e-03
5.087820982429166907e+04 1.773074641823768963e-02 2.938877604901790966e-02 -1.045227609574794943e-02
5.087823480029166967e+04 1.348909642547369003e-02 1.133672427386044936e-02 -1.044349186122416930e-02
5.087825978729166673e+04 2.095648087561130871e-02 2.298033423721789967e-02 -1.469231769442557942e-02
5.087828477529167139e+04 1.457696501165628086e-02 9.182208217680454254e-03 -1.363071147352457047e-02
5.087830976029166777e+04 -3.445556852966547012e-03 -2.166720293462276112e-02 -1.791230216622352947e-02
5.087833474629167176e+04 7.504777750000357628e-04 -2.477400749921799053e-02 -1.044216752052306955e-02
5.087835973329166882e+04 -9.886587969958782196e-03 -3.220792114734649658e-02 -9.404183365404605865e-03
5.087838472129167349e+04 2.401132695376873016e-02 3.056855127215385090e-02 1.278656185604631901e-03
5.087840970629166986e+04 3.038668818771839142e-02 3.588369116187096336e-02 1.292554778046905994e-03
5.087843469429166726e+04 2.088239230215549122e-02 1.351632084697484970e-02 -5.100864451378583908e-03
5.087845968029167125e+04 -6.669122260063886642e-03 -3.754525631666182778e-02 -1.258221175521611994e-02
5.087848466629166796e+04 1.561979297548531966e-02 -2.466650446876883940e-03 -1.042195502668618982e-02
5.087850965329167229e+04 3.580593690276145935e-02 4.530632123351097107e-02 -1.254427991807460958e-02
5.087853463829166867e+04 4.335718601942061684e-02 5.790740624070168235e-02 -2.744342572987079967e-02
5.087855961629166995e+04 4.448065161705017090e-02 4.404579848051071167e-02 -3.381218388676642678e-02
5.087858460229166667e+04 4.443169757723808289e-02 3.986132517457007668e-02 -2.741779386997222900e-02
5.087860959429167269e+04 1.462896913290023977e-02 8.039982058107852936e-03 -2.108610421419144024e-02
5.087863458629167144e+04 6.109068635851144791e-03 2.741962904110550880e-03 -1.897852681577206005e-02
5.087865957329166849e+04 1.663151383399963032e-02 1.455649267882109035e-02 -6.179875228554010391e-03
5.087868456329166656e+04 2.195407263934611927e-02 2.834177576005458832e-02 -8.311386220157146454e-03
5.087870952929167106e+04 4.116943106055259705e-02 3.689100965857505798e-02 -1.037481147795915951e-02
5.087873453029167285e+04 4.548745229840279319e-02 3.893537074327468872e-02 -1.888329721987247120e-02
5.087875951429166889e+04 5.730773508548737266e-02 3.137301281094551086e-02 -3.374456614255905151e-02
5.087878450629166764e+04 4.563292115926743248e-02 3.663393110036849976e-02 -3.698192164301872253e-02
5.087880949329167197e+04 7.434947788715362549e-02 8.969414234161376953e-02 -4.227774590253829956e-02
5.087883448129166936e+04 1.126717925071716031e-01 1.618110984563828070e-01 -5.395492911338806152e-02
5.087885947329166811e+04 1.787892132997513095e-01 2.562908828258513849e-01 -7.516668736934661865e-02
5.087888445329167007e+04 2.586042582988739014e-01 3.782794177532196045e-01 -9.422866255044937134e-02
5.087890944629166916e+04 3.012195229530333918e-01 4.514119625091552734e-01 -1.112227141857146939e-01
5.087893442629167112e+04 2.249637991189956943e-01 2.801794707775115967e-01 -1.346906274557113925e-01
5.087895941329166817e+04 1.026664003729819974e-01 7.640945166349411011e-02 -1.146050021052360951e-01
5.087898440029167250e+04 9.852590970695018768e-03 -1.455235108733177012e-02 -6.899685412645339966e-02
5.087900938729166955e+04 -2.565949037671089172e-02 -3.317468613386154175e-02 -1.477365847676992069e-02
5.087903437329167355e+04 4.557254165410994790e-02 3.619229048490524292e-02 -5.057401489466428757e-03
5.087905936129167094e+04 6.355298310518264771e-02 4.799483716487885215e-02 5.635522305965423584e-03
5.087908434629166732e+04 5.156077444553375244e-02 3.878960758447647095e-02 4.288036748766899109e-02
5.087910933229167131e+04 -6.214861571788787842e-02 -8.234708756208419800e-02 4.478656128048896790e-02
5.087913433129167242e+04 -8.018665015697479248e-02 -1.460519880056380948e-01 4.587315768003463745e-02
5.087915930629167269e+04 -3.444049507379531860e-02 -8.238682895898818970e-02 3.742541745305061340e-02
5.087918429829167144e+04 2.722163870930672039e-02 2.728082425892353058e-02 4.280726611614227295e-02
5.087920926029166731e+04 3.455897048115730286e-02 1.893225684762001038e-02 5.668506398797035217e-02
5.087923427529166656e+04 -2.104535326361655842e-02 1.211983733810483976e-03 9.699360281229019165e-02
5.087925924129167106e+04 -1.583757549524306973e-01 -9.366147220134735107e-03 1.178553551435470997e-01
5.087928425529166998e+04 -2.436315566301346103e-01 -1.015142127871512950e-01 1.496384441852570135e-01
5.087930922629166889e+04 -2.479617148637771884e-01 -1.618823111057280939e-01 1.646069735288619995e-01
5.087933421229167288e+04 -2.185142785310744962e-01 -9.993377327919006348e-02 1.997723430395126065e-01
5.087935920129167062e+04 -1.939861774444580078e-01 -1.275663673877716064e-01 1.934968978166579923e-01
5.087938417129166919e+04 -1.053537726402282992e-01 -5.579169839620590210e-02 1.404465883970260898e-01
5.087940915629167284e+04 -3.676789253950119019e-02 -3.407965973019599915e-02 7.248020917177200317e-02
5.087943416029166838e+04 -5.030944570899009705e-02 -8.535294979810714722e-02 4.161622002720832825e-02
5.087945914629167237e+04 -5.783735588192939758e-02 -6.298758834600448608e-02 5.008459463715553284e-02
5.087948413329166942e+04 -7.270132005214691162e-02 -5.097183957695960999e-02 6.173687055706977844e-02
5.087950912129166682e+04 -8.762722462415695190e-02 -6.579017639160156250e-02 6.809709221124649048e-02
5.087953409029167233e+04 -1.110789328813552995e-01 -9.226469695568084717e-02 7.763774693012237549e-02
5.087955909629166854e+04 -1.090476289391518055e-01 -7.835858315229415894e-02 8.827585726976394653e-02
5.087958406929166813e+04 -1.089379638433456005e-01 -8.061774075031280518e-02 7.443416118621826172e-02
5.087960906629166857e+04 -1.088133156299591064e-01 -1.028767675161361972e-01 6.701579689979553223e-02
5.087963405329167290e+04 -9.687341749668121338e-02 -1.137697622179985046e-01 3.724985942244529724e-02
5.087965904029166995e+04 -3.090490587055683136e-02 -3.949469700455666282e-02 2.565845660865306854e-02
5.087968402829166735e+04 -1.390907447785139084e-02 -2.566414885222911835e-02 2.676472254097462047e-02
5.087970901429167134e+04 -3.841985762119293213e-02 -9.720342233777046204e-03 3.199198469519615173e-02
5.087973400129166839e+04 -4.169233143329619667e-02 2.644013240933417927e-02 3.939247876405715942e-02
5.087975897929166968e+04 -7.262662798166275024e-02 -2.114670816808938980e-03 5.423667654395102761e-02
5.087978398529167316e+04 -1.321987360715866089e-01 -8.384729921817779541e-02 6.057743355631828308e-02
5.087980896129166649e+04 -1.288448572158812921e-01 -1.105652302503585954e-01 4.146169126033782959e-02
5.087983394729167048e+04 -1.148277446627617021e-01 -9.912142157554626465e-02 1.593346521258353840e-02
5.087985893429166754e+04 -1.295888870954514105e-01 -1.449010223150253018e-01 4.227813333272933960e-03
5.087988392129167187e+04 -1.264441758394241055e-01 -1.278714388608931940e-01 8.476436138153076172e-03
5.087990890729166858e+04 -1.425161063671112061e-01 -1.372896134853363037e-01 2.440914884209632874e-02
5.087993389229167224e+04 -1.308773905038833896e-01 -1.319056153297424039e-01 3.082820773124695171e-02
5.087995888129166997e+04 -7.776778936386108398e-02 -8.934723585844039917e-02 3.414348140358924866e-02
5.087998386729166668e+04 -2.464405074715613972e-02 -3.195893391966819763e-02 3.424638137221335671e-02
5.088000885429167101e+04 -8.742131292819976807e-03 2.220914326608181000e-02 3.529645875096321106e-02
5.088003384129166807e+04 -1.506717130541800932e-02 1.576863974332809101e-02 2.889509871602058064e-02
5.088005883629166783e+04 -9.623130783438682556e-03 1.561870984733105053e-02 1.293910760432481939e-02
5.088008381629166979e+04 -3.097369102761148973e-03 5.979458801448345184e-04 -4.060183186084032059e-03
5.088010878629166837e+04 -3.068224526941775842e-03 1.753005012869834900e-02 -9.406337514519691467e-03
5.088013378429166914e+04 2.114730887115002112e-03 1.345608383417130037e-02 7.655653171241283417e-03
5.088015877829166857e+04 -2.127343090251088142e-03 8.132162503898143768e-03 6.583451759070158005e-03
5.088018376229167188e+04 -6.320052314549685392e-03 -7.859221659600734711e-03 1.994223275687546080e-04
5.088020874829166860e+04 -7.330384105443953600e-03 -1.323115173727273941e-02 -6.188712082803249359e-03
5.088023371929166751e+04 5.384400486946105957e-03 1.687548588961363056e-03 -1.906874822452663942e-03
5.088025872129166964e+04 3.133085090667008920e-03 -3.467408241704105897e-03 1.406595576554536993e-02
5.088028370729167364e+04 9.680068469606339931e-04 1.460691075772047043e-02 1.723072677850722920e-02
5.088030869529167103e+04 1.014126974041574042e-05 -2.688875049352645874e-02 7.694628089666366577e-03
5.088033367229167197e+04 8.624937385320663452e-03 -1.216275524348021074e-02 -7.204940542578697205e-03
5.088035866829167207e+04 4.215313121676445007e-03 2.938673086464405060e-02 8.706150576472282410e-03
5.088038365529166913e+04 -2.239202335476874958e-02 2.866552677005528970e-03 1.397770177572965969e-02
5.088040863329167041e+04 -3.407410532236099243e-02 -1.837952435016632080e-02 1.396602485328913082e-02
5.088043362829167017e+04 -3.714321926236153343e-02 -2.277555502951145172e-02 -9.493891266174614429e-04
5.088045861529166723e+04 1.491770800203084946e-02 3.567336872220038674e-02 -8.530578343197703362e-04
5.088048360229167156e+04 5.090047791600226662e-02 6.032060459256172180e-02 1.840285025537014008e-02
5.088050858329166658e+04 2.116383984684944153e-02 1.887270063161849976e-02 1.729044131934643139e-02
5.088053356029166753e+04 3.189310804009438255e-02 3.891972824931144714e-02 3.454550402238965034e-03
5.088055856229166966e+04 6.607613712549209595e-02 8.225569128990173340e-02 -1.991718076169491161e-02
5.088058354829166638e+04 5.034206807613372803e-02 1.265183091163634976e-01 -5.090771615505219200e-02
5.088060852929166867e+04 -4.973924160003662109e-02 -1.557298470288514917e-02 -2.229932136833668102e-02
5.088063352829166979e+04 -1.230790391564369063e-01 -7.191665470600128174e-02 -2.140071801841259003e-02
5.088065850929167209e+04 -6.029720976948738098e-02 -2.205125242471694946e-02 -3.190630674362183311e-02
5.088068349529166881e+04 8.006327599287033081e-02 2.160562202334403992e-02 -3.576682135462760925e-02
5.088070848329167347e+04 1.149598509073257030e-01 8.233346045017242432e-02 -1.762708835303783070e-02
5.088073346629166917e+04 1.445912569761275968e-01 5.815228074789047241e-02 2.735365647822618051e-03
5.088075843829166843e+04 1.986601650714873990e-01 1.888714581727982122e-01 1.126877870410680944e-02
5.088078344929167361e+04 2.232690751552582065e-01 2.152310758829117099e-01 -9.979004971683025360e-03
5.088080842929166829e+04 3.947473168373107910e-01 3.869255185127257746e-01 -5.969233438372612000e-02
5.088083341629167262e+04 6.367124319076538086e-01 7.015154361724853516e-01 -1.604708433151245117e-01
5.088085847537499649e+04 7.431693077087402344e-01 8.295483589172363281e-01 -3.263651132583618164e-01
5.088088347037500353e+04 6.389471888542175293e-01 7.740415930747985840e-01 -4.533748328685759943e-01
5.088090844337500312e+04 5.648936629295349121e-01 7.268143892288208008e-01 -4.972234964370728094e-01
5.088093343437500153e+04 4.951820969581604004e-01 7.189619541168212891e-01 -4.228881597518920898e-01
5.088095842137501313e+04 3.271568715572357178e-01 5.015820264816284180e-01 -2.687327563762664795e-01
5.088098340837500291e+04 1.036858484148979048e-01 1.324168294668197909e-01 -2.146816253662109097e-01
5.088100839637500030e+04 -3.153587505221366882e-02 -4.358543083071708679e-03 -1.808696836233139038e-01
5.088103338837501360e+04 -7.868805527687072754e-02 -2.094541676342486988e-02 -1.341409236192702970e-01
5.088105836937500135e+04 2.073126845061779022e-03 3.225287795066832802e-02 -1.318144500255584994e-01
5.088108335637501295e+04 1.595965921878814975e-01 1.171228438615798950e-01 -1.569686681032181064e-01
5.088110834137500206e+04 2.504269480705261230e-01 1.707812547683716098e-01 -2.174448966979979914e-01
5.088113332737501332e+04 2.473271936178207120e-01 2.311179339885711947e-01 -2.345712780952453891e-01
5.088115832137501275e+04 3.119684457778931219e-01 3.534412980079650879e-01 -2.174712121486664096e-01
5.088118330237500049e+04 4.642546474933624268e-01 4.901742041110991877e-01 -2.576165795326232910e-01
5.088120828937499755e+04 5.523778796195983887e-01 4.936350286006926935e-01 -2.402933388948441107e-01
5.088123327737500222e+04 4.844288229942321777e-01 4.159946441650391180e-01 -2.468079626560210904e-01
5.088125826037501247e+04 4.403468370437622070e-01 3.112949132919312079e-01 -3.096578717231749933e-01
5.088128326037500665e+04 -1.258428990840911865e-01 -1.862567067146300992e-01 -2.065054774284363071e-01
5.088130823137501284e+04 -1.217277720570563992e-01 -4.903408512473105690e-02 -6.927393376827239990e-02
5.088133322337499703e+04 -5.435921996831893921e-02 -5.023134499788284302e-02 1.721502840518951069e-02
5.088135821037500136e+04 -2.007659524679183960e-01 -1.789245456457138062e-01 1.191429123282432972e-01
5.088138319737501297e+04 -4.066787362098693848e-01 -4.358380436897277832e-01 3.605575561523438055e-01
5.088140819437501341e+04 -6.749573945999145508e-01 -7.155584096908569336e-01 5.570659637451171875e-01
5.088143316237499675e+04 -8.573601841926574707e-01 -9.091855883598327637e-01 6.451124548912048340e-01
5.088145816437501344e+04 -9.451209902763366699e-01 -1.011485457420348899e+00 7.248324155807495117e-01
5.088148315437499696e+04 -9.377741813659667969e-01 -9.973347783088684082e-01 8.686187863349914551e-01
5.088150811337501364e+04 -8.357871770858764648e-01 -9.334531426429748535e-01 8.752611279487609863e-01
5.088153311737500189e+04 -6.778457164764404297e-01 -7.589443922042846680e-01 7.892888784408569336e-01
5.088155810437501350e+04 -5.038138628005981445e-01 -5.209522247314453125e-01 6.798586845397949219e-01
5.088158309137500328e+04 -4.499674141407012939e-01 -4.018673598766326904e-01 5.840314030647277832e-01
5.088160807837500033e+04 -4.200876653194426935e-01 -3.364406228065490723e-01 4.317461550235747736e-01
5.088163306337499671e+04 -3.577363789081572931e-01 -2.820364236831665039e-01 3.424178063869475763e-01
5.088165805137500138e+04 -3.103018403053284247e-01 -3.135212659835814875e-01 2.648637592792510986e-01
5.088168303737501265e+04 -1.998610794544219971e-01 -2.678298950195311945e-01 1.469469070434570035e-01
5.088170802437500242e+04 6.113553885370492935e-03 -4.999815672636032104e-02 3.445087373256682656e-02
5.088173301537500083e+04 1.745896637439728061e-01 1.320689022541045865e-01 -3.978108987212181091e-02
5.088175799837499653e+04 2.164166271686553955e-01 1.359300315380095880e-01 -8.438143134117126465e-02
5.088178298537500086e+04 2.628441751003264826e-01 2.382488250732421875e-01 -4.814496636390686035e-02
5.088180795437500637e+04 2.488403469324111938e-01 2.161774337291718084e-01 -2.366717346012591969e-02
5.088183295237499988e+04 2.669750154018402100e-01 2.235579490661621094e-01 -3.107335604727267872e-02
5.088185793637500319e+04 2.541866302490233820e-01 2.447328120470046997e-01 -3.534946590662003257e-02
5.088188293337500363e+04 2.522534430027008057e-01 2.699468731880187988e-01 -6.201338022947310707e-02
5.088190792237500136e+04 2.143464051187038075e-02 1.477780640125274936e-01 -4.237258061766623757e-02
5.088193290637499740e+04 -1.007256060838699063e-01 -1.282814294099808017e-01 -3.283960744738578796e-02
5.088195788037499733e+04 -1.943992823362350117e-02 -1.043688580393791060e-01 -9.437490254640579224e-02
5.088198288237499946e+04 5.964410305023192665e-02 2.487300522625445973e-02 -2.292848192155360829e-02
5.088200786637500278e+04 7.047362625598906603e-03 -3.231244394555687904e-03 4.083759710192679665e-02
5.088203285237499949e+04 -4.189025238156318665e-02 -9.448027610778808594e-02 5.143296718597412109e-02
5.088205783437500213e+04 -5.555983632802963257e-02 -1.116595417261123935e-01 3.330506011843681335e-02
5.088208281237500341e+04 -5.538417398929595947e-02 -1.192987412214279036e-01 1.201430335640906941e-02
5.088210781437501282e+04 -4.242976196110249433e-03 -7.481796294450759888e-02 -4.910991992801427841e-03
5.088213278437499685e+04 4.159178584814071655e-02 -1.974875293672085155e-02 -2.400105632841587067e-02
5.088215778537501319e+04 1.715090498328208923e-02 -7.707163691520690918e-02 -2.081386186182498932e-02
5.088218277337500331e+04 1.682891696691513062e-02 -9.894812852144241333e-02 2.180836908519268036e-02
5.088220775037499698e+04 -5.188301578164101341e-02 -1.236901655793190002e-01 1.057535260915755948e-01
5.088223274537499674e+04 -1.470758318901062012e-01 -1.613063961267471036e-01 1.789716929197311124e-01
5.088225774137499684e+04 -2.314335703849791925e-01 -4.040981829166411798e-01 1.119027584791183055e-01
5.088228270837500168e+04 -2.510095238685607910e-01 -3.009557425975800116e-01 2.331151627004146923e-02
5.088230770837500313e+04 -1.722452193498610895e-01 -4.746276885271071694e-02 -8.692689239978790283e-03
5.088233269437499985e+04 -1.606392860412597934e-01 -1.234596129506826054e-02 -1.242230646312237003e-03
5.088235768237499724e+04 -1.092604920268059054e-01 -2.322281748056412021e-01 -2.210045233368873943e-02
5.088238266737500089e+04 -2.705467864871025085e-02 -9.733077883720397949e-01 -2.615992724895476740e-01
5.088240765437501250e+04 1.726723015308380127e-01 1.503315381705760956e-02 -6.515394896268844604e-02
5.088243264237500262e+04 3.267673775553703308e-02 -2.451996654272078913e-01 4.547976329922676086e-02
5.088245762537501287e+04 8.774000406265258789e-02 -3.084803223609923761e-01 8.088454604148864746e-02
5.088248262637500011e+04 6.648787111043930054e-02 -3.074668943881989081e-01 7.868386059999465942e-02
5.088250760237500072e+04 1.280548423528670987e-01 -7.075070589780807495e-02 7.006765902042388916e-02
5.088253258937501232e+04 1.632926166057586947e-01 5.213988572359085083e-02 4.020737856626511314e-02
5.088255757637500210e+04 1.252696216106415072e-01 8.041019737720489502e-02 4.901773761957883835e-03
5.088258256337500643e+04 7.222174108028411865e-02 7.595135271549224854e-02 -1.017609518021344965e-02
5.088260756037499959e+04 -3.186051966622471809e-03 7.575219869613647461e-02 -2.106866799294948925e-02
5.088263254037500155e+04 -3.706449270248413086e-02 1.243110373616218983e-01 -4.467078670859336853e-02
5.088265750737500639e+04 1.181693281978368933e-02 1.636575013399123868e-01 -4.348720237612724304e-02
5.088268250937500125e+04 6.089593842625617981e-02 1.889654099941253940e-01 -6.678365916013717651e-02
5.088270749637501285e+04 5.363997071981430054e-02 1.346195340156554898e-01 -8.697541803121566772e-02
5.088273248337500263e+04 3.783252835273742676e-02 4.533659294247627258e-02 -9.650056064128875732e-02
5.088275745737500256e+04 3.992934152483940125e-02 -1.295732916332781098e-03 -8.898366987705230713e-02
5.088278246637499979e+04 8.134178072214126587e-02 4.443293064832686684e-02 -8.571099489927291870e-02
5.088280744437500107e+04 6.842046231031417847e-02 1.809667423367499958e-02 -6.335810571908950806e-02
5.088283243037501234e+04 6.613668054342269897e-02 7.676305714994668961e-03 -4.312101751565933228e-02
5.088285741837500245e+04 6.291813403367996216e-02 -4.214660450816153786e-02 -3.562102839350699685e-02
5.088288240537499951e+04 6.930446624755859375e-02 -4.539528116583824158e-02 -4.193915426731110313e-02
5.088290739137500350e+04 6.918583065271377563e-02 -2.827622555196284901e-02 -2.811550162732601166e-02
5.088293237737500021e+04 6.274557858705520630e-02 1.490017748437822082e-03 -2.284662239253520966e-02
5.088295736537499761e+04 6.288864184170961380e-03 -4.406088963150978088e-02 -5.933333653956651688e-03
5.088298236237501260e+04 4.156865179538726807e-03 -4.511504247784615257e-02 -4.874282050877810392e-03
5.088300733837501321e+04 1.802491396665573120e-02 -1.969458721578120838e-02 -1.231404393911362041e-02
5.088303232237500197e+04 1.375536341220139937e-02 1.638130843639374126e-02 -1.343703456223011017e-02
5.088305731137499970e+04 -4.283074755221605301e-03 -1.719090738333761909e-03 -1.666963845491408955e-02
5.088308229937499709e+04 -1.060423627495766033e-02 -1.346653047949076046e-02 -2.306727692484855999e-02
5.088310728637500142e+04 4.195108544081450376e-03 6.302414834499359131e-02 -1.885788515210152019e-02
5.088313228137500118e+04 6.666205823421478271e-02 2.246534377336502075e-01 1.378326793201267936e-03
5.088315726837501279e+04 -3.831890225410460732e-02 -2.190089784562588085e-02 -1.356703042984008963e-02
5.088318225537500257e+04 -3.810371086001396179e-02 -4.019705206155776978e-02 -3.910315409302710793e-02
5.088320723237500351e+04 -1.034189760684967041e-02 -1.063523348420857949e-03 -5.716376379132270813e-02
5.088323222037500091e+04 4.718648269772529602e-03 -4.368369653820992210e-02 -7.516546547412872314e-02
5.088325720737501251e+04 -8.059388957917690277e-03 -8.398690074682235718e-02 -6.983153522014617920e-02
5.088328218437501346e+04 1.522577274590731014e-02 -6.473586708307266235e-02 -5.806687101721764305e-02
5.088330718637500104e+04 1.030619721859693961e-03 -1.975317299365996968e-02 -1.557032857090234930e-02
5.088333215737499995e+04 -3.392874496057630019e-03 6.966793909668922424e-03 3.549227258190513091e-03
5.088335715937500208e+04 -2.364185638725757946e-02 -1.103205606341362000e-02 1.095939148217439998e-02
5.088338214137499745e+04 -3.735733404755592346e-02 -5.678947269916533730e-02 1.385293435305356979e-03
5.088340712737500144e+04 -2.356382086873054851e-02 -5.143377184867858887e-02 4.618300125002861023e-03
5.088343211437501304e+04 -3.000918403267860066e-02 -5.460608750581741333e-02 6.777236703783273697e-03
5.088345710137500282e+04 -3.852254152297974327e-02 -4.506331682205200195e-02 6.737282034009695053e-03
5.088348208837499988e+04 -2.578356862068175923e-02 -1.535593764856457927e-03 5.660490132868289948e-03
5.088350707537499693e+04 -4.801633954048156738e-02 -4.304692521691322327e-02 -2.881043357774614854e-03
5.088353207037499669e+04 -3.952680528163909912e-02 -3.028807975351810108e-02 -1.804784173145890019e-03
5.088355704937501287e+04 -3.642788156867027283e-02 -2.274982258677482952e-02 8.845333009958267212e-03
5.088358203537500231e+04 -1.511153951287269939e-02 1.221323478966951023e-02 -7.142879767343401909e-04
5.088360702137501357e+04 -1.826681196689606060e-02 -2.683986444026232199e-03 -3.900864394381641908e-03
5.088363201037499675e+04 -3.102525882422924042e-02 -3.240294381976128318e-02 -1.775512937456368966e-03
5.088365699537500041e+04 -1.512537524104118000e-02 -2.171617187559604992e-02 3.588153515011072159e-03
5.088368196537501353e+04 -2.678657509386539112e-02 -2.495762519538402904e-02 -7.064117235131561756e-04
5.088370696937500179e+04 -3.105095960199832916e-02 -3.343489766120911338e-02 1.420098822563887076e-03
5.088373195637501340e+04 -5.232545733451843262e-02 -4.617964103817939758e-02 3.495436627417802811e-03
5.088375694337500317e+04 -3.748019412159919739e-02 -2.171490713953971863e-02 6.708034779876471433e-03
5.088378193037500023e+04 -5.663829669356346130e-02 -3.232370689511299133e-02 9.853621013462543488e-03
5.088380690337499982e+04 -6.939117610454559326e-02 -4.189393669366837242e-02 9.823817759752273560e-03
5.088383190537500195e+04 -9.279751032590866089e-02 -5.993890389800071716e-02 1.296533830463885914e-02
5.088385687637500087e+04 -9.278528392314910889e-02 -3.025810234248638153e-02 8.669300936162471771e-03
5.088388187737500266e+04 -9.699980169534683228e-02 -6.213114410638809204e-02 6.565994583070278168e-03
5.088390686437499971e+04 -1.097480580210686008e-01 -9.828267246484756470e-02 1.288059633225202994e-03
5.088393184537500201e+04 -9.083534032106399536e-02 -4.389218613505362770e-02 2.471145242452621113e-02
5.088395683637500042e+04 -9.189595282077789307e-02 -5.344800278544425964e-02 2.471916377544403076e-02
5.088398182437501237e+04 -5.886162817478179932e-02 -3.546525537967681885e-02 1.415510848164558064e-02
5.088400680037501297e+04 -7.250945270061492920e-02 -8.024447411298751831e-02 -3.938605077564716339e-03
5.088403179837500647e+04 -7.679061591625213623e-02 -5.476303026080132225e-02 -2.919446676969528198e-03
5.088405678637499659e+04 -2.481575496494770050e-02 3.349172696471214294e-02 5.661554168909788132e-03
5.088408175637500244e+04 -3.649171814322472313e-02 2.814830280840396881e-02 3.499316750094294982e-03
5.088410675137500220e+04 -4.271857440471649170e-02 -2.295979484915732990e-02 -1.136646792292595083e-02
5.088413174637500197e+04 -4.690937697887420654e-02 -5.065534263849257729e-02 -2.195789851248263966e-02
5.088415674137500173e+04 -3.644551709294319153e-02 -1.755821891129016876e-02 -3.861392149701714949e-03
5.088418172037500335e+04 -2.048810943961143147e-02 5.784207955002784729e-03 -7.035324349999427795e-03
5.088420670737500041e+04 1.337628997862339020e-02 5.481315031647682190e-02 8.986253291368484497e-03
5.088423169537501235e+04 2.146359905600548137e-02 1.210957393050194064e-01 5.579084530472754738e-02
5.088425665937500162e+04 -4.215590283274651268e-02 -2.981571294367313038e-02 4.618260264396666787e-02
5.088428166737501306e+04 -2.918229810893535961e-02 -3.426740318536757729e-02 1.857943460345267903e-02
5.088430665437500284e+04 -3.634802997112274170e-02 -9.401527047157287598e-02 -1.118618994951247995e-02
5.088433163537501241e+04 2.445815503597259868e-02 -4.963655397295951843e-02 -3.979659080505371094e-02
5.088435661937500117e+04 9.450735151767730713e-02 5.878874659538269043e-02 -3.331046551465988159e-02
5.088438162637499772e+04 4.217355325818061829e-02 3.354739025235176086e-02 -2.563411137089132829e-03
5.088440660237501288e+04 3.689635545015335083e-02 3.796608652919530869e-03 -4.675138741731643677e-03
5.088443158937500266e+04 1.682287082076073040e-02 -3.127327933907508850e-02 -1.530272420495749040e-02
5.088445657637499971e+04 -1.402080990374087940e-02 -6.842445582151412964e-02 -1.109820604324340994e-02
5.088448155537500134e+04 -8.826979435980319977e-03 -3.963196650147438049e-02 1.662208582274615981e-03
5.088450655337500211e+04 2.514440566301346172e-02 2.623547613620758057e-02 2.755691995844244957e-03
5.088453152837500238e+04 2.292530424892902027e-02 3.907435759901999733e-02 1.338349469006062074e-02
5.088455652237500180e+04 1.764530129730701100e-02 4.856891185045242310e-02 8.030169643461704254e-03
5.088458150937501341e+04 -2.796123363077640880e-02 -1.951057650148868908e-02 -5.529988557100296021e-04
5.088460650737499964e+04 -3.108157776296139110e-02 -2.172132954001427044e-02 -9.080180898308753967e-03
5.088463148437500058e+04 -2.891587279736996044e-02 -3.025297075510025024e-02 -1.332389097660779953e-02
5.088465647137499764e+04 -2.478862553834915161e-02 -2.267160080373286854e-02 1.588763552717864947e-03
5.088468145737500163e+04 6.640403298661112785e-04 1.986281946301459919e-02 5.877450574189425382e-03
5.088470644337501290e+04 8.169740438461303711e-03 1.763235661201179028e-03 -4.658495308831334114e-04
5.088473143137500301e+04 2.859225729480386214e-03 1.341201364994049072e-02 -2.628083573654294014e-03
5.088475641937500041e+04 8.093033917248249054e-03 -1.299544144421816046e-02 1.020185463130473917e-02
5.088478140537499712e+04 1.663391105830669056e-02 1.136722136288880955e-02 3.810137510299683051e-03
5.088480639237500145e+04 2.823672490194439888e-03 4.969775211066007614e-03 2.708303043618797822e-03
5.088483137937501306e+04 8.208476006984710693e-03 1.762055233120917927e-02 -6.874859333038330078e-03
5.088485636537500250e+04 1.455029938369989048e-02 3.570539504289627075e-02 -3.682049456983805136e-03
5.088488135337499989e+04 1.029770728200674057e-02 3.251488134264945984e-02 -3.692669328302145004e-03
5.088490633937499661e+04 3.684959933161736229e-02 3.804746270179749229e-02 2.844400936737657027e-03
5.088493132637500094e+04 3.794194757938385010e-02 5.391899123787879944e-02 -2.496350090950727029e-03
5.088495631237499765e+04 -3.435263037681580284e-02 -1.315380213782191060e-03 1.605857396498322053e-03
5.088498130537499674e+04 -9.366565942764282227e-02 -1.819863617420197088e-01 -1.220888085663318981e-02
5.088500627337500191e+04 -3.979844972491264343e-02 -6.905329227447509766e-02 2.297100052237511028e-02
5.088503127637499711e+04 1.949175633490085949e-02 -7.150297518819571409e-03 4.971070960164070129e-02
5.088505624737500330e+04 1.958755590021609913e-02 -1.469552330672740936e-02 3.800375014543533325e-02
5.088508124737499747e+04 4.823192581534385681e-02 3.950956463813781738e-02 4.122266545891761780e-02
5.088510623537500214e+04 4.082614183425903320e-02 1.415267307311295943e-02 4.445999488234519958e-02
5.088513122237500647e+04 4.193507507443428040e-02 -1.811389927752315998e-03 4.022369161248207092e-02
5.088515620637500251e+04 3.456371650099754333e-02 6.576996762305498123e-03 3.060609288513660084e-02
5.088518117937500210e+04 1.658306457102299084e-02 4.316117614507675171e-03 1.883686892688274037e-02
5.088520619437500136e+04 1.238618697971105923e-02 2.439560741186141968e-02 1.028024218976497997e-02
5.088523117737499706e+04 6.047703791409730911e-03 2.751957811415195118e-02 4.931553732603788376e-03
5.088525615637501323e+04 -1.724238321185112000e-02 1.059413515031338085e-02 1.718771294690669017e-03
5.088528114337500301e+04 -2.887025848031044006e-02 -1.496011577546597048e-02 -4.677642136812210083e-03
5.088530612937499973e+04 -2.336810808628797965e-03 6.344908382743597031e-03 -3.587178362067788839e-04
5.088533111137500237e+04 1.679265312850474964e-02 7.440495770424604416e-03 7.663933793082833290e-04
5.088535611637501279e+04 8.276501670479774475e-03 5.316604860126972198e-03 1.805481151677668095e-03
5.088538109137501306e+04 2.964618615806103186e-03 -1.484925858676434084e-02 2.878095721825956865e-03
5.088540606237499742e+04 1.051424164324999029e-02 -2.749148756265639912e-02 -2.449238090775907040e-04
5.088543106537499989e+04 8.491544984281063080e-03 -4.353180900216103294e-02 -1.194741204380989075e-02
5.088545605137499660e+04 3.914566338062285683e-02 2.142602950334548950e-02 5.111361853778362274e-03
5.088548103937500127e+04 3.700740262866020203e-02 2.461796626448630940e-02 6.165007594972848892e-03
5.088550602537501254e+04 1.039597168564796031e-01 1.021722033619880954e-01 4.157095681875944138e-03
5.088553101137500198e+04 1.569988280534743985e-01 2.105769068002701083e-01 1.058604381978511984e-02
5.088555601037500310e+04 2.238699793815613071e-01 2.956551015377045233e-01 1.815509237349033009e-02
5.088558097937500133e+04 3.367041647434235174e-01 4.729801714420319159e-01 -2.966516418382525010e-03
5.088560597337500076e+04 4.519825875759124756e-01 6.348626017570495605e-01 -7.201870530843734741e-02
5.088563095937499747e+04 4.089541137218474787e-01 4.972979724407196045e-01 -1.305629760026932040e-01
5.088565594737500214e+04 2.252191305160521906e-01 2.517896294593811035e-01 -1.372434049844742099e-01
5.088568093337501341e+04 -2.491107024252415050e-02 -8.656174689531326294e-02 -7.692741602659225464e-02
5.088570592837501317e+04 -1.530254632234573087e-01 -1.932196021080017090e-01 -3.729262622073293166e-03
5.088573090037501242e+04 -2.487872540950774869e-01 -2.853542268276215155e-01 1.845481619238853108e-02
5.088575589437499730e+04 -2.783769071102141779e-01 -4.192496538162230890e-01 7.875556126236915588e-03
5.088578088137500163e+04 -1.964601576328277865e-01 -3.661644458770751953e-01 -1.509319525212049051e-03
5.088580587737500173e+04 -4.873495176434516907e-02 -1.378537565469742099e-01 -1.196277420967816960e-02
5.088583083837499726e+04 3.597130626440048218e-02 8.753655850887298584e-02 1.252673473209143032e-02
5.088585594549999951e+04 9.399380069226026535e-04 4.692364484071731567e-03 1.251614931970835079e-02
5.088588094050000655e+04 -5.841747671365737915e-02 -9.425123035907745361e-02 -2.463696757331490950e-03
5.088590592949999700e+04 -6.041824817657470703e-02 -1.069765985012054027e-01 -1.097341906279324965e-02
5.088593091750000167e+04 -2.229161560535430908e-02 -3.882590308785439231e-02 3.975769039243459702e-03
5.088595590450001328e+04 -3.242546226829289956e-03 -5.811596754938364029e-03 1.251610089093447079e-02
5.088598087650001253e+04 -1.693653315305709839e-02 -3.250301256775856018e-02 -1.340823597274721102e-03
5.088600587749999977e+04 -8.396345190703868866e-03 -1.874479465186595917e-02 -6.655564997345209122e-03
5.088603084750001290e+04 7.493491284549236298e-03 2.598690614104270935e-02 7.942894008010625839e-04
5.088605585050000082e+04 -1.480283774435519999e-02 -1.014394778758287083e-02 -2.993160451296716928e-04
5.088608084950000193e+04 -1.166867651045322071e-02 -4.770332947373390198e-03 6.092475727200508118e-03
5.088610582949999662e+04 3.213091520592569871e-03 1.328366063535212950e-02 5.052635911852121353e-03
5.088613079950000247e+04 -8.416389115154743195e-03 -1.120942831039429058e-02 -1.344573451206088066e-03
5.088615579050000088e+04 7.520482875406742096e-03 -5.871950183063744631e-03 -2.339825732633470947e-04
5.088618078650000098e+04 1.498756464570761074e-02 5.645335768349468708e-04 -1.291955355554819107e-03
5.088620577249999769e+04 6.423723418265581131e-03 -4.681630525738000870e-03 6.142190657556056976e-03
5.088623076050000236e+04 2.342583239078522075e-02 1.020023785531521017e-02 6.179931573569774628e-03
5.088625574750000669e+04 3.091491200029850006e-02 4.849358461797237396e-03 8.862831164151430130e-04
5.088628073350000341e+04 2.883844077587128032e-02 -1.748746447265148163e-02 -3.354535438120365143e-03
5.088630572050000046e+04 6.484188139438629150e-02 1.026543527841567993e-01 6.191398482769727707e-03
5.088633070850001241e+04 8.611336350440979004e-02 1.228287145495415011e-01 4.105079919099807739e-03
5.088635569450000185e+04 1.799009740352630893e-01 2.298068702220917026e-01 -3.193178027868270874e-02
5.088638068150001345e+04 2.928608357906342108e-01 3.834324479103087824e-01 -7.648050040006637573e-02
5.088640566750000289e+04 4.651843607425690252e-01 5.819045901298522949e-01 -1.017237454652785977e-01
5.088643065349999961e+04 5.985938310623168945e-01 7.182919383049011230e-01 -1.749471575021744052e-01
5.088645564750001358e+04 5.849183797836303711e-01 6.555186510086059570e-01 -1.876936405897141058e-01
5.088648061749999761e+04 5.092543959617614746e-01 5.347154736518859863e-01 -1.590270102024078092e-01
5.088650562450000143e+04 4.515666067600250244e-01 4.554224908351898193e-01 -1.186449229717255055e-01
5.088653059150001354e+04 3.196434676647185724e-01 2.888246774673461914e-01 -9.543775767087936401e-02
5.088655559850000282e+04 1.707066297531127930e-01 8.614381402730941772e-02 -6.904328614473342896e-02
5.088658057749999716e+04 4.519398882985115051e-02 -7.624185085296630859e-02 -5.007819831371306679e-02
5.088660556350000115e+04 -4.877544008195400238e-03 -7.937550544738769531e-02 -3.852206468582153320e-02
5.088663055150001310e+04 2.267865650355815887e-02 -1.807705499231814904e-03 -3.426924720406532288e-02
5.088665552450001269e+04 2.483144402503966938e-02 -1.456488296389579946e-02 -3.637698665261269310e-02
5.088668053050000162e+04 6.654551252722740173e-03 -1.870921626687049866e-02 -2.365240268409252167e-02
5.088670550650000223e+04 -8.272435516119003296e-03 -4.625523462891578674e-02 -1.621490530669688832e-02
5.088673049850000098e+04 -1.567253470420837055e-02 -5.904473364353179932e-02 -2.048492617905139923e-02
5.088675548550001258e+04 -1.035939622670412064e-02 -4.206437617540358803e-02 -2.155546471476554871e-02
5.088678047350000270e+04 -1.464465260505675923e-02 -6.960770487785339355e-02 -1.514548435807227915e-02
5.088680544850000297e+04 -4.020025953650475242e-02 -9.187013655900955200e-02 -8.811870589852333069e-03
5.088683044649999647e+04 -1.476871781051159079e-02 -3.869945928454399109e-02 -2.405710984021424814e-03
5.088685542049999640e+04 1.287582237273455013e-02 -1.542981830425560041e-03 -5.557499360293149948e-03
5.088688040950000141e+04 2.559342421591281891e-02 2.185745723545550953e-02 -2.350189490243792968e-03
5.088690540750000218e+04 1.178438030183314930e-02 1.333681307733058929e-02 -3.449949668720365004e-03
5.088693039450000651e+04 -2.024461748078465028e-03 -1.851664669811725963e-02 -2.390235196799039841e-03
5.088695536349999747e+04 -5.227668676525354385e-03 -2.382736653089522968e-02 -5.578463431447744370e-03
5.088698036549999961e+04 -2.006593532860279083e-02 -4.511873051524162292e-02 -9.860605001449584961e-03
5.088700535549999768e+04 -4.240476340055465698e-02 -8.119797706604003906e-02 -5.629084073007106781e-03
5.088703034050000133e+04 -3.395541757345200279e-02 -6.096676364541053772e-02 -3.020851581823080778e-04
5.088705532750001294e+04 5.332610104233027372e-03 -1.948696747422217976e-02 2.969200490042566819e-03
5.088708032749999984e+04 4.643417241823045135e-07 -1.311470940709114075e-02 4.008060786873102188e-03
5.088710530250000011e+04 7.463172078132629395e-03 -1.631120219826697956e-02 1.905745943076909022e-03
5.088713029850000021e+04 -4.193262662738561630e-03 -3.758827224373816750e-02 -1.302192802540957928e-03
5.088715527650000149e+04 -2.545783109962939869e-02 -6.413288414478302002e-02 7.910719141364097595e-04
5.088718027850000362e+04 -2.648994326591492046e-02 -5.993025004863739014e-02 -3.478278173133730888e-03
5.088720523950000643e+04 2.149786334484816031e-03 2.767043421044946151e-03 -2.683587372303009033e-04
5.088723023950000061e+04 -2.018722333014011036e-02 -2.483038790524005890e-02 2.887988695874809785e-03
5.088725522449999698e+04 -2.870779857039451946e-02 -4.179494082927703857e-02 6.076458841562271118e-03
5.088728021150000131e+04 -3.286193311214447021e-02 -6.313572078943252563e-02 -4.560311790555716428e-03
5.088730519950001326e+04 7.430710364133119583e-03 1.751167466863990047e-03 4.010461736470460892e-03
5.088733018050000101e+04 3.075792267918587078e-02 3.367770463228225708e-02 9.371677413582801819e-03
5.088735518350000348e+04 3.295868635177612305e-02 2.510452456772327076e-02 8.689415990374982357e-04
5.088738014649999968e+04 1.061883568763733084e-02 -8.851652033627033234e-03 5.097968038171529770e-03
5.088740514550000080e+04 1.379027683287858963e-02 -6.704275030642747879e-03 7.235513068735600385e-03
5.088743013350001274e+04 2.229503169655799866e-02 7.095216307789087296e-03 6.180831231176853180e-03
5.088745511950000218e+04 2.870305627584457051e-02 -8.841119706630706787e-03 4.091321956366300583e-03
5.088748011350000161e+04 1.700756140053271900e-02 -2.370755001902579914e-02 5.136040970683097839e-03
5.088750508350000018e+04 1.911979913711547852e-02 -2.793068997561931957e-02 7.277586031705141068e-03
5.088753009450001264e+04 1.809207350015639912e-02 -2.055387943983078003e-02 1.938840141519903920e-03
5.088755505050000647e+04 1.278121117502450943e-02 -4.284294322133064270e-02 3.013920271769165993e-03
5.088758005550000235e+04 1.058561913669108998e-02 -6.715773791074752808e-02 1.368633192032575954e-02
5.088760503749999771e+04 2.017559483647346150e-02 -2.474707923829555858e-02 7.274081464856863022e-03
5.088763002850000339e+04 -5.278137046843767166e-03 -3.652929514646530151e-02 -2.501231792848557234e-04
5.088765501650000078e+04 7.411549333482980728e-03 -3.218456730246543884e-02 8.305252529680728912e-03
5.088768000350001239e+04 1.594854705035686146e-02 -2.584675699472427021e-02 4.065678920596837997e-03
5.088770498950000183e+04 3.207516623660922050e-03 -2.800735644996165882e-02 1.897966838441788933e-03
5.088772997750000650e+04 7.449888624250888824e-03 -1.207946427166461945e-02 1.892341417260468006e-03
5.088775496450000355e+04 -8.477971889078617096e-03 -1.849014684557915081e-02 -2.807207056321204251e-04
5.088777995050000027e+04 -6.338237319141626358e-03 -1.320103649049996983e-02 -2.410653047263621850e-03
5.088780494550000003e+04 3.182826330885291100e-03 1.868751458823680878e-02 7.751366356387734413e-04
5.088782993049999641e+04 5.324698053300380707e-03 8.063944987952709198e-03 -2.703057252801954746e-04
5.088785491150001326e+04 -7.423874922096729279e-03 -9.998825378715991974e-03 -2.903183922171593255e-04
5.088787989850000304e+04 1.061746268533170006e-03 -4.660177510231733322e-03 1.860191463492810943e-03
5.088790488550000009e+04 -4.225385840982198715e-03 -1.106786075979471033e-02 -1.344899879768491008e-03
5.088792985650001356e+04 -4.261111840605735779e-03 -8.903670124709606171e-03 2.911930438131093979e-03
5.088795485950000148e+04 -1.066175755113363049e-03 7.001846097409725189e-03 7.724410970695316792e-04
5.088797984750001342e+04 -3.232882125303148790e-03 -7.842998020350933075e-03 7.950343424454331398e-04
5.088800483849999728e+04 4.170271102339029312e-03 -3.621057549025862867e-04 5.069552920758724213e-03
5.088802980350000144e+04 5.274957511574029922e-03 3.815968986600637002e-03 -2.383931772783399062e-03
5.088805480550000357e+04 -6.004163151374086738e-05 -6.775569170713424683e-03 8.065215079113841057e-04
5.088807979450000130e+04 -9.623915888369083405e-03 -1.634185761213302959e-02 7.870690315030515194e-04
5.088810476650000055e+04 2.072858158499002023e-03 5.943509284406900406e-03 -1.332675339654088020e-03
5.088812976850000268e+04 -1.389155816286801945e-02 -1.103035360574721943e-02 1.831240137107670090e-03
5.088815476550000312e+04 3.119612112641334967e-03 3.841350553557277159e-03 8.027735748328268528e-04
5.088817975149999984e+04 1.694945059716701855e-02 1.763734593987464905e-02 -1.299706869758665995e-03
5.088820473350000248e+04 3.033937420696020126e-03 -3.564696526154876189e-03 2.959437202662229972e-03
5.088822971650001273e+04 -9.703614749014377594e-03 -1.209417916834354054e-02 7.980905356816947460e-04
5.088825470350000251e+04 2.015683334320784049e-03 3.801347222179173990e-03 -3.443588037043809891e-03
5.088827969049999956e+04 6.236804649233818054e-03 1.232939399778842926e-02 -2.455692447256296873e-04
5.088830466750000051e+04 6.233887281268835068e-03 1.551352068781853069e-02 -2.497674431651831215e-04
5.088832966550000128e+04 1.794082298874855042e-02 3.566546365618705750e-02 -3.432241966947913170e-03
5.088835465250001289e+04 3.058918192982673992e-02 4.949821531772614219e-02 -3.385593648999928994e-03
5.088837963850000233e+04 8.146242797374725342e-02 1.282500624656676969e-01 1.052738353610038931e-02
5.088840462550000666e+04 1.929082870483397882e-01 3.078823685646057129e-01 2.025221101939677845e-02
5.088842961249999644e+04 3.723176419734954834e-01 6.043789386749267578e-01 3.111934289336204876e-02
5.088845458150000195e+04 5.624535083770751953e-01 8.986518383026123047e-01 3.030554950237274170e-02
5.088847958650001237e+04 6.644633412361145020e-01 9.423538446426391602e-01 3.590822964906693199e-02
5.088850457350000215e+04 4.255006313323975164e-01 5.820515751838684082e-01 1.856186985969543110e-02
5.088852955850001308e+04 -7.909286022186279297e-02 -8.949314802885055542e-02 1.562880910933018078e-02
5.088855455350001284e+04 -2.167958468198775968e-01 -3.194049894809722900e-01 -3.033019974827766072e-02
5.088857954950001294e+04 -1.371921449899672907e-01 -1.844284087419509888e-01 -2.384920790791511883e-02
5.088860452049999731e+04 -4.610829055309295654e-02 -3.882029268424957991e-04 4.973039496690034866e-03
5.088862950850000198e+04 -8.055099844932556152e-02 7.643550634384155273e-02 4.949432611465454102e-02
5.088865449650000664e+04 -2.571625113487244207e-01 4.450292885303497314e-02 6.280446052551269531e-02
5.088867947149999964e+04 -4.464347362518311102e-01 -1.562997847795485895e-01 6.565573066473007202e-02
5.088870445450000261e+04 -5.372698903083801270e-01 -2.873789072036743164e-01 1.336816698312759122e-01
5.088872945750001236e+04 -5.167663097381591797e-01 -2.450598478317261020e-01 2.252887040376662930e-01
5.088875444350000180e+04 -4.912517070770264227e-01 -2.500875890254973810e-01 3.595713675022125244e-01
5.088877943050001340e+04 -4.997198879718781073e-01 -2.021851688623428067e-01 4.830273091793059748e-01
5.088880441850000352e+04 -4.777202904224395752e-01 -1.688761562108994085e-01 5.213986039161682129e-01
5.088882938950000243e+04 -4.388771653175354004e-01 -2.808718681335449219e-01 4.620230197906494141e-01
5.088885438850000355e+04 -4.056038856506348211e-01 -6.291820406913757324e-01 4.412916600704193115e-01
5.088887937950000196e+04 -2.797536253929138184e-01 -3.844857811927794855e-01 3.721676170825958252e-01
5.088890436350001255e+04 -1.670231670141220093e-01 -2.159654349088669101e-01 2.221532166004180908e-01
5.088892934650000097e+04 -5.422123521566390991e-02 -8.571203052997589111e-02 6.686182320117950439e-02
5.088895433350001258e+04 -1.096734106540679932e-01 -1.727959662675858099e-01 -3.864874690771102905e-02
5.088897932649999711e+04 -1.329446434974670133e-01 -2.355498522520065030e-01 -4.823141545057296753e-02
5.088900430849999975e+04 -9.921679645776748657e-02 -1.567393690347672064e-01 -2.903231419622898102e-02
5.088902930250000645e+04 7.027878891676664352e-04 2.267056517302989960e-02 -4.064467176795005798e-02
5.088905429550001281e+04 4.631163924932479858e-02 9.816879034042358398e-02 -3.313479572534561157e-02
5.088907927550000022e+04 8.999705314636230469e-03 5.156991258263587952e-02 -1.722248829901218067e-02
5.088910425750000286e+04 -1.439331378787755966e-02 -1.210031844675540924e-02 -1.189534179866313934e-02
5.088912924850000127e+04 -1.416282355785370047e-02 -7.496003061532974243e-02 -3.524721786379814148e-02
5.088915423650001321e+04 1.571415551006793976e-02 -7.187385112047195435e-02 -4.900175333023071289e-02
5.088917922250000265e+04 6.347230821847915649e-02 -1.336751133203505949e-02 -4.253013432025908730e-02
5.088920421550000174e+04 4.112824425101280212e-02 -1.708711031824349923e-03 -4.155273735523223877e-02
5.088922920050001267e+04 -7.059153169393539429e-03 -3.476483514532446861e-03 8.931993506848812103e-04
5.088925417550001293e+04 -2.734819613397121082e-02 -1.275635324418544986e-03 1.147642359137534922e-02
5.088927916849999747e+04 -9.179828688502311707e-03 3.681609034538269043e-02 -3.419138258323072953e-03
5.088930415050000011e+04 -2.829980850219726909e-02 2.827812172472476959e-02 -5.598857998847961426e-03
5.088932914650000021e+04 -7.088934630155563354e-02 -4.065069183707237244e-02 7.127350661903619766e-03
5.088935413650001283e+04 -8.051146566867828369e-02 -8.090811967849731445e-02 1.672931574285030018e-02
5.088937910749999719e+04 -1.089370623230934004e-01 -1.629632562398911078e-01 -1.201752573251724070e-02
5.088940409950000321e+04 -1.097512170672416965e-01 -1.950921267271041870e-01 -4.073422774672508240e-02
5.088942909250000230e+04 -6.166378408670424721e-02 -1.454730927944183072e-01 -7.471951842308044434e-02
5.088945407950000663e+04 9.543265216052532196e-03 -3.079078905284405102e-02 -7.995525002479553223e-02
5.088947906749999675e+04 2.104477398097515106e-02 1.931310445070267071e-02 -5.974715203046798706e-02
5.088950405350000074e+04 4.429132118821144104e-02 8.422029018402099609e-02 -4.697243496775627136e-02
5.088952904150001268e+04 1.448077708482742032e-01 3.713234066963195801e-01 -9.720135480165481567e-03
5.088955402850000246e+04 4.962584748864173889e-02 9.269643574953079224e-02 -4.908842965960503318e-02
5.088957901549999951e+04 6.086885184049606323e-02 3.893597796559333801e-02 -1.203387603163719038e-01
5.088960400249999657e+04 1.091423928737639965e-01 1.021163389086723050e-01 -1.788378357887268066e-01
5.088962899050000124e+04 2.302250415086745938e-01 6.083710864186286926e-02 -2.902194857597351074e-01
5.088965395949999947e+04 4.192652702331542969e-01 2.064321786165236872e-01 -4.058753550052642822e-01
5.088967896250000194e+04 4.176501631736754816e-01 2.153487950563431064e-01 -4.708572030067443848e-01
5.088970395050000661e+04 3.378266990184783936e-01 1.601837575435637873e-01 -4.572040736675261896e-01
5.088972893650000333e+04 2.040206044912337979e-01 8.579003065824508667e-02 -3.403926193714141846e-01
5.088975392350000038e+04 7.870478183031082153e-02 1.142796408385038029e-02 -2.214234471321105957e-01
5.088977890450000268e+04 1.940753124654293060e-02 2.400722354650497090e-02 -1.215188056230545044e-01
5.088980389850000211e+04 -1.172187551856040955e-02 -8.555199950933456421e-03 -8.217307180166244507e-02
5.088982888550000644e+04 2.227129647508264022e-03 -2.778127789497375141e-02 -9.594919532537460327e-02
5.088985387349999655e+04 4.811101406812667847e-02 1.132383756339550018e-02 -1.192796304821967940e-01
5.088987885550000647e+04 9.479411691427230835e-02 5.711102113127707741e-02 -1.106656864285469055e-01
5.088990384649999760e+04 6.662148237228393555e-02 2.801812812685966145e-02 -4.256226122379302979e-02
5.088992882850000024e+04 5.361466854810714722e-02 -2.685470320284366955e-02 -7.397191133350133896e-03
5.088995382050001353e+04 -8.566495031118392944e-03 -2.419582754373550068e-02 5.522930622100830078e-02
5.088997880750000331e+04 -8.986119925975799561e-02 -3.749388083815575340e-02 1.167446300387383062e-01
5.089000379550000071e+04 -1.721465438604355136e-01 -1.040720194578171054e-01 1.538625806570053101e-01
5.089002879150000081e+04 -2.455593198537827093e-01 -1.857777088880538940e-01 1.665025651454926092e-01
5.089005376050001360e+04 -3.031582236289978027e-01 -1.983597278594970981e-01 1.897603571414948065e-01
5.089007876150000084e+04 -4.140716493129730225e-01 -2.426465898752213080e-01 2.341829240322113037e-01
5.089010374250000314e+04 -4.494320452213286798e-01 -2.328150123357773105e-01 2.670705914497374933e-01
5.089012873050000053e+04 -4.238664805889130194e-01 -2.010205537080765048e-01 2.585936784744263250e-01
5.089015371749999758e+04 -4.333463311195374090e-01 -1.979629695415497104e-01 2.468439191579819003e-01
5.089017869149999751e+04 -4.046504795551300049e-01 -1.883632838726043979e-01 2.479903250932692926e-01
5.089020369150001352e+04 -3.630377650260924738e-01 -1.853041946887969971e-01 2.300168424844742099e-01
5.089022867850000330e+04 -2.561201155185698908e-01 -1.445200443267821988e-01 1.536345928907394132e-01
5.089025366550000035e+04 -7.312721759080886841e-02 -3.433780372142791748e-02 -3.380472480785102194e-04
5.089027865149999707e+04 1.393159627914428988e-01 1.271774470806122104e-01 -1.191265657544136047e-01
5.089030364549999649e+04 2.175581902265548984e-01 1.636377274990082065e-01 -1.998572200536727905e-01
5.089032862450001267e+04 2.587674260139464777e-01 3.549110889434813898e-01 -1.850519776344299039e-01
5.089035361450000346e+04 1.425704658031463901e-01 2.172431945800780972e-01 -1.362653076648711881e-01
5.089037860150000051e+04 1.834627240896224976e-02 -2.919981814920901905e-02 -1.374265253543854037e-01
5.089040358050000214e+04 -7.989443838596343994e-03 -1.504459381103515903e-01 -1.575991660356521884e-01
5.089042857550000190e+04 9.935052692890167236e-02 4.490661248564720154e-02 -1.681433916091918945e-01
5.089045354750000115e+04 1.018181145191193043e-01 1.560886055231094083e-01 -8.839675039052963257e-02
5.089047854850000294e+04 3.940685465931891701e-02 1.272128224372864047e-01 6.221251562237740430e-03
5.089050353550000000e+04 -6.925436854362487793e-02 -3.389245644211769104e-02 4.547245427966117859e-02
5.089052852349999739e+04 -1.051801219582557956e-01 -1.020946279168128967e-01 2.307492122054100037e-02
5.089055350750000071e+04 -9.136554598808288574e-02 -3.206878527998924255e-02 1.770838908851147045e-02
5.089057847949999996e+04 -9.998217970132827759e-02 -3.406796976923943260e-02 3.152824938297271729e-02
5.089060348949999752e+04 -6.920985132455825806e-02 -6.364934146404266357e-02 4.231602326035500267e-02
5.089062847049999982e+04 -3.434718027710915306e-02 -4.636143520474433899e-02 6.903188675642013550e-02
5.089065345649999654e+04 -7.190530747175216675e-02 -3.751141950488091209e-02 1.104348599910735945e-01
5.089067843750001339e+04 -1.391804367303847989e-01 -1.061895340681076050e-01 1.518320292234421054e-01
5.089070341449999978e+04 -2.191456854343414029e-01 -1.876948773860931119e-01 1.857482343912124911e-01
5.089072841250000056e+04 -2.286253124475479126e-01 -1.835756897926331122e-01 1.739975661039351862e-01
5.089075340750000032e+04 -2.295275032520293912e-01 -1.731700897216796875e-01 1.526818424463272095e-01
5.089077839349999704e+04 -2.093645185232161920e-01 -1.550690084695816040e-01 1.559237688779830933e-01
5.089080337050001253e+04 -1.995576471090317050e-01 -1.298922300338745117e-01 1.239729449152946056e-01
5.089082836850001331e+04 -1.610804498195647916e-01 -6.008525192737579346e-02 9.312715381383895874e-02
5.089085335350000241e+04 -1.624554246664046964e-01 2.865534275770186944e-03 1.260599941015244085e-01
5.089087842174999969e+04 -2.777665555477141779e-01 -1.897881925106048931e-02 1.864174157381058017e-01
5.089090340874999674e+04 -3.588289618492125910e-01 -6.438355147838592529e-02 2.213554680347442905e-01
5.089092839475000073e+04 -3.565755784511566162e-01 -8.999400585889816284e-02 2.075518667697905939e-01
5.089095338175001234e+04 -3.112544417381287176e-01 -1.204409524798392972e-01 1.278614848852157870e-01
5.089097836775000178e+04 -2.424723654985428134e-01 -1.032144501805305065e-01 3.540790826082230308e-02
5.089100335575000645e+04 -1.391475498676300049e-01 -4.178672656416893005e-02 7.976469583809375763e-03
5.089102833174999978e+04 -1.094767674803733964e-01 -8.313967287540435791e-02 7.085922174155712128e-03
5.089105332375001308e+04 -4.033815115690231323e-02 -1.625992730259894978e-02 -1.292994827963412025e-03
5.089107830675000150e+04 4.149502888321877220e-02 5.813878029584885337e-02 -2.183592645451426940e-03
5.089110330375000194e+04 4.905285313725470803e-02 -9.873922914266586304e-03 -1.059358194470405926e-02
5.089112829475000035e+04 6.616140902042388916e-02 6.996123585850000381e-03 -2.440416254103184093e-02
5.089115327775000333e+04 6.629214435815811157e-02 -1.225721463561058044e-02 -3.929107263684272766e-02
5.089117826575000072e+04 7.695752382278442383e-02 -1.681159832514822049e-03 -4.459501430392265320e-02
5.089120326175000082e+04 1.491539031267166138e-01 8.020946383476257324e-02 -3.807207196950911782e-02
5.089122823975000210e+04 1.531238406896590909e-01 2.502571940422058105e-01 -1.803663745522499084e-02
5.089125321075000102e+04 -1.548350788652897055e-02 2.698775567114352833e-02 7.647719979286193848e-02
5.089127821275000315e+04 3.559275344014167786e-02 3.761421516537666321e-02 7.130561769008636475e-02
5.089130319975000020e+04 1.757778376340866089e-01 1.470142602920531949e-01 -4.872419685125350952e-02
5.089132818774999760e+04 2.181778401136398038e-01 2.129853963851928988e-01 -3.801580518484116294e-02
5.089135317475000193e+04 1.534568965435028076e-01 1.896324008703232089e-01 7.895486801862716675e-02
5.089137814675000118e+04 2.547179535031319011e-02 6.796673685312271118e-02 1.372673660516738892e-01
5.089140314275000128e+04 -8.127697743475437164e-03 -1.807767897844315130e-01 1.065813153982162059e-01
5.089142813575000037e+04 5.599192529916763306e-02 -3.062286674976348877e-01 7.925613224506378174e-02
5.089145312274999742e+04 2.189619690179825107e-01 -2.801409456878900962e-03 1.497009843587875089e-01
5.089147811075000209e+04 2.941431701183319092e-01 1.522869020700454989e-01 4.218734800815582275e-02
5.089150309775000642e+04 2.890886366367340088e-01 8.702807873487472534e-02 -1.175033673644065996e-01
5.089152808475000347e+04 2.648723125457764227e-01 1.333712339401245117e-01 -1.517182141542434970e-01
5.089155306375001237e+04 1.677591353654860895e-01 8.594756573438644409e-02 -1.040487810969353000e-01
5.089157805874999758e+04 1.090297996997832974e-01 6.813932210206985474e-02 -7.226669788360595703e-02
5.089160304475000157e+04 1.908807456493377963e-01 1.997880935668945035e-01 -8.068361133337020874e-02
5.089162804375000269e+04 3.442226648330687921e-01 3.588047027587891180e-01 -1.219198107719420970e-01
