3.591826170166666998e+03 1.054555177688599039e-04 -4.951655864715576172e-04 2.598203718662261963e-05
3.591851152166666907e+03 1.133411424234509062e-04 -5.064883152954280376e-04 -1.039044349454343102e-03
3.591876141166666912e+03 9.597329335520043969e-05 -1.549940439872443893e-03 1.092371647246181965e-03
3.591901121166667053e+03 -9.598866454325616360e-04 5.601576995104551315e-04 2.124719321727753024e-05
3.591926120166666806e+03 -9.591971756890416145e-04 -1.567129977047442956e-03 2.415046401438302953e-05
3.591951094166667190e+03 -9.608138352632522583e-04 -5.077868700027465820e-04 2.291816599608864974e-05
3.591976097166666932e+03 9.568917448632419109e-05 -4.965878906659781933e-04 1.091236365027725913e-03
3.592001087166666821e+03 -7.245174492709338665e-04 -1.395895960740745068e-03 1.125968759879470088e-03
3.592026079166666932e+03 3.456044069025666064e-04 -3.448818169999868220e-04 6.306649447651579976e-05
3.592051062166667180e+03 -7.188034942373633385e-04 7.145027630031108856e-04 5.823083847644738853e-05
3.592076056166667058e+03 3.459398576524109190e-04 -1.409093500114976926e-03 6.435793329728767276e-05
3.592101051166666821e+03 3.359025286044924909e-04 7.242654683068394661e-04 1.126576913520693996e-03
3.592126036166666836e+03 2.451855223625897928e-03 7.357592694461345673e-04 2.198481233790516853e-03
3.592151026166667179e+03 -6.975093274377286434e-04 -3.210278518963605165e-04 1.127612427808343930e-03
3.592176017166666952e+03 -6.891700322739779949e-04 -1.393163460306823037e-03 6.378560647135600448e-05
3.592201009166667063e+03 3.731267352122812921e-04 -3.302684344816952944e-04 6.579155160579830408e-05
3.592225994166667078e+03 -6.886897026561200619e-04 -1.394334365613758998e-03 6.358994869515299797e-05
3.592250989166666841e+03 3.650698636192827875e-04 -3.215335600543767214e-04 1.130641088820993900e-03
3.592275973166666972e+03 -6.920322193764150143e-04 7.265688618645071983e-04 6.084207416279240765e-05
3.592300964166667200e+03 -6.932359538041055202e-04 7.264817832037806511e-04 6.073316035326570272e-05
3.592325954166667088e+03 1.435420708730817058e-03 -3.184219240210949833e-04 1.134298741817473932e-03
3.592350942166667210e+03 3.711988683789967948e-04 -3.215284959878771955e-04 1.130831427872180939e-03
3.592375932166667098e+03 3.865523904096335173e-04 7.189051248133182526e-04 -1.000582706183194897e-03
3.592400912166666785e+03 3.702284011524171179e-04 -3.222560917492955923e-04 1.130599295720458031e-03
3.592425911166666992e+03 1.442429493181407018e-03 -1.393840298987925053e-03 7.037274917820468545e-05
3.592450899166667114e+03 3.692471946123986894e-04 7.379819289781153202e-04 1.129087759181856892e-03
3.592475889166667002e+03 3.725485294125974178e-04 -3.213297750335187262e-04 1.130550750531255982e-03
3.592500879166666891e+03 -6.904747569933533669e-04 -3.230218426324427128e-04 1.126937568187714057e-03
3.592525869166666780e+03 -6.826103199273347855e-04 -3.341671254020183736e-04 6.189387931954115629e-05
3.592550859166667124e+03 3.720970707945526188e-04 -3.234683827031403780e-04 1.130270422436296940e-03
3.592575834166666937e+03 3.723261179402471131e-04 -3.232315648347138816e-04 1.130121410824358030e-03
3.592600839166666901e+03 3.713502665050327778e-04 -3.237111086491494829e-04 1.129988464526832104e-03
3.592625838166667108e+03 3.886166086886078119e-04 -3.446773043833673000e-04 -1.000113668851553960e-03
3.592650816166667028e+03 -1.763421343639492989e-03 -3.149570547975599766e-04 2.188143553212285042e-03
3.592675807166666800e+03 -6.832684739492833614e-04 -3.343951248098164797e-04 6.148678221506997943e-05
3.592700797166667144e+03 3.801262937486172265e-04 -3.336835361551492864e-04 6.482549360953271389e-05
3.592725786166667149e+03 1.435102429240942001e-03 -3.222907544113696164e-04 1.133193378336728053e-03
3.592750776166667038e+03 -6.819946574978530407e-04 -1.398689695633948066e-03 6.259545625653117895e-05
3.592775765166667043e+03 3.697673673741518909e-04 7.376958965323865414e-04 1.127794152125715993e-03
3.592800758166667038e+03 -6.928393850103020668e-04 -1.387106487527490096e-03 1.126854680478573062e-03
3.592825729166666861e+03 -1.748697948642075062e-03 -3.381816204637289047e-04 5.702796988771297038e-05
3.592850736166667048e+03 3.684002440422772819e-04 7.361529278568923473e-04 1.127459225244819901e-03
3.592875732166667149e+03 1.424930407665669918e-03 -1.375908497720957019e-03 2.198529196903109984e-03
3.592900695166666992e+03 3.768125316128135270e-04 7.248856709338724613e-04 6.224041862878948450e-05
3.592925704166666947e+03 3.698289510793983936e-04 -1.388809061609209018e-03 1.129878219217061996e-03
3.592950693166666952e+03 -6.784864817745983601e-04 -3.504791238810867071e-04 -1.004980411380528970e-03
3.592975684166667179e+03 3.518751473166049069e-04 7.269493653438985348e-04 1.121444976888597012e-03
3.593000674166667068e+03 1.415446517057717063e-03 -3.338042588438839262e-04 1.126111834309994958e-03
3.593025662166667189e+03 -7.116417400538921356e-04 -3.361951094120740891e-04 1.119007123634218953e-03
3.593050634166666896e+03 3.501912287902086973e-04 7.263689767569303513e-04 1.121046836487948895e-03
3.593075653166667053e+03 3.749254974536598271e-04 6.938916048966348171e-04 -2.073996234685183005e-03
3.593100630166667088e+03 -7.050453568808734417e-04 -3.485471825115383213e-04 5.378077912610024214e-05
3.593125622166667199e+03 -7.246347377076745033e-04 7.201652624644339085e-04 1.112409285269678073e-03
3.593150611166667204e+03 3.457476850599051064e-04 1.772070419974624894e-03 4.947890192852356217e-05
3.593175609166667073e+03 -7.156213396228849888e-04 -1.414246740750968023e-03 4.986496423953212798e-05
3.593200574166667138e+03 1.409409916959702969e-03 7.107876590453088284e-04 5.407407661550678313e-05
3.593225569166666901e+03 1.410580938681960106e-03 -3.511660033836960793e-04 5.525942833628504791e-05
3.593250568166667108e+03 -7.168555166572332382e-04 -3.536177391652017832e-04 4.819195601157844067e-05
3.593275559166666881e+03 1.401661662384868102e-03 -1.414325786754488945e-03 5.117764885653742335e-05
3.593300549166667224e+03 1.409927732311188958e-03 -1.425357651896774986e-03 -1.013877685181796984e-03
3.593325529166666911e+03 3.287321014795451814e-04 -1.406782073900104003e-03 1.112560043111443953e-03
3.593350528166667118e+03 3.265733248554170132e-04 7.154787890613079071e-04 1.109856530092657046e-03
3.593375518166667007e+03 -7.465092348866164684e-04 7.232511998154222965e-04 2.171341096982359886e-03
3.593400507166667012e+03 -7.209143368527293205e-04 6.914754630997776985e-04 -1.023715012706815980e-03
3.593425496166667017e+03 -7.277505937963724136e-04 6.911820382811129093e-04 -1.029884791933000088e-03
3.593450487166666790e+03 3.268431755714117939e-04 7.030118140392005444e-04 3.844173261313699186e-05
3.593475475166666911e+03 3.357326495461165905e-04 -3.691145975608379191e-04 -1.025388715788722038e-03
3.593500466166667138e+03 -7.371488609351217747e-04 7.014358998276293278e-04 3.469665898592211306e-05
3.593525454166666805e+03 3.276743809692562169e-04 -1.420626183971763091e-03 4.067027475684881210e-05
3.593550436166667168e+03 -7.288985652849078178e-04 6.903904140926897526e-04 -1.030542887747287967e-03
3.593575443166666901e+03 1.389453653246164105e-03 -3.592288994695990736e-04 4.264267408871091902e-05
3.593600417166666830e+03 3.191076975781471079e-04 7.014779839664697647e-04 3.126218507532029666e-05
3.593625414166666815e+03 3.102678165305405855e-04 7.110250298865139484e-04 1.096158870495856025e-03
3.593650404166667158e+03 3.186380781698971987e-04 7.002840284258127213e-04 3.107412339886649765e-05
3.593675395166666931e+03 -7.444356451742351055e-04 -3.629520360846071893e-04 2.879650855902582068e-05
3.593700377166666840e+03 3.273176262155175209e-04 -3.724314738065003807e-04 -1.032820204272866032e-03
3.593725377166666931e+03 3.106517833657562733e-04 -1.413741614669560952e-03 1.098378677852452018e-03
3.593750349166667093e+03 -7.560382364317774773e-04 -1.414695521816611073e-03 1.088950666598976092e-03
3.593775352166666835e+03 -1.820547506213187955e-03 -3.553266869857906753e-04 1.084117800928652070e-03
3.593800343166667062e+03 3.320043615531175787e-04 -1.446014153771101995e-03 -2.102737780660390854e-03
3.593825333166666951e+03 -7.495393510907888412e-04 -3.655916661955416203e-04 2.239686546090524982e-05
3.593850327166666830e+03 -7.503624656237661839e-04 -3.669823054224253243e-04 2.235401007055770945e-05
3.593875311166666961e+03 -7.498481427319347858e-04 -1.428666641004383998e-03 2.357835182920097966e-05
3.593900302166667188e+03 1.369556528516113975e-03 6.955987191759049892e-04 2.068976573355029930e-05
3.593925291166667193e+03 3.151090932078660077e-04 -3.778675163630396128e-04 -1.046540914103389003e-03
3.593950283166666850e+03 -7.577119977213442326e-04 6.922639440745115280e-04 1.352425260847667063e-05
3.593975271166666971e+03 3.063002077396959066e-04 -3.681888047140092200e-04 1.822093872760887850e-05
3.594000258166667209e+03 2.969384368043392897e-04 -3.586793900467454845e-04 1.083124196156858964e-03
3.594025249166666981e+03 1.359240268357098103e-03 7.034215377643704414e-04 1.085209310986102061e-03
3.594050240166667209e+03 2.966214669868350029e-04 -3.600874915719031745e-04 1.082956558093429045e-03
3.594075228166666875e+03 -7.629636675119400024e-04 -3.721525135915725881e-04 7.799974810041021556e-06
3.594100219166667102e+03 3.010027285199611837e-04 -1.433293567970395088e-03 1.250344030268024992e-05
3.594125208166667107e+03 -7.643465651199221611e-04 6.880842265672981739e-04 6.291365480137756094e-06
3.594150206166666976e+03 3.074590349569917267e-04 6.781907286494970322e-04 -1.055346219800413089e-03
3.594175186166667118e+03 2.914905780926346779e-04 -3.631361178122460842e-04 1.075912499800324006e-03
3.594200178166666774e+03 -7.641408592462539673e-04 6.862737354822456837e-04 5.975589829176897183e-06
3.594225154166666925e+03 2.982602454721928185e-04 -1.435537473298609040e-03 6.842567472631345419e-06
3.594250159166666890e+03 1.352215302176773982e-03 -3.626268880907446146e-04 1.073820050805806897e-03
3.594275152166666885e+03 1.361681381240487099e-03 -1.434771693311631896e-03 1.005049944069469009e-05
3.594300139166667122e+03 2.971538342535495758e-04 -3.749627503566443920e-04 5.113226052344543859e-06
3.594325137166666991e+03 3.057235444430261850e-04 -3.856160037685186213e-04 -1.059983158484101079e-03
3.594350117166667133e+03 2.962802245747298002e-04 6.851641228422522545e-04 3.613358785514720208e-06
3.594375090166667178e+03 -1.848026760853827000e-03 7.028177496977150440e-04 2.126610605046153069e-03
3.594400091166667153e+03 -7.699567941017448902e-04 -3.788260219153016806e-04 -4.138684289500815794e-06
3.594425093166667011e+03 2.922326093539596146e-04 6.837500259280204773e-04 -2.100103756674798205e-06
3.594450074166667036e+03 2.926471352111548185e-04 -3.782969433814287186e-04 -8.700243370185489766e-07
3.594475063166667042e+03 2.997785923071206158e-04 6.721912068314850330e-04 -1.067317323759197972e-03
3.594500055166667153e+03 2.755406312644482201e-04 -1.420110696926712990e-03 2.130257897078990936e-03
3.594525053166667021e+03 -7.723717717453837395e-04 -3.811349743045865947e-04 -4.669015197578119114e-06
3.594550023166666961e+03 2.884986461140214855e-04 6.818846450187265873e-04 -7.819582606316544116e-06
3.594575024166666935e+03 2.879802777897567099e-04 6.811734638176858425e-04 -7.931479558465071023e-06
3.594600012166667057e+03 -7.756662089377641678e-04 6.790519692003726959e-04 -1.143800272984663025e-05
3.594624994166666966e+03 1.350691192783415101e-03 6.811388884671032429e-04 -4.637996880774153396e-06
3.594649993166667173e+03 2.877570514101535082e-04 -3.820581478066741878e-04 -6.858155302325030789e-06
3.594674980166666955e+03 2.864055859390646219e-04 6.793165812268853188e-04 -8.356407306564506143e-06
3.594699963166667203e+03 2.961136924568564242e-04 -1.454454031772911982e-03 -1.070782309398055077e-03
3.594724962166666955e+03 2.766058896668254787e-04 -3.720244567375630140e-04 1.052578678354620934e-03
3.594749950166667077e+03 2.935658267233520746e-04 -3.932199906557797844e-04 -1.077498542144895034e-03
3.594774940166666966e+03 2.844711125362663919e-04 -3.835232055280358141e-04 -1.261321540368954059e-05
3.594799928166667087e+03 2.749646082520484924e-04 6.880805012769997120e-04 1.050961320288478894e-03
3.594824919166666859e+03 -7.888068212196230888e-04 6.862346199341118336e-04 1.047368161380290985e-03
3.594849910166667087e+03 2.837452339008451050e-04 -3.849236527457832748e-04 -1.290247473662020977e-05
3.594874900166666976e+03 2.822014212142676115e-04 -3.845191968139261007e-04 -1.782178696885238994e-05
3.594899886166666874e+03 -7.900323253124952316e-04 -3.760567342396826094e-04 1.043651369400322004e-03
3.594924870166667006e+03 2.821649250108749216e-04 -1.447488320991396904e-03 -1.665189665800426155e-05
3.594949884166666834e+03 2.809684374369680882e-04 -3.864015161525458097e-04 -1.806039836083073169e-05
3.594974858166667218e+03 -7.836522418074309826e-04 6.729842862114310265e-04 -2.295667945872991938e-05
3.594999849166666991e+03 1.344369375146925016e-03 -1.447758404538034959e-03 -1.345757573290030049e-05
3.595024839166666879e+03 1.340673188678920052e-03 -3.867666237056254798e-04 -2.056937046290840954e-05
3.595049833166667213e+03 2.678557648323475772e-04 6.833818624727427959e-04 1.039554132148623033e-03
3.595074801166666930e+03 -7.959068752825260162e-04 6.810876075178384781e-04 1.036005443893373013e-03
3.595099806166666895e+03 -7.953519234433770180e-04 -3.807727771345525980e-04 1.037247362546622970e-03
3.595124803166666879e+03 -8.050366304814815521e-04 6.905624759383499622e-04 2.100787824019790129e-03
3.595149788166666895e+03 2.653841802384703809e-04 1.742575084790586992e-03 1.037817914038896994e-03
3.595174777166666900e+03 1.337863039225340106e-03 -1.451210468076169057e-03 -2.511340244382153858e-05
3.595199766166666905e+03 1.319473260082304044e-03 -3.691177116706966812e-04 2.103392267599701881e-03
3.595224768166667218e+03 1.336417510174215057e-03 -3.901153977494686842e-04 -2.670420690265018154e-05
3.595249747166667021e+03 -7.907479885034263134e-04 -3.932644031010568142e-04 -3.376476161065510728e-05
3.595274739166667132e+03 -7.916821050457656384e-04 6.679600337520241737e-04 -3.518821904435753822e-05
3.595299719166666819e+03 -7.921263459138572216e-04 6.671580485999584198e-04 -3.529133391566575251e-05
3.595324720166666793e+03 1.334520988166332028e-03 6.693726754747331142e-04 -2.844363370968494903e-05
3.595349704166666925e+03 1.334224361926316998e-03 -1.453618053346871896e-03 -3.189308336004614830e-05
3.595374694166666814e+03 -7.938732160255312920e-04 -3.952996048610656911e-04 -4.021451240987516940e-05
3.595399685166667041e+03 2.769373531918972731e-04 6.563895731233060360e-04 -1.103187212720512910e-03
3.595424673166667162e+03 2.605435729492456263e-04 -3.847882035188376904e-04 1.028059283271431923e-03
3.595449664166666935e+03 2.602652821224182844e-04 -3.854792448692023754e-04 1.027944381348788955e-03
3.595474654166666824e+03 2.600658917799592018e-04 -3.857919946312903816e-04 1.027853111736475988e-03
3.595499642166666945e+03 1.330081606283783913e-03 6.666561821475625038e-04 -4.084875399712473154e-05
3.595524633166667172e+03 2.663675986696035212e-04 6.646986003033816814e-04 -4.437110692379064858e-05
3.595549624166666945e+03 2.677136508282274008e-04 -1.459075836464762905e-03 -4.182152042631059885e-05
3.595574611166667182e+03 -7.882472127676010132e-04 -4.095589392818511074e-04 -1.111705205403267904e-03
3.595599601166667071e+03 2.579303400125355071e-04 -3.884631732944399118e-04 1.021668082103132985e-03
3.595624586166667086e+03 2.662655024323611909e-04 -3.991273697465658188e-04 -4.342385727795772254e-05
3.595649578166667197e+03 2.649841771926730871e-04 6.617975304834544659e-04 -4.487742990022525191e-05
3.595674572166667076e+03 -7.905329111963510513e-04 -4.106253909412770921e-04 -1.118566840887069919e-03
3.595699544166666783e+03 1.328440033830702088e-03 -1.460118452087044933e-03 -4.539846850093454123e-05
3.595724545166667212e+03 2.632383548188955134e-04 6.610898417420685291e-04 -5.159234569873660803e-05
3.595749548166666955e+03 -8.085307199507951736e-04 -3.919015580322592908e-04 1.011144719086586995e-03
3.595774520166667116e+03 2.632919931784272194e-04 -4.012631834484636784e-04 -5.048380990047007799e-05
3.595799525166667081e+03 2.630208327900617773e-04 -4.018413310404866934e-04 -5.060996045358479023e-05
3.595824499166667010e+03 -8.093643700703978539e-04 -3.930930106434971094e-04 1.010835636407136917e-03
3.595849501166666869e+03 2.605883637443184853e-04 6.602203357033431530e-04 -5.844262705068103969e-05
3.595874479166666788e+03 2.611340023577212745e-04 -4.019337065983564204e-04 -5.723307913285680115e-05
3.595899480166667217e+03 -7.939946954138576984e-04 -4.142141260672361201e-04 -1.125759212300180955e-03
3.595924474166667096e+03 -8.028632146306335926e-04 -4.046593967359513044e-04 -6.086250868975184858e-05
3.595949457166666889e+03 2.601566666271538084e-04 -4.037016769871116227e-04 -5.748380863224156201e-05
3.595974449166667000e+03 2.665500214789062738e-04 -4.140792298130691051e-04 -1.128168776631355069e-03
3.595999539375000040e+03 2.567357441876084155e-04 6.572417914867401123e-04 -6.456247501773759723e-05
3.596024510374999863e+03 2.470618346706032753e-04 1.728617004118859985e-03 9.989761747419834137e-04
3.596049505375000081e+03 1.319762784987688065e-03 6.577305030077695847e-04 -6.132199632702395320e-05
3.596074509375000162e+03 2.655134303495287895e-04 -4.164972633589059114e-04 -1.128539326600729985e-03
3.596099497374999828e+03 2.557215630076826161e-04 6.547631928697228432e-04 -6.492708052974194288e-05
3.596124496375000035e+03 1.310980180278420015e-03 -3.958866873290389776e-04 1.004764577373862050e-03
3.596149477375000060e+03 2.444669080432503873e-04 6.649496499449014664e-04 9.929575026035308838e-04
3.596174458375000086e+03 2.448991290293633938e-04 -3.976082953158766031e-04 9.942076867446303368e-04
3.596199456374999954e+03 -8.019637316465377808e-04 -4.200026160106062889e-04 -1.139340922236443000e-03
3.596224447375000182e+03 -8.108530309982597828e-04 -4.104363324586302042e-04 -7.444530638167634606e-05
3.596249435374999848e+03 -8.118025143630802631e-04 6.506791687570512295e-04 -7.585777348140254617e-05
3.596274424374999853e+03 -8.206884376704692841e-04 6.603255169466137886e-04 9.890318615362048149e-04
3.596299421374999838e+03 2.508682373445481062e-04 6.511018727906048298e-04 -7.260862912517040968e-05
3.596324405374999969e+03 -8.053217316046357155e-04 -4.216129018459469080e-04 -1.146016060374676964e-03
3.596349396375000197e+03 2.417107461951673031e-04 -1.461756881326436996e-03 9.887207997962832451e-04
3.596374382375000096e+03 1.303701079450547912e-03 -3.995545266661792994e-04 9.907366475090384483e-04
3.596399360375000015e+03 2.487627207301557064e-04 -4.118085198570042849e-04 -7.779320003464818001e-05
3.596424361374999989e+03 2.395477349637075988e-04 -4.020479973405600136e-04 9.870851645246148109e-04
3.596449364375000187e+03 2.461220428813248873e-04 1.710355281829833984e-03 -8.066864393185824156e-05
3.596474344374999873e+03 2.441320830257608944e-04 1.711062621325254007e-03 -8.604460163041949272e-05
3.596499333374999878e+03 -8.265958167612552643e-04 -4.034894518554211205e-04 9.780871914699673653e-04
3.596524323375000222e+03 1.298765535466372967e-03 6.600131746381521225e-04 9.835672099143266678e-04
3.596549323374999858e+03 -8.181347511708736420e-04 -1.476678880862892108e-03 -8.578837150707840919e-05
3.596574294375000136e+03 -8.191443630494177341e-04 -4.155377973802388256e-04 -8.720291953068226576e-05
3.596599296374999994e+03 2.431563334539532932e-04 6.466063205152750015e-04 -8.518316462868824601e-05
3.596624280375000126e+03 2.427075232844800028e-04 -1.475659315474330945e-03 -8.750760025577619672e-05
3.596649265375000141e+03 2.328401023987680945e-04 -4.042368091177194768e-04 9.760258253663778305e-04
3.596674247375000050e+03 -8.308574906550347805e-04 -4.058587364852427894e-04 9.724722476676106453e-04
3.596699251375000131e+03 2.491686900611966848e-04 -4.262317379470915144e-04 -1.154153142124414010e-03
3.596724242374999903e+03 2.395775954937562075e-04 6.451096851378679276e-04 -9.055000555235892534e-05
3.596749233375000131e+03 2.304318768437952074e-04 6.549384561367332935e-04 9.743213304318487644e-04
3.596774221374999797e+03 1.294352347031235912e-03 -4.058094345964490825e-04 9.790481999516487122e-04
3.596799211375000141e+03 2.295163430972025069e-04 -1.467701978981494904e-03 9.716155473142862320e-04
3.596824202374999913e+03 -8.348754490725696087e-04 -4.077423072885721922e-04 9.667251724749803543e-04
3.596849190375000035e+03 2.281906927237286893e-04 -4.069452115800232237e-04 9.700563969090580940e-04
3.596874181374999807e+03 2.278884057886899060e-04 -4.075803153682500124e-04 9.699978400021791458e-04
3.596899172375000035e+03 1.300562405958771922e-03 -1.478749094530940056e-03 -9.033357491716742516e-05
3.596924160375000156e+03 1.290417276322842078e-03 6.540723843500018120e-04 9.719420340843498707e-04
3.596949150375000045e+03 2.248435630463063988e-04 -4.082127998117356950e-04 9.646025137044489384e-04
3.596974140374999934e+03 2.332255826331675053e-04 -4.189301398582757061e-04 -1.004841542453504963e-04
3.596999132375000045e+03 -8.310060948133468628e-04 6.405450403690338135e-04 -1.053909363690763983e-04
3.597024111374999848e+03 -8.304073708131909370e-04 -4.213856300339102745e-04 -1.041420691763050990e-04
3.597049110375000055e+03 2.325983514310792089e-04 -4.206710145808755809e-04 -1.008005565381609039e-04
3.597074103375000050e+03 2.238616143586114049e-04 -4.107088898308575153e-04 9.641167125664651394e-04
3.597099092375000055e+03 2.244049101136625084e-04 -1.472705043852329037e-03 9.653107845224440098e-04
3.597124076375000186e+03 2.123119338648394021e-04 -3.998112515546380931e-04 2.024139743298292160e-03
3.597149068374999842e+03 1.300378120504320101e-03 6.311919423751533031e-04 -1.168838120065629049e-03
3.597174056374999964e+03 -1.897799083963036971e-03 -4.244827723596245050e-04 -1.129643060266971995e-04
3.597199049374999959e+03 -8.425124105997383595e-04 -1.475053140893578963e-03 9.567207889631390572e-04
3.597224036375000196e+03 -1.907764351926743984e-03 6.462580058723688126e-04 9.505159687250852585e-04
3.597249038375000055e+03 2.368213754380122098e-04 -4.340060986578465050e-04 -1.171317300759256103e-03
3.597274004375000004e+03 -8.377631311304867268e-04 -4.242917639203370160e-04 -1.137864601332694021e-04
3.597299006374999863e+03 -1.902258256450295015e-03 6.354945362545549870e-04 -1.186584777315146950e-04
3.597323997375000090e+03 2.155838446924462914e-04 6.478020804934203625e-04 9.531531832180917263e-04
3.597348988374999863e+03 1.287246006540953896e-03 6.384203443303704262e-04 -1.084703180822543935e-04
3.597373975375000100e+03 2.233813575003295866e-04 6.365004228428006172e-04 -1.120569722843356024e-04
3.597398966374999873e+03 -8.486763108521699905e-04 6.449626525864005089e-04 9.494157275184988976e-04
3.597423958374999984e+03 2.198472648160532117e-04 1.698299194686115005e-03 -1.174573699245228957e-04
3.597448946375000105e+03 1.275422051548958042e-03 6.480228039436042309e-04 9.522574255242943764e-04
3.597473936374999994e+03 2.200138260377570987e-04 6.357701495289802551e-04 -1.163313572760670971e-04
3.597498927375000221e+03 -8.520898991264402866e-04 6.444052560254931450e-04 9.451243677176535130e-04
3.597523902375000034e+03 2.195502747781574997e-04 6.345200818032026291e-04 -1.165123176178894937e-04
3.597548906375000115e+03 2.110233035637066039e-04 6.445104372687637806e-04 9.484011679887771606e-04
3.597573897374999888e+03 2.193421678384765983e-04 6.334476638585329056e-04 -1.167122682090848955e-04
3.597598878374999913e+03 2.097620745189487934e-04 -4.166344006080179864e-04 9.458636632189154625e-04
3.597623875374999898e+03 -8.376810583285987377e-04 6.222182419151067734e-04 -1.189050846733153083e-03
3.597648864374999903e+03 -8.464304264634847641e-04 6.322487606666982174e-04 -1.241402642335742983e-04
3.597673854374999792e+03 2.260556066175923022e-04 -4.390353569760919159e-04 -1.184459077194333076e-03
3.597698844375000135e+03 2.179629082093015042e-04 -1.490420079790055969e-03 -1.182263149530626969e-04
3.597723835374999908e+03 2.165009063901379976e-04 -4.298988496884704178e-04 -1.196382872876711054e-04
3.597748834375000115e+03 2.059962280327453938e-04 -4.185875004623085260e-04 9.420306305401027203e-04
3.597773802374999832e+03 2.056396333500742912e-04 -4.189385508652775938e-04 9.418828412890434265e-04
3.597798798374999933e+03 1.267940853722393946e-03 6.436920375563204288e-04 9.439159184694290161e-04
3.597823792374999812e+03 -8.504829602316021919e-04 6.300085806287825108e-04 -1.281276054214685884e-04
3.597848779375000049e+03 2.042007690761238066e-04 6.414516828954219818e-04 9.402376599609851837e-04
3.597873774374999812e+03 -8.424848783761262894e-04 6.185048841871321201e-04 -1.193318516016006036e-03
3.597898749375000079e+03 2.115159441018477082e-04 -4.300948930904269218e-04 -1.269912900170311061e-04
3.597923751374999938e+03 2.018109080381690914e-04 6.408771150745451450e-04 9.365860605612397194e-04
3.597948753374999797e+03 2.117195690516381914e-04 -1.493301941081881957e-03 -1.258285337826237082e-04
3.597973731375000170e+03 2.106681931763887134e-04 -4.320794541854410822e-04 -1.272508816327899965e-04
3.597998722374999943e+03 2.093807415803894130e-04 6.287720752879977226e-04 -1.286966144107281891e-04
3.598023712374999832e+03 2.191931707784534043e-04 -1.505234627984463952e-03 -1.191099057905375957e-03
3.598048713374999807e+03 1.272679190151392980e-03 -4.325096087995917147e-04 -1.240978162968530980e-04
3.598073692375000064e+03 2.078531542792916027e-04 -1.494700438342988057e-03 -1.297718845307826996e-04
3.598098686374999943e+03 2.154240937670693073e-04 -4.444559162948281115e-04 -1.196196419186889908e-03
3.598123671374999958e+03 -8.661312749609351158e-04 6.359118269756436348e-04 9.289461886510252953e-04
3.598148666375000175e+03 2.056513039860873872e-04 6.261206581257283688e-04 -1.327005593338981000e-04
3.598173658374999832e+03 1.269726664759218910e-03 -4.346634086687117815e-04 -1.279707212233915925e-04
3.598198640375000195e+03 2.058265818050130931e-04 -4.366766661405562812e-04 -1.315476984018459916e-04
3.598223631374999968e+03 1.954033359652385116e-04 -4.253484657965599948e-04 9.297674987465143204e-04
3.598248622375000195e+03 1.259265234693885066e-03 -1.486212946474551938e-03 9.344450081698596478e-04
3.598273609374999978e+03 1.266720937564969063e-03 -4.356442950665950775e-04 -1.319477159995585951e-04
3.598298586375000014e+03 2.027549635386093909e-04 -4.376658180262892896e-04 -1.355234562652186101e-04
3.598323592374999862e+03 -1.933659310452640057e-03 6.310412427410483360e-04 9.211522410623729229e-04
3.598348579375000099e+03 -8.706345688551664352e-04 6.317413644865155220e-04 9.244946413673460484e-04
3.598373569374999988e+03 -8.799085044302046299e-04 -4.186286241747438908e-04 1.987414434552193122e-03
3.598398571374999847e+03 1.909186976263300126e-04 6.333428318612277508e-04 9.244144312106072903e-04
3.598423542375000125e+03 -8.642008760944008827e-04 6.213637534528970718e-04 -1.441412459826096892e-04
3.598448531375000130e+03 2.003545669140293923e-04 -1.500976039096713066e-03 -1.381374313496052948e-04
3.598473538374999862e+03 2.077905228361487118e-04 -4.504034877754747868e-04 -1.204532338306308010e-03
3.598498518375000003e+03 1.253012451343237920e-03 6.323934649117290974e-04 9.274958865717053413e-04
3.598523509374999776e+03 1.986166607821359959e-04 -4.413303104229270870e-04 -1.397069718223064867e-04
3.598548499375000119e+03 1.966923446161671931e-04 6.209517596289515495e-04 -1.447954709874466062e-04
3.598573493374999998e+03 1.260751858353615024e-03 -4.395239229779691046e-04 -1.400960754835977879e-04
3.598598464374999821e+03 -8.671295945532619953e-04 6.184995290823280811e-04 -1.484521053498611125e-04
3.598623465374999796e+03 -8.750169072300195694e-04 -4.332078096922487020e-04 9.178119362331926823e-04
3.598648456375000023e+03 -8.668476366437971592e-04 -4.443967773113399744e-04 -1.472590665798634020e-04
3.598673448375000135e+03 -8.676716242916882038e-04 6.166953826323151588e-04 -1.487311965320259062e-04
3.598698439374999907e+03 1.960895024240016937e-04 -4.424770595505834168e-04 -1.468546688556670872e-04
3.598723435375000008e+03 1.958089269464836067e-04 -4.432911227922887152e-04 -1.469566486775875092e-04
3.598748428375000003e+03 1.870559062808752060e-04 -4.333051620051264763e-04 9.179585031233727932e-04
3.598773416375000124e+03 1.250088796950876930e-03 -4.323821049183607101e-04 9.212793665938079357e-04
3.598798397375000150e+03 -8.692621486261487007e-04 6.156527670100331306e-04 -1.520518708275631070e-04
3.598823387375000038e+03 -8.599495049566030502e-04 -4.568379954434930736e-04 -1.215845230035484054e-03
3.598848378374999811e+03 1.249598455615342097e-03 -4.337912541814147884e-04 9.209915879182517529e-04
3.598873359374999836e+03 1.934308966156094995e-04 6.170715205371379852e-04 -1.518432109151036089e-04
3.598898357375000160e+03 1.258240896277130084e-03 -1.505055464804172950e-03 -1.458022452425211939e-04
3.598923350375000155e+03 1.247607287950813987e-03 6.279065273702144623e-04 9.164007497020065784e-04
3.598948336375000054e+03 1.848308602347970009e-04 -4.355753480922430754e-04 9.142087656073272228e-04
3.598973326374999942e+03 1.852262648753822121e-04 -1.497923163697123961e-03 9.154389845207333565e-04
3.598998317375000170e+03 -8.715307922102510929e-04 6.132330163381993771e-04 -1.557864452479406920e-04
3.599023292374999983e+03 1.917126501211897081e-04 -4.468098923098295927e-04 -1.541401870781556043e-04
3.599048296375000064e+03 1.897314941743389043e-04 1.675824169069529013e-03 -1.568810839671642130e-04
3.599073287374999836e+03 -8.723381906747817993e-04 -4.494060995057225227e-04 -1.577812363393605026e-04
3.599098273375000190e+03 -8.817579946480691433e-04 6.221816292963922024e-04 9.057968854904174805e-04
3.599123275375000048e+03 1.813046401366590911e-04 6.228653364814817905e-04 9.091396350413560867e-04
3.599148261374999947e+03 -8.729915134608745575e-04 -4.506383556872605735e-04 -1.580856041982769966e-04
3.599173244375000195e+03 1.899616472655907002e-04 -4.500343929976224899e-04 -1.547324645798653093e-04
3.599198235374999967e+03 1.253498252481221936e-03 -1.509125460870563984e-03 -1.533676258986816081e-04
3.599223225374999856e+03 1.891399297164753079e-04 -4.492409643717110157e-04 -1.583120611030607874e-04
3.599248206374999882e+03 -8.745618979446589947e-04 -4.510188300628215075e-04 -1.618519308976829052e-04
3.599273208375000195e+03 1.799364690668880939e-04 -4.398823657538741827e-04 9.064834448508918285e-04
3.599298179375000018e+03 -8.750324486754834652e-04 -4.521130176726729220e-04 -1.620478142285720056e-04
3.599323183375000099e+03 1.796114229364320907e-04 -4.410607798490672762e-04 9.062953176908195019e-04
3.599348174374999871e+03 1.251170528121293025e-03 -4.490349092520772869e-04 -1.584345154697074944e-04
3.599373163374999876e+03 -1.939329318702220917e-03 -4.533813917078077793e-04 -1.689088094281032953e-04
3.599398138375000144e+03 1.250877976417541938e-03 -4.501193470787256956e-04 -1.586322323419153961e-04
3.599423125374999927e+03 1.787904184311628071e-04 -4.414991999510676211e-04 9.028232307173311710e-04
3.599448141374999977e+03 -8.864299161359667778e-04 1.679600216448307037e-03 8.965793531388044357e-04
3.599473121375000119e+03 -8.857246721163392067e-04 6.175642483867704868e-04 8.978385594673454762e-04
3.599498113374999775e+03 1.250109053216875033e-03 -4.502079682424663955e-04 -1.620769908186047998e-04
3.599523110375000215e+03 -8.690479444339871407e-04 5.977456457912921906e-04 -1.235400908626616001e-03
3.599548091374999785e+03 1.877129689091817087e-04 -2.575927646830677986e-03 -1.630492624826729027e-04
3.599573083374999896e+03 -1.948577468283474012e-03 -1.507174689322710037e-03 8.936214144341647625e-04
3.599598074375000124e+03 -1.942762522958219051e-03 1.666308846324682019e-03 -1.754801778588443995e-04
3.599623062374999790e+03 1.239559613168240027e-03 6.186929531395435333e-04 9.011584334075450897e-04
3.599648053375000018e+03 1.849110267357901010e-04 -4.553108592517673969e-04 -1.660763955442234874e-04
3.599673053375000109e+03 -8.789916755631566048e-04 -4.546281707007437944e-04 -1.726941554807127064e-04
3.599698031375000028e+03 1.922794472193344885e-04 -4.643600550480186939e-04 -1.234343741089106040e-03
3.599723021374999917e+03 -8.799631032161414623e-04 -4.556286148726940155e-04 -1.728967035887762904e-04
3.599748008375000154e+03 1.744356413837521997e-04 -4.446437815204262733e-04 8.954544318839907646e-04
3.599773000374999810e+03 1.749389193719252944e-04 -1.506566652096807957e-03 8.967033354565501213e-04
3.599797991375000038e+03 1.245909137651324055e-03 -4.549107106868178194e-04 -1.662641443544999036e-04
3.599822975375000169e+03 1.729460054775699973e-04 6.177750183269381523e-04 8.908431045711040497e-04
3.599847970374999932e+03 1.245248131453990936e-03 -4.534354957286267931e-04 -1.694798411335796118e-04
3.599872961375000159e+03 1.815979630919173089e-04 -4.553038161247969216e-04 -1.730108488118276000e-04
3.599897952374999932e+03 -8.813153253868222237e-04 -1.519024022854865031e-03 -1.752398384269326925e-04
3.599922940375000053e+03 -8.816234767436981201e-04 -1.519252313300967000e-03 -1.753383985487743941e-04
3.599947921375000078e+03 1.721502776490523869e-04 -4.466896352823824233e-04 8.916758815757930279e-04
3.599972916374999841e+03 1.882089418359101090e-04 -4.654971708077936822e-04 -1.241730060428380966e-03
3.599997909374999836e+03 1.234512659721076055e-03 -4.444546648301184177e-04 8.916506194509565830e-04
3.600022900375000063e+03 1.872439752332865921e-04 5.944211152382194996e-04 -1.243207138031720898e-03
3.600047892375000174e+03 1.783488551154732975e-04 6.041029701009392738e-04 -1.782894250936805931e-04
3.600072882375000063e+03 1.788321678759529916e-04 -4.583090194500982761e-04 -1.770530652720480886e-04
3.600097867375000078e+03 1.700630818959326094e-04 -4.482069634832441807e-04 8.878507069312036037e-04
3.600122859375000189e+03 1.233812421560287042e-03 -1.509169465862214999e-03 8.925389847718179226e-04
3.600147850374999962e+03 1.676883985055611080e-04 6.146836094558238983e-04 8.829424041323363781e-04
3.600172841375000189e+03 1.231560949236154990e-03 -4.458614566829056090e-04 8.875881321728229523e-04
3.600197825374999866e+03 -8.953788201324641705e-04 -4.488822305575013161e-04 8.805776597000658512e-04
3.600222815375000209e+03 1.661384012550116127e-04 1.674840925261378071e-03 8.812619489617645741e-04
3.600247817375000068e+03 -8.958347025327384472e-04 -4.500036884564905817e-04 8.803844684734940529e-04
3.600272804374999851e+03 -8.866183925420045853e-04 -1.522506005130708001e-03 -1.834088616305961934e-04
3.600297788374999982e+03 -8.970206836238503456e-04 6.108205998316407204e-04 8.788179839029908180e-04
3.600322780375000093e+03 1.666217867750673944e-04 -1.509174238890409036e-03 8.814046741463243961e-04
3.600347770374999982e+03 1.647254830459133062e-04 6.135324365459382534e-04 8.786561083979904652e-04
3.600372750375000123e+03 1.727664348436520046e-04 6.024697213433682919e-04 -1.864555379142985019e-04
3.600397747375000108e+03 -8.909224416129291058e-04 6.006009061820805073e-04 -1.899862545542418957e-04
3.600422742374999871e+03 1.644129370106383887e-04 -4.498879716265947169e-04 8.796898182481527328e-04
3.600447726375000002e+03 1.728282950352877107e-04 -4.607011796906589920e-04 -1.853871217463166064e-04
3.600472720374999881e+03 1.794542185962199894e-04 5.922162090428173542e-04 -1.255072420462965965e-03
3.600497710375000224e+03 1.705998292891308936e-04 6.021104636602103710e-04 -1.901454961625858870e-04
3.600522699374999775e+03 1.709889475023373961e-04 -4.599631065502762794e-04 -1.889423874672502008e-04
3.600547688374999780e+03 -9.003312443383038044e-04 -1.512818154878913923e-03 8.738409378565847874e-04
3.600572679375000007e+03 1.783335173968225989e-04 5.899483221583068371e-04 -1.255454844795167012e-03
3.600597652375000052e+03 1.694743114057928053e-04 5.997786647640168667e-04 -1.905214594444260001e-04
3.600622658374999901e+03 1.224740175530314012e-03 -1.509302644990385012e-03 8.769917185418307781e-04
3.600647648374999790e+03 1.601823605597018925e-04 -4.495613102335482836e-04 8.721221820451319218e-04
3.600672636374999911e+03 -8.957827812992036343e-04 5.997267435304820538e-04 -1.977995270863175121e-04
3.600697627375000138e+03 1.240089652128518061e-03 -4.700350400526077097e-04 -1.254612463526427963e-03
3.600722619374999795e+03 1.676944521022961086e-04 -4.615717916749417782e-04 -1.931685401359573007e-04
3.600747596374999830e+03 -8.969653281383216381e-04 5.979909910820424557e-04 -1.980810920940712094e-04
3.600772596374999921e+03 1.652330684009938890e-04 6.015942781232297421e-04 -1.978776708710938963e-04
3.600797598374999779e+03 1.493327436037361893e-04 -1.501557533629239039e-03 1.934684929437934919e-03
3.600822577375000037e+03 1.652328792260960016e-04 -4.612731863744556904e-04 -1.967163116205483946e-04
3.600847567374999926e+03 1.227490953169763088e-03 6.007750635035336018e-04 -1.946861448232085055e-04
3.600872558375000153e+03 1.631154009373859113e-04 1.660319976508616967e-03 -1.995371276279911128e-04
3.600897529374999976e+03 1.652675564400851998e-04 -1.524938386864959977e-03 -1.956600754056125879e-04
3.600922530374999951e+03 2.290069591253995895e-03 6.001610890962183475e-04 -1.914571184897795049e-04
3.600947532374999810e+03 1.628298487048595873e-04 -4.621127445716410875e-04 -2.004525158554316109e-04
3.600972516374999941e+03 1.626373705221340060e-04 -4.625396395567805117e-04 -2.005318237934262103e-04
3.600997581999999966e+03 1.217242563143372969e-03 -4.514915926847606897e-04 8.678120793774724007e-04
3.601022577000000183e+03 2.289074473083018823e-03 -4.608988820109515840e-04 -1.938114146469160914e-04
3.601047554000000218e+03 1.224408159032464027e-03 5.985815078020095825e-04 -1.987137075047940016e-04
3.601072559000000183e+03 -9.019938297569751740e-04 -4.659348051063715869e-04 -2.043966087512671947e-04
3.601097544000000198e+03 1.498668571002781120e-04 1.671022386290132999e-03 8.577439002692699432e-04
3.601122534000000087e+03 -9.044830803759396076e-04 5.973227671347558498e-04 -2.094631781801581112e-04
3.601147523999999976e+03 1.213183160871267102e-03 6.099639576859772205e-04 8.623197209089994431e-04
3.601172516000000087e+03 -9.147463715635240078e-04 1.668560900725424073e-03 8.539707632735371590e-04
3.601197504000000208e+03 -9.135362925007939339e-04 -4.550301528070122004e-04 8.565040188841521740e-04
3.601222505000000183e+03 1.497156190453096953e-04 -4.544116382021456957e-04 8.599137654528021812e-04
3.601247476999999890e+03 -9.151028934866189957e-04 6.051836535334587097e-04 8.550008060410618782e-04
3.601272473999999875e+03 1.219874946400522969e-03 -4.614524659700692242e-04 -2.053215866908431053e-04
3.601297464000000218e+03 2.292391844093800025e-03 -1.532683847472072081e-03 -1.265645143575965925e-03
3.601322458999999981e+03 1.219412079080939076e-03 -4.626427253242582083e-04 -2.055075747193768892e-04
3.601347451999999976e+03 1.647204771870746938e-04 -1.536750351078808091e-03 -1.272733905352652073e-03
3.601372433999999885e+03 1.467864931328221885e-04 -4.548050055745989084e-04 8.558446425013244152e-04
3.601397410000000036e+03 1.541836973046883941e-04 5.956788081675767899e-04 -2.106003666995092955e-04
3.601422411999999895e+03 1.207980443723499992e-03 6.098527228459715843e-04 8.544236188754439354e-04
3.601447401999999784e+03 1.536013587610796094e-04 -4.638657846953719854e-04 -2.127795451087876883e-04
3.601472400000000107e+03 1.438126200810075077e-04 6.075793062336742878e-04 8.507519378326833248e-04
3.601497382999999900e+03 -9.184101945720613003e-04 -1.517129363492131016e-03 8.498643874190747738e-04
3.601522374000000127e+03 1.216628821566700935e-03 -1.525518484413624027e-03 -2.083269937429577112e-04
3.601547364000000016e+03 1.428440591553226113e-04 6.058874423615634441e-04 8.504956495016813278e-04
3.601572353000000021e+03 1.519793731858954105e-04 -4.667248867917805910e-04 -2.132841182174161077e-04
3.601597353000000112e+03 -9.208326810039579868e-04 -4.549662407953292131e-04 8.447920554317533970e-04
3.601622318000000178e+03 1.421127235516906056e-04 -4.542064853012561798e-04 8.481284021399915218e-04
3.601647321999999804e+03 1.412449637427926064e-04 6.069788360036909580e-04 8.467092993669211864e-04
3.601672312000000147e+03 1.415449223713949052e-04 -4.551497695501893759e-04 8.479186217300593853e-04
3.601697302999999920e+03 1.196934026665986018e-03 -1.505327294580637975e-03 1.917624962516129017e-03
3.601722283999999945e+03 1.496575277997181091e-04 -4.670066118706017733e-04 -2.172370004700497064e-04
3.601747285999999804e+03 -9.240466170012950897e-04 6.065721390768885612e-04 8.397693163715302944e-04
3.601772256000000198e+03 1.474629680160433054e-04 5.969363846816122532e-04 -2.218908048234879971e-04
3.601797253000000183e+03 1.300338772125541893e-04 6.173060392029583454e-04 1.908024773001671054e-03
3.601822252999999819e+03 -9.258300415240228176e-04 1.666430151090025902e-03 8.381190709769725800e-04
3.601847244000000046e+03 -1.987811643630266190e-03 -4.583231348078697920e-04 8.372335578314960003e-04
3.601872230999999829e+03 -9.161704219877719879e-04 -4.681787104345858097e-04 -2.244061615783720938e-04
3.601897222000000056e+03 1.465714449295774102e-04 -4.640845290850847960e-04 -2.238294255221263116e-04
3.601922223000000031e+03 1.209653215482831001e-03 -4.633346106857060844e-04 -2.204910269938409057e-04
3.601947199000000182e+03 1.209453563205898025e-03 -4.638413374777882749e-04 -2.205622295150533047e-04
3.601972177999999985e+03 1.446600072085857120e-04 5.956639652140438557e-04 -2.254681021440773931e-04
3.601997182999999950e+03 1.358545414404944127e-04 6.056812126189470291e-04 8.394446340389549732e-04
3.602022171000000071e+03 1.438464823877438903e-04 5.945293814875185490e-04 -2.256576117360963875e-04
3.602047160999999960e+03 1.531186135252937946e-04 -4.778628644999117201e-04 -1.289400504902004979e-03
3.602072153999999955e+03 -9.211989818140864372e-04 5.948891630396246910e-04 -2.323151275049895048e-04
3.602097139999999854e+03 -9.206290123984217644e-04 -4.671986971516162157e-04 -2.310805866727604920e-04
3.602122130000000197e+03 1.424093934474512935e-04 -4.663652507588266784e-04 -2.276888699270785126e-04
3.602147116000000096e+03 2.268044045194983049e-03 5.972935468889772892e-04 -2.222250041086226973e-04
3.602172113000000081e+03 1.425395894329994917e-04 -1.528869615867733955e-03 -2.265638031531125036e-04
3.602197101000000202e+03 -9.229080751538276672e-04 5.920261610299348831e-04 -2.327878173673524911e-04
3.602222091000000091e+03 -9.330490138381719589e-04 6.051394157111644745e-04 8.292273851111531258e-04
3.602247075000000223e+03 -9.254707256332039833e-04 1.655882690101861954e-03 -2.372460876358672976e-04
3.602272065999999995e+03 1.393049897160381079e-04 -4.662715364247561043e-04 -2.312000142410398072e-04
3.602297067999999854e+03 1.302921446040272984e-04 -4.565881390590221232e-04 8.336856844834983349e-04
3.602322045999999773e+03 1.200984464958309910e-03 5.954439984634518623e-04 -2.292560093337669969e-04
3.602347048000000086e+03 1.303968892898411101e-04 -1.519229728728533008e-03 8.348245755769312382e-04
3.602372032000000218e+03 1.350651145912707123e-04 1.657522632740437984e-03 -2.369136782363056865e-04
3.602397010000000137e+03 1.276769762625918063e-04 -4.558072832878679037e-04 8.306296076625585556e-04
3.602422023000000081e+03 1.191071001812816100e-03 -4.548822762444614822e-04 8.340103668160736561e-04
3.602447001000000000e+03 1.199184567667544105e-03 -4.659313999582082033e-04 -2.311026328243314949e-04
3.602471990000000005e+03 1.261990255443379012e-04 6.040950538590550423e-04 8.290347759611904621e-04
3.602496979999999894e+03 1.265509636141360077e-04 -4.580343083944172209e-04 8.302439819090068340e-04
3.602521971000000121e+03 -9.371336200274527073e-04 -4.596925573423504829e-04 8.266944787465035915e-04
3.602546960000000126e+03 1.153100893134250966e-04 6.160956108942627907e-04 1.890474697574973106e-03
3.602571941000000152e+03 1.196346827782690959e-03 -4.653003998100758141e-04 -2.348066045669839057e-04
3.602596939000000020e+03 1.186654088087379932e-03 6.061763851903378963e-04 8.287212694995105267e-04
3.602621929999999793e+03 1.187307294458151080e-03 -4.555245395749806816e-04 8.299478213302791119e-04
3.602646921000000020e+03 1.235281961271539059e-04 -4.574706836137921160e-04 8.263642084784805775e-04
3.602671911999999793e+03 1.194342970848083062e-03 5.945402081124484539e-04 -2.365761029068380865e-04
3.602696899999999914e+03 1.201799372211099105e-03 -4.749803920276463032e-04 -1.303617027588189082e-03
3.602721875000000182e+03 1.288105995627119866e-04 5.950302002020180225e-04 -2.434762718621641126e-04
3.602746889999999894e+03 -9.332849294878542423e-04 -1.529922825284302018e-03 -2.444031706545501947e-04
3.602771867999999813e+03 1.192474039271474101e-03 -4.663900472223759240e-04 -2.388949069427326051e-04
3.602796859999999924e+03 1.287050690734758973e-04 -4.681650607381016016e-04 -2.424343401798977906e-04
3.602821844000000056e+03 1.192494673887267980e-04 6.029588403180241585e-04 8.211273234337568283e-04
3.602846838999999818e+03 1.197423625853843987e-04 -4.591165925376117229e-04 8.223916520364582539e-04
3.602871829000000162e+03 1.178863167297095060e-04 -4.564649425446987152e-04 8.186807972379028797e-04
3.602896820999999818e+03 1.180877909064292908e-03 -4.553860344458370859e-04 8.220486342906951904e-04
3.602921816999999919e+03 1.248690532520413128e-04 5.938064423389732838e-04 -2.478629467077552730e-04
3.602946805999999924e+03 1.254877133760601011e-04 -4.681676218751817942e-04 -2.466091827955096960e-04
3.602971779999999853e+03 -9.390516788698732853e-04 5.912915803492069244e-04 -2.515118103474379128e-04
3.602996779000000060e+03 1.156647995230741934e-04 6.024193135090172291e-04 8.168850908987224102e-04
3.603021768999999949e+03 1.241032878169789910e-04 -1.528658089227973981e-03 -2.491316699888557196e-04
3.603046761000000060e+03 -9.488121140748262405e-04 -4.585137940011919087e-04 8.109955815598368645e-04
3.603071746000000076e+03 -9.321493562310934067e-04 -4.799432936124504155e-04 -1.319117029197514057e-03
3.603096743000000060e+03 -9.417603723704814911e-04 5.915446090511977673e-04 -2.555293904151766950e-04
3.603121729999999843e+03 -9.592164424248039722e-04 6.117157754488289356e-04 1.874345005489886024e-03
3.603146717999999964e+03 1.216401215060614049e-04 -4.694822127930819988e-04 -2.509548503439872915e-04
3.603171706000000086e+03 1.272738300031051040e-04 5.835634656250476837e-04 -1.321254880167544105e-03
3.603196700999999848e+03 -9.443309390917420387e-04 -4.693947557825595140e-04 -2.584596222732216120e-04
3.603221688000000086e+03 1.189007671200670031e-04 -4.687138425651938265e-04 -2.551148645579814911e-04
3.603246680000000197e+03 1.178797319880686971e-04 5.922852433286607265e-04 -2.565146423876286095e-04
3.603271674999999959e+03 1.104180628317407993e-04 -1.520970603451132991e-03 8.110217167995870113e-04
3.603296650000000227e+03 1.180582446977495930e-03 5.925818113610148430e-04 -2.532514627091587132e-04
3.603321652000000086e+03 1.185477813123724948e-04 -1.532490714453160980e-03 -2.541667781770228797e-04
3.603346626999999899e+03 1.153730408987029980e-04 -4.683909064624459094e-04 -2.601127780508249998e-04
3.603371627999999873e+03 1.177566475234925964e-03 5.939385155215859413e-04 -2.581097069196403027e-04
3.603396619000000101e+03 1.055567772709764947e-04 6.026078481227159500e-04 8.033409831114113331e-04
3.603421608999999989e+03 -9.411979117430746555e-04 5.796080804429948330e-04 -1.330208848230540969e-03
3.603446597999999994e+03 1.304736942984164032e-04 5.699040484614670277e-04 -2.391832182183862166e-03
3.603471587000000000e+03 1.131029930547810955e-04 5.902448901906609535e-04 -2.619138977024704218e-04
3.603496578000000227e+03 1.107155767385848002e-04 5.921961856074631214e-04 -2.659678866621106863e-04
3.603521566999999777e+03 1.175443641841412024e-03 -1.530123758129775958e-03 -2.599069266580045223e-04
3.603546558000000005e+03 1.109361546696163985e-04 -4.706308245658875054e-04 -2.648110385052859783e-04
3.603571548999999777e+03 1.099633227568120035e-04 5.902252160012722015e-04 -2.661968756001443213e-04
3.603596525999999812e+03 1.103518079617060992e-04 -4.718665149994195050e-04 -2.649913076311349869e-04
3.603621522999999797e+03 1.100503432098775967e-04 -4.725191975012422150e-04 -2.650473907124251127e-04
3.603646525000000111e+03 1.163394656032324054e-03 5.999605054967105389e-04 8.019781089387834072e-04
3.603671511000000010e+03 9.867546032182872295e-05 -4.603515553753823042e-04 7.953823660500347614e-04
3.603696492000000035e+03 -9.574752766638994217e-04 5.887269508093595505e-04 -2.745171077549458092e-04
3.603721476000000166e+03 1.056271721608937058e-04 5.894034984521567822e-04 -2.711102424655110186e-04
3.603746485000000121e+03 1.061856892192735997e-04 -4.725125036202371120e-04 -2.699227770790458268e-04
3.603771455999999944e+03 -9.668812854215502739e-04 5.975675303488969803e-04 7.902117213234305382e-04
3.603796457999999802e+03 -9.580614278092980385e-04 -4.747839411720634049e-04 -2.735934685915709084e-04
3.603821446999999807e+03 1.115319028031080961e-04 5.799187347292900085e-04 -1.340485410764812989e-03
3.603846438000000035e+03 1.167600392363965945e-03 -1.532163820229470947e-03 -2.694709692150353843e-04
3.603871430000000146e+03 9.462084562983363867e-05 -4.621194093488156796e-04 7.906665559858083725e-04
3.603896416000000045e+03 1.030657949740998040e-04 -4.731106746476144141e-04 -2.744537487160413915e-04
3.603921408000000156e+03 1.029943814501165937e-04 -4.737288109026849270e-04 -2.745144884102045948e-04
3.603946390000000065e+03 -9.608138934709131718e-04 -4.755390400532633066e-04 -2.781111106742172891e-04
3.603971387000000050e+03 1.015605230350046943e-04 5.867347936145961285e-04 -2.760422939900308847e-04
3.603996377999999822e+03 9.984256030293181539e-05 5.893681664019823074e-04 -2.802495146170259064e-04
3.604021369000000050e+03 9.956066787708550692e-05 5.889023886993527412e-04 -2.803241368383169174e-04
3.604046358000000055e+03 1.001844066195189953e-04 -4.734352114610373974e-04 -2.790954895317553932e-04
3.604071340999999848e+03 9.995698201237246394e-05 -4.739121359307318926e-04 -2.791692968457937241e-04
3.604096320999999989e+03 8.268264355137944221e-05 -4.539445508271455765e-04 1.850724336691200950e-03
3.604121317999999974e+03 1.162098487839102962e-03 5.877721123397350311e-04 -2.772242587525398081e-04
3.604146317000000181e+03 8.971025090431794524e-05 -4.620015970431268215e-04 7.819792954251170158e-04
3.604171306000000186e+03 -9.739770321175456047e-04 -4.639351100195199251e-04 7.783960318192839622e-04
3.604196296000000075e+03 1.152423676103353934e-03 -4.617173399310559034e-04 7.852438720874488354e-04
3.604221296000000166e+03 8.780960342846810818e-05 5.977959954179823399e-04 7.803365588188171387e-04
3.604246278000000075e+03 1.159606850706041076e-03 5.882932455278933048e-04 -2.812749007716774940e-04
3.604271266000000196e+03 9.682714153314009309e-05 -4.750708758365362883e-04 -2.835393825080245733e-04
3.604296267000000171e+03 -9.762124391272664070e-04 5.951304337941110134e-04 7.765829795971512794e-04
3.604321248000000196e+03 9.432315710000693798e-05 5.888418527320027351e-04 -2.886060974560678005e-04
3.604346237000000201e+03 8.563590381527319551e-05 5.987284239381551743e-04 7.763192406855523586e-04
3.604371227000000090e+03 9.434275125386193395e-05 -4.737954586744307930e-04 -2.874667407013475895e-04
3.604396217999999863e+03 -9.785394649952650070e-04 5.965309683233499527e-04 7.726424955762922764e-04
3.604421204000000216e+03 -9.696104098111391068e-04 -4.761642194353044033e-04 -2.911294868681579828e-04
3.604446199999999862e+03 1.156106009148061059e-03 5.872957408428192139e-04 -2.855829661712049896e-04
3.604471198000000186e+03 1.146733644418417974e-03 6.002127192914485931e-04 7.767372881062328815e-04
3.604496176999999989e+03 8.440514648100361228e-05 -1.524682855233550072e-03 7.758672581985592842e-04
3.604521165999999994e+03 8.320234337588772178e-05 -4.638533864635974169e-04 7.744242902845144272e-04
3.604546158000000105e+03 9.070066153071820736e-05 5.868767038919031620e-04 -2.919840044341980869e-04
3.604571131000000150e+03 9.125274664256721735e-05 -4.753371467813848907e-04 -2.907671150751411915e-04
3.604596132000000125e+03 9.022008453030139208e-05 5.859340308234095573e-04 -2.921935811173170805e-04
3.604621133999999984e+03 -9.738260414451360703e-04 5.871266475878655910e-04 -2.980482240673155135e-04
3.604646115999999893e+03 1.162074506282805963e-03 -4.824607167392969131e-04 -1.354878186248243072e-03
3.604671107000000120e+03 -9.738199878484010696e-04 -4.754429101012647152e-04 -2.969154156744480133e-04
3.604696085000000039e+03 8.071824413491412997e-05 -4.643495194613934105e-04 7.714859675616025925e-04
3.604721069000000170e+03 9.729287558002397418e-05 -4.857651947531849146e-04 -1.358627225272357030e-03
3.604746064999999817e+03 9.708186553325504065e-05 -4.860623448621482199e-04 -1.358718844130635045e-03
3.604771068999999898e+03 1.159434323199092908e-03 5.790840368717908859e-04 -1.358383684419095950e-03
3.604796056000000135e+03 -9.752977057360112667e-04 -4.751783271785824949e-04 -2.990552166011183912e-04
3.604821046000000024e+03 9.550400864100083709e-05 5.767830298282206059e-04 -1.362022710964084105e-03
3.604846038000000135e+03 -9.761277469806373119e-04 -4.761949239764363116e-04 -2.992861845996230841e-04
3.604871027000000140e+03 8.698170859133824706e-05 -4.751952656079084223e-04 -2.959111006930469925e-04
3.604896028999999999e+03 -9.768529562279582024e-04 -4.770688829012215137e-04 -2.995012619066982919e-04
3.604920999999999822e+03 2.203633310273290114e-03 5.982362781651318073e-04 7.744930335320532322e-04
3.604945978000000196e+03 8.483036071993410587e-05 5.878757801838219166e-04 -2.991423534695059061e-04
3.604970967000000201e+03 -9.865539614111185074e-04 -4.650090995710343122e-04 7.636447553522884846e-04
3.604995978999999807e+03 -9.799362160265445709e-04 1.647080061957240105e-03 -3.041402669623494148e-04
3.605020959999999832e+03 8.472525951219722629e-05 -4.751431406475604123e-04 -2.980865538120269775e-04
3.605045960999999807e+03 2.210407052189112143e-03 5.883333506062626839e-04 -2.926044107880442792e-04
3.605070948000000044e+03 1.146692316979170062e-03 5.865586572326719761e-04 -2.961420395877211744e-04
3.605095936000000165e+03 8.366346446564421058e-05 -4.769751394633203745e-04 -2.983881859108806199e-04
3.605120926000000054e+03 7.366781937889754772e-05 5.977763794362545013e-04 7.638657698407769203e-04
3.605145918000000165e+03 7.321483280975371599e-05 5.968844634480774403e-04 7.637731032446026802e-04
3.605170905999999832e+03 1.144937239587306976e-03 5.871456814929842949e-04 -2.978146949317305738e-04
3.605195897000000059e+03 1.135936239734292030e-03 5.967849865555763245e-04 7.670756895095109940e-04
3.605220887999999832e+03 -9.808441391214728355e-04 -1.539850374683737972e-03 -3.022544842679054087e-04
3.605245875000000069e+03 -9.903047466650605202e-04 -4.686326428782194853e-04 7.612999761477112770e-04
3.605270865999999842e+03 1.143744215369224982e-03 5.880114622414112091e-04 -2.991560613736509735e-04
3.605295857999999953e+03 7.291831570910289884e-05 -1.526665524579585032e-03 7.649266044609248638e-04
3.605320846000000074e+03 -9.912478271871805191e-04 -4.669087938964366913e-04 7.600556709803640842e-04
3.605345826000000216e+03 7.113844912964850664e-05 5.952276405878365040e-04 7.620751857757568359e-04
3.605370828000000074e+03 -9.831975912675261497e-04 -4.784830671269447154e-04 -3.051286330446600914e-04
3.605395814999999857e+03 7.901609933469444513e-05 5.836570053361356258e-04 -3.031066153198481148e-04
3.605420798999999988e+03 -9.859130950644612312e-04 1.646216376684606075e-03 -3.085042699240148067e-04
3.605445780000000013e+03 7.790880044922232628e-05 5.852638860233128071e-04 -3.038167778868228197e-04
3.605470784999999978e+03 1.141166314482688904e-03 5.861786776222288609e-04 -3.004341560881584883e-04
3.605495777000000089e+03 8.671649993630126119e-05 -4.876259190496056730e-04 -1.367660355754197078e-03
3.605520766999999978e+03 -9.863941231742501259e-04 5.823621759191155434e-04 -3.075774584431201220e-04
3.605545740000000023e+03 1.149494666606188037e-03 -4.871961136814206839e-04 -1.364410272799432061e-03
3.605570733999999902e+03 7.573169568786397576e-05 5.852870526723563671e-04 -3.046019701287149841e-04
3.605595742999999857e+03 6.783046410419046879e-05 -4.664088191930205172e-04 7.616597576998174191e-04
3.605620725000000220e+03 7.576460484415292740e-05 -4.774075932800769806e-04 -3.034566179849206859e-04
3.605645716999999877e+03 7.550765440100803971e-05 -4.778820730280131102e-04 -3.035303961951286143e-04
3.605670708000000104e+03 1.137925777584313913e-03 5.841338424943387508e-04 -3.014973481185733730e-04
3.605695704000000205e+03 6.576481246156617999e-05 5.928457248955965042e-04 7.599500240758061409e-04
3.605720675000000028e+03 2.175893401727079911e-03 -4.460893105715513229e-04 2.898105420172214942e-03
3.605745676000000003e+03 6.371790368575602770e-05 1.655556145124136968e-03 7.582755060866475105e-04
3.605770656000000145e+03 8.193363464670255780e-05 -4.889159463346004486e-04 -1.369177713058888912e-03
3.605795657000000119e+03 6.356881931424140930e-05 5.930227343924343586e-04 7.594040944240987301e-04
3.605820647000000008e+03 -9.824373992159962654e-04 -4.916662583127617836e-04 -1.372798462398350022e-03
3.605845636000000013e+03 7.235280645545572042e-05 -4.804242926184087992e-04 -3.044131444767118042e-04
3.605870628000000124e+03 -2.063539111986755891e-03 -4.733178357128053904e-04 7.535420008935034275e-04
3.605895617000000129e+03 7.954573811730369925e-05 -4.896408063359558582e-04 -1.369675737805664973e-03
3.605920604999999796e+03 -1.001160009764135101e-03 -4.708382475655525923e-04 7.567408028990030289e-04
3.605945588999999927e+03 6.128974928287789226e-05 5.915045621804893017e-04 7.588005973957479000e-04
3.605970581000000038e+03 6.184795347508043051e-05 -4.707085026893764734e-04 7.600173703394830227e-04
3.605995656916667031e+03 -1.003430108539759896e-03 1.650538062676786943e-03 7.538211648352444172e-04
3.606020659916666773e+03 1.124761183746159077e-03 -4.706316976808012074e-04 7.633016793988645077e-04
3.606045639916666914e+03 1.133719459176063971e-03 -1.543091959320008972e-03 -3.004323807545005733e-04
3.606070626916667152e+03 6.865703471703454852e-05 -4.816965374629945105e-04 -3.053820109926164150e-04
3.606095622916666798e+03 -1.004110905341804028e-03 5.883185658603906631e-04 7.547573186457157135e-04
3.606120592916667192e+03 5.064801371190696955e-05 5.992801161482930183e-04 1.823109341785311916e-03
3.606145596916666818e+03 7.607071893289685249e-05 5.677433218806982040e-04 -1.371969934552907944e-03
3.606170587916667046e+03 1.130402088165282986e-03 5.787177942693233490e-04 -3.036144189536572045e-04
3.606195579916667157e+03 6.754579953849315643e-05 -4.849097458645700866e-04 -3.058215661440045184e-04
3.606220565916667056e+03 5.632013562717474997e-05 5.873325862921774387e-04 7.574944174848496914e-04
3.606245558916667051e+03 5.690217585652135313e-05 -4.747147613670676947e-04 7.586944266222417355e-04
3.606270538916667192e+03 6.512289837701246142e-05 -4.856357118114829063e-04 -3.063701151404529810e-04
3.606295534916666838e+03 1.128895790316164060e-03 -1.546471496112645106e-03 -3.016956907231361216e-04
3.606320532916667162e+03 6.356427911669015884e-05 5.747394752688705921e-04 -3.078879963140935248e-04
3.606345530916667030e+03 -1.008025603368877931e-03 -4.785567580256611109e-04 7.548800203949213028e-04
3.606370496916666980e+03 -1.000574440695344968e-03 5.719643086194992065e-04 -3.115091240033506805e-04
3.606395499916667177e+03 6.166567618492990732e-05 -4.882721696048974991e-04 -3.069743979722260887e-04
3.606420470916667000e+03 5.303732177708297968e-05 -4.781752941198647022e-04 7.579296943731606007e-04
3.606445476916666848e+03 1.115452498197555976e-03 5.842013051733374596e-04 7.599270320497453213e-04
3.606470467916667076e+03 5.180323205422610044e-05 5.825693369843065739e-04 7.563731051050126553e-04
3.606495464916667061e+03 6.056650454411283135e-05 -4.900772473774850368e-04 -3.074007108807563782e-04
3.606520446916666970e+03 5.095229062135331333e-05 5.813507596030831337e-04 7.561931270174682140e-04
3.606545438916667081e+03 4.898692350252530791e-05 5.813527386635541916e-04 7.560428348369896412e-04
3.606570429916666853e+03 5.803431122330948710e-05 -4.911569994874298573e-04 -3.076850844081491232e-04
3.606595416916667091e+03 5.759717896580696106e-05 -4.920838400721549988e-04 -3.077741712331771851e-04
3.606620408916667202e+03 5.734695514547639273e-05 -4.924881504848599434e-04 -3.078548761550337076e-04
3.606645399916666975e+03 5.721754860132932663e-05 -4.932645824737846851e-04 -3.079607558902353048e-04
3.606670394916667192e+03 1.118791406042874076e-03 1.630742568522691944e-03 -3.072430554311723059e-04
3.606695366916666899e+03 6.283145921770483255e-05 5.573340458795428276e-04 -1.374527229927480004e-03
3.606720354916667020e+03 -1.008405582979321046e-03 -4.956475459039211273e-04 -3.117313899565488100e-04
3.606745356916666879e+03 -1.007955055683851025e-03 -1.557765761390327974e-03 -3.105233481619507074e-04
3.606770346916667222e+03 -1.018160372041166046e-03 5.751738790422677994e-04 7.517417543567717075e-04
3.606795331916666782e+03 1.108851749449967904e-03 -4.843436763621867245e-04 7.598813972435891628e-04
3.606820327916666884e+03 6.310912431217730045e-05 -1.568653620779514096e-03 -1.372300786897540092e-03
3.606845318916667111e+03 5.178303399588912725e-05 1.625399570912122943e-03 -3.113847924396396225e-04
3.606870287916667166e+03 5.226468056207522750e-05 -1.559125143103301959e-03 -3.076433495152742213e-04
3.606895291916666793e+03 4.202978743705899201e-05 5.737396422773599625e-04 7.546274573542177677e-04
3.606920279916666914e+03 1.105728209950030067e-03 -4.870591801591218060e-04 7.593005429953336716e-04
3.606945288916666868e+03 -1.021251664496958039e-03 -4.900151980109512806e-04 7.522844825871288776e-04
3.606970267916667126e+03 5.030655302107334137e-05 -4.997399519197642803e-04 -3.093665582127869129e-04
3.606995257916667015e+03 -1.021943753585218950e-03 -4.911252763122320175e-04 7.520928629674017429e-04
3.607020249916667126e+03 1.101944362744688988e-03 5.726753734052181244e-04 7.572694448754191399e-04
3.607045237916666792e+03 4.680209531215950847e-05 5.604867474175989628e-04 -3.112646227236837149e-04
3.607070228916667020e+03 1.118953921832144044e-03 -5.108655896037817001e-04 -1.371573656797409058e-03
3.607095214916666919e+03 1.109468867070972919e-03 5.607589264400303364e-04 -3.079980961047112942e-04
3.607120207916666914e+03 1.100642373785376982e-03 5.706654628738760948e-04 7.568650762550532818e-04
3.607145198916667141e+03 3.616886169766075909e-05 1.630303799174726009e-03 7.520077051594853401e-04
3.607170189916666914e+03 4.390638059703633189e-05 5.573983071371912956e-04 -3.122651833109558171e-04
3.607195161916667075e+03 -1.019076677039266066e-03 -5.059615941718220711e-04 -3.144675574731082266e-04
3.607220168916666807e+03 4.245694435667247258e-05 1.617655972950160937e-03 -3.137722087558358908e-04
3.607245158916667151e+03 4.376363358460366726e-05 -5.058872629888355732e-04 -3.111825790256261826e-04
3.607270146916666818e+03 -1.029534265398978970e-03 5.641873576678335667e-04 7.488931878469884396e-04
3.607295149916667015e+03 2.501564813428558070e-05 5.755244637839496136e-04 1.817270647734404044e-03
3.607320117916667186e+03 -1.021071686409414031e-03 -5.088708712719380856e-04 -3.149622061755508184e-04
3.607345117916666823e+03 4.115372212254442275e-05 -5.081041599623858929e-04 -3.123135538771749085e-04
3.607370108916667050e+03 2.466220394126139920e-05 -1.549554755911231041e-03 1.818900578655302958e-03
3.607395099916666823e+03 -1.022410928271711089e-03 -5.104174488224089146e-04 -3.159835760015993768e-04
3.607420086916667060e+03 1.104945898987353065e-03 -1.570021384395658970e-03 -3.078374138567597216e-04
3.607445078916667171e+03 4.805315256817265667e-05 5.409804871305823326e-04 -1.379045890644192912e-03
3.607470068916667060e+03 -1.015470363199711063e-03 5.389977595768868923e-04 -1.382624963298439980e-03
3.607495048916667201e+03 -1.023698830977082036e-03 -5.123705486766993999e-04 -3.163937944918870926e-04
3.607520049916667176e+03 1.101892907172441049e-03 -5.105045856907963753e-04 -3.104305651504545862e-04
3.607545039916667065e+03 3.743011620827019215e-05 5.490921321325004101e-04 -3.152857243549079245e-04
3.607570021916666974e+03 -2.087706001475452943e-03 -1.577172195538878007e-03 -3.196477191522716934e-04
3.607595009916667095e+03 1.948020690178963948e-05 1.630220911465585015e-03 1.813160371966660023e-03
3.607619993916667227e+03 1.092884340323508003e-03 -5.023780977353453636e-04 7.542130770161747932e-04
3.607644995916667085e+03 3.756887963390909135e-05 -5.149430362507700920e-04 -3.143437497783451730e-04
3.607669987916667196e+03 3.541215846780688248e-05 5.461912369355559349e-04 -3.168927214574068785e-04
3.607694978916666969e+03 3.575093069230206311e-05 -5.160743021406233311e-04 -3.156694292556493932e-04
3.607719954916667120e+03 1.098162727430463054e-03 5.462497938424348831e-04 -3.136055893264710903e-04
3.607744957916666863e+03 -1.029010163620113893e-03 5.428135045804083347e-04 -3.206359106115996838e-04
3.607769958916666837e+03 3.485484194243326783e-05 -5.180391599424183369e-04 -3.158973704557865858e-04
3.607794938916666979e+03 2.532733742555138062e-05 5.531329079531133175e-04 7.476601749658584595e-04
3.607819938916667070e+03 3.276053030276671052e-05 5.426341667771339417e-04 -3.188465489074587822e-04
3.607844920916666979e+03 1.088140415959059975e-03 -5.078844260424375534e-04 7.508330163545906544e-04
3.607869918916666848e+03 -1.031233463436364911e-03 5.402949173003435135e-04 -3.225116524845362252e-04
3.607894898916666989e+03 4.096457996638491750e-05 -5.308613763190805912e-04 -1.382840215228497982e-03
3.607919902916667070e+03 -1.039730035699903965e-03 -5.119183333590626717e-04 7.436234736815094948e-04
3.607944877916666883e+03 -1.039952854625880935e-03 -5.124754970893263817e-04 7.434967556037008762e-04
3.607969869916666994e+03 1.094638020731508949e-03 5.406481213867664337e-04 -3.159625048283488100e-04
3.607994872916667191e+03 2.254727769468444992e-05 -5.121486610732972622e-04 7.448911201208829880e-04
3.608019848916666888e+03 -1.041934010572731061e-03 5.476333317346870899e-04 7.400196627713739872e-04
3.608044839916667115e+03 1.092892605811357064e-03 5.393188330344855785e-04 -3.181755309924482757e-04
3.608069830916666888e+03 3.115086292382329702e-05 -1.585445948876440959e-03 -3.190615097992122173e-04
3.608094817916667125e+03 2.162842247344088148e-05 -5.141997244209051132e-04 7.444887887686491013e-04
3.608119809916666782e+03 1.093508908525109074e-03 -5.239004967734217644e-04 -3.171032003592699766e-04
3.608144808916666989e+03 1.092195743694901033e-03 -5.242674960754811764e-04 -3.192904114257543737e-04
3.608169788916667130e+03 2.763016709650401026e-05 5.355019238777458668e-04 -3.241620725020766258e-04
3.608194778916667019e+03 -1.043880591169000106e-03 -5.177403218112885952e-04 7.386002689599990845e-04
3.608219770916667130e+03 1.099716289900243065e-03 -5.361347575671970844e-04 -1.384564675390719934e-03
3.608244763916667125e+03 1.826647530833724886e-05 5.442471010610461235e-04 7.405137876048684120e-04
3.608269757916667004e+03 1.099085435271262906e-03 -5.371638108044862747e-04 -1.384795294143259959e-03
3.608294753916667105e+03 1.080616377294064002e-03 -5.161949666216969490e-04 7.426706724800169468e-04
3.608319728916666918e+03 -1.038004527799784920e-03 -5.297714378684759140e-04 -3.293813788332045078e-04
3.608344719916667145e+03 1.087783137336372895e-03 5.342176300473511219e-04 -3.238876524847000837e-04
3.608369710916666918e+03 -1.047991565428674004e-03 5.411515012383460999e-04 7.340831216424703598e-04
3.608394708916666787e+03 -1.048183301463722966e-03 5.406149430200457573e-04 7.340153097175061703e-04
3.608419702916667120e+03 1.486809287598588927e-05 5.412180908024311066e-04 7.373672560788691044e-04
3.608444670916666837e+03 1.552880712551996112e-05 -5.207125213928520679e-04 7.386167999356985092e-04
3.608469667916666822e+03 3.114042192464693703e-05 -5.414126790128648281e-04 -1.393972313962877014e-03
3.608494659916666933e+03 -1.049562939442693970e-03 -5.224768538028001785e-04 7.324922480620443821e-04
3.608519651916667044e+03 1.294636967941186983e-05 5.397919449023902416e-04 7.344983168877661228e-04
3.608544631916667186e+03 1.267633797397139059e-05 5.394289619289338589e-04 7.344135083258152008e-04
3.608569641916667024e+03 1.084542833268641992e-03 5.297471652738749981e-04 -3.272412868682295084e-04
3.608594604916666867e+03 1.242554208147340031e-05 5.384976393543183804e-04 7.342018652707338333e-04
3.608619609916666832e+03 2.006243994401301850e-05 -5.335944588296115398e-04 -3.318146918900310993e-04
3.608644599916667175e+03 -1.044365926645695946e-03 5.261309561319649220e-04 -3.366826276760547811e-04
3.608669595916666822e+03 2.887883783841970969e-05 -1.606830628588796096e-03 -1.395653816871345043e-03
3.608694563916666993e+03 1.055222037393832918e-05 -5.250970134511590004e-04 7.329481886699795723e-04
3.608719565916666852e+03 -1.045483280904591084e-03 5.241609178483486176e-04 -3.369693586137145758e-04
3.608744545916666993e+03 9.201517968904227018e-06 5.353424930945038795e-04 7.314229151234030724e-04
3.608769549916667074e+03 1.073061604984105067e-03 -5.257389857433736324e-04 7.361235329881310463e-04
3.608794539916666963e+03 1.647720091568772089e-05 -5.370301660150289536e-04 -3.349506296217442101e-04
3.608819531916667074e+03 1.526590131106786091e-05 5.238134181126952171e-04 -3.363946161698549986e-04
3.608844519916667196e+03 1.589725252415518869e-05 -5.382460076361894608e-04 -3.351320337969809771e-04
3.608869510916666968e+03 1.544600672787055034e-05 -5.389189464040100574e-04 -3.352460043970494920e-04
3.608894501916667195e+03 5.876099749002605677e-06 5.325031233951449394e-04 7.283482700586318970e-04
3.608919480916666998e+03 7.128138349798973650e-06 -1.591315260156989098e-03 7.309046341106295586e-04
3.608944480916667089e+03 -5.520852482732153413e-06 1.604150631465018012e-03 1.789429923519491933e-03
3.608969471916666862e+03 -1.060732523910701058e-03 1.592090004123746915e-03 7.208529859781265259e-04
3.608994449916666781e+03 1.139709365816088055e-05 5.208837101235985756e-04 -3.394703089725226164e-04
3.609019451916667094e+03 1.118390446208650077e-05 5.205521010793745518e-04 -3.395583771634846926e-04
3.609044441916666983e+03 1.154789515567244962e-05 -5.416601779870688915e-04 -3.383403818588703871e-04
3.609069429916667104e+03 1.049038655764888972e-05 5.192068056203424931e-04 -3.397264517843722755e-04
3.609094427916666973e+03 3.832595893982215784e-07 5.296131712384521961e-04 7.231938652694225311e-04
3.609119410916667221e+03 1.048163085215491962e-06 -5.326762911863625050e-04 7.244790322147309780e-04
3.609144399916667226e+03 6.145930342427163851e-07 -5.333586595952510834e-04 7.243659929372370243e-04
3.609169394916666988e+03 -2.126518404111266136e-03 -5.364469834603369236e-04 7.173648336902260780e-04
3.609194382916667109e+03 7.450723842339357361e-06 5.166899645701050758e-04 -3.421539440751075745e-04
3.609219379916667094e+03 6.437312549678608775e-06 1.577668823301791928e-03 -3.435513644944875890e-04
3.609244342916666938e+03 7.586821993754711002e-06 -5.460274987854063511e-04 -3.410065546631813049e-04
3.609269347916666902e+03 -1.316996440436924046e-05 1.597932656295597987e-03 1.784052932634949901e-03
3.609294340916666897e+03 5.170999884285265580e-06 -5.465975846163928509e-04 -3.433932142797858065e-04
3.609319336916666998e+03 -3.345588538650190034e-06 -5.365561810322105885e-04 7.215159712359309196e-04
3.609344321916667013e+03 2.131212735548615022e-03 5.166571354493498802e-04 -3.380128764547408169e-04
3.609369324916667210e+03 4.867488314630463719e-06 -5.481261177919805050e-04 -3.436671104282140732e-04
3.609394286916667170e+03 3.683569957502185875e-06 5.125992465764284134e-04 -3.450993390288203955e-04
3.609419294916666786e+03 2.409392436675262130e-06 -5.486450390890240669e-04 -3.458692226558924263e-04
3.609444280916667140e+03 -7.334976999118225649e-06 5.228791269473731518e-04 7.176548242568969727e-04
3.609469270916667028e+03 7.770638603687984869e-07 5.121026770211756229e-04 -3.474235127214341814e-04
3.609494262916667140e+03 1.956826054083649069e-06 -1.611766638234257915e-03 -3.448616771493107080e-04
3.609519249916666922e+03 1.072007231414318085e-03 5.018785013817250729e-04 -1.409144955687225082e-03
3.609544242916666917e+03 -1.344164672900660927e-07 5.102449213154613972e-04 -3.477224381640552932e-04
3.609569244916666776e+03 -9.707575372885912657e-06 -5.406314157880842686e-04 7.168674492277204990e-04
3.609594220916666927e+03 -2.429430196571046994e-06 5.100389244034886360e-04 -3.495944838505237753e-04
3.609619211916667155e+03 -1.607362946742795916e-06 -5.522661958821117878e-04 -3.483085602056235075e-04
3.609644196916667170e+03 -2.842259164026473141e-06 5.087426980026066303e-04 -3.497382276691495830e-04
3.609669191916666932e+03 -1.249408251169369979e-05 1.579856849275528951e-03 7.138279033824801445e-04
3.609694182916667160e+03 -3.422337158554001204e-06 5.074226646684110165e-04 -3.499092417769134045e-04
3.609719164916667069e+03 -1.074692932888865037e-03 -5.456942599266767502e-04 7.128393626771867275e-04
3.609744155916666841e+03 -1.077119261026382013e-03 5.161680164746940136e-04 7.098707719705998898e-04
3.609769152916666826e+03 -1.068998361006378911e-03 5.050423787906765938e-04 -3.552357375156133825e-04
3.609794142916667170e+03 -1.274232090509030968e-05 -1.606700825504959063e-03 7.158055086620151997e-04
3.609819131916667175e+03 1.049483078531920910e-03 -5.445465212687849998e-04 7.178264204412698746e-04
3.609844122916666947e+03 -7.222584372357231649e-06 1.566500402987002893e-03 -3.533874405547975952e-04
3.609869113916667175e+03 2.111461246386169954e-03 5.172382807359099388e-04 7.197632221505045891e-04
3.609894107916667053e+03 1.047726836986839988e-03 5.154326208867132664e-04 7.162271649576723576e-04
3.609919089916666962e+03 -2.495410262781661004e-05 -5.369763239286839962e-04 1.777708646841347001e-03
3.609944091916666821e+03 -8.171242370735853910e-06 -5.581366713158786297e-04 -3.523695922922343016e-04
3.609969076916666836e+03 -1.072913641110063033e-03 5.013801855966448784e-04 -3.572761197574437207e-04
3.609994048916666998e+03 -1.814698225643951107e-05 5.127968033775687218e-04 7.110923179425299168e-04
3.610019053916666962e+03 1.053814194165169976e-03 -5.585122271440923214e-04 -3.492177929729223251e-04
3.610044051916666831e+03 -1.993148725887294859e-05 1.573119778186083057e-03 7.095831097103655338e-04
3.610069022916667109e+03 -2.056603079836349934e-05 5.119348643347620964e-04 7.098366040736436844e-04
3.610094024916666967e+03 2.114412141963839965e-03 5.038206581957638264e-04 -3.483179607428609783e-04
3.610119011916667205e+03 -1.076278975233436064e-03 4.993542097508907318e-04 -3.588380059227346832e-04
3.610144002916666977e+03 -1.329982569586717947e-05 5.001905956305563450e-04 -3.554458380676805973e-04
3.610168994916667089e+03 1.042009680531919003e-03 -5.502613494172692299e-04 7.142278482206165791e-04
3.610193981916666871e+03 1.040992792695760944e-03 5.107634933665394783e-04 7.128259167075157166e-04
3.610218973916666982e+03 -1.472340136388083920e-05 -5.619293078780174255e-04 -3.553906863089650869e-04
3.610243963916666871e+03 -1.475945828133263033e-05 -5.624741897918283939e-04 -3.554584691300988197e-04
3.610268952916666876e+03 2.102415543049573898e-03 5.114991217851638794e-04 7.150120800361037254e-04
3.610293943916667104e+03 -1.603867167432327162e-05 4.978689830750226974e-04 -3.569743130356072837e-04
3.610318934916666876e+03 -1.079837325960397937e-03 4.957543569616973400e-04 -3.605404344853013754e-04
3.610343920916666775e+03 -1.079111360013484955e-03 -5.665699136443436146e-04 -3.592826251406223124e-04
3.610368899916667033e+03 -1.717123632261063904e-05 -5.645725759677588940e-04 -3.565448860172181779e-04
3.610393904916666997e+03 -9.153672181128058583e-06 -5.756564787589013577e-04 -1.421654946170747063e-03
3.610418892916667119e+03 -1.798612720449455082e-05 -5.657826550304889679e-04 -3.567253879737108946e-04
3.610443884916666775e+03 -1.916854671435430985e-05 4.948620917275547981e-04 -3.581498167477548122e-04
3.610468874916667119e+03 -1.083669136278331063e-03 1.554600545205176093e-03 -3.630185383372008801e-04
3.610493849916666932e+03 -2.059207508864346892e-05 1.555349095724523067e-03 -3.596790193114430254e-04
3.610518854916666896e+03 -2.851096360245719891e-05 5.038122180849313736e-04 7.065673707984387875e-04
3.610543844916666785e+03 -2.995340764755383134e-05 5.048867897130548954e-04 7.058865739963948727e-04
3.610568840916666886e+03 1.033902401104569001e-03 -5.557703552767634392e-04 7.106059929355978966e-04
3.610593822916666795e+03 -2.156894188374280930e-03 -5.602998426184058189e-04 7.000933983363211155e-04
3.610618818916666896e+03 -3.882067539962009273e-05 -5.476486985571682453e-04 1.771934214048088031e-03
3.610643802916667028e+03 -2.985068022098857909e-05 -1.620105234906076951e-03 7.081390358507633209e-04
3.610668793916666800e+03 -1.078078406862914996e-03 4.802326147910208052e-04 -1.428039860911666913e-03
3.610693785916666911e+03 1.030019018799066977e-03 5.044138524681329727e-04 7.084017270244657993e-04
3.610718760916667179e+03 -2.507464159862137992e-05 4.923808155581355095e-04 -3.601476491894572973e-04
3.610743750916667068e+03 -2.468816273903939873e-05 -5.698605673387646675e-04 -3.589266852941364050e-04
3.610768764916666896e+03 -1.709125172055792063e-05 4.808998492080717737e-04 -1.425340073183178902e-03
3.610793743916667154e+03 -2.593266253825277090e-05 4.905843525193631649e-04 -3.604526864364743233e-04
3.610818734916666926e+03 -2.525659510865807872e-05 -5.713822902180254459e-04 -3.591995046008378267e-04
3.610843725916667154e+03 -3.340611146995797753e-05 -1.623229589313269095e-03 7.070179563015699387e-04
3.610868697916666861e+03 -2.726240381889510900e-05 -5.706990486942231655e-04 -3.595732559915632010e-04
3.610893704916667048e+03 -2.839927947206888009e-05 4.901937209069728851e-04 -3.610222775023431128e-04
3.610918700916667149e+03 -1.090388046577573039e-03 -1.634609536267817020e-03 -3.619029303081334179e-04
3.610943683916666942e+03 -3.706939969561062753e-05 4.994701012037694454e-04 7.037809118628501892e-04
3.610968675916667053e+03 -3.574272705009207129e-05 -1.624076860025525093e-03 7.063710363581776619e-04
3.610993746749999900e+03 -1.977225110749714077e-05 -5.838977522216737270e-04 -1.425080350600183010e-03
3.611018730750000032e+03 -1.102193375118077018e-03 4.984281258657574654e-04 7.000311743468046188e-04
3.611043721749999804e+03 -3.913456748705357313e-05 4.994521150365471840e-04 7.033720612525939941e-04
3.611068712750000032e+03 -3.002324592671357095e-05 -5.729288677684962749e-04 -3.604296362027525902e-04
3.611093688750000183e+03 -3.962825940106994726e-05 4.983674152754247189e-04 7.031774148344993591e-04
3.611118677750000188e+03 1.032831147313117981e-03 -5.728016840294003487e-04 -3.571492270566523075e-04
3.611143681749999814e+03 -3.161325003020464696e-05 4.867915704380720854e-04 -3.620038332883269137e-04
3.611168683750000127e+03 1.030376530252397060e-03 4.892483120784163475e-04 -3.585508384276180917e-04
3.611193660750000163e+03 -4.250008714734577320e-05 1.559386844746768041e-03 7.015772862359881401e-04
3.611218651749999935e+03 -1.105500850826502063e-03 4.956403281539678574e-04 6.993525312282145023e-04
3.611243638750000173e+03 -1.097223022952676036e-03 4.849634715355933255e-04 -3.657383203972131014e-04
3.611268623750000188e+03 -1.097742933779954910e-03 4.845146613661199808e-04 -3.658739733509718830e-04
3.611293628750000153e+03 -3.392364305909723043e-05 -5.762071814388036728e-04 -3.611480933614075184e-04
3.611318589749999774e+03 -3.439674037508667193e-05 -5.769623094238340855e-04 -3.612536820583044941e-04
3.611343601749999834e+03 -4.472143336897715926e-05 4.965508705936372280e-04 7.023428915999829769e-04
3.611368592750000062e+03 -3.654376996564678848e-05 4.857013118453323841e-04 -3.627892874646931887e-04
3.611393584750000173e+03 -3.591263885027728975e-05 -5.764142260886728764e-04 -3.615210880525410175e-04
3.611418554750000112e+03 -5.417784268502146006e-05 5.053021595813333988e-04 1.767021371051668904e-03
3.611443557749999854e+03 -1.109291799366473935e-03 4.933143500238656998e-04 6.984674837440252304e-04
3.611468550749999849e+03 2.089121611788868904e-03 4.863283538725227118e-04 -3.562670317478477955e-04
3.611493551749999824e+03 -4.626530426321551204e-05 -5.656817229464650154e-04 7.031513378024101257e-04
3.611518533750000188e+03 1.025338075123727105e-03 -5.752262659370899200e-04 -3.585155645851045847e-04
3.611543516749999981e+03 -1.110957935452461026e-03 4.935015458613634109e-04 6.981577607803046703e-04
3.611568497750000006e+03 -3.951328835682942786e-05 4.838876484427601099e-04 -3.635034663602709770e-04
3.611593490750000001e+03 1.023750519379972978e-03 4.849805845879017765e-04 -3.601379867177457159e-04
3.611618492749999859e+03 -2.175244735553861098e-03 4.904281231574714184e-04 6.943855551071465015e-04
3.611643483750000087e+03 -4.104343679500743747e-05 1.543878926895559051e-03 -3.651046718005090952e-04
3.611668473749999976e+03 -4.103627361473626711e-05 4.842244379688053781e-04 -3.638244525063782930e-04
3.611693461750000097e+03 -4.813327541342005134e-05 -1.628975849598645947e-03 7.037663017399609089e-04
3.611718451749999986e+03 1.030933228321373029e-03 -5.875199567526578903e-04 -1.424215501174330928e-03
3.611743442750000213e+03 -4.136036659474485300e-05 -5.790949217043817043e-04 -3.627369587775319815e-04
3.611768431750000218e+03 -4.254142550053074956e-05 4.818125744350255078e-04 -3.641568182501941919e-04
3.611793423749999874e+03 -4.144732884014957331e-05 -1.641911105252801938e-03 -3.616089525166898966e-04
