3.958679282837500068e+04 -1.498378813266753934e-03 -1.220405101776123047e-05 4.122406244277954102e-05
3.958681779937499959e+04 -4.262119473423808813e-04 -2.177419264626223933e-05 -1.020396128296851895e-03
3.958684278937499766e+04 -4.251863283570855856e-04 -2.177760143240448087e-05 -1.020444789901375987e-03
3.958686778637501266e+04 -1.495594391599297957e-03 -1.075812033377588012e-03 4.231447383062914014e-05
3.958689275837499736e+04 -4.257371765561401844e-04 -2.147541148588060899e-03 -1.018022187054157040e-03
3.958691775437499746e+04 -4.263109585735946894e-04 -2.649213820404839109e-05 -1.020791707560420036e-03
3.958694274937499722e+04 -4.076559562236071175e-04 -2.169232349842786789e-03 -3.148195566609501839e-03
3.958696772137499647e+04 -8.285619696835055947e-05 -9.272976894862949848e-04 -9.471183875575661659e-04
3.958699272137501248e+04 -8.359675121027976274e-05 -9.271720773540437222e-04 -9.472306119278073311e-04
3.958701770237500023e+04 -1.144266570918262005e-03 -1.990035176277161078e-03 -9.493941906839609146e-04
3.958704268937499728e+04 -8.027749572647735476e-05 -9.282498504035174847e-04 -9.473530226387083530e-04
3.958706767737500195e+04 -1.141718239523469968e-03 -1.991416327655314965e-03 -9.495341801084578037e-04
3.958709266337501322e+04 -3.267569001764059067e-03 -9.317078511230647564e-04 -9.578512981534004211e-04
3.958711765037500300e+04 -3.760709296329878271e-05 -9.106262004934251308e-04 -9.414254454895853996e-04
3.958714263737500005e+04 -1.110288780182600021e-03 -9.015166433528065681e-04 1.199951439048163999e-04
3.958716762537499744e+04 1.025587785989046097e-03 -1.972313271835445924e-03 -9.368371102027595043e-04
3.958719261237500177e+04 -1.102708978578448079e-03 -9.140686597675085068e-04 -9.452134254388511181e-04
3.958721760037499917e+04 -2.150440122932196097e-03 1.187485991977154992e-03 -3.081392031162976785e-03
3.958724258237500180e+04 -4.917345722788014195e-05 1.584925630595535040e-04 1.217281242134049941e-04
3.958726758537499700e+04 1.023676828481256962e-03 -1.973714213818312125e-03 -9.372248896397650242e-04
3.958729256137499760e+04 1.035699271596967957e-03 -9.093173430301249027e-04 -9.384467266499996185e-04
3.958731754637500126e+04 -1.100453548133373044e-03 1.597495283931494030e-04 1.182250343845226006e-04
3.958734253437501320e+04 1.027302350848912976e-03 -1.961715985089540048e-03 1.276885595871136135e-04
3.958736751637500129e+04 -1.296815571549814025e-05 1.190152950584888025e-03 -3.074833890423179106e-03
3.958739250837500003e+04 -1.101159723475575013e-03 1.585718127898871899e-04 1.179289029096252945e-04
3.958741749637499743e+04 -3.840397766907698729e-05 1.220071455463767052e-03 1.199783800984732942e-04
3.958744248337500176e+04 -1.088526798412204006e-03 -9.155378793366253376e-04 -9.464834583923220634e-04
3.958746748137500254e+04 -2.421110184513964098e-05 -1.976594794541596933e-03 -9.417665423825383186e-04
3.958749246637499891e+04 -1.096944091841578050e-03 -9.071692475117743015e-04 1.183226704597473009e-04
3.958751744437500020e+04 -2.518717519706115127e-05 -9.166747913695871830e-04 -9.432876249775290489e-04
3.958754242637500283e+04 -2.659124038473236967e-05 1.206012791953980923e-03 -9.460535366088151932e-04
3.958756741837500158e+04 -1.070541329681873105e-03 -9.396873065270483494e-04 -3.076924942433834076e-03
3.958759240437501285e+04 -2.158066257834434943e-03 -9.107968071475625038e-04 1.158416052930987965e-04
3.958761740137501329e+04 -1.078080385923386054e-03 -9.304179693572223186e-04 -2.010805299505590959e-03
3.958764236337500188e+04 -1.086627016775310040e-03 -9.203760419040918350e-04 -9.458781569264829159e-04
3.958766736337500333e+04 -1.659479494264815003e-05 1.193098607473074956e-03 -2.010190859436988831e-03
3.958769235337500140e+04 1.039380789734422944e-03 -9.185336530208587646e-04 -9.391472558490931988e-04
3.958771734137499880e+04 -2.386386222497094084e-05 -9.202933288179337978e-04 -9.427115437574684620e-04
3.958774232837500313e+04 -1.086774282157420895e-03 -9.226559777744114399e-04 -9.462452144362032413e-04
3.958776731437499984e+04 -2.141674282029271126e-03 1.277343253605068001e-04 -2.012948971241713004e-03
3.958779230237499723e+04 1.048291334882379012e-03 1.305959303863347119e-04 -2.002648077905178070e-03
3.958781729037500190e+04 -2.150326967239379883e-03 1.360014430247246948e-04 -9.481483139097690582e-04
3.958784227637501317e+04 -1.095077022910118103e-03 -9.137686574831604958e-04 1.215688607771881060e-04
3.958786725637500058e+04 -1.086931908503174999e-03 -9.240625076927244663e-04 -9.435348329134285450e-04
3.958789224637501320e+04 -1.095778192393481948e-03 -9.142656926997005939e-04 1.213819996337406066e-04
3.958791723837499740e+04 -2.421716999378986995e-05 -9.238018537871539593e-04 -9.402658324688673019e-04
3.958794222437500139e+04 -4.479074050323105671e-05 -1.982985762879252000e-03 1.261855795746668902e-04
3.958796721337499912e+04 -2.996796683873980899e-05 1.180459861643611951e-03 -2.007908886298536821e-03
3.958799219937500311e+04 -1.091567333787680106e-03 -2.005882328376173973e-03 -2.007458824664353891e-03
3.958801719037500152e+04 -1.110301003791392066e-03 1.371322578052059087e-04 1.197610181407072057e-04
3.958804218337500060e+04 1.008810242637991905e-03 -9.120655595324933529e-04 1.192939816974103017e-03
3.958806716037500155e+04 1.024883589707314968e-03 1.295791444135830077e-04 -9.384815930388867855e-04
3.958809214837499894e+04 -5.353826418286188759e-05 -9.264549007639288902e-04 1.269688364118337902e-04
3.958811714237501292e+04 -1.108580501750112014e-03 -9.383875294588506222e-04 -9.415975073352456093e-04
3.958814212137499999e+04 -4.614608405972830951e-05 1.240528363268821889e-04 -9.395421948283910751e-04
3.958816712137500144e+04 1.025018864311278083e-03 1.143393383244983987e-04 -2.001201035454868837e-03
3.958819209137500002e+04 -5.540489655686541714e-05 1.334484404651448131e-04 1.252445945283398032e-04
3.958821708337499877e+04 -4.656646342482417822e-05 1.224522129632532868e-04 -9.398215916007757187e-04
3.958824207137500343e+04 1.021278090775012970e-03 1.117022475227713991e-04 -1.996906939893960953e-03
3.958826707337501284e+04 -2.177227055653930144e-03 1.176280129584483938e-04 -9.423649753443896770e-04
3.958829205337500025e+04 -5.811012306367047131e-05 -9.312437614426016808e-04 1.307842321693896976e-04
3.958831703337500221e+04 -4.822272967430762947e-05 -3.065166994929314093e-03 -9.316283394582569599e-04
3.958834202637500130e+04 -1.122984103858470917e-03 1.276504044653848085e-04 1.257934927707538009e-04
3.958836700737500360e+04 1.012694905512034893e-03 1.197190067614428970e-04 -9.323436534032225609e-04
3.958839199437500065e+04 -1.116015017032623074e-03 1.176137666334397955e-04 -9.325121063739061356e-04
3.958841698137499770e+04 -1.124462229199707942e-03 -9.340963442809879780e-04 1.337295834673568877e-04
3.958844196837500203e+04 -2.189489547163248062e-03 1.187225687317549966e-03 1.274985697818920016e-04
3.958846695537499909e+04 -5.260399484541267157e-05 1.176597870653495057e-04 -9.293006150983273983e-04
3.958849194437499682e+04 -5.247258013696409762e-05 1.175767756649293005e-04 -9.294004412367939949e-04
3.958851692937500047e+04 -1.124546979553997950e-03 1.259862037841230902e-04 1.320562878390774131e-04
3.958854191737501242e+04 -5.481608604895882308e-05 2.239404944702982903e-03 -9.322608821094036102e-04
3.958856690437500220e+04 -4.319968138588591732e-05 -9.546114597469568253e-04 -1.984759001061319871e-03
3.958859189137499925e+04 -6.094387208577244796e-05 1.263890881091356006e-04 1.437904720660299063e-04
3.958861689237500104e+04 1.010574400424957059e-03 1.171200128737836941e-04 -9.178231703117489815e-04
3.958864187337500334e+04 -4.317124694352970205e-05 -9.568047826178371906e-04 -1.985054695978761153e-03
3.958866686237500107e+04 -6.110604590503498912e-05 1.253016671398655122e-04 1.435382000636309114e-04
3.958869184837501234e+04 -1.124583766795695045e-03 -9.379727416671812534e-04 1.412853889632970095e-04
3.958871681337500195e+04 -4.199726754450239241e-05 -9.552128612995147705e-04 -1.976412255316973166e-03
3.958874181537499680e+04 -2.179574221372603936e-03 1.175147714093327956e-03 -9.211205760948359966e-04
3.958876681137499691e+04 -5.903686542296782136e-05 -1.996725564822555022e-03 1.547235151519998908e-04
3.958879179037501308e+04 -1.115464139729738019e-03 1.147252987721003999e-04 -9.164991788566112518e-04
3.958881677337500150e+04 -1.115784747526050048e-03 1.141378234024160017e-04 -9.165963274426758289e-04
3.958884177437500330e+04 -4.471540887607262216e-05 1.166185014881194072e-03 -1.979538006708025932e-03
3.958886674537500221e+04 -6.287560972850769758e-05 1.187302870675921006e-03 1.598393573658541116e-04
3.958889173837500130e+04 -5.311841960065066814e-05 1.148252194980158995e-04 -9.038922144100070000e-04
3.958891672537501290e+04 -5.359321221476420760e-05 1.142688342952168936e-04 -9.040087461471557617e-04
3.958894171337500302e+04 -1.133565558120607896e-03 -9.280671365559101105e-04 1.223780331201850934e-03
3.958896670137500041e+04 -6.302779365796595812e-05 1.239116681972519105e-04 1.607942103873938051e-04
3.958899168837499747e+04 -5.450197204481810331e-05 1.130559976445510983e-04 -9.042760357260704041e-04
3.958901667937500315e+04 9.911538800224661827e-04 1.343038165941833908e-04 1.229056739248334928e-03
3.958904166137501306e+04 -2.165114507079124017e-03 1.152746146544813893e-03 -3.032295498996973038e-03
3.958906664937500318e+04 1.017748727463186004e-03 -9.565763175487518311e-04 -1.954363193362950845e-03
3.958909163837500091e+04 -4.560654633678495884e-05 -9.582639904692769051e-04 -1.957896864041686058e-03
3.958911662337499729e+04 -1.127611962147057056e-03 1.183291198685765050e-03 1.658628316363320026e-04
3.958914161137500196e+04 -1.109338831156492016e-03 -9.610160486772656441e-04 -1.961551373824477196e-03
3.958916659837499901e+04 -1.109827659092843966e-03 -9.618938784115016460e-04 -1.961671980097889900e-03
3.958919158437500300e+04 -1.115964958444237926e-03 -2.010214375331997871e-03 -8.856181520968675613e-04
3.958921657237500040e+04 -5.418723958428017795e-05 -9.478089050389826298e-04 -8.836089982651174068e-04
3.958924156037501234e+04 -5.345894169295206666e-05 -2.009572694078087807e-03 -8.823504904285073280e-04
3.958926654237500043e+04 -5.456308281281962991e-05 -9.487027418799698353e-04 -8.837953209877014160e-04
3.958929153437499917e+04 -1.117968233302236037e-03 -9.505353518761694431e-04 -8.873315528035163879e-04
3.958931652137500350e+04 1.008228282444179058e-03 -9.489132789894938469e-04 -8.805331890471279621e-04
3.958934150937500090e+04 1.006449689157306931e-03 1.173926168121397062e-03 -8.832701714709401131e-04
3.958936648337500083e+04 -1.117359497584402995e-03 1.174818142317235036e-03 -8.796244510449469090e-04
3.958939149737499974e+04 -5.338982737157493830e-05 1.146573777077719976e-04 -8.749010157771408558e-04
3.958941647137499967e+04 -6.214710447238758206e-05 1.242682628799230131e-04 1.899812050396577066e-04
3.958944145837499673e+04 -1.116225728765130043e-03 -9.496290003880858421e-04 -8.772222208790481091e-04
3.958946644537500106e+04 -1.107840216718614101e-03 -9.609127882868051529e-04 -1.942319096997380040e-03
3.958949142537500302e+04 1.009885803796350956e-03 1.127252689911984043e-04 -8.718369062989950180e-04
3.958951642737501243e+04 -1.120980014093220017e-03 -9.371090563945472240e-04 1.972558093257248131e-04
3.958954140737499984e+04 -5.090902050142175772e-05 1.176266116090119102e-03 -8.670560782775282860e-04
3.958956639337499655e+04 -4.168384839431382716e-05 1.038623013300821050e-04 -1.930798520334064960e-03
3.958959138137500122e+04 -1.114049111492932060e-03 1.123107504099607061e-04 -8.693788549862802029e-04
3.958961636937501316e+04 1.011670683510601954e-03 1.176070771180093072e-03 -8.638651343062520027e-04
3.958964135537500260e+04 -1.113755628466605923e-03 -9.502036264166235924e-04 -8.682369953021407127e-04
3.958966634437500034e+04 -1.114061335101724105e-03 -9.508708026260137558e-04 -8.683181949891149998e-04
3.958969133137499739e+04 -4.560309753287584267e-05 -9.450379293411970139e-04 -8.538590045645833015e-04
3.958971631837500172e+04 -4.663938307203351774e-05 1.157985607278533009e-04 -8.552711806260049343e-04
3.958974131137500081e+04 -5.562932346947491169e-05 1.255127863259986043e-04 2.096079551847651872e-04
3.958976629537499684e+04 1.023670658469199917e-03 1.167472684755920930e-03 -1.918332884088159041e-03
3.958979127937500016e+04 -1.119403983466326974e-03 1.236894895555452054e-04 2.059635007753967968e-04
3.958981626737499755e+04 -1.110842218622565053e-03 1.129532683989964019e-04 -8.591047953814268112e-04
3.958984125537500222e+04 -1.115396386012434959e-03 1.189473783597349904e-03 2.151604276150465012e-04
3.958986624137499894e+04 -4.285494651412591338e-05 1.183509593829513003e-04 -8.451215107925236225e-04
3.958989121337501274e+04 -2.169910352677106857e-03 1.150346797658130933e-04 -8.521607378497719765e-04
3.958991621537500032e+04 2.074297517538071112e-03 1.192159019410609982e-03 2.252846898045391115e-04
3.958994120337499771e+04 -3.233834635466337204e-03 1.128513613366522030e-04 -8.558107074350118637e-04
3.958996618437500001e+04 -4.478406845009885728e-05 1.177911879494786046e-03 -8.468360756523907185e-04
3.958999117837499944e+04 -5.015967690269462764e-05 -9.321496472693979740e-04 2.299909683642908931e-04
3.959001617537499988e+04 -1.113773440010846095e-03 -9.340298129245638847e-04 2.264500944875180992e-04
3.959004114637499879e+04 -5.052962296758777716e-05 -9.334579226560890675e-04 2.297992323292419043e-04
3.959006614737500058e+04 -1.115794293582438989e-03 1.188183436170219941e-03 2.236010332126170126e-04
3.959009112637500220e+04 -4.367536530480720103e-05 1.172061747638508949e-04 -8.367039263248443604e-04
3.959011612237500231e+04 -3.443524474278091707e-05 -9.555320721119642258e-04 -1.900483854115009091e-03
3.959014111637500173e+04 -1.113112783059478023e-03 -9.329635067842900753e-04 2.356506447540596128e-04
3.959016607737499726e+04 -1.114324782975018024e-03 1.274391834158450094e-04 2.341960789635776931e-04
3.959019108637500176e+04 -3.361371636856347322e-05 -9.540450992062687874e-04 -1.891089137643576102e-03
3.959021606437500304e+04 -4.265139068593271077e-05 -9.443273302167654037e-04 -8.262092014774680138e-04
3.959024105137500010e+04 -1.106249750591814952e-03 -9.459808352403342724e-04 -8.297470049001276493e-04
3.959026603837499715e+04 1.012588851153850989e-03 -1.994981430470943017e-03 2.433950867271051082e-04
3.959029102737500216e+04 -1.107336021959782080e-03 1.143230547313578020e-04 -8.312683203257620335e-04
3.959031601237501309e+04 1.014320296235382991e-03 -9.301899117417633533e-04 2.528357435949146748e-04
3.959034100037500320e+04 -2.167684957385063171e-03 -9.451272781006991863e-04 -8.226297795772552490e-04
3.959036598837500060e+04 -4.101036392967216671e-05 -9.431422804482281208e-04 -8.158166892826557159e-04
3.959039097437499731e+04 -2.159620402380824089e-03 -9.568575187586247921e-04 -1.887821010313927910e-03
3.959041596237500198e+04 -4.164747952017933130e-05 -9.445541654713451862e-04 -8.160147699527442455e-04
3.959044096437499684e+04 -1.104472670704125924e-03 -2.008178969845176177e-03 -8.182266028597950935e-04
3.959046595037500083e+04 -5.175788828637450933e-05 1.264289894606918097e-04 2.474555803928524256e-04
3.959049091437499737e+04 -4.874203295912594281e-05 1.304682518821209940e-04 2.586323826108127832e-04
3.959051590937499714e+04 -3.974488208768889308e-05 -9.419213165529072285e-04 -8.051463519223034382e-04
3.959054089337500045e+04 -4.004092261311598122e-05 -9.421869763173162937e-04 -8.052228367887437344e-04
3.959056589637500292e+04 1.022176351398230033e-03 1.198291502078064057e-04 -8.032127516344189644e-04
3.959059086637500150e+04 2.085602376610041098e-03 1.208549438160844012e-04 -7.998211658559739590e-04
3.959061586137500126e+04 -1.095685176551342010e-03 -9.557940647937357426e-04 -1.873992499895394065e-03
3.959064084837501287e+04 -3.683482282212934710e-05 -2.002272987738252120e-03 -7.939289207570254803e-04
3.959066583637500298e+04 -4.783891563420183957e-05 1.192190567962825081e-03 2.669649838935583830e-04
3.959069082737500139e+04 -1.109918346628546932e-03 -9.326806757599115372e-04 2.660873578861355782e-04
3.959071579837500030e+04 -3.907181962858886204e-05 1.192200143123045970e-04 -7.968927966430783272e-04
3.959074080037500244e+04 -4.863342473981902003e-05 1.190721988677978949e-03 2.666782529558985883e-04
3.959076578437501303e+04 -1.111314282752573056e-03 1.274465466849505901e-04 2.644732012413442135e-04
3.959079077237500314e+04 -3.641119837993755937e-05 1.183202606625854969e-03 -7.869759574532508850e-04
3.959081575937500020e+04 1.019109040498733954e-03 1.329593505943194032e-04 2.827397547662258148e-04
3.959084075337499962e+04 -4.459993215277791023e-05 1.310256484430283037e-04 2.791623992379754782e-04
3.959086573537500226e+04 -3.548046515788882971e-05 -9.412117069587111473e-04 -7.845785003155469894e-04
3.959089073337500304e+04 -1.099984161555767059e-03 1.180422550532966988e-04 -7.894916925579309464e-04
3.959091570837500331e+04 -1.100214780308306000e-03 1.173659620690158958e-04 -7.895718445070087910e-04
3.959094069737500104e+04 1.016852562315762043e-03 1.191474962979554913e-03 2.809036814142019099e-04
3.959096568337501230e+04 -2.625080742291175168e-05 1.172238495200871988e-03 -1.841402146965265057e-03
3.959099068037501274e+04 -4.352205723989754915e-05 1.192677067592740059e-03 2.884838904719799757e-04
3.959101565837499948e+04 -3.370930789969862185e-05 -9.411497157998383045e-04 -7.739277789369225502e-04
3.959104064537499653e+04 -3.463861139607615769e-05 1.194522556033917042e-04 -7.753748795948922634e-04
3.959106564537501254e+04 -1.105923787690699100e-03 -9.335656068287789822e-04 2.874140627682209015e-04
3.959109062837500096e+04 -2.647418114065657962e-05 1.077995038940570977e-04 -1.840565586462616920e-03
3.959111560937500326e+04 -3.108637611148878932e-05 1.211594644701108065e-04 -7.643533172085881233e-04
3.959114059537499998e+04 -3.887868660967797041e-05 -9.306707652285695076e-04 3.018641727976500988e-04
3.959116558237499703e+04 -1.085171243175864003e-03 -9.531891555525362492e-04 -1.831666566431521936e-03
3.959119057037500170e+04 -1.103269285522400899e-03 1.286013139178975874e-04 2.968847693409771269e-04
3.959121554537500197e+04 -3.170612399117089808e-05 1.193338830489664999e-04 -7.647271268069744110e-04
3.959124063454166753e+04 -2.293690886290277947e-05 -9.536583092994987965e-04 -1.828519045375287966e-03
3.959126560554166645e+04 -2.861919165297877043e-05 1.211169656016864018e-04 -7.545663975179195404e-04
3.959129060454166756e+04 -3.751314579858445309e-05 1.308596984017640081e-04 3.103141789324582165e-04
3.959131559254167223e+04 -2.762795702437869866e-05 -2.003059489652514024e-03 -7.520991493947803974e-04
3.959134058054166962e+04 -1.101697213016449971e-03 1.283380697714165124e-04 3.066528006456791812e-04
3.959136556554167328e+04 -2.939870137197430838e-05 -9.429614874534308910e-04 -7.536511984653770924e-04
3.959139056654166779e+04 -1.092833117581903934e-03 -9.445041650906205177e-04 -7.571850437670946121e-04
3.959141553854166705e+04 -3.045759513042866845e-05 1.177323210868053003e-04 -7.551679736934602261e-04
3.959144053154167341e+04 -1.091442070901394107e-03 2.242218004539608955e-03 -7.505664252676069736e-04
3.959146552054167114e+04 1.036713481880723996e-03 1.211019480251707001e-04 -7.410943508148193359e-04
3.959149050554166752e+04 -3.571307752281426706e-05 1.298755669267848134e-04 3.203612868674098903e-04
3.959151549854166660e+04 -1.099658198654652076e-03 1.279595599044114080e-04 3.167795657645910978e-04
3.959154047954166890e+04 -1.867372884589713067e-05 -9.537344449199736118e-04 -1.808503759093583064e-03
3.959156546754167357e+04 -3.582949284464120865e-05 -9.335367358289659023e-04 3.213814343325793743e-04
3.959159045354167029e+04 1.044267206452786922e-03 -9.535046992823481560e-04 -1.805232837796211026e-03
3.959161544154166768e+04 1.040287432260810895e-03 1.213783325511030988e-04 -7.295953691937029362e-04
3.959164042854167201e+04 -3.878520510625094175e-05 -1.982548506930470033e-03 1.399525790475308895e-03
3.959166540054167126e+04 1.040489645674824932e-03 -9.412412764504551888e-04 -7.284579332917928696e-04
3.959169040354166646e+04 -2.160200150683521791e-03 1.187607645988463922e-03 3.234091273043305224e-04
3.959171539154167112e+04 -1.086570904590189023e-03 -9.452914819121360779e-04 -7.355731795541942120e-04
3.959174037854166818e+04 -1.087529584765434048e-03 1.159159874077885936e-04 -7.369800587184727192e-04
3.959176536554167251e+04 -1.055758730217348954e-05 -9.528086520731449127e-04 -1.787135610356926918e-03
3.959179035354166990e+04 -1.091252663172781034e-03 -9.339108364656567574e-04 3.393186198081821203e-04
3.959181533354167186e+04 -1.083555631339550018e-03 1.167831505881622027e-04 -7.271186914294958115e-04
3.959184031154167315e+04 -2.046442205028143119e-05 1.175289289676584032e-04 -7.237368263304233551e-04
3.959186531554166868e+04 -1.131360659201163968e-05 -9.550559334456920624e-04 -1.787517452612519047e-03
3.959189031454166980e+04 -2.163693716283887964e-05 1.177909201942384026e-03 -7.252598297782242298e-04
3.959191528554166871e+04 -2.622773718030657958e-05 1.282726298086344925e-04 3.517662116792052984e-04
3.959194027754166746e+04 -1.809564128052442927e-05 1.174581193481571972e-04 -7.133114268071949482e-04
3.959196526354167145e+04 2.108583226799964905e-03 1.192817289847881008e-04 -7.065025856718420982e-04
3.959199025154166884e+04 -2.770763603621162135e-05 1.187948160804807923e-03 3.501438186503946781e-04
3.959201523954167351e+04 1.044764765538275025e-03 1.168519811471924050e-04 -7.101395167410373688e-04
3.959204021754166752e+04 1.028947299346327999e-03 -1.985928509384394126e-03 1.422405242919922092e-03
3.959206521954166965e+04 -2.371462505834643137e-05 1.265720784431322867e-04 3.610030689742416143e-04
3.959209019054166856e+04 -1.477315254305722023e-05 -9.458771091885864735e-04 -7.027780520729720592e-04
3.959211518854166934e+04 -7.187107257777824998e-06 1.048632620950229059e-04 -1.769184600561857007e-03
3.959214017654166673e+04 -1.585058816999663006e-05 1.147048897109926018e-04 -7.042970973998308182e-04
3.959216516354167106e+04 -1.072000828571618037e-03 1.163988839834928946e-03 -1.774172065779566982e-03
3.959219016254167218e+04 -1.760356826707721095e-05 1.174887409433722062e-03 -7.058331975713372231e-04
3.959221515154166991e+04 -2.621397652546874840e-05 1.184684457257390022e-03 3.590870765037835186e-04
3.959224012554166984e+04 -4.456158876564587382e-06 1.034767847158945961e-04 -1.758905011229217052e-03
3.959226511954166926e+04 -1.333398722636047920e-05 1.135548736783675985e-04 -6.939844461157917976e-04
3.959229010054167156e+04 -1.372771475871559063e-05 1.129071679315530035e-04 -6.941018509678542614e-04
3.959231508854166896e+04 -2.160628355341032147e-05 -9.386052261106669903e-04 3.721516113728284836e-04
3.959234007554167329e+04 -1.077649882063270049e-03 1.106030103983357955e-04 -6.977564189583063126e-04
3.959236506254167034e+04 -2.157228300347923799e-03 -9.318184456788003445e-04 1.430038129910826900e-03
3.959239005054166773e+04 -1.073284773156047084e-03 1.112282989197411050e-04 -6.871559307910501957e-04
3.959241503754167206e+04 -1.014967892842832953e-05 1.121837631217204034e-04 -6.837709806859493256e-04
3.959244001954166743e+04 -1.065936288796365044e-03 1.161223277449608066e-03 -1.753676333464682102e-03
3.959246501054167311e+04 -1.899005110317375850e-05 1.213789291796273941e-04 3.810353227891027927e-04
3.959248999954167084e+04 -1.167637128673960032e-05 1.171855838038027070e-03 -6.854117964394390583e-04
3.959251498654166789e+04 -1.074726693332195065e-03 1.086619668058119985e-04 -6.876231054775416851e-04
3.959253997554167290e+04 -6.225566266948590055e-06 -9.506811620667576790e-04 -6.731926114298403263e-04
3.959256494954167283e+04 -1.071338658221065998e-03 1.170588773675262928e-03 -6.793948705308139324e-04
3.959258993854167056e+04 -1.079501118510961966e-03 1.188019014080055058e-04 3.868158091790974140e-04
3.959261494054167269e+04 -8.474310561723541468e-06 1.170852687209845023e-03 -6.761258118785917759e-04
3.959263992354166840e+04 -1.647674798732623119e-05 1.191354676848277043e-04 3.901058225892484188e-04
3.959266491154167306e+04 -1.080138608813286044e-03 1.171923358924687044e-04 3.865285252686589956e-04
3.959268989854167012e+04 -1.071797334589063904e-03 1.063208037521689995e-04 -6.785461446270346642e-04
3.959271489854167157e+04 5.458907253341749310e-06 -9.630704298615455627e-04 -1.728231087327003045e-03
3.959273987354167184e+04 -1.067522796802222946e-03 1.071050864993594993e-04 -6.681046797893941402e-04
3.959276487254167296e+04 -1.067107426933944008e-03 -9.551375405862927437e-04 -6.668909918516874313e-04
3.959278984754167323e+04 -1.248736043635289947e-05 -9.439115528948605061e-04 4.014897567685694045e-04
3.959281483654167096e+04 5.016216164221987128e-06 -2.027044305577874184e-03 -1.727293361909687953e-03
3.959283981954166666e+04 -1.076420769095421054e-03 -9.465790353715419769e-04 3.978303284384310246e-04
3.959286480254166963e+04 -1.439348761778092012e-05 1.154835117631591992e-04 3.998384054284542799e-04
3.959288979154166736e+04 -1.064832322299480005e-03 1.052977531799114970e-04 -6.582556525245308876e-04
3.959291478654166713e+04 -1.841637299548892982e-06 1.059409187291748957e-04 -6.549114477820694447e-04
3.959293977254167112e+04 -1.074084684660192918e-05 1.155978679889813066e-04 4.100015212316066027e-04
3.959296476054166851e+04 -1.042243275151122023e-05 -9.463364840485155582e-04 4.112173628527671099e-04
3.959298974854167318e+04 -2.129690488800406022e-03 1.015076704788953066e-04 -6.621166248805820942e-04
3.959301473454166990e+04 -1.277868341276188974e-05 1.175354700535536029e-03 4.083520616404712200e-04
3.959303972354166763e+04 -1.072797458618879101e-03 2.236653352156281038e-03 4.135486960876733065e-04
3.959306471054167196e+04 -8.372349839191883802e-06 1.141649700002745065e-04 4.195509245619177818e-04
3.959308968254167121e+04 -1.071950071491301060e-03 1.124390328186564012e-04 4.160118987783790177e-04
3.959311469354166911e+04 -2.126401057466865020e-03 -9.613082511350512505e-04 -6.512312102131545544e-04
3.959313965854167327e+04 -4.821148422706755809e-07 1.023213844746350971e-04 -6.457146955654025078e-04
3.959316465954166779e+04 -1.063137082383037047e-03 -9.611521381884813309e-04 -6.479565054178237915e-04
3.959318964754167246e+04 4.296668521419633180e-06 -9.588783723302185535e-04 -6.356461672112345695e-04
3.959321464254167222e+04 -1.069552032276988029e-03 1.172420685179532008e-03 4.231078783050178939e-04
3.959323962154166657e+04 2.872441427825834094e-06 1.013135697576216947e-04 -6.371768540702760220e-04
3.959326462054166768e+04 -1.059790723957120939e-03 -9.622480720281600952e-04 -6.394030060619115829e-04
3.959328959254166693e+04 -5.939139555266592652e-06 1.103592439903877947e-04 4.276102699805051088e-04
3.959331458454167296e+04 2.391197767792618833e-06 9.960271563613787293e-05 -6.374634103849530220e-04
3.959333957154167001e+04 3.140133458146010949e-06 -9.624073863960802555e-04 -6.362410495057702065e-04
3.959336455954166740e+04 -2.111091045662761168e-03 8.735495066503062844e-05 -1.699907705187797980e-03
3.959338954654167173e+04 6.882603884150739759e-06 9.973593842005357146e-05 -6.281017558649182320e-04
3.959341453354166879e+04 -1.878313014458399054e-06 1.098122884286567975e-04 4.368187510408461094e-04
3.959343952554166754e+04 -1.063937554135919051e-03 -2.015356672927736802e-03 4.359029990155249834e-04
3.959346450854167051e+04 5.252631126495543867e-06 1.159722800366580053e-03 -6.297072977758944035e-04
3.959348949554166757e+04 -1.057598274201154926e-03 9.616798342904075980e-05 -6.319537642411887646e-04
3.959351448454167257e+04 -1.052361214533448002e-03 -9.636679897084832191e-04 -6.219637580215930939e-04
3.959353947254166997e+04 -1.052657840773463032e-03 -9.643656667321920395e-04 -6.220804061740636826e-04
3.959356445854166668e+04 9.587552085577044636e-06 9.792646596906706691e-05 -6.200314965099096298e-04
3.959358945454166678e+04 1.072676503099500916e-03 9.860924910753965378e-05 -6.166870007291436195e-04
3.959361443354166840e+04 -1.054289401508867957e-03 9.545893408358097076e-05 -6.236879853531718254e-04
3.959363942054167273e+04 8.855308806232642382e-06 9.615173621568828821e-05 -6.203405791893601418e-04
3.959366440854167013e+04 -1.041038311086595058e-03 8.644554327474907041e-05 -1.679386827163398049e-03
3.959368938754167175e+04 2.134755595761816949e-05 1.148475101217627959e-03 -1.677372842095792077e-03
3.959371437754166982e+04 1.317622809438035061e-05 9.689560101833194494e-05 -6.111239199526607990e-04
3.959373937054166890e+04 -1.049796934239565892e-03 -9.666192345321178436e-04 -6.133722490631043911e-04
3.959376436054166697e+04 4.885081125394208357e-06 -9.555452270433306694e-04 4.550075973384081775e-04
3.959378934454167029e+04 -1.041666255332529979e-03 -9.782687993720173836e-04 -1.678565284237266021e-03
3.959381433354166802e+04 1.224391689902403984e-05 9.456764382775872946e-05 -6.115122232586145401e-04
3.959383931954167201e+04 1.718375642667524855e-05 9.622253855923190713e-05 -6.029641954228281975e-04
3.959386430854166974e+04 8.358100785699207336e-06 1.062571245711296932e-04 4.619545361492782831e-04
3.959388929554166680e+04 1.726455411699134856e-05 -9.660580544732511044e-04 -6.018262356519699097e-04
3.959391428154167079e+04 7.710131285421084613e-06 1.053567684721202065e-04 4.617430095095186884e-04
3.959393927054166852e+04 1.594747664057650011e-05 9.438984125154092908e-05 -6.033349782228469849e-04
3.959396424454166845e+04 2.593675890238955956e-05 -2.039670711383223967e-03 -1.665782998315989971e-03
3.959398924454166990e+04 2.003616646106820892e-05 9.534987475490197539e-05 -5.949970218352973461e-04
3.959401423254166730e+04 -1.044550910592078946e-03 1.154944999143481038e-03 -5.999089335091412067e-04
3.959403922054167197e+04 2.029123243119101971e-05 -9.672191226854920387e-04 -5.938593531027436256e-04
3.959406420054166665e+04 1.081638969480990930e-03 1.156596350483596108e-03 -5.931804771535098553e-04
3.959408920254166878e+04 -1.044668024405837059e-03 9.193197911372408271e-05 -5.988520570099353790e-04
3.959411417054166668e+04 9.770516953722108155e-06 1.031499050441198051e-04 4.694907111115754193e-04
3.959413916954166780e+04 -1.045335433445871093e-03 9.106988727580755949e-05 -5.990462959744036198e-04
3.959416414454166807e+04 1.411279936291976070e-05 1.039903872879222035e-04 4.781184834428132122e-04
3.959418914554166986e+04 2.252192098239902068e-05 9.294638584833592176e-05 -5.869573797099292278e-04
3.959421413754166861e+04 1.312648055318276990e-05 1.164422719739377065e-03 4.765983612742275000e-04
3.959423910754166718e+04 2.213697916886303913e-05 9.192552533932030201e-05 -5.871483590453863144e-04
3.959426410854166897e+04 3.134951111860573292e-05 -9.805960580706596375e-04 -1.650927704758941910e-03
3.959428909354167263e+04 3.054157787119037725e-05 8.033962512854486704e-05 -1.652335398830472989e-03
3.959431408254167036e+04 1.710903779894578863e-05 1.163881854154169993e-03 4.846166411880403757e-04
3.959433906954166741e+04 1.706828516034875065e-05 1.163272187113761902e-03 4.845401272177696228e-04
3.959436405654167174e+04 1.760127088346052915e-05 1.009143088595009934e-04 4.857542808167635852e-04
3.959438904354166880e+04 1.089220284484327056e-03 9.140298061538487673e-05 -5.758618353866040707e-04
3.959441403254166653e+04 3.453887620707973838e-05 -9.823944419622421265e-04 -1.643110881559550979e-03
3.959443902154167154e+04 3.419042695895768702e-05 -9.828646434471011162e-04 -1.643191673792899089e-03
3.959446399254167045e+04 1.079369219951332049e-03 1.002723947749473019e-04 4.888192052021622658e-04
3.959448899454167258e+04 1.092766295187175057e-03 9.140492329606786370e-05 -5.665896460413932800e-04
3.959451398054166930e+04 -1.033650478348135948e-03 -9.734696941450238228e-04 -5.723002832382917404e-04
3.959453896954166703e+04 2.944651168945711106e-05 -9.729040320962667465e-04 -5.689383251592516899e-04
3.959456395654167136e+04 1.052040170179679990e-05 1.170474337413907051e-03 1.558314776048064015e-03
3.959458893754166638e+04 -1.035172841511666992e-03 8.614562830189242959e-05 -5.739261396229267120e-04
3.959461392554167105e+04 2.884987225115764886e-05 -9.743836708366870880e-04 -5.692077102139592171e-04
3.959463892654167284e+04 2.401770507276523858e-05 -9.628747939132153988e-04 5.040684482082724571e-04
3.959466390554166719e+04 -1.041127368807793097e-03 1.158175873570143960e-03 4.978643846698105335e-04
3.959468889354167186e+04 4.773690307047218084e-05 1.127545721828937964e-03 -2.693783026188611984e-03
3.959471388154166925e+04 -1.032283063977956989e-03 8.492403139825910330e-05 -5.659994785673916340e-04
3.959473885654166952e+04 1.102622831240295930e-03 7.653029751963913441e-05 -1.624191994778811932e-03
3.959476385854167165e+04 2.180301817134023052e-05 9.561819751979783177e-05 5.022615659981966019e-04
3.959478884054166701e+04 1.747901842463761907e-05 1.075541877071373029e-04 1.576053211465477943e-03
3.959481383854166779e+04 -1.029008533805608966e-03 8.504587458446621895e-05 -5.574817769229412079e-04
3.959483880954166671e+04 -1.028371509164571979e-03 -9.772360790520906448e-04 -5.562651203945279121e-04
3.959486380654166715e+04 1.105083036236464977e-03 1.137802144512533925e-03 -1.617079949937761047e-03
3.959488879254167114e+04 4.207115489407443188e-05 7.413378625642508268e-05 -1.619331305846571922e-03
3.959491378054166853e+04 2.573463643784635108e-05 -9.671956649981439114e-04 5.119193810969591141e-04
3.959493876854167320e+04 3.227040360798127949e-05 1.144694746471941037e-03 -5.558612756431102753e-04
3.959496375554167025e+04 3.743418710655532777e-05 8.459471428068354726e-05 -5.454759229905903339e-04
3.959498874254166731e+04 -1.034978427924216010e-03 9.286509884987026453e-05 5.159370484761893749e-04
3.959501373054167198e+04 4.524967880570329726e-05 7.293016824405640364e-05 -1.610675361007452011e-03
3.959503871854166937e+04 -1.027039019390941100e-03 8.137038821587339044e-05 -5.492562777362763882e-04
3.959506370654166676e+04 2.854398917406797070e-05 -9.689480066299438477e-04 5.204586195759475231e-04
3.959508869554167177e+04 -1.027504913508892059e-03 8.028720912989228964e-05 -5.494501092471182346e-04
3.959511367954166781e+04 -1.033289940096437931e-03 1.153594930656254075e-03 5.221179453656077385e-04
3.959513866854167281e+04 1.101835747249424024e-03 1.145024900324643092e-03 -5.360747454687952995e-04
3.959516365654167021e+04 3.791794006247072734e-05 1.143249333836138032e-03 -5.396363558247685432e-04
3.959518865454167099e+04 3.832101720036006786e-05 8.137184340739622712e-05 -5.383847164921462536e-04
3.959521362254166888e+04 3.868481508106925271e-05 -9.808080503717064857e-04 -5.371719598770141602e-04
3.959523861854166898e+04 3.789084803429432213e-05 8.008401346160098910e-05 -5.385804106481373310e-04
3.959526360654166638e+04 -1.030386891216040091e-03 9.027349733514711261e-05 5.309960688464343548e-04
3.959528859854167240e+04 1.114292885176837011e-03 -9.899658616632223129e-04 -1.590818632394074960e-03
3.959531357954166742e+04 4.207619713270104744e-05 -9.815150406211614609e-04 -5.293983849696815014e-04
3.959533856754167209e+04 -1.021643285639584064e-03 -9.831424104049801826e-04 -5.329392733983695507e-04
3.959536355654166982e+04 4.066669134772382677e-05 7.897126488387584686e-05 -5.309262778609991074e-04
3.959538854354166688e+04 -1.013500965200365023e-03 -9.944996563717722893e-04 -1.598129281774163029e-03
3.959541353854166664e+04 -1.023042248561977906e-03 7.685557648073881865e-05 -5.345762474462389946e-04
3.959543851854166860e+04 -1.026885467581450939e-03 -9.729750454425811768e-04 5.399080109782516956e-04
3.959546351554166904e+04 3.482478132355026901e-05 1.150757772848010063e-03 5.405938718467950821e-04
3.959548849254166998e+04 1.107179909013211944e-03 7.976181950652971864e-05 -5.196912097744643688e-04
3.959551348054166738e+04 4.319714935263618827e-05 7.765919144731014967e-05 -5.232754047028720379e-04
3.959553846854167205e+04 -1.020582858473062949e-03 7.586683204863220453e-05 -5.268195527605712414e-04
3.959556345554166910e+04 5.196394704398699105e-05 -9.953917469829320908e-04 -1.587138744071125984e-03
3.959558844254167343e+04 5.639213850372470915e-05 -9.941348107531666756e-04 -1.579048112034798102e-03
3.959561343154167116e+04 -1.016644877381623008e-03 7.564169209217652678e-05 -5.189626244828104973e-04
3.959563841754166788e+04 1.109010889194905975e-03 1.139190280809998946e-03 -5.134540260769426823e-04
3.959566340554167255e+04 1.101007219403981946e-03 8.715417789062485099e-05 5.527574103325605392e-04
3.959568839354166994e+04 -1.026823767460883097e-03 1.145533518865704970e-03 5.444230628199875355e-04
3.959571337454167224e+04 -2.088710665702819824e-03 -9.793973295018076897e-04 5.435125203803181648e-04
3.959573836754167132e+04 3.875414768117479980e-05 -2.038562670350075202e-03 5.516926175914704800e-04
3.959576335554166872e+04 5.041041731601580977e-05 7.535679469583556056e-05 -5.080405971966683865e-04
3.959578834254167305e+04 -2.077250508591533141e-03 1.133300829678774097e-03 -5.163958994671702385e-04
3.959581333154167078e+04 5.864671402378007770e-05 6.362129352055490017e-05 -1.573216053657233932e-03
3.959583831854166783e+04 -1.013564527966082096e-03 7.199921674327924848e-05 -5.117967375554144382e-04
3.959586329954167013e+04 4.971525413566268981e-05 7.289085624506697059e-05 -5.084106815047562122e-04
3.959588829254166922e+04 1.113225705921649933e-03 -9.879348799586296082e-04 -5.037416703999042511e-04
3.959591328054166661e+04 -1.010144012980163097e-03 7.237958197947591543e-05 -5.048773018643260002e-04
3.959593827254167263e+04 1.117039588280021927e-03 -9.873391827568411827e-04 -4.967433633282780647e-04
3.959596326554167172e+04 4.390984031488188289e-05 8.277350571006536484e-05 5.633790860883891582e-04
3.959598823154166894e+04 1.105971285142004056e-03 1.144930720329285102e-03 5.653881235048174858e-04
3.959601322954166972e+04 -1.003237441182136969e-03 5.962524664937519215e-05 -1.570279244333506064e-03
3.959603821754166711e+04 -1.004383550025522926e-03 1.120474538765847900e-03 -1.571727450937032916e-03
3.959606320154167042e+04 -1.008126069791615009e-03 7.063565135467797518e-05 -4.978536744602024555e-04
3.959608818054167205e+04 -1.008371124044060924e-03 7.002981874393299222e-05 -4.979691002517938614e-04
3.959611318054167350e+04 4.632455966202542186e-05 8.104975131573155522e-05 5.704099894501268864e-04
3.959613817654167360e+04 -1.007083104923367934e-03 -2.054135547950863838e-03 -4.954973119311034679e-04
3.959616315454166761e+04 -1.009845524094999053e-03 1.129990094341337898e-03 -4.995741765014827251e-04
3.959618814354167262e+04 -1.000136137008666992e-03 -1.004230929538608031e-03 -1.562029938213526986e-03
3.959621313754167204e+04 5.428079020930454135e-05 -9.929552907124161720e-04 -4.936510231345891953e-04
3.959623820075001277e+04 4.735218681162223220e-05 1.141694141551852009e-03 5.756432656198740005e-04
3.959626317274999747e+04 -1.006997190415859006e-03 6.781036063330247998e-05 -4.915664321742951870e-04
3.959628817274999892e+04 4.742170858662574806e-05 7.885434752097353339e-05 5.767733673565089703e-04
3.959631315775000257e+04 4.715147952083498240e-05 7.865402585593983531e-05 5.766970571130514145e-04
3.959633814574999997e+04 5.689374302164650776e-05 -2.055678749457002120e-03 -4.857595777139068192e-04
3.959636313374999736e+04 2.173458924517035051e-03 8.004295523278415203e-05 5.834251642227172852e-04
3.959638811975000135e+04 5.857127325725741684e-05 6.869336357340216637e-05 -4.815019492525606805e-04
3.959641310475001228e+04 -1.013489556498825984e-03 7.723265298409387469e-05 5.799374775961041451e-04
3.959643809575000341e+04 -9.972061961889266968e-04 1.117497216910124042e-03 -1.551463035866617940e-03
3.959646308275000047e+04 5.806264744023791768e-05 6.694356852676719427e-05 -4.817914159502834082e-04
3.959648808275000192e+04 5.863292244612239301e-05 -9.951838292181491852e-04 -4.805400676559656858e-04
3.959651305875000253e+04 2.182557480409740968e-03 2.191611099988222122e-03 -4.777301219291985035e-04
3.959653803475000313e+04 4.687569889938458800e-05 2.198860747739673095e-03 5.802622181363403797e-04
3.959656303775001288e+04 -1.011400483548640988e-03 7.610783359268680215e-05 5.864492850378155708e-04
3.959658800874999724e+04 5.958824840490706265e-05 1.128124538809061050e-03 -4.764942277688533068e-04
3.959661300775001291e+04 -1.003479235805571079e-03 6.460153963416814804e-05 -4.787452053278685158e-04
3.959663799575000303e+04 4.187516606179997325e-05 1.147652976214885929e-03 1.653301878832281070e-03
3.959666298074999941e+04 -1.011728541925549941e-03 -9.881202131509780884e-04 5.873821792192757130e-04
3.959668796974999714e+04 6.860573921585455537e-05 -1.008081249892712073e-03 -1.539228833280503967e-03
3.959671295675000147e+04 1.126891816966236071e-03 -9.951096726581454277e-04 -4.640149127226322889e-04
3.959673794574999920e+04 6.245287659112364054e-05 6.479156581917777658e-05 -4.688846529461442882e-04
3.959676294174999930e+04 -1.002208213321865039e-03 1.124225556850432916e-03 -4.738005518447607756e-04
3.959678791275001277e+04 7.013654249021783471e-05 5.301498822518623688e-05 -1.534088747575879097e-03
3.959681289275000017e+04 1.124796341173351028e-03 6.409173511201515794e-05 -4.657442914322019165e-04
3.959683789575000264e+04 5.185703048482537270e-05 1.134162303060292981e-03 5.943807191215455532e-04
3.959686288375000004e+04 -2.071814378723502159e-03 1.132681616581975980e-03 5.935450899414718151e-04
3.959688787174999743e+04 -1.007058774121106105e-03 -9.894549148157238960e-04 5.995911196805536747e-04
3.959691284975001327e+04 6.349488830892369151e-05 6.238267815206199884e-05 -4.633970384020357782e-04
3.959693785375000152e+04 1.126692513935267925e-03 6.329658936010673642e-05 -4.600140382535756176e-04
3.959696284075001313e+04 -1.000563963316380978e-03 5.997449989081359722e-05 -4.670576017815620249e-04
3.959698781975000020e+04 1.136202830821275928e-03 -2.071310766041278839e-03 -1.522545702755450986e-03
3.959701279375000013e+04 6.226286495802924037e-05 6.004728129482828081e-05 -4.637936071958392859e-04
3.959703779575000226e+04 -9.975021239370107651e-04 -1.001842669211328030e-03 -4.594124911818652803e-04
3.959706278575000033e+04 6.478386785602197051e-05 6.047257920727133751e-05 -4.573633486870675737e-04
3.959708777074999671e+04 6.421362922992557287e-05 5.978433910058811307e-05 -4.574857302941381931e-04
3.959711275875000138e+04 -2.055038232356309891e-03 1.107621006667613983e-03 -1.530820503830909946e-03
3.959713774575001298e+04 -9.997057495638728142e-04 5.712230995413847268e-05 -4.611472249962388927e-04
3.959716274175001308e+04 6.429424684029072523e-05 -1.003539538942276998e-03 -4.564312112051994151e-04
3.959718771074999677e+04 1.130588352680206082e-03 -1.001303899101912975e-03 -4.464872472453861887e-04
3.959721270774999721e+04 6.616963946726173162e-05 5.834425246575847268e-05 -4.513598978519440239e-04
3.959723769575000188e+04 5.727745883632451296e-05 6.816475797677412629e-05 6.135200383141636848e-04
3.959726268374999927e+04 1.129107899032532952e-03 5.871455869055353105e-05 -4.480919742491096258e-04
3.959728767174999666e+04 6.535371358040720224e-05 5.685664655175060034e-05 -4.516693006735295057e-04
3.959731265775000065e+04 7.355146226473152637e-05 4.588719821185804904e-05 -1.516750664450227997e-03
3.959733764274999703e+04 1.137291779741645076e-03 -1.015124609693885066e-03 -1.512078219093381925e-03
3.959736263375000271e+04 5.972293365630321205e-05 6.718121585436165333e-05 6.196675822138786316e-04
3.959738762175000011e+04 2.194950822740792794e-03 5.879045420442707837e-05 -4.385199572425336188e-04
3.959741260874999716e+04 -9.945962810888886452e-04 -1.007306389510631995e-03 -4.476530884858220816e-04
3.959743760175000352e+04 1.139486441388726018e-03 4.586289651342668317e-05 -1.507178181782365062e-03
3.959746257375000278e+04 6.747862062184140086e-05 5.443115514935926281e-05 -4.457187023945152760e-04
3.959748757574999763e+04 -9.955103741958737373e-04 -1.008971594274044037e-03 -4.479668568819760734e-04
3.959751257275001262e+04 -9.923670440912246704e-04 -1.007493468932807012e-03 -4.420466721057891846e-04
3.959753755375000037e+04 -9.936301503330469131e-04 5.357004192774184048e-05 -4.434964503161609173e-04
3.959756253475000267e+04 -2.066817833110690117e-03 1.123625086620450020e-03 6.166237290017306805e-04
3.959758752174999972e+04 6.891377415740862489e-05 5.385915210354141891e-05 -4.402351332828403061e-04
3.959761250675000338e+04 1.133020152337848923e-03 -1.006751437671482997e-03 -4.355183336883782798e-04
3.959763750875001278e+04 -1.011864747852087021e-03 7.217033271444961429e-05 1.686105737462640025e-03
3.959766248375001305e+04 -1.000938704237342098e-03 1.125117996707559066e-03 6.260453374125063419e-04
3.959768747175000317e+04 7.233951328089460731e-05 -1.007356680929661014e-03 -4.329053044784814119e-04
3.959771245975000056e+04 7.213139178929850459e-05 -1.008137012831866958e-03 -4.330224182922393084e-04
3.959773744674999762e+04 8.041259570745751262e-05 -1.019053277559577985e-03 -1.498101511970161958e-03
3.959776243375000195e+04 -9.928783401846885681e-04 5.067939127911814235e-05 -4.380218451842666214e-04
3.959778742274999968e+04 -9.940409800037741661e-04 1.111935824155807061e-03 -4.394327697809786147e-04
3.959781240874999639e+04 7.841150363674387336e-05 4.076844197697936811e-05 -1.499753096140920899e-03
3.959783739675000106e+04 6.461342854890972376e-05 6.343157292576506734e-05 6.362407584674656391e-04
3.959786238375001267e+04 -9.990774560719728470e-04 6.126159860286861658e-05 6.326586008071899414e-04
3.959788737175000279e+04 -9.822786087170243263e-04 3.992847268818878315e-05 -1.497418270446359894e-03
3.959791235874999984e+04 7.317918789340183139e-05 -1.010574749670922973e-03 -4.277410916984081268e-04
3.959793734774999757e+04 -9.818486869335174561e-04 -1.022502314299345016e-03 -1.496277051046491103e-03
3.959796233375000156e+04 1.135327038355171897e-03 5.142611553310417316e-05 -4.258037370163946802e-04
3.959798733574999642e+04 7.560435915365815163e-05 5.268506720312871039e-05 -4.228495236020535231e-04
3.959801232075000007e+04 7.682620343985036016e-05 -2.071002963930367990e-03 -4.203060816507787054e-04
3.959803729675000068e+04 8.346563117811456323e-05 4.113824616069904782e-05 -1.488048001192509911e-03
3.959806228575001296e+04 7.379302405752241611e-05 1.112435245886445045e-03 -4.244987212587147951e-04
3.959808727275000274e+04 7.508389535360038280e-05 -1.011063577607274055e-03 -4.219152615405619144e-04
3.959811225475001265e+04 7.315591938095167279e-05 1.111189485527575016e-03 -4.246988391969352961e-04
3.959813725574999989e+04 -2.049842616543173790e-03 4.928005364490672946e-05 -4.242287250235676765e-04
3.959816222774999915e+04 -9.864282328635454178e-04 4.986436033505015075e-05 -4.208788450341672247e-04
3.959818723674999637e+04 -9.866653708741068840e-04 4.973139948560856283e-05 -4.209542530588806218e-04
3.959821221075000358e+04 1.148002222180366950e-03 4.128092768951319158e-05 -1.479152939282357910e-03
3.959823719775000063e+04 -9.960071183741092682e-04 5.899923417018725790e-05 6.438409327529370785e-04
3.959826219275000039e+04 7.648274913663044572e-05 -1.012315158732234998e-03 -4.164787533227353746e-04
3.959828715774999728e+04 1.138856867328285954e-03 5.027621227782220326e-05 -4.144264385104178840e-04
3.959831216175000009e+04 6.984286301303654909e-05 6.224893149919807911e-05 6.533984560519456863e-04
3.959833714674999646e+04 7.821679901098832488e-05 5.118413173477164723e-05 -4.117134667467325926e-04
3.959836213475000113e+04 1.141342450864613056e-03 5.208101356402040206e-05 -4.083322710357605869e-04
3.959838712374999886e+04 -9.865284664556384087e-04 1.110225450247525952e-03 -4.167052684351801872e-04
3.959841212074999930e+04 7.827761874068528414e-05 -1.011863350868225098e-03 -4.106561827939004248e-04
3.959843709574999957e+04 7.629425817867740989e-05 1.110571552999318080e-03 -4.134386254008858854e-04
3.959846209375000035e+04 7.161473331507295370e-05 6.269228470046073198e-05 6.594450096599757671e-04
3.959848707275000197e+04 7.198966341093182564e-05 -9.995708242058753967e-04 6.606560782529413700e-04
3.959851207374999649e+04 -9.744456037878990173e-04 -1.022224663756787994e-03 -1.472880132496356964e-03
3.959853704575000302e+04 8.000250090844929218e-05 -1.011444022879004045e-03 -4.045416426379234141e-04
3.959856203575000109e+04 7.870910485507920384e-05 4.961271042702720247e-05 -4.059577477164567059e-04
3.959858701575000305e+04 -9.856251999735832214e-04 1.109020086005330086e-03 -4.108682624064385891e-04
3.959861201175000315e+04 7.833132985979318619e-05 4.832691411138512194e-05 -4.061535873916000128e-04
3.959863699774999986e+04 -9.728465811349451542e-04 -1.021560397930443070e-03 -1.466726651415229061e-03
3.959866198674999760e+04 1.135862898081541061e-03 6.286462303251028061e-05 6.687824497930705547e-04
3.959868697375000193e+04 -9.905563201755285263e-04 -1.002156408503652053e-03 6.630672723986208439e-04
3.959871196074999898e+04 -9.729829616844654083e-04 -2.084627281874417825e-03 -1.465673325583338954e-03
3.959873695774999942e+04 -9.851189097389578819e-04 2.171071479097009139e-03 -4.061234067194163799e-04
3.959876193775000138e+04 7.969493162818253040e-05 4.894483208772725679e-05 -4.000745830126106739e-04
3.959878692375001265e+04 -2.047631423920392990e-03 4.552011887426488101e-05 -4.071228322573006153e-04
3.959881191175000276e+04 -9.710609447211027145e-04 -2.083152765408157869e-03 -1.459388062357902961e-03
3.959883690075000050e+04 7.261986320372670889e-05 1.122763147577642961e-03 6.699564983136951923e-04
3.959886189374999958e+04 -9.802158456295728683e-04 -2.073796465992927985e-03 -3.945865610148758238e-04
3.959888687375000154e+04 8.126935426844283938e-05 4.991972673451527953e-05 -3.939057642128319090e-04
3.959891184975000215e+04 8.107013127300888300e-05 4.941186853102407672e-05 -3.939850139431654865e-04
3.959893685074999667e+04 -9.817623067647218704e-04 -1.014268957078457096e-03 -3.962341288570315188e-04
3.959896184375000303e+04 8.403592801187187433e-05 -1.009953441098331971e-03 -3.868422645609825850e-04
3.959898681275000126e+04 -9.804848814383149147e-04 4.979769437341020189e-05 -3.917174763046205044e-04
3.959901181175000238e+04 -9.809011826291680336e-04 4.889579577138646759e-05 -3.918402944691479206e-04
3.959903679974999977e+04 1.145706279203295925e-03 5.103453077026642859e-05 -3.849961503874511069e-04
3.959906178774999717e+04 8.300776244141161442e-05 -1.012427848763763905e-03 -3.872385423164815253e-04
3.959908677775000251e+04 -9.890205692499876022e-04 -1.003812067210674069e-03 6.742192199453711510e-04
3.959911177075000160e+04 1.146793132647871971e-03 1.114666694775223949e-03 -3.802745777647941763e-04
3.959913674875000288e+04 8.323800284415483475e-05 1.112967263907193921e-03 -3.838122647721319849e-04
3.959916173775000061e+04 -9.795582154765725136e-04 4.934065873385407031e-05 -3.860601282212883234e-04
3.959918672474999767e+04 1.156231504864990928e-03 -1.020482159219682000e-03 -1.442884327843785069e-03
3.959921171475000301e+04 9.173422586172819138e-05 3.907155041815713048e-05 -1.447796472348273017e-03
3.959923669474999770e+04 8.204884943552315235e-05 1.110633369535207965e-03 -3.842096484731882811e-04
3.959926168874999712e+04 -9.866229956969618797e-04 -1.000658026896416924e-03 6.856198306195437908e-04
3.959928668374999688e+04 -2.042485633864998817e-03 4.879325933870858767e-05 -3.842490259557961876e-04
3.959931166275001306e+04 -9.717817301861941814e-04 1.100601512007415078e-03 -1.447235466912389018e-03
3.959933665075000317e+04 -9.797952370718121529e-04 4.897412873106077313e-05 -3.809870977420359850e-04
3.959936163875000057e+04 1.146748312748969035e-03 5.103431249153800309e-05 -3.741797409020363742e-04
3.959938662574999762e+04 8.313090802403166890e-05 4.932874071528203785e-05 -3.777185629587619955e-04
3.959941162275001261e+04 8.284697833005338907e-05 4.864090442424640059e-05 -3.778363170567899942e-04
3.959943660174999968e+04 -9.784162975847721100e-04 5.074687578598968685e-05 -3.751246840693057126e-04
3.959946158874999674e+04 1.138830790296196938e-03 1.124664093367754979e-03 6.953494739718735218e-04
3.959948657575000107e+04 8.455424540443345904e-05 5.082972347736359320e-05 -3.718587977346032858e-04
3.959951156474999880e+04 8.411413728026673198e-05 5.011676330468616702e-05 -3.719797823578118736e-04
3.959953655075000279e+04 8.381662337342277169e-05 4.977867502020671964e-05 -3.720587410498409921e-04
3.959956152974999713e+04 8.445504499832168221e-05 -1.012316090054810047e-03 -3.708409203682094812e-04
3.959958652775001246e+04 7.656752131879329681e-05 1.124319154769181988e-03 6.975678261369466782e-04
3.959961152375001257e+04 -9.778847452253103256e-04 5.061515548732131720e-05 -3.696419880725442821e-04
3.959963649075000285e+04 7.581501995446160436e-05 1.123321941122412898e-03 6.973682320676743984e-04
3.959966148775000329e+04 -9.785476140677928925e-04 4.947333582094871185e-05 -3.698417858686298132e-04
3.959968647575000068e+04 9.178832260658964515e-05 1.101256348192692020e-03 -1.432837103493511894e-03
3.959971146475001296e+04 7.534379983553662896e-05 6.000872599543072283e-05 6.984118372201919556e-04
3.959973645275000308e+04 9.322542609879747033e-05 1.103416667319834015e-03 -1.427496434189378998e-03
3.959976143975000014e+04 -9.780052350834012032e-04 5.047016384196467698e-05 -3.647054836619644815e-04
3.959978642774999753e+04 8.559793059248477221e-05 -1.010584877803921916e-03 -3.600366471800953150e-04
3.959981141575000220e+04 -9.790481999516487122e-04 4.906104368274100125e-05 -3.649155551102011854e-04
3.959983640274999925e+04 7.638710667379200459e-05 -1.001191441901027939e-03 7.047623512335121632e-04
3.959986139074999664e+04 9.249256982002407312e-05 3.896635826095006682e-05 -1.426645321771502061e-03
3.959988637474999996e+04 6.569421384483575821e-05 1.131018390879034996e-03 1.766898203641176007e-03
3.959991136475001258e+04 -9.778164094313979149e-04 5.087828685645944693e-05 -3.592726716306061095e-04
3.959993635275000270e+04 8.525345765519887209e-05 5.127119220560417257e-05 -3.559321048669517040e-04
3.959996134175000043e+04 -9.782609995454549789e-04 4.957052442478016019e-05 -3.594708396121860093e-04
3.959998633975000121e+04 1.146629685536026955e-03 2.174579538404941993e-03 -3.553279384505004233e-04
3.960001131575000181e+04 7.611192268086597323e-05 6.024377580615691841e-05 7.087932317517697811e-04
3.960003630474999954e+04 1.147707458585500934e-03 5.061545016360469162e-05 -3.528602828737347776e-04
3.960006129075000354e+04 8.571122452849522233e-05 5.204751505516468801e-05 -3.511021204758434946e-04
3.960008627875000093e+04 1.016834721667692065e-04 1.092009828425944068e-03 -2.482549287378787994e-03
3.960011126675001287e+04 1.140065607614815018e-03 6.245198164833709598e-05 7.171580218710005283e-04
3.960013624875000096e+04 8.549623453291133046e-05 -1.011479413136840083e-03 -3.500915190670638734e-04
3.960016125075000309e+04 -9.873908711597323418e-04 5.864092599949798800e-05 7.100329385139048100e-04
3.960018623275001300e+04 -9.879227727651596069e-04 5.772883014287800274e-05 7.099076174199581146e-04
3.960021121675000177e+04 8.377969061257317662e-05 4.802098192158155143e-05 -3.517259901855140924e-04
3.960023620374999882e+04 9.318774391431361437e-05 1.102057518437504985e-03 -1.412855111993849061e-03
3.960026119974999892e+04 -9.782846318557858467e-04 4.880826600128784776e-05 -3.501071478240191936e-04
3.960028617474999919e+04 7.623502460774034262e-05 6.013043093844316900e-05 7.182718254625797272e-04
3.960031117675000132e+04 1.147882197983562946e-03 5.007582512916997075e-05 -3.433864330872892791e-04
3.960033615075000125e+04 1.147613511420785947e-03 4.962959064869210124e-05 -3.434663231018931216e-04
3.960036115674999746e+04 -9.795179357752203941e-04 4.613124474417418242e-05 -3.505106142256408930e-04
3.960038612974999705e+04 -9.712777682580053806e-04 3.528089655446819961e-05 -1.415589940734208064e-03
3.960041111875000206e+04 8.570345380576327443e-05 4.988281580153852701e-05 -3.415175888221710920e-04
3.960043610774999979e+04 -9.685296681709587574e-04 -1.023728284053504033e-03 -1.408724230714142106e-03
3.960046107875001326e+04 -9.780977852642536163e-04 4.739814903587102890e-05 -3.451757074799389189e-04
3.960048608175000118e+04 -9.699201327748596668e-04 3.652225859696046196e-05 -1.410256489180028005e-03
3.960051107675000094e+04 8.400814840570092201e-05 1.109092263504863002e-03 -3.432423109188675880e-04
3.960053605575000256e+04 1.148953684605658054e-03 -1.013289671391248920e-03 -3.371965140104293823e-04
3.960056104374999995e+04 -9.767663432285189629e-04 4.751178494188935242e-05 -3.411001816857606173e-04
3.960058603074999701e+04 -9.761769906617701054e-04 -1.014380715787410953e-03 -3.398462140467017889e-04
3.960061102574999677e+04 -9.779195534065365791e-04 1.107973279431462071e-03 -3.426256880629808253e-04
3.960063600674999907e+04 7.661915151402354240e-05 1.119324122555553913e-03 7.257537799887359142e-04
3.960066099375000340e+04 1.148097566328942993e-03 1.109650940634310029e-03 -3.359026159159839153e-04
3.960068598075000045e+04 -9.780004620552062988e-04 4.513134990702383220e-05 -3.415696555748581886e-04
3.960071096975001274e+04 1.158952945843338966e-03 3.899388684658334337e-05 -1.395509229041635990e-03
3.960073595675000252e+04 -9.767157025635242462e-04 4.621023254003375769e-05 -3.375177329871804064e-04
3.960076094474999991e+04 9.505853813607245684e-05 3.640362410806118764e-05 -1.399170490913093090e-03
3.960078593274999730e+04 7.716607069596648216e-05 1.118120853789150932e-03 7.294162642210721970e-04
3.960081092874999740e+04 7.767482748022302985e-05 5.586420229519716718e-05 7.306295447051525116e-04
3.960083589575000224e+04 8.595890540163964033e-05 4.466050086193718016e-05 -3.344688739161937887e-04
3.960086089774999709e+04 1.151365111581980965e-03 4.756386988447047770e-05 -3.265340928919612819e-04
3.960088588175000041e+04 9.646081889513880014e-05 3.524066414684057236e-05 -1.395106664858758016e-03
3.960091086574999645e+04 8.769176201894879341e-05 4.497967529459855773e-05 -3.301894757896661758e-04
3.960093585775000247e+04 9.477135608904063702e-05 1.095516490750014999e-03 -1.396643929183482907e-03
3.960096085774999665e+04 2.222983166575431824e-03 -1.025275443680583997e-03 -1.387134660035371997e-03
3.960098584575000132e+04 8.727300883037969470e-05 -1.018396345898509026e-03 -3.291809407528489828e-04
3.960101083074999769e+04 1.140396692790091038e-03 1.116018742322921970e-03 7.365382043644785881e-04
3.960103580775001319e+04 2.215624554082750840e-03 -1.014774665236473083e-03 -3.181817883159964735e-04
3.960106079575000331e+04 7.932167500257492065e-05 5.391259765019640326e-05 7.384801865555346012e-04
3.960108578375000070e+04 7.901740900706499815e-05 5.314531153999269009e-05 7.383607444353401661e-04
3.960111077075001231e+04 -9.760627290233969688e-04 4.098587305634283207e-05 -3.301778633613138849e-04
3.960113574874999904e+04 2.205040073022245927e-03 5.461418550112284720e-05 7.450832054018974304e-04
3.960116073275000235e+04 1.150760333985090039e-03 -1.019347691908478954e-03 -3.221287333872169256e-04
3.960118573274999653e+04 7.016317249508574605e-05 1.124048372730612972e-03 1.805205480195581913e-03
3.960121072075000120e+04 1.152683282271027999e-03 -2.080488018691540198e-03 -3.174160083290190047e-04
3.960123580362500070e+04 7.941410876810550690e-05 -1.010474748909472986e-03 7.426670636050403118e-04
3.960126078962499741e+04 -9.679787326604127884e-04 2.844728805939666927e-05 -1.392203848809004047e-03
3.960128577762500208e+04 8.581100701121613383e-05 1.101130852475761934e-03 -3.251907182857394218e-04
3.960131076662499981e+04 7.879309850977733731e-05 -1.011989195831120014e-03 7.423933129757642746e-04
3.960133574462500110e+04 1.149568939581512971e-03 3.984189606853760779e-05 -3.205935645382850820e-04
3.960136073962500086e+04 8.800352225080132484e-05 3.972165723098441958e-05 -3.201424551662058180e-04
3.960138572962499893e+04 -9.835292585194110870e-04 -1.013342058286071041e-03 7.426047232002019882e-04
3.960141071562500292e+04 8.720729238120839000e-05 3.879398718709126115e-05 -3.203425148967654055e-04
3.960143570362500031e+04 9.506099013378843665e-05 2.784339994832408022e-05 -1.385465264320373969e-03
3.960146069162499771e+04 -9.779727552086114883e-04 1.097685890272259929e-03 -3.253626928199083155e-04
3.960148567062499933e+04 9.443909948458895087e-05 2.670377216418274086e-05 -1.385647337883711078e-03
3.960151067162500112e+04 1.152056269347667911e-03 -1.022404874674976089e-03 -3.123647475149481947e-04
3.960153564362500038e+04 1.142356428317726092e-03 4.913665179628878832e-05 7.512212614528834820e-04
3.960156064162500115e+04 -9.769281605258584023e-04 1.096817431971430995e-03 -3.221511724404991215e-04
3.960158562962501310e+04 -9.786721784621477127e-04 3.219466423615812822e-03 -3.248922876082360744e-04
3.960161061862500355e+04 7.825258217053487897e-05 4.576177161652594805e-05 7.474419544450938702e-04
3.960163560362499993e+04 8.651188545627519488e-05 3.482303873170167208e-05 -3.176364989485592192e-04
3.960166060462500172e+04 -9.757223306223750114e-04 1.095843152143060944e-03 -3.190723655279725790e-04
3.960168557362499996e+04 8.841786620905622840e-05 3.538520468282513320e-05 -3.143517824355512857e-04
3.960171056662499905e+04 -2.039643004536629157e-03 1.093520550057291985e-03 -3.227308625355362892e-04
3.960173555562499678e+04 8.755796443438157439e-05 3.410857607377693057e-05 -3.145573718938977068e-04
3.960176054362500145e+04 9.507885260973125696e-05 1.084414310753345056e-03 -1.381007023155689023e-03
3.960178553062501305e+04 -9.771041804924607277e-04 1.093009486794471958e-03 -3.195506578776984865e-04
3.960181051862500317e+04 1.150159281678498008e-03 3.335444489493966103e-05 -3.114156424999237061e-04
3.960183550662500056e+04 8.914110367186367512e-05 3.330406252644024789e-05 -3.112677077297120744e-04
3.960186049362499762e+04 -9.822493884712457657e-04 -1.019796007312834046e-03 7.514815661124885082e-04
3.960188548162500228e+04 8.926133887143805623e-05 -1.029252074658870914e-03 -3.101350157521665096e-04
3.960191046962499968e+04 1.143703586421906948e-03 -1.018650713376701095e-03 7.581983227282762527e-04
3.960193546262499876e+04 1.160487532615662055e-03 -1.039928523823619106e-03 -1.371878548525274017e-03
3.960196043962499971e+04 -9.845329914242029190e-04 3.908964572474359788e-05 7.497415645048022270e-04
3.960198543162501301e+04 8.108383917715400457e-05 4.164637357462198220e-05 7.568240980617702007e-04
3.960201041862500279e+04 8.935324149206280708e-05 3.060714516323059797e-05 -3.082903567701578140e-04
3.960203542062499764e+04 8.080356201389804482e-05 4.044912566314450719e-05 7.566297426819801331e-04
3.960206040362500062e+04 8.918923413148149848e-05 2.946227687061763961e-05 -3.084820054937154055e-04
3.960208538162500190e+04 -9.829478804022073746e-04 3.800165359280072153e-05 7.529550930485129356e-04
3.960211036962499929e+04 1.143513596616684957e-03 4.010309567092917860e-05 7.597976364195346832e-04
3.960213535862499702e+04 8.188898937078192830e-05 -1.021776697598397949e-03 7.609839667566120625e-04
3.960216035262499645e+04 8.088150934781879187e-05 3.921231837011873722e-05 7.595719653181731701e-04
3.960218532462500298e+04 7.978336361702531576e-05 1.099959132261574052e-03 7.581203826703131199e-04
3.960221032562499749e+04 8.984545274870470166e-05 -1.033865264616907077e-03 -3.042886382900177890e-04
3.960223530662499979e+04 9.710512676974758506e-05 1.652958781050984155e-05 -1.370741636492311954e-03
3.960226029662501242e+04 -9.828181937336921692e-04 -1.025935518555342934e-03 7.570443558506667614e-04
3.960228528362500219e+04 -9.764318238012492657e-04 1.086098491214215972e-03 -3.107387165073304826e-04
3.960231027262499993e+04 8.042376430239528418e-05 3.748444942175410688e-05 7.625067373737692833e-04
3.960233525762500358e+04 -9.669100982137024403e-04 1.076112268492579026e-03 -1.372399739921092987e-03
3.960236025862501265e+04 8.842316310619935393e-05 2.588233655842487108e-05 -3.026891790796070749e-04
3.960238523262501258e+04 9.570978727424517274e-05 1.076311804354191043e-03 -1.369141391478478909e-03
3.960241022662499745e+04 1.150247175246476910e-03 1.087603508494793935e-03 -3.007626510225235874e-04
3.960243520962500043e+04 -2.040187828242779212e-03 1.083086128346621990e-03 -3.112640697509049827e-04
3.960246019662499748e+04 2.223531948402523994e-03 1.760281520546413958e-05 -1.357624540105462074e-03
3.960248518462500215e+04 7.849712710594758391e-05 1.096506486646831036e-03 7.639935356564819813e-04
3.960251017262499954e+04 -9.758550440892577171e-04 2.272732672281562943e-05 -3.032156382687389851e-04
3.960253516962499998e+04 9.572260751156136394e-05 1.290071759285637939e-05 -1.364872441627084992e-03
3.960256014762500126e+04 8.523769065504893661e-05 2.145965350791811943e-03 -3.026181657332926989e-04
3.960258513562501321e+04 8.579385757911950350e-05 1.083879848010838032e-03 -3.014020912814884836e-04
3.960261012262500299e+04 1.150589785538614013e-03 -1.038303715176879926e-03 -2.953565854113548994e-04
3.960263511062500038e+04 1.141055836342274926e-03 1.096042920835315964e-03 7.702141883783042431e-04
3.960266009862501232e+04 1.149369520135224082e-03 1.085218158550560041e-03 -2.948637702502309734e-04
3.960268507662499906e+04 9.404502634424716234e-05 1.072923536412418105e-03 -1.363443443551660018e-03
3.960271007262499916e+04 7.752049714326858521e-05 3.145771188428624787e-05 7.677835528738796711e-04
3.960273504562501330e+04 8.484388672513887286e-05 1.082329079508780999e-03 -2.986258768942207098e-04
3.960276004862500122e+04 7.750299118924885988e-05 -1.031053019687532945e-03 7.689140620641410351e-04
3.960278503662501316e+04 7.827616354916244745e-05 -1.029812381602823951e-03 7.722878362983465195e-04
3.960281002462500328e+04 8.565173629904165864e-05 2.066358501906507056e-05 -2.941603597719221765e-04
3.960283500462501252e+04 -9.866475593298673630e-04 2.919865073636173863e-05 7.672910578548908234e-04
3.960286000262501329e+04 7.537349301856011152e-05 1.091280137188733058e-03 7.692968938499689102e-04
3.960288497662501322e+04 -9.873886592686176300e-04 2.786513505270704966e-05 7.670865743421018124e-04
3.960290997362499911e+04 8.412479655817151070e-05 1.812139635148923844e-05 -2.945685409940779209e-04
3.960293496762501309e+04 -9.787016315385699272e-04 -1.045413315296173096e-03 -2.967816253658384085e-04
3.960295995062500151e+04 8.429258741671219468e-05 1.878889997897204012e-05 -2.914642682299017906e-04
3.960298493762501312e+04 8.385571709368377924e-05 1.822784361138473857e-05 -2.915489312727003748e-04
3.960300990962501237e+04 -9.722412214614450932e-04 1.067238627001642964e-03 -1.361462869681417942e-03
3.960303491062499961e+04 1.146714901551604054e-03 1.836233786889351904e-05 -2.882871194742619991e-04
3.960305989962499734e+04 8.204313053283840418e-05 1.077737077139317989e-03 -2.932033967226744240e-04
3.960308488862500235e+04 8.285965304821729660e-05 1.582506229169667106e-05 -2.919456746894866228e-04
3.960310987562499940e+04 1.146731665357946916e-03 1.842661913542542945e-05 -2.856873325072228909e-04
3.960313486262499646e+04 7.472487777704373002e-05 2.686027073650620878e-05 7.757699349895119667e-04
3.960315985062500113e+04 8.305419032694771886e-05 1.574714224261697043e-05 -2.893445198424159938e-04
3.960318484362500021e+04 -2.044790890067816214e-03 1.074118190445005894e-03 -2.976820105686783791e-04
3.960320982562500285e+04 9.085409692488610744e-05 4.121662186662433669e-06 -1.354546402581036091e-03
3.960323481362500024e+04 7.359503797488287091e-05 2.436578688502777029e-05 7.753696991130709648e-04
3.960325980162499764e+04 8.295218140119686723e-05 -1.046127523295580907e-03 -2.852379693649709225e-04
3.960328478762500163e+04 8.105095184873789549e-05 1.076446613296865983e-03 -2.879829553421586752e-04
3.960330977662499936e+04 8.311073906952515244e-05 -2.109077526256442070e-03 -2.841116802301257849e-04
3.960333476062500267e+04 7.278778502950444818e-05 2.389249675616155971e-05 7.781442254781723022e-04
3.960335974362501292e+04 8.100087143247947097e-05 1.279465323023032058e-05 -2.869546297006309032e-04
3.960338472662500135e+04 -9.919147705659270287e-04 1.082918490283190987e-03 7.731359219178557396e-04
3.960340972762500314e+04 -9.820460109040141106e-04 -1.051060971803962968e-03 -2.892802876885979826e-04
3.960343471462500020e+04 -9.922410827130079269e-04 1.083781477063894055e-03 7.760972366668283939e-04
3.960345970262499759e+04 -9.752687183208763599e-04 1.062560477294028022e-03 -1.353975618258119063e-03
3.960348469062500226e+04 1.135682919993997054e-03 -1.037803711369634108e-03 7.854865980334579945e-04
3.960350968762500270e+04 7.127060234779492021e-05 2.203748954343609851e-05 7.806140347383916378e-04
3.960353466162500263e+04 7.174775237217545509e-05 -1.040071714669466019e-03 7.818281883373856544e-04
3.960355966062499647e+04 7.999768422450870275e-05 -1.051021390594542027e-03 -2.832506725098937750e-04
3.960358464062501298e+04 6.961017061257734895e-05 1.083442126400768974e-03 7.817902951501309872e-04
3.960360962862500310e+04 6.945617496967315674e-05 1.083094510249793963e-03 7.817134028300642967e-04
3.960363461662500049e+04 -9.859716519713401794e-04 1.070585567504167990e-03 -2.868708397727460211e-04
3.960365960262499721e+04 -9.774634381756186485e-04 1.059565693140029907e-03 -1.351946033537388065e-03
3.960368457962501270e+04 7.769264630042016506e-05 8.794869245321024209e-06 -2.822802343871443922e-04
3.960370957862499927e+04 6.890883378218859434e-05 1.852854438766371120e-05 7.826343644410371780e-04
3.960373456562500360e+04 6.854510138509795070e-05 1.777214856701903045e-05 7.825136999599635601e-04
3.960375955462500133e+04 6.904241308802738786e-05 -1.042462536133825996e-03 7.869664113968610764e-04
3.960378454262501327e+04 -9.868902852758765221e-04 6.673456027783686295e-06 -2.829431032296270132e-04
3.960380952962500305e+04 7.645450386917218566e-05 7.537610144936479628e-06 -2.795571926981211251e-04
3.960383451762500044e+04 7.694889063714072108e-05 -1.054588472470640919e-03 -2.783430390991271084e-04
3.960385950562501239e+04 -9.950769599527120590e-04 -1.046093297190964005e-03 7.831128314137458801e-04
3.960388449262500217e+04 1.138831838034092946e-03 7.020498742349445820e-06 -2.764169475995004177e-04
3.960390946462500142e+04 6.736791692674160004e-05 -1.044606440700591044e-03 7.893927395343780518e-04
3.960393445962500118e+04 -9.888175409287214279e-04 4.483973043534206226e-06 -2.805216645356268233e-04
3.960395945562500128e+04 -9.805951267480850220e-04 -6.249333637242671102e-06 -1.345600117929280021e-03
3.960398444262501289e+04 6.542749179061502218e-05 1.545045051898341965e-05 7.877605385147035122e-04
3.960400943162500334e+04 6.658081838395446539e-05 -2.108508720993996100e-03 7.903003715910017490e-04
3.960403441862500040e+04 1.137527404353023009e-03 -1.056316541507839940e-03 -2.726444217842072248e-04
3.960405941562500084e+04 6.455324182752519846e-05 1.509437424829230051e-05 7.905426900833845139e-04
3.960408439462500246e+04 1.144777634181082032e-03 -4.877000719716306776e-06 -1.336071174591779926e-03
3.960410938062499918e+04 6.495210254797711968e-05 -1.047704718075693087e-03 7.916768081486225128e-04
3.960413436962499691e+04 7.246261520776897669e-05 3.008078920174738900e-06 -2.747312246356158907e-04
3.960415935662500124e+04 7.981917588040232658e-05 1.053356216289103031e-03 -1.341183320619165897e-03
3.960418435262500134e+04 -2.054886659607290788e-03 -1.001099803943362045e-06 -2.818577049765735865e-04
3.960420933362500364e+04 -2.063878346234560013e-03 8.587033335061278194e-06 7.830182439647614956e-04
3.960423431262501254e+04 7.858245226088911295e-05 1.052623265422881083e-03 -1.338916132226585908e-03
3.960425932162500249e+04 7.990696758497506380e-05 -1.071290462277830081e-03 -1.336372806690633080e-03
3.960428428962500038e+04 7.038884359644725919e-05 1.101521291957397030e-07 -2.727855462580919266e-04
3.960430928162499913e+04 -9.934804402291774750e-04 -1.899523681458959102e-06 -2.763696538750082254e-04
3.960433427162499720e+04 -9.851888753473758698e-04 -1.262800287804565985e-05 -1.341446884907782078e-03
3.960435924362499645e+04 6.876181578263640404e-05 1.059943577274679921e-03 -2.744327648542820865e-04
3.960438424562501314e+04 1.131317811086774089e-03 2.123601036146283150e-03 -2.699913165997713804e-04
3.960440923262500291e+04 6.856260006316006184e-05 1.059939269907772975e-03 -2.722398203331977129e-04
3.960443422062500031e+04 -9.942246833816170692e-04 -3.266455451012006961e-06 -2.744481607805938071e-04
3.960445920962501259e+04 -9.937159484252333641e-04 -1.065424177795649009e-03 -2.732340944930911064e-04
3.960448420462501235e+04 -2.059845253825188117e-03 2.117301570251584053e-03 -2.807746932376176119e-04
3.960450917562499671e+04 1.131676603108644052e-03 -2.367551360293874009e-06 -2.678421733435242826e-04
3.960453417262499715e+04 1.131839933805167892e-03 -1.875808038676040967e-06 -2.659983001649379730e-04
3.960455915662500047e+04 -9.963103802874684334e-04 1.056188018992543004e-03 -2.743781660683453083e-04
3.960458414662501309e+04 6.774166831746697426e-05 -4.419961896928725764e-06 -2.696789160836488008e-04
3.960460913562500355e+04 6.747505540261045098e-05 -5.043255441705696285e-06 -2.697612217161803896e-04
3.960463412562500162e+04 -9.947054786607623100e-04 -2.130025764927268028e-03 -2.706791274249554223e-04
3.960465911162501288e+04 -9.964508935809135437e-04 -7.358065431617433205e-06 -2.734203008003532887e-04
3.960468411162499979e+04 -9.975763969123363495e-04 1.053467858582735062e-03 -2.748715342022479123e-04
3.960470908462499938e+04 6.609797128476202488e-05 1.055624219588934942e-03 -2.696348237805067951e-04
3.960473407262499677e+04 -1.004528836347162940e-03 -1.059121685102581978e-03 7.944440585561096668e-04
3.960475906162500178e+04 5.882572440896183252e-05 -1.058242633007467010e-03 7.978303474374115467e-04
3.960478404762501305e+04 -9.966176003217697144e-04 -1.070629106834531047e-03 -2.707527310121803934e-04
3.960480902062501264e+04 6.576559098903089762e-05 -8.202878234442323446e-06 -2.687012020032852888e-04
3.960483402462500089e+04 6.625988316955044866e-05 -1.070433994755149104e-03 -2.674883580766618252e-04
3.960485902262500167e+04 -9.974273853003978729e-04 -1.072300015948713043e-03 -2.710325643420218879e-04
3.960488399362500058e+04 5.690401303581892766e-05 1.545701479699346025e-06 7.977092755027115345e-04
3.960490899662500306e+04 7.371336687356233597e-05 -1.974834231077693064e-05 -1.332367537543178038e-03
3.960493397362499672e+04 5.646090721711515703e-05 3.316400523090123897e-07 7.975114858709275723e-04
3.960495896762500342e+04 7.317476411117240787e-05 -2.105296152876690030e-05 -1.332568004727364020e-03
3.960498395062499912e+04 -1.006944221444427967e-03 -1.063844189047812982e-03 7.951753796078264713e-04
3.960500892462499905e+04 6.481385935330763459e-05 -1.073317369446157975e-03 -2.664372441358863765e-04
3.960503392662500119e+04 1.127101015299559073e-03 1.051380531862377904e-03 -2.642739564180374146e-04
3.960505890962499689e+04 -9.990565013140439987e-04 -1.315589815931162035e-05 -2.699426258914173191e-04
3.960508389962500223e+04 -9.994608117267489433e-04 -1.390356101182988083e-05 -2.700639597605913877e-04
3.960510888762499962e+04 -1.008021645247936032e-03 -4.017857008875581352e-06 7.948563434183597565e-04
3.960513387562499702e+04 6.209443381521850824e-05 2.109338296577333970e-03 -2.694586582947521860e-04
3.960515886262500135e+04 6.429514178307726979e-05 -1.075793523341417096e-03 -2.655432035680859739e-04
3.960518386262500280e+04 -1.007765647955239036e-03 -5.210853032622254369e-06 7.959197391755878925e-04
3.960520883062500070e+04 1.136570936068892045e-03 -1.085330382920802073e-03 -1.325918245129287026e-03
3.960523382562500046e+04 5.523693471332080662e-05 -4.801654540642630309e-06 7.992063765414059162e-04
3.960525881362501241e+04 6.262675015022978187e-05 1.045593526214360974e-03 -2.672427799552679062e-04
3.960528380262500286e+04 6.378388934535905719e-05 -1.077849534340203025e-03 -2.646615321282296831e-04
3.960530878862499958e+04 -9.997590677812695503e-04 -1.079633831977844021e-03 -2.682373160496354103e-04
3.960533377762499731e+04 -1.000791089609264894e-03 -1.852024615800473839e-05 -2.696485025808215141e-04
3.960535876462500164e+04 -9.998837485909461975e-04 -1.865712329163216054e-05 -2.685081853996961767e-04
3.960538374162500259e+04 5.474946374306455255e-05 -7.344816367549356073e-06 7.998723303899168968e-04
3.960540873562500201e+04 -1.009123050607741096e-03 -9.375363333674613386e-06 7.962876698002219200e-04
3.960543371462500363e+04 1.134551595896482034e-03 -2.788795609376392920e-05 -1.326861092820764022e-03
3.960545871562501270e+04 5.389801663113757968e-05 -9.130038051807787269e-06 7.995553896762430668e-04
3.960548370262500248e+04 6.289869634201750159e-05 -1.081434544175863049e-03 -2.641905157361180132e-04
3.960550869162500021e+04 -1.007854822091758034e-03 -1.072703744284809069e-03 7.982955430634319782e-04
3.960553367462500319e+04 5.450834942166694186e-05 -1.019658157019875944e-05 8.003477705642580986e-04
3.960555866062499990e+04 5.334848538041114807e-05 1.050745835527778105e-03 7.988972356542944908e-04
3.960558364762499696e+04 1.125644892454146905e-03 -2.042002233793028038e-05 -2.613919787108898163e-04
3.960560864062500332e+04 1.125316601246594949e-03 -2.109830165863968093e-05 -2.615111006889491731e-04
3.960563362962500105e+04 -2.056699711829423904e-03 -3.594786903704517267e-05 -1.336976187303662083e-03
3.960565863062500284e+04 5.521616549231112003e-05 -1.074183033779263063e-03 8.021901594474911690e-04
3.960568360362500243e+04 5.344817327568308197e-05 1.048614503815769932e-03 7.994503248482942581e-04
3.960570859262500016e+04 6.246818520594388247e-05 -2.397657408437225968e-05 -2.643335319589822942e-04
3.960573358062499756e+04 6.125638901721686125e-05 1.036830362863839106e-03 -2.657519362401217222e-04
3.960575856662500155e+04 6.156344170449301600e-05 -2.550113276811316948e-05 -2.645437198225408792e-04
3.960578355562499928e+04 -1.009662402793765068e-03 -1.078546047210692926e-03 7.982437964528799057e-04
3.960580854262500361e+04 5.249121750239282846e-05 -1.639899710426107049e-05 8.002528338693082333e-04
3.960583353062500100e+04 6.373403448378667235e-05 -1.088340301066637039e-03 -2.625838387757539749e-04
3.960585851862501295e+04 6.254723848542198539e-05 -2.752199907263274897e-05 -2.640188613440840894e-04
3.960588350662500306e+04 -1.001362572424113967e-03 -2.960887104563881051e-05 -2.676048898138105869e-04
3.960590849262499978e+04 5.237697405391372740e-05 1.043030992150306919e-03 7.994394400157034397e-04
3.960593348162499751e+04 1.124538830481470065e-03 -2.816143023665063083e-05 -2.608871727716178244e-04
3.960595846962500218e+04 6.121477781562134624e-05 -2.985701576108112931e-05 -2.644211344886571169e-04
3.960598346362500160e+04 6.259707879507914186e-05 -3.044602635782212019e-05 -2.638435398694127798e-04
3.960600843862500187e+04 6.158274482004344463e-05 1.030637416988611004e-03 -2.652547555044292862e-04
3.960603343362500163e+04 -2.055478282272816138e-03 -1.106088049709796906e-03 -1.334632630459964059e-03
3.960605842462500004e+04 5.409493314800783992e-05 -1.083133509382605986e-03 8.022077381610870361e-04
3.960608341062499676e+04 1.125619513913989067e-03 -1.092892489396036105e-03 -2.594493562355638092e-04
3.960610839762500109e+04 1.124385627917944951e-03 -3.190123607055284083e-05 -2.608654031064360792e-04
3.960613338162499713e+04 6.048622890375555239e-05 -3.387978722457773983e-05 -2.644479682203382254e-04
3.960615837062500214e+04 6.248642603168264031e-05 -3.363660289323888719e-05 -2.638669102452694828e-04
3.960618335862499953e+04 7.072919106576591730e-05 -4.481237192521803081e-05 -1.328985788859426975e-03
3.960620835762500064e+04 -9.927126811817288399e-04 -4.661442653741688214e-05 -1.332524931058288054e-03
3.960623332862499956e+04 1.126199029386043982e-03 -1.095786341466010051e-03 -2.593871322460473126e-04
3.960625839437499963e+04 -1.001558848656713963e-03 -3.743099296116270125e-05 -2.677215670701115781e-04
3.960628337237500091e+04 1.125849084928631999e-03 -1.096814521588385105e-03 -2.595809928607196158e-04
3.960630836237499898e+04 -9.982073679566383362e-04 -2.160832285881042047e-03 -2.647377550601959229e-04
3.960633334937500331e+04 -1.008659834042191939e-03 -2.798007517412770878e-05 7.974774925969541073e-04
3.960635833637500036e+04 2.189783146604896025e-03 -3.497887155390345238e-05 -2.572160155978053808e-04
3.960638333037499979e+04 -1.010858104564249949e-03 2.093766350299119949e-03 7.946137920953333378e-04
3.960640831337500276e+04 6.165358354337513447e-05 1.022713957354425950e-03 -2.656702417880297249e-04
3.960643329937499948e+04 1.134792459197341962e-03 -1.110184122808278041e-03 -1.324664335697888894e-03
3.960645828737499687e+04 -9.983517229557037354e-04 -1.102302921935915947e-03 -2.663750492502003908e-04
3.960648327537500154e+04 2.190709812566637993e-03 -3.715675848070532084e-05 -2.574015816207975149e-04
3.960650826337499893e+04 7.336937414947897196e-05 -1.112375757656991048e-03 -1.328102429397403977e-03
3.960653324637500191e+04 1.118885120376944976e-03 -2.911310366471298039e-05 8.039493113756179810e-04
3.960655822837499727e+04 7.291806105058640242e-05 -1.113339560106396892e-03 -1.328297308646142049e-03
3.960658323837500211e+04 1.127573894336820082e-03 -1.102095702663064003e-03 -2.599173167254775763e-04
3.960660821337500238e+04 1.117837382480501912e-03 -3.093942359555512667e-05 8.036281797103583813e-04
3.960663320237500011e+04 -9.983781492337584496e-04 -4.376400829642079771e-05 -2.682099584490060806e-04
3.960665818837499683e+04 7.232187635963782668e-05 1.007988117635250092e-03 -1.331199659034610011e-03
3.960668316137499642e+04 5.673655323334970258e-05 -1.094754901714622974e-03 8.013822953216731548e-04
3.960670816537499923e+04 -1.006852369755506949e-03 -1.096869702450931072e-03 7.978018838912248611e-04
3.960673314037499949e+04 7.244131120387464762e-05 -5.522827268578112125e-05 -1.330145401880145073e-03
3.960675814337500196e+04 -9.990569669753313065e-04 -1.108669210225343921e-03 -2.674004936125128919e-04
