1.449749955204905033e+09 5.488739013671875000e+00 5.606826782226562500e+00 4.396652221679687500e+00
1.449749955230600595e+09 -5.033874511718750000e-01 -5.124053955078125000e-01 -4.013214111328125000e-01
1.449749955256174564e+09 4.669189453125000000e-02 4.408264160156250000e-02 3.767395019531250000e-02
1.449749955280466318e+09 -1.373291015625000000e-03 -6.118774414062500000e-03 -2.914428710937500000e-03
1.449749955305582523e+09 2.899169921875000000e-03 -7.781982421875000000e-04 2.899169921875000000e-04
1.449749955330820560e+09 7.629394531250000000e-04 -7.781982421875000000e-04 2.899169921875000000e-04
1.449749955355997324e+09 -3.051757812500000000e-04 1.358032226562500000e-03 2.899169921875000000e-04
1.449749955381357670e+09 3.967285156250000000e-03 2.899169921875000000e-04 2.899169921875000000e-04
1.449749955406351566e+09 -3.051757812500000000e-04 1.358032226562500000e-03 2.426147460937500000e-03
1.449749955431467533e+09 -3.509521484375000000e-03 1.358032226562500000e-03 -1.846313476562500000e-03
1.449749955456675053e+09 2.899169921875000000e-03 1.358032226562500000e-03 2.899169921875000000e-04
1.449749955481852055e+09 1.831054687500000000e-03 -1.846313476562500000e-03 2.899169921875000000e-04
1.449749955507059574e+09 1.831054687500000000e-03 1.358032226562500000e-03 2.899169921875000000e-04
1.449749955532236576e+09 -2.441406250000000000e-03 1.358032226562500000e-03 -7.781982421875000000e-04
1.449749955557413578e+09 7.629394531250000000e-04 -7.781982421875000000e-04 -7.781982421875000000e-04
1.449749955582651615e+09 2.899169921875000000e-03 1.358032226562500000e-03 1.358032226562500000e-03
1.449749955607767582e+09 -1.373291015625000000e-03 2.899169921875000000e-04 -2.914428710937500000e-03
1.449749955632944584e+09 -2.441406250000000000e-03 -7.781982421875000000e-04 2.899169921875000000e-04
1.449749955658121586e+09 2.899169921875000000e-03 2.899169921875000000e-04 2.899169921875000000e-04
1.449749955683298588e+09 -3.509521484375000000e-03 2.899169921875000000e-04 -7.781982421875000000e-04
1.449749955708475590e+09 2.899169921875000000e-03 -7.781982421875000000e-04 2.899169921875000000e-04
1.449749955733652592e+09 7.629394531250000000e-04 -2.914428710937500000e-03 2.899169921875000000e-04
1.449749955758829594e+09 -3.051757812500000000e-04 -7.781982421875000000e-04 2.899169921875000000e-04
1.449749955784006596e+09 -3.051757812500000000e-04 2.426147460937500000e-03 2.899169921875000000e-04
1.449749955809183598e+09 2.899169921875000000e-03 -7.781982421875000000e-04 2.899169921875000000e-04
1.449749955834970951e+09 3.967285156250000000e-03 2.899169921875000000e-04 -7.781982421875000000e-04
1.449749955859537601e+09 -3.509521484375000000e-03 -7.781982421875000000e-04 2.899169921875000000e-04
1.449749955884714603e+09 -1.373291015625000000e-03 -1.846313476562500000e-03 -1.846313476562500000e-03
1.449749955909861088e+09 7.629394531250000000e-04 -7.781982421875000000e-04 -7.781982421875000000e-04
1.449749955935068607e+09 7.629394531250000000e-04 1.358032226562500000e-03 -7.781982421875000000e-04
1.449749955960306644e+09 -3.051757812500000000e-04 -1.846313476562500000e-03 -1.846313476562500000e-03
1.449749955985422611e+09 7.629394531250000000e-04 2.899169921875000000e-04 -7.781982421875000000e-04
1.449749956010569334e+09 7.629394531250000000e-04 -7.781982421875000000e-04 2.899169921875000000e-04
1.449749956035807133e+09 1.831054687500000000e-03 -7.781982421875000000e-04 -7.781982421875000000e-04
1.449749956060953617e+09 -1.373291015625000000e-03 -7.781982421875000000e-04 2.899169921875000000e-04
1.449749956086069584e+09 7.629394531250000000e-04 1.358032226562500000e-03 2.899169921875000000e-04
1.449749956111277103e+09 -3.051757812500000000e-04 -1.846313476562500000e-03 2.899169921875000000e-04
1.449749956136454105e+09 1.831054687500000000e-03 2.899169921875000000e-04 1.358032226562500000e-03
1.449749956161692142e+09 -1.373291015625000000e-03 -3.982543945312500000e-03 -7.781982421875000000e-04
1.449749956186899662e+09 7.629394531250000000e-04 -1.846313476562500000e-03 -7.781982421875000000e-04
1.449749956211985111e+09 1.831054687500000000e-03 1.358032226562500000e-03 2.899169921875000000e-04
1.449749956237223148e+09 1.831054687500000000e-03 -2.914428710937500000e-03 2.899169921875000000e-04
1.449749956262400150e+09 -2.441406250000000000e-03 2.899169921875000000e-04 1.358032226562500000e-03
1.449749956287607670e+09 7.629394531250000000e-04 -1.846313476562500000e-03 2.899169921875000000e-04
1.449749956312723637e+09 -3.051757812500000000e-04 2.899169921875000000e-04 2.899169921875000000e-04
1.449749956337900639e+09 2.899169921875000000e-03 1.358032226562500000e-03 1.358032226562500000e-03
1.449749956363077641e+09 7.629394531250000000e-04 1.358032226562500000e-03 1.358032226562500000e-03
1.449749956388254642e+09 7.629394531250000000e-04 2.426147460937500000e-03 2.899169921875000000e-04
1.449749956414041996e+09 1.831054687500000000e-03 -1.846313476562500000e-03 2.899169921875000000e-04
1.449749956438608646e+09 -3.051757812500000000e-04 -7.781982421875000000e-04 -7.781982421875000000e-04
1.449749956463785648e+09 -3.051757812500000000e-04 -7.781982421875000000e-04 2.899169921875000000e-04
1.449749956488962650e+09 3.967285156250000000e-03 -1.846313476562500000e-03 2.899169921875000000e-04
1.449749956514109135e+09 -3.051757812500000000e-04 -7.781982421875000000e-04 2.899169921875000000e-04
1.449749956539225101e+09 -1.373291015625000000e-03 2.899169921875000000e-04 2.899169921875000000e-04
1.449749956564493656e+09 -1.373291015625000000e-03 -7.781982421875000000e-04 -1.846313476562500000e-03
1.449749956589640141e+09 -3.051757812500000000e-04 2.426147460937500000e-03 1.358032226562500000e-03
1.449749956614817142e+09 -3.051757812500000000e-04 -1.846313476562500000e-03 -7.781982421875000000e-04
1.449749956639963627e+09 -3.051757812500000000e-04 2.899169921875000000e-04 2.899169921875000000e-04
1.449749956665079594e+09 -3.051757812500000000e-04 1.358032226562500000e-03 -7.781982421875000000e-04
1.449749956690348148e+09 -1.373291015625000000e-03 -7.781982421875000000e-04 -7.781982421875000000e-04
1.449749956715525150e+09 2.899169921875000000e-03 -7.781982421875000000e-04 2.899169921875000000e-04
1.449749956740702152e+09 -2.441406250000000000e-03 -7.781982421875000000e-04 -7.781982421875000000e-04
1.449749956765909672e+09 7.629394531250000000e-04 -7.781982421875000000e-04 -7.781982421875000000e-04
1.449749956791025639e+09 7.629394531250000000e-04 -1.846313476562500000e-03 2.899169921875000000e-04
1.449749956816294193e+09 7.629394531250000000e-04 -1.846313476562500000e-03 -1.846313476562500000e-03
1.449749956841440678e+09 7.629394531250000000e-04 3.494262695312500000e-03 1.358032226562500000e-03
1.449749956866739750e+09 7.629394531250000000e-04 -7.781982421875000000e-04 -7.781982421875000000e-04
1.449749956891825199e+09 -3.051757812500000000e-04 2.899169921875000000e-04 2.899169921875000000e-04
1.449749956916971684e+09 7.629394531250000000e-04 -1.846313476562500000e-03 2.899169921875000000e-04
1.449749956942148685e+09 2.899169921875000000e-03 2.899169921875000000e-04 2.899169921875000000e-04
1.449749956967356205e+09 1.831054687500000000e-03 -7.781982421875000000e-04 1.358032226562500000e-03
1.449749956993052006e+09 1.831054687500000000e-03 2.899169921875000000e-04 -7.781982421875000000e-04
1.449749957017709970e+09 -1.373291015625000000e-03 2.426147460937500000e-03 -7.781982421875000000e-04
1.449749957042856693e+09 7.629394531250000000e-04 2.899169921875000000e-04 -7.781982421875000000e-04
1.449749957068033695e+09 -3.051757812500000000e-04 -1.846313476562500000e-03 2.899169921875000000e-04
1.449749957093210697e+09 -3.509521484375000000e-03 -1.846313476562500000e-03 2.899169921875000000e-04
1.449749957118357182e+09 5.035400390625000000e-03 1.358032226562500000e-03 -7.781982421875000000e-04
1.449749957143595219e+09 7.629394531250000000e-04 1.358032226562500000e-03 2.899169921875000000e-04
1.449749957168741703e+09 -3.051757812500000000e-04 1.358032226562500000e-03 2.899169921875000000e-04
1.449749957193888187e+09 -1.373291015625000000e-03 2.426147460937500000e-03 2.899169921875000000e-04
1.449749957219126225e+09 7.629394531250000000e-04 1.358032226562500000e-03 1.358032226562500000e-03
1.449749957244211674e+09 -3.509521484375000000e-03 2.426147460937500000e-03 2.899169921875000000e-04
1.449749957269449711e+09 1.831054687500000000e-03 -7.781982421875000000e-04 2.899169921875000000e-04
1.449749957294626713e+09 -1.373291015625000000e-03 -1.846313476562500000e-03 -7.781982421875000000e-04
1.449749957319803715e+09 -2.441406250000000000e-03 -1.846313476562500000e-03 -1.846313476562500000e-03
1.449749957344980717e+09 2.899169921875000000e-03 -1.846313476562500000e-03 -7.781982421875000000e-04
1.449749957370066166e+09 -3.051757812500000000e-04 -2.914428710937500000e-03 -7.781982421875000000e-04
1.449749957395334721e+09 -1.373291015625000000e-03 2.899169921875000000e-04 -7.781982421875000000e-04
1.449749957420481205e+09 -1.373291015625000000e-03 1.358032226562500000e-03 1.358032226562500000e-03
1.449749957445688725e+09 1.831054687500000000e-03 1.358032226562500000e-03 2.899169921875000000e-04
1.449749957470865726e+09 7.629394531250000000e-04 -1.846313476562500000e-03 2.899169921875000000e-04
1.449749957496012211e+09 -3.051757812500000000e-04 2.899169921875000000e-04 2.899169921875000000e-04
1.449749957521219730e+09 -3.051757812500000000e-04 -7.781982421875000000e-04 2.899169921875000000e-04
1.449749957546396732e+09 7.629394531250000000e-04 -1.846313476562500000e-03 -7.781982421875000000e-04
1.449749957572000980e+09 -1.373291015625000000e-03 1.358032226562500000e-03 2.899169921875000000e-04
1.449749957596720219e+09 1.831054687500000000e-03 -7.781982421875000000e-04 -7.781982421875000000e-04
1.449749957621866703e+09 7.629394531250000000e-04 1.358032226562500000e-03 -7.781982421875000000e-04
1.449749957647104740e+09 1.831054687500000000e-03 2.899169921875000000e-04 2.426147460937500000e-03
1.449749957672281742e+09 1.831054687500000000e-03 2.899169921875000000e-04 -7.781982421875000000e-04
1.449749957697458744e+09 -2.441406250000000000e-03 1.358032226562500000e-03 -7.781982421875000000e-04
1.449749957722666264e+09 1.831054687500000000e-03 -1.846313476562500000e-03 1.358032226562500000e-03
1.449749957747782230e+09 -1.373291015625000000e-03 2.899169921875000000e-04 2.899169921875000000e-04
1.449749957772989750e+09 1.831054687500000000e-03 -7.781982421875000000e-04 1.358032226562500000e-03
1.449749957798166752e+09 2.899169921875000000e-03 2.899169921875000000e-04 2.899169921875000000e-04
1.449749957823343754e+09 7.629394531250000000e-04 -7.781982421875000000e-04 2.899169921875000000e-04
1.449749957848520756e+09 7.629394531250000000e-04 1.358032226562500000e-03 -7.781982421875000000e-04
1.449749957873667240e+09 -3.051757812500000000e-04 -2.914428710937500000e-03 2.899169921875000000e-04
1.449749957898905277e+09 7.629394531250000000e-04 2.899169921875000000e-04 -7.781982421875000000e-04
1.449749957924051762e+09 -1.373291015625000000e-03 -7.781982421875000000e-04 -7.781982421875000000e-04
1.449749957949198246e+09 -3.051757812500000000e-04 -7.781982421875000000e-04 2.899169921875000000e-04
1.449749957974406004e+09 -3.051757812500000000e-04 1.358032226562500000e-03 -7.781982421875000000e-04
1.449749957999582767e+09 -1.373291015625000000e-03 2.899169921875000000e-04 1.358032226562500000e-03
1.449749958025736332e+09 -1.373291015625000000e-03 -7.781982421875000000e-04 2.899169921875000000e-04
1.449749958049937010e+09 -1.373291015625000000e-03 2.899169921875000000e-04 -1.846313476562500000e-03
1.449749958075083256e+09 -3.051757812500000000e-04 1.358032226562500000e-03 -7.781982421875000000e-04
1.449749958100290775e+09 -1.373291015625000000e-03 2.426147460937500000e-03 2.899169921875000000e-04
1.449749958125437260e+09 6.103515625000000000e-03 1.358032226562500000e-03 1.358032226562500000e-03
1.449749958151102543e+09 -1.373291015625000000e-03 -7.781982421875000000e-04 -7.781982421875000000e-04
1.449749958175821781e+09 -1.373291015625000000e-03 1.358032226562500000e-03 2.899169921875000000e-04
1.449749958200937748e+09 5.035400390625000000e-03 1.358032226562500000e-03 2.426147460937500000e-03
1.449749958226145267e+09 7.629394531250000000e-04 1.358032226562500000e-03 2.899169921875000000e-04
1.449749958251352787e+09 -3.051757812500000000e-04 -7.781982421875000000e-04 -7.781982421875000000e-04
1.449749958276516199e+09 -3.051757812500000000e-04 1.358032226562500000e-03 2.899169921875000000e-04
1.449749958301723719e+09 3.967285156250000000e-03 -7.781982421875000000e-04 -7.781982421875000000e-04
1.449749958326869965e+09 -1.373291015625000000e-03 2.899169921875000000e-04 2.899169921875000000e-04
1.449749958352108002e+09 7.629394531250000000e-04 1.358032226562500000e-03 2.899169921875000000e-04
1.449749958377254725e+09 7.629394531250000000e-04 -1.846313476562500000e-03 1.358032226562500000e-03
1.449749958402431488e+09 -3.051757812500000000e-04 1.358032226562500000e-03 -1.846313476562500000e-03
1.449749958427669525e+09 1.831054687500000000e-03 2.899169921875000000e-04 -7.781982421875000000e-04
1.449749958452754974e+09 2.899169921875000000e-03 -7.781982421875000000e-04 2.899169921875000000e-04
1.449749958477962494e+09 -3.051757812500000000e-04 -1.846313476562500000e-03 -7.781982421875000000e-04
1.449749958503139496e+09 -3.051757812500000000e-04 -1.846313476562500000e-03 2.899169921875000000e-04
1.449749958528316736e+09 5.035400390625000000e-03 2.899169921875000000e-04 2.899169921875000000e-04
1.449749958553462982e+09 -3.051757812500000000e-04 1.358032226562500000e-03 1.358032226562500000e-03
1.449749958578670502e+09 1.831054687500000000e-03 2.899169921875000000e-04 2.899169921875000000e-04
1.449749958604640961e+09 2.899169921875000000e-03 1.358032226562500000e-03 -7.781982421875000000e-04
1.449749958628993988e+09 7.629394531250000000e-04 -7.781982421875000000e-04 -7.781982421875000000e-04
1.449749958654140711e+09 -1.373291015625000000e-03 2.899169921875000000e-04 -1.846313476562500000e-03
1.449749958679378748e+09 -3.051757812500000000e-04 2.899169921875000000e-04 2.899169921875000000e-04
1.449749958704524994e+09 7.629394531250000000e-04 2.899169921875000000e-04 -7.781982421875000000e-04
1.449749958729976892e+09 1.831054687500000000e-03 2.426147460937500000e-03 2.899169921875000000e-04
1.449749958754909754e+09 -3.051757812500000000e-04 2.899169921875000000e-04 2.899169921875000000e-04
1.449749958780086517e+09 -3.051757812500000000e-04 -7.781982421875000000e-04 2.899169921875000000e-04
1.449749958805263519e+09 -3.051757812500000000e-04 1.358032226562500000e-03 1.358032226562500000e-03
1.449749958830440760e+09 7.629394531250000000e-04 2.899169921875000000e-04 2.899169921875000000e-04
1.449749958855526209e+09 7.629394531250000000e-04 2.426147460937500000e-03 -7.781982421875000000e-04
1.449749958880764246e+09 7.629394531250000000e-04 -7.781982421875000000e-04 -7.781982421875000000e-04
1.449749958905941010e+09 7.629394531250000000e-04 -1.846313476562500000e-03 -7.781982421875000000e-04
1.449749958931148529e+09 7.629394531250000000e-04 2.899169921875000000e-04 2.899169921875000000e-04
1.449749958956325531e+09 -3.051757812500000000e-04 -3.982543945312500000e-03 2.899169921875000000e-04
1.449749958981472015e+09 2.899169921875000000e-03 1.358032226562500000e-03 1.358032226562500000e-03
1.449749959006710291e+09 1.831054687500000000e-03 2.899169921875000000e-04 -1.846313476562500000e-03
1.449749959031856537e+09 -2.441406250000000000e-03 -7.781982421875000000e-04 -7.781982421875000000e-04
1.449749959057125092e+09 -2.441406250000000000e-03 1.358032226562500000e-03 -7.781982421875000000e-04
1.449749959082271814e+09 1.831054687500000000e-03 -1.846313476562500000e-03 2.899169921875000000e-04
1.449749959107418060e+09 7.629394531250000000e-04 2.899169921875000000e-04 2.899169921875000000e-04
1.449749959132595301e+09 1.831054687500000000e-03 2.899169921875000000e-04 -7.781982421875000000e-04
1.449749959157741547e+09 -1.373291015625000000e-03 2.899169921875000000e-04 -1.846313476562500000e-03
1.449749959183712006e+09 -1.373291015625000000e-03 2.899169921875000000e-04 1.358032226562500000e-03
1.449749959208095789e+09 7.629394531250000000e-04 -7.781982421875000000e-04 -7.781982421875000000e-04
1.449749959233272552e+09 5.035400390625000000e-03 2.899169921875000000e-04 2.426147460937500000e-03
1.449749959258449554e+09 1.831054687500000000e-03 1.358032226562500000e-03 -7.781982421875000000e-04
1.449749959283626795e+09 7.629394531250000000e-04 2.426147460937500000e-03 2.899169921875000000e-04
1.449749959308864832e+09 7.629394531250000000e-04 2.899169921875000000e-04 -7.781982421875000000e-04
1.449749959333980560e+09 1.831054687500000000e-03 2.899169921875000000e-04 2.899169921875000000e-04
1.449749959359127045e+09 1.831054687500000000e-03 -1.846313476562500000e-03 2.899169921875000000e-04
1.449749959384304047e+09 1.831054687500000000e-03 -7.781982421875000000e-04 2.899169921875000000e-04
1.449749959409511566e+09 -1.373291015625000000e-03 -7.781982421875000000e-04 -7.781982421875000000e-04
1.449749959434597015e+09 -3.051757812500000000e-04 1.358032226562500000e-03 1.358032226562500000e-03
1.449749959459835052e+09 7.629394531250000000e-04 -7.781982421875000000e-04 2.899169921875000000e-04
1.449749959485042572e+09 1.831054687500000000e-03 2.899169921875000000e-04 1.358032226562500000e-03
1.449749959510219812e+09 1.831054687500000000e-03 -1.846313476562500000e-03 -1.846313476562500000e-03
1.449749959535396576e+09 -3.509521484375000000e-03 -1.846313476562500000e-03 2.899169921875000000e-04
1.449749959560482025e+09 -1.373291015625000000e-03 -2.914428710937500000e-03 -7.781982421875000000e-04
1.449749959585689545e+09 -1.373291015625000000e-03 2.426147460937500000e-03 -7.781982421875000000e-04
1.449749959610897064e+09 7.629394531250000000e-04 -7.781982421875000000e-04 2.899169921875000000e-04
1.449749959636165619e+09 1.831054687500000000e-03 2.899169921875000000e-04 1.358032226562500000e-03
1.449749959661281824e+09 1.831054687500000000e-03 -7.781982421875000000e-04 2.899169921875000000e-04
1.449749959686397791e+09 -3.051757812500000000e-04 -2.914428710937500000e-03 -7.781982421875000000e-04
1.449749959711635828e+09 7.629394531250000000e-04 1.358032226562500000e-03 -7.781982421875000000e-04
1.449749959736812830e+09 -3.051757812500000000e-04 -7.781982421875000000e-04 -7.781982421875000000e-04
1.449749959762813807e+09 7.629394531250000000e-04 2.899169921875000000e-04 2.899169921875000000e-04
1.449749959787166834e+09 -2.441406250000000000e-03 -1.846313476562500000e-03 -7.781982421875000000e-04
1.449749959812374353e+09 3.967285156250000000e-03 2.899169921875000000e-04 2.899169921875000000e-04
1.449749959837551117e+09 7.629394531250000000e-04 2.899169921875000000e-04 2.899169921875000000e-04
1.449749959862697840e+09 1.831054687500000000e-03 2.899169921875000000e-04 2.899169921875000000e-04
1.449749959887996674e+09 7.629394531250000000e-04 2.899169921875000000e-04 -7.781982421875000000e-04
1.449749959913051605e+09 7.629394531250000000e-04 2.899169921875000000e-04 -7.781982421875000000e-04
1.449749959938198328e+09 5.035400390625000000e-03 2.899169921875000000e-04 3.494262695312500000e-03
1.449749959963405848e+09 -3.051757812500000000e-04 1.358032226562500000e-03 -7.781982421875000000e-04
1.449749959988552094e+09 2.899169921875000000e-03 -1.846313476562500000e-03 2.899169921875000000e-04
1.449749960013698578e+09 7.629394531250000000e-04 -1.846313476562500000e-03 -7.781982421875000000e-04
1.449749960038936853e+09 -1.373291015625000000e-03 -7.781982421875000000e-04 -7.781982421875000000e-04
1.449749960064113617e+09 -3.051757812500000000e-04 2.426147460937500000e-03 2.899169921875000000e-04
1.449749960089290857e+09 1.831054687500000000e-03 -1.846313476562500000e-03 2.899169921875000000e-04
1.449749960114437103e+09 -3.051757812500000000e-04 -1.846313476562500000e-03 -7.781982421875000000e-04
1.449749960139553308e+09 7.629394531250000000e-04 -2.914428710937500000e-03 2.899169921875000000e-04
1.449749960164791346e+09 -2.441406250000000000e-03 2.899169921875000000e-04 -7.781982421875000000e-04
1.449749960189968109e+09 7.629394531250000000e-04 2.899169921875000000e-04 -7.781982421875000000e-04
1.449749960215175629e+09 -2.441406250000000000e-03 -7.781982421875000000e-04 2.899169921875000000e-04
1.449749960240322351e+09 7.629394531250000000e-04 1.358032226562500000e-03 2.899169921875000000e-04
1.449749960265468597e+09 1.831054687500000000e-03 -7.781982421875000000e-04 -7.781982421875000000e-04
1.449749960290706635e+09 7.629394531250000000e-04 1.358032226562500000e-03 -7.781982421875000000e-04
1.449749960315883875e+09 1.831054687500000000e-03 -7.781982421875000000e-04 2.899169921875000000e-04
1.449749960341579437e+09 -3.051757812500000000e-04 -1.846313476562500000e-03 -1.846313476562500000e-03
1.449749960366207123e+09 -3.051757812500000000e-04 -2.914428710937500000e-03 -7.781982421875000000e-04
1.449749960391353607e+09 -2.441406250000000000e-03 1.358032226562500000e-03 -7.781982421875000000e-04
1.449749960416591644e+09 7.629394531250000000e-04 -7.781982421875000000e-04 1.358032226562500000e-03
1.449749960441768646e+09 -1.373291015625000000e-03 2.899169921875000000e-04 -1.846313476562500000e-03
1.449749960466884613e+09 -3.051757812500000000e-04 2.899169921875000000e-04 -1.846313476562500000e-03
1.449749960492092133e+09 7.629394531250000000e-04 1.358032226562500000e-03 2.899169921875000000e-04
1.449749960517269135e+09 1.831054687500000000e-03 2.426147460937500000e-03 2.899169921875000000e-04
1.449749960542507172e+09 -1.373291015625000000e-03 2.899169921875000000e-04 2.899169921875000000e-04
1.449749960567684412e+09 -3.051757812500000000e-04 -1.846313476562500000e-03 -7.781982421875000000e-04
1.449749960592800140e+09 1.831054687500000000e-03 -7.781982421875000000e-04 -7.781982421875000000e-04
1.449749960617977381e+09 1.831054687500000000e-03 -7.781982421875000000e-04 -7.781982421875000000e-04
1.449749960643184662e+09 7.629394531250000000e-04 -1.846313476562500000e-03 -1.846313476562500000e-03
1.449749960668361664e+09 1.831054687500000000e-03 -7.781982421875000000e-04 -7.781982421875000000e-04
1.449749960693538904e+09 -3.509521484375000000e-03 -7.781982421875000000e-04 -7.781982421875000000e-04
1.449749960718654633e+09 2.899169921875000000e-03 2.899169921875000000e-04 2.899169921875000000e-04
1.449749960743892670e+09 -1.373291015625000000e-03 1.358032226562500000e-03 -7.781982421875000000e-04
1.449749960769069910e+09 -3.051757812500000000e-04 -7.781982421875000000e-04 2.899169921875000000e-04
1.449749960794246674e+09 -2.441406250000000000e-03 2.899169921875000000e-04 2.899169921875000000e-04
1.449749960819423676e+09 7.629394531250000000e-04 -7.781982421875000000e-04 -7.781982421875000000e-04
1.449749960844600916e+09 -1.373291015625000000e-03 -1.846313476562500000e-03 -1.846313476562500000e-03
1.449749960869777679e+09 -3.051757812500000000e-04 -1.846313476562500000e-03 2.899169921875000000e-04
1.449749960894954681e+09 -3.051757812500000000e-04 2.899169921875000000e-04 -7.781982421875000000e-04
1.449749960920528412e+09 1.831054687500000000e-03 -2.914428710937500000e-03 1.358032226562500000e-03
1.449749960945308685e+09 -3.051757812500000000e-04 2.899169921875000000e-04 -7.781982421875000000e-04
1.449749960970455408e+09 1.831054687500000000e-03 -1.846313476562500000e-03 2.899169921875000000e-04
1.449749960995662928e+09 -2.441406250000000000e-03 2.899169921875000000e-04 -7.781982421875000000e-04
1.449749961020809174e+09 -2.441406250000000000e-03 -7.781982421875000000e-04 2.899169921875000000e-04
1.449749961045955896e+09 -3.051757812500000000e-04 1.358032226562500000e-03 2.899169921875000000e-04
1.449749961071224213e+09 7.629394531250000000e-04 2.899169921875000000e-04 2.899169921875000000e-04
1.449749961096370697e+09 -2.441406250000000000e-03 -7.781982421875000000e-04 2.899169921875000000e-04
1.449749961121547699e+09 7.629394531250000000e-04 2.899169921875000000e-04 2.899169921875000000e-04
1.449749961146724939e+09 -3.051757812500000000e-04 2.899169921875000000e-04 -7.781982421875000000e-04
1.449749961171871185e+09 -3.051757812500000000e-04 -7.781982421875000000e-04 -7.781982421875000000e-04
1.449749961197109222e+09 1.831054687500000000e-03 -3.982543945312500000e-03 2.899169921875000000e-04
1.449749961222255945e+09 1.831054687500000000e-03 -7.781982421875000000e-04 1.358032226562500000e-03
1.449749961247463465e+09 -3.051757812500000000e-04 1.358032226562500000e-03 2.899169921875000000e-04
1.449749961272670746e+09 1.831054687500000000e-03 -7.781982421875000000e-04 -7.781982421875000000e-04
1.449749961297725677e+09 -1.373291015625000000e-03 2.899169921875000000e-04 2.899169921875000000e-04
1.449749961322963715e+09 -3.051757812500000000e-04 1.358032226562500000e-03 2.899169921875000000e-04
1.449749961348079920e+09 7.629394531250000000e-04 2.899169921875000000e-04 2.899169921875000000e-04
1.449749961374385834e+09 -3.051757812500000000e-04 1.358032226562500000e-03 2.899169921875000000e-04
1.449749961398494720e+09 7.629394531250000000e-04 -1.846313476562500000e-03 2.899169921875000000e-04
1.449749961423671722e+09 -3.051757812500000000e-04 3.494262695312500000e-03 1.358032226562500000e-03
1.449749961448818207e+09 2.899169921875000000e-03 -2.914428710937500000e-03 -7.781982421875000000e-04
1.449749961474025726e+09 7.629394531250000000e-04 2.426147460937500000e-03 -7.781982421875000000e-04
1.449749961499477386e+09 -1.373291015625000000e-03 -7.781982421875000000e-04 -7.781982421875000000e-04
1.449749961524379969e+09 7.629394531250000000e-04 2.899169921875000000e-04 1.358032226562500000e-03
1.449749961549556732e+09 -3.051757812500000000e-04 1.358032226562500000e-03 -7.781982421875000000e-04
1.449749961574733734e+09 -1.373291015625000000e-03 -1.846313476562500000e-03 2.899169921875000000e-04
1.449749961599880219e+09 7.629394531250000000e-04 2.899169921875000000e-04 2.899169921875000000e-04
1.449749961625026703e+09 7.629394531250000000e-04 1.358032226562500000e-03 2.899169921875000000e-04
1.449749961650264740e+09 -1.373291015625000000e-03 -7.781982421875000000e-04 -7.781982421875000000e-04
1.449749961675441980e+09 3.967285156250000000e-03 -3.982543945312500000e-03 2.899169921875000000e-04
1.449749961700618744e+09 -1.373291015625000000e-03 2.426147460937500000e-03 -7.781982421875000000e-04
1.449749961725795746e+09 7.629394531250000000e-04 -2.914428710937500000e-03 -7.781982421875000000e-04
1.449749961750911713e+09 -3.051757812500000000e-04 2.899169921875000000e-04 2.899169921875000000e-04
1.449749961776149750e+09 7.629394531250000000e-04 -7.781982421875000000e-04 -7.781982421875000000e-04
1.449749961801326752e+09 -3.509521484375000000e-03 -2.914428710937500000e-03 2.899169921875000000e-04
1.449749961826564789e+09 -3.051757812500000000e-04 2.899169921875000000e-04 2.899169921875000000e-04
1.449749961851680756e+09 -1.373291015625000000e-03 2.899169921875000000e-04 -7.781982421875000000e-04
1.449749961876827478e+09 7.629394531250000000e-04 -7.781982421875000000e-04 2.899169921875000000e-04
1.449749961902095795e+09 7.629394531250000000e-04 -7.781982421875000000e-04 1.358032226562500000e-03
1.449749961927181244e+09 -2.441406250000000000e-03 1.358032226562500000e-03 -7.781982421875000000e-04
1.449749961953243494e+09 -3.051757812500000000e-04 -7.781982421875000000e-04 2.899169921875000000e-04
1.449749961977596521e+09 -3.051757812500000000e-04 2.899169921875000000e-04 -1.846313476562500000e-03
1.449749962002742767e+09 7.629394531250000000e-04 -7.781982421875000000e-04 2.899169921875000000e-04
1.449749962027919769e+09 1.831054687500000000e-03 1.358032226562500000e-03 1.358032226562500000e-03
1.449749962053097010e+09 -1.373291015625000000e-03 2.426147460937500000e-03 -1.846313476562500000e-03
1.449749962078395844e+09 3.967285156250000000e-03 -7.781982421875000000e-04 1.358032226562500000e-03
1.449749962103450775e+09 2.899169921875000000e-03 2.899169921875000000e-04 1.358032226562500000e-03
1.449749962128658533e+09 7.629394531250000000e-04 1.358032226562500000e-03 2.899169921875000000e-04
1.449749962153774261e+09 1.831054687500000000e-03 2.899169921875000000e-04 1.358032226562500000e-03
1.449749962178951502e+09 7.629394531250000000e-04 2.899169921875000000e-04 -1.846313476562500000e-03
1.449749962204067230e+09 -3.051757812500000000e-04 -7.781982421875000000e-04 -7.781982421875000000e-04
1.449749962229305267e+09 1.831054687500000000e-03 2.899169921875000000e-04 1.358032226562500000e-03
1.449749962254512787e+09 -3.051757812500000000e-04 2.426147460937500000e-03 2.899169921875000000e-04
1.449749962279690027e+09 1.831054687500000000e-03 2.899169921875000000e-04 2.899169921875000000e-04
1.449749962304866791e+09 1.831054687500000000e-03 -7.781982421875000000e-04 2.899169921875000000e-04
1.449749962329952240e+09 2.899169921875000000e-03 1.358032226562500000e-03 2.899169921875000000e-04
1.449749962355221033e+09 1.831054687500000000e-03 -7.781982421875000000e-04 2.899169921875000000e-04
1.449749962380397797e+09 7.629394531250000000e-04 -7.781982421875000000e-04 2.899169921875000000e-04
1.449749962405574799e+09 -3.051757812500000000e-04 -1.846313476562500000e-03 -7.781982421875000000e-04
1.449749962430752039e+09 -3.051757812500000000e-04 -2.914428710937500000e-03 2.899169921875000000e-04
1.449749962455837488e+09 -3.051757812500000000e-04 1.358032226562500000e-03 2.899169921875000000e-04
1.449749962481105804e+09 7.629394531250000000e-04 2.426147460937500000e-03 2.899169921875000000e-04
1.449749962506283045e+09 -2.441406250000000000e-03 2.899169921875000000e-04 -7.781982421875000000e-04
1.449749962532070160e+09 7.629394531250000000e-04 -1.846313476562500000e-03 2.899169921875000000e-04
1.449749962556667328e+09 -1.373291015625000000e-03 -7.781982421875000000e-04 2.899169921875000000e-04
1.449749962581783295e+09 -3.051757812500000000e-04 1.358032226562500000e-03 2.899169921875000000e-04
1.449749962606990814e+09 1.831054687500000000e-03 1.358032226562500000e-03 1.358032226562500000e-03
1.449749962632228851e+09 -2.441406250000000000e-03 -1.846313476562500000e-03 2.899169921875000000e-04
1.449749962657528162e+09 7.629394531250000000e-04 2.899169921875000000e-04 2.899169921875000000e-04
1.449749962682521820e+09 2.899169921875000000e-03 1.358032226562500000e-03 -7.781982421875000000e-04
1.449749962707729340e+09 5.035400390625000000e-03 -2.914428710937500000e-03 2.899169921875000000e-04
1.449749962732845306e+09 -1.373291015625000000e-03 3.494262695312500000e-03 1.358032226562500000e-03
1.449749962758052826e+09 3.967285156250000000e-03 -1.846313476562500000e-03 2.899169921875000000e-04
1.449749962783199549e+09 7.629394531250000000e-04 -7.781982421875000000e-04 -7.781982421875000000e-04
1.449749962808407068e+09 7.629394531250000000e-04 1.358032226562500000e-03 -7.781982421875000000e-04
1.449749962833583832e+09 -3.051757812500000000e-04 -2.914428710937500000e-03 -7.781982421875000000e-04
1.449749962858761072e+09 -3.051757812500000000e-04 -1.846313476562500000e-03 -1.846313476562500000e-03
1.449749962883938074e+09 7.629394531250000000e-04 -7.781982421875000000e-04 -7.781982421875000000e-04
1.449749962909084320e+09 2.899169921875000000e-03 1.358032226562500000e-03 2.899169921875000000e-04
1.449749962934292078e+09 1.831054687500000000e-03 1.358032226562500000e-03 2.899169921875000000e-04
1.449749962959469080e+09 -3.051757812500000000e-04 -7.781982421875000000e-04 -7.781982421875000000e-04
1.449749962984645844e+09 7.629394531250000000e-04 -1.846313476562500000e-03 1.358032226562500000e-03
1.449749963009823084e+09 -1.373291015625000000e-03 1.358032226562500000e-03 -7.781982421875000000e-04
1.449749963034969330e+09 7.629394531250000000e-04 2.899169921875000000e-04 -7.781982421875000000e-04
1.449749963060176849e+09 7.629394531250000000e-04 -7.781982421875000000e-04 2.899169921875000000e-04
1.449749963085354090e+09 -3.051757812500000000e-04 -1.846313476562500000e-03 2.899169921875000000e-04
1.449749963111019373e+09 -3.051757812500000000e-04 2.426147460937500000e-03 -1.846313476562500000e-03
1.449749963135707855e+09 -2.441406250000000000e-03 2.899169921875000000e-04 -7.781982421875000000e-04
1.449749963160823822e+09 1.831054687500000000e-03 -7.781982421875000000e-04 2.899169921875000000e-04
1.449749963186092615e+09 1.831054687500000000e-03 -7.781982421875000000e-04 1.358032226562500000e-03
1.449749963211238861e+09 5.035400390625000000e-03 -1.846313476562500000e-03 1.358032226562500000e-03
1.449749963236354828e+09 -1.373291015625000000e-03 -1.846313476562500000e-03 -7.781982421875000000e-04
1.449749963261592865e+09 -3.051757812500000000e-04 -7.781982421875000000e-04 2.899169921875000000e-04
1.449749963286739349e+09 7.629394531250000000e-04 -7.781982421875000000e-04 2.899169921875000000e-04
1.449749963311977386e+09 7.629394531250000000e-04 2.899169921875000000e-04 1.358032226562500000e-03
1.449749963337154627e+09 1.831054687500000000e-03 -3.982543945312500000e-03 2.899169921875000000e-04
1.449749963362270355e+09 -3.051757812500000000e-04 1.358032226562500000e-03 2.899169921875000000e-04
1.449749963387538910e+09 2.899169921875000000e-03 1.358032226562500000e-03 -7.781982421875000000e-04
1.449749963412685633e+09 1.831054687500000000e-03 2.426147460937500000e-03 2.899169921875000000e-04
1.449749963437831879e+09 -1.373291015625000000e-03 1.358032226562500000e-03 -7.781982421875000000e-04
1.449749963463009119e+09 -3.051757812500000000e-04 -1.846313476562500000e-03 1.358032226562500000e-03
1.449749963488185883e+09 7.629394531250000000e-04 4.562377929687500000e-03 2.899169921875000000e-04
1.449749963513362885e+09 -2.441406250000000000e-03 2.899169921875000000e-04 -7.781982421875000000e-04
1.449749963538540125e+09 2.899169921875000000e-03 -2.914428710937500000e-03 -7.781982421875000000e-04
1.449749963564723969e+09 1.831054687500000000e-03 2.426147460937500000e-03 1.358032226562500000e-03
1.449749963588863373e+09 1.831054687500000000e-03 2.426147460937500000e-03 2.899169921875000000e-04
1.449749963614040613e+09 -3.051757812500000000e-04 2.899169921875000000e-04 2.899169921875000000e-04
1.449749963639247894e+09 -3.509521484375000000e-03 -7.781982421875000000e-04 -7.781982421875000000e-04
1.449749963664424896e+09 1.831054687500000000e-03 2.899169921875000000e-04 -7.781982421875000000e-04
1.449749963689754725e+09 7.629394531250000000e-04 2.899169921875000000e-04 2.899169921875000000e-04
1.449749963714778900e+09 -3.051757812500000000e-04 1.358032226562500000e-03 2.899169921875000000e-04
1.449749963739925623e+09 -3.051757812500000000e-04 2.426147460937500000e-03 2.899169921875000000e-04
1.449749963765133142e+09 2.899169921875000000e-03 -7.781982421875000000e-04 2.899169921875000000e-04
1.449749963790309906e+09 7.629394531250000000e-04 -1.846313476562500000e-03 2.899169921875000000e-04
1.449749963815364838e+09 -3.509521484375000000e-03 1.358032226562500000e-03 2.899169921875000000e-04
1.449749963840664148e+09 1.831054687500000000e-03 2.899169921875000000e-04 2.899169921875000000e-04
1.449749963865840912e+09 2.899169921875000000e-03 -1.846313476562500000e-03 1.358032226562500000e-03
1.449749963891017914e+09 -3.051757812500000000e-04 1.358032226562500000e-03 2.899169921875000000e-04
1.449749963916195154e+09 7.629394531250000000e-04 -7.781982421875000000e-04 1.358032226562500000e-03
1.449749963941341400e+09 1.831054687500000000e-03 2.899169921875000000e-04 -7.781982421875000000e-04
1.449749963966548920e+09 5.035400390625000000e-03 2.899169921875000000e-04 1.358032226562500000e-03
1.449749963991726160e+09 -3.509521484375000000e-03 1.358032226562500000e-03 2.899169921875000000e-04
1.449749964016994476e+09 2.899169921875000000e-03 -1.846313476562500000e-03 -7.781982421875000000e-04
1.449749964042079926e+09 -2.441406250000000000e-03 2.899169921875000000e-04 -7.781982421875000000e-04
1.449749964067257166e+09 -3.051757812500000000e-04 1.358032226562500000e-03 1.358032226562500000e-03
1.449749964092525482e+09 -3.051757812500000000e-04 2.899169921875000000e-04 2.899169921875000000e-04
1.449749964117641449e+09 1.831054687500000000e-03 -7.781982421875000000e-04 2.899169921875000000e-04
1.449749964144191742e+09 7.629394531250000000e-04 1.358032226562500000e-03 2.899169921875000000e-04
1.449749964167964935e+09 -1.373291015625000000e-03 -2.914428710937500000e-03 -7.781982421875000000e-04
1.449749964193141937e+09 1.831054687500000000e-03 -1.846313476562500000e-03 -7.781982421875000000e-04
1.449749964218319178e+09 -3.051757812500000000e-04 3.494262695312500000e-03 1.358032226562500000e-03
1.449749964243495941e+09 -1.373291015625000000e-03 2.899169921875000000e-04 -7.781982421875000000e-04
1.449749964268825531e+09 -1.373291015625000000e-03 -7.781982421875000000e-04 -1.846313476562500000e-03
1.449749964293850183e+09 2.899169921875000000e-03 2.426147460937500000e-03 -7.781982421875000000e-04
1.449749964318996429e+09 -1.373291015625000000e-03 1.358032226562500000e-03 1.358032226562500000e-03
1.449749964344173670e+09 -2.441406250000000000e-03 2.899169921875000000e-04 -7.781982421875000000e-04
1.449749964369381189e+09 1.831054687500000000e-03 2.426147460937500000e-03 2.899169921875000000e-04
1.449749964394466639e+09 7.629394531250000000e-04 2.899169921875000000e-04 -7.781982421875000000e-04
1.449749964419734955e+09 2.899169921875000000e-03 2.899169921875000000e-04 -7.781982421875000000e-04
1.449749964444881439e+09 7.629394531250000000e-04 1.358032226562500000e-03 2.899169921875000000e-04
1.449749964470027924e+09 1.831054687500000000e-03 1.358032226562500000e-03 2.899169921875000000e-04
1.449749964495235682e+09 7.629394531250000000e-04 2.899169921875000000e-04 2.899169921875000000e-04
1.449749964520351410e+09 7.629394531250000000e-04 -7.781982421875000000e-04 -7.781982421875000000e-04
1.449749964545589447e+09 -3.051757812500000000e-04 2.899169921875000000e-04 2.899169921875000000e-04
1.449749964570766687e+09 7.629394531250000000e-04 2.899169921875000000e-04 -1.846313476562500000e-03
1.449749964595943451e+09 -3.051757812500000000e-04 -7.781982421875000000e-04 -7.781982421875000000e-04
1.449749964621089935e+09 -3.051757812500000000e-04 1.358032226562500000e-03 1.358032226562500000e-03
1.449749964646267176e+09 7.629394531250000000e-04 -7.781982421875000000e-04 -7.781982421875000000e-04
1.449749964671505213e+09 -1.373291015625000000e-03 1.358032226562500000e-03 2.899169921875000000e-04
1.449749964696681976e+09 -3.051757812500000000e-04 -3.982543945312500000e-03 -7.781982421875000000e-04
1.449749964722866058e+09 -2.441406250000000000e-03 -1.846313476562500000e-03 -7.781982421875000000e-04
1.449749964747066736e+09 2.899169921875000000e-03 1.358032226562500000e-03 2.899169921875000000e-04
1.449749964772212982e+09 3.967285156250000000e-03 2.899169921875000000e-04 2.899169921875000000e-04
1.449749964797420502e+09 -2.441406250000000000e-03 2.899169921875000000e-04 -7.781982421875000000e-04
1.449749964822597742e+09 -2.441406250000000000e-03 2.899169921875000000e-04 -7.781982421875000000e-04
1.449749964847866058e+09 -2.441406250000000000e-03 -1.846313476562500000e-03 2.899169921875000000e-04
1.449749964872920990e+09 2.899169921875000000e-03 -7.781982421875000000e-04 2.899169921875000000e-04
1.449749964898098230e+09 -1.373291015625000000e-03 -7.781982421875000000e-04 -7.781982421875000000e-04
1.449749964923274994e+09 1.831054687500000000e-03 2.899169921875000000e-04 2.899169921875000000e-04
1.449749964948482513e+09 -3.051757812500000000e-04 -7.781982421875000000e-04 -7.781982421875000000e-04
1.449749964973567963e+09 7.629394531250000000e-04 -7.781982421875000000e-04 2.899169921875000000e-04
1.449749964998745203e+09 2.899169921875000000e-03 2.426147460937500000e-03 2.899169921875000000e-04
1.449749965023983002e+09 1.831054687500000000e-03 -7.781982421875000000e-04 1.358032226562500000e-03
1.449749965049160242e+09 -1.373291015625000000e-03 1.358032226562500000e-03 -7.781982421875000000e-04
1.449749965074337006e+09 7.629394531250000000e-04 -7.781982421875000000e-04 2.899169921875000000e-04
1.449749965099391937e+09 2.899169921875000000e-03 -7.781982421875000000e-04 2.899169921875000000e-04
1.449749965124660492e+09 -1.373291015625000000e-03 2.899169921875000000e-04 -7.781982421875000000e-04
1.449749965149837494e+09 -3.051757812500000000e-04 2.426147460937500000e-03 2.899169921875000000e-04
1.449749965175014734e+09 -2.441406250000000000e-03 -1.846313476562500000e-03 -1.846313476562500000e-03
1.449749965200191498e+09 7.629394531250000000e-04 1.358032226562500000e-03 2.899169921875000000e-04
1.449749965225276947e+09 1.831054687500000000e-03 2.899169921875000000e-04 2.899169921875000000e-04
1.449749965250576019e+09 -1.373291015625000000e-03 1.358032226562500000e-03 -7.781982421875000000e-04
1.449749965275722504e+09 -3.051757812500000000e-04 -1.846313476562500000e-03 -7.781982421875000000e-04
1.449749965301357269e+09 -3.509521484375000000e-03 2.899169921875000000e-04 -7.781982421875000000e-04
1.449749965326107025e+09 -1.373291015625000000e-03 -7.781982421875000000e-04 -7.781982421875000000e-04
1.449749965351253510e+09 -1.373291015625000000e-03 -2.914428710937500000e-03 -7.781982421875000000e-04
1.449749965376461029e+09 -2.441406250000000000e-03 2.899169921875000000e-04 2.899169921875000000e-04
1.449749965401638031e+09 7.629394531250000000e-04 1.358032226562500000e-03 1.358032226562500000e-03
1.449749965426784515e+09 2.899169921875000000e-03 1.358032226562500000e-03 1.358032226562500000e-03
1.449749965451992035e+09 -3.509521484375000000e-03 2.426147460937500000e-03 -7.781982421875000000e-04
1.449749965477169037e+09 -1.373291015625000000e-03 -7.781982421875000000e-04 2.899169921875000000e-04
1.449749965502407074e+09 7.629394531250000000e-04 -3.982543945312500000e-03 -2.914428710937500000e-03
1.449749965527523041e+09 7.629394531250000000e-04 -7.781982421875000000e-04 -7.781982421875000000e-04
1.449749965552730560e+09 -3.051757812500000000e-04 -7.781982421875000000e-04 2.899169921875000000e-04
1.449749965577907801e+09 7.629394531250000000e-04 -7.781982421875000000e-04 2.899169921875000000e-04
1.449749965603054047e+09 1.831054687500000000e-03 -7.781982421875000000e-04 2.899169921875000000e-04
1.449749965628231287e+09 1.831054687500000000e-03 2.899169921875000000e-04 2.899169921875000000e-04
1.449749965653408289e+09 7.629394531250000000e-04 -7.781982421875000000e-04 2.899169921875000000e-04
1.449749965678585052e+09 -3.051757812500000000e-04 -1.846313476562500000e-03 2.899169921875000000e-04
1.449749965703762293e+09 -3.051757812500000000e-04 1.358032226562500000e-03 -7.781982421875000000e-04
1.449749965728939295e+09 2.899169921875000000e-03 2.899169921875000000e-04 2.899169921875000000e-04
1.449749965754116058e+09 -3.051757812500000000e-04 2.899169921875000000e-04 2.899169921875000000e-04
1.449749965779262781e+09 -4.577636718750000000e-03 2.899169921875000000e-04 -7.781982421875000000e-04
1.449749965804439545e+09 7.629394531250000000e-04 2.899169921875000000e-04 2.899169921875000000e-04
1.449749965829647064e+09 -3.051757812500000000e-04 -7.781982421875000000e-04 -7.781982421875000000e-04
1.449749965854824305e+09 7.629394531250000000e-04 -1.846313476562500000e-03 -7.781982421875000000e-04
1.449749965880275726e+09 -3.051757812500000000e-04 -7.781982421875000000e-04 -7.781982421875000000e-04
1.449749965905178070e+09 1.831054687500000000e-03 -7.781982421875000000e-04 1.358032226562500000e-03
1.449749965930324793e+09 -3.051757812500000000e-04 -1.846313476562500000e-03 -7.781982421875000000e-04
1.449749965955532312e+09 2.899169921875000000e-03 2.899169921875000000e-04 -7.781982421875000000e-04
1.449749965980709076e+09 -1.373291015625000000e-03 -1.846313476562500000e-03 2.899169921875000000e-04
1.449749966005794525e+09 1.831054687500000000e-03 -7.781982421875000000e-04 2.899169921875000000e-04
1.449749966031093836e+09 7.629394531250000000e-04 -7.781982421875000000e-04 -7.781982421875000000e-04
1.449749966056209564e+09 -1.373291015625000000e-03 2.899169921875000000e-04 -7.781982421875000000e-04
1.449749966081386805e+09 2.899169921875000000e-03 2.899169921875000000e-04 -7.781982421875000000e-04
1.449749966106594324e+09 -3.051757812500000000e-04 2.899169921875000000e-04 -7.781982421875000000e-04
1.449749966131740570e+09 -1.373291015625000000e-03 -7.781982421875000000e-04 -7.781982421875000000e-04
1.449749966156978607e+09 -3.051757812500000000e-04 -7.781982421875000000e-04 2.899169921875000000e-04
1.449749966182094574e+09 -3.051757812500000000e-04 -7.781982421875000000e-04 2.899169921875000000e-04
1.449749966207302094e+09 -3.051757812500000000e-04 -7.781982421875000000e-04 2.899169921875000000e-04
1.449749966232509613e+09 -3.051757812500000000e-04 1.358032226562500000e-03 -7.781982421875000000e-04
1.449749966257686853e+09 2.899169921875000000e-03 1.358032226562500000e-03 -7.781982421875000000e-04
1.449749966282833099e+09 -1.373291015625000000e-03 -7.781982421875000000e-04 -1.846313476562500000e-03
1.449749966308010340e+09 -2.441406250000000000e-03 1.358032226562500000e-03 2.899169921875000000e-04
1.449749966334224939e+09 -2.441406250000000000e-03 -7.781982421875000000e-04 -7.781982421875000000e-04
1.449749966358303308e+09 -3.051757812500000000e-04 -5.050659179687500000e-03 -7.781982421875000000e-04
1.449749966383510828e+09 2.899169921875000000e-03 -7.781982421875000000e-04 -7.781982421875000000e-04
1.449749966408748865e+09 -3.051757812500000000e-04 -1.846313476562500000e-03 -7.781982421875000000e-04
1.449749966433864594e+09 7.629394531250000000e-04 2.899169921875000000e-04 -7.781982421875000000e-04
1.449749966459377289e+09 -3.051757812500000000e-04 -7.781982421875000000e-04 1.358032226562500000e-03
1.449749966484249115e+09 2.899169921875000000e-03 2.426147460937500000e-03 2.899169921875000000e-04
1.449749966509426117e+09 -3.051757812500000000e-04 -7.781982421875000000e-04 1.358032226562500000e-03
1.449749966534572840e+09 7.629394531250000000e-04 -1.846313476562500000e-03 2.899169921875000000e-04
1.449749966559749603e+09 -1.373291015625000000e-03 1.358032226562500000e-03 2.899169921875000000e-04
1.449749966584865570e+09 2.899169921875000000e-03 2.899169921875000000e-04 2.899169921875000000e-04
1.449749966610103846e+09 -1.373291015625000000e-03 2.899169921875000000e-04 2.899169921875000000e-04
1.449749966635311127e+09 7.629394531250000000e-04 1.358032226562500000e-03 -7.781982421875000000e-04
1.449749966660457611e+09 7.629394531250000000e-04 -7.781982421875000000e-04 1.358032226562500000e-03
1.449749966685665369e+09 1.831054687500000000e-03 2.899169921875000000e-04 2.899169921875000000e-04
1.449749966710750818e+09 -1.373291015625000000e-03 -1.846313476562500000e-03 2.899169921875000000e-04
1.449749966735988617e+09 3.967285156250000000e-03 2.899169921875000000e-04 -7.781982421875000000e-04
1.449749966761196375e+09 -2.441406250000000000e-03 -7.781982421875000000e-04 -7.781982421875000000e-04
1.449749966786434412e+09 -3.051757812500000000e-04 -7.781982421875000000e-04 2.899169921875000000e-04
1.449749966811550140e+09 -1.373291015625000000e-03 2.899169921875000000e-04 2.899169921875000000e-04
1.449749966836696863e+09 1.831054687500000000e-03 2.899169921875000000e-04 -7.781982421875000000e-04
1.449749966861934900e+09 -2.441406250000000000e-03 -2.914428710937500000e-03 2.899169921875000000e-04
1.449749966887081146e+09 7.629394531250000000e-04 2.899169921875000000e-04 1.358032226562500000e-03
1.449749966913143396e+09 7.629394531250000000e-04 -1.846313476562500000e-03 2.899169921875000000e-04
1.449749966937496424e+09 -3.051757812500000000e-04 2.899169921875000000e-04 -7.781982421875000000e-04
1.449749966962612152e+09 -1.373291015625000000e-03 -7.781982421875000000e-04 2.899169921875000000e-04
1.449749966987789392e+09 7.629394531250000000e-04 2.899169921875000000e-04 2.899169921875000000e-04
1.449749967012966156e+09 -1.373291015625000000e-03 1.358032226562500000e-03 2.899169921875000000e-04
1.449749967038478851e+09 -3.051757812500000000e-04 -7.781982421875000000e-04 1.358032226562500000e-03
1.449749967063320398e+09 1.831054687500000000e-03 -7.781982421875000000e-04 -7.781982421875000000e-04
1.449749967088497162e+09 7.629394531250000000e-04 -7.781982421875000000e-04 2.899169921875000000e-04
1.449749967113674164e+09 -1.373291015625000000e-03 2.899169921875000000e-04 1.358032226562500000e-03
1.449749967138851404e+09 1.831054687500000000e-03 -7.781982421875000000e-04 2.899169921875000000e-04
1.449749967163967133e+09 -3.051757812500000000e-04 -7.781982421875000000e-04 1.358032226562500000e-03
1.449749967189205170e+09 2.899169921875000000e-03 -7.781982421875000000e-04 -7.781982421875000000e-04
1.449749967214382410e+09 -3.051757812500000000e-04 2.899169921875000000e-04 2.899169921875000000e-04
1.449749967239559174e+09 1.831054687500000000e-03 1.358032226562500000e-03 -7.781982421875000000e-04
1.449749967264736176e+09 -3.051757812500000000e-04 1.358032226562500000e-03 -7.781982421875000000e-04
1.449749967289821625e+09 7.629394531250000000e-04 2.426147460937500000e-03 2.899169921875000000e-04
1.449749967315120935e+09 1.831054687500000000e-03 2.899169921875000000e-04 2.899169921875000000e-04
1.449749967340267181e+09 -1.373291015625000000e-03 2.899169921875000000e-04 -7.781982421875000000e-04
1.449749967365444422e+09 7.629394531250000000e-04 -7.781982421875000000e-04 2.899169921875000000e-04
1.449749967390651941e+09 3.967285156250000000e-03 2.899169921875000000e-04 1.358032226562500000e-03
1.449749967415706635e+09 1.831054687500000000e-03 2.899169921875000000e-04 2.899169921875000000e-04
1.449749967440944672e+09 -3.051757812500000000e-04 2.899169921875000000e-04 2.899169921875000000e-04
1.449749967466152191e+09 1.831054687500000000e-03 1.358032226562500000e-03 1.358032226562500000e-03
1.449749967492183924e+09 -2.441406250000000000e-03 2.899169921875000000e-04 2.899169921875000000e-04
1.449749967516475677e+09 7.629394531250000000e-04 1.358032226562500000e-03 2.899169921875000000e-04
1.449749967541652679e+09 -3.051757812500000000e-04 2.899169921875000000e-04 -7.781982421875000000e-04
1.449749967566860199e+09 -3.509521484375000000e-03 2.899169921875000000e-04 1.358032226562500000e-03
1.449749967592006683e+09 -3.051757812500000000e-04 1.358032226562500000e-03 -7.781982421875000000e-04
1.449749967617153168e+09 1.831054687500000000e-03 2.899169921875000000e-04 -7.781982421875000000e-04
1.449749967642421722e+09 -2.441406250000000000e-03 2.899169921875000000e-04 -7.781982421875000000e-04
1.449749967667568445e+09 -3.509521484375000000e-03 1.358032226562500000e-03 -1.846313476562500000e-03
1.449749967692745209e+09 -3.051757812500000000e-04 2.426147460937500000e-03 2.899169921875000000e-04
1.449749967717891932e+09 7.629394531250000000e-04 -2.914428710937500000e-03 2.899169921875000000e-04
1.449749967743068695e+09 1.831054687500000000e-03 2.426147460937500000e-03 1.358032226562500000e-03
1.449749967768306971e+09 1.831054687500000000e-03 -1.846313476562500000e-03 -7.781982421875000000e-04
1.449749967793453217e+09 7.629394531250000000e-04 -7.781982421875000000e-04 -7.781982421875000000e-04
1.449749967818630457e+09 -3.051757812500000000e-04 1.358032226562500000e-03 -7.781982421875000000e-04
1.449749967843807220e+09 1.831054687500000000e-03 1.358032226562500000e-03 2.899169921875000000e-04
1.449749967868953943e+09 -3.051757812500000000e-04 1.358032226562500000e-03 1.358032226562500000e-03
1.449749967894161463e+09 3.967285156250000000e-03 1.358032226562500000e-03 2.426147460937500000e-03
1.449749967919307709e+09 1.831054687500000000e-03 2.899169921875000000e-04 2.899169921875000000e-04
1.449749967944545746e+09 -3.509521484375000000e-03 2.899169921875000000e-04 2.899169921875000000e-04
1.449749967969692469e+09 -3.051757812500000000e-04 -1.846313476562500000e-03 2.899169921875000000e-04
1.449749967994777918e+09 -2.441406250000000000e-03 -7.781982421875000000e-04 2.899169921875000000e-04
1.449749968020046234e+09 1.831054687500000000e-03 2.899169921875000000e-04 -7.781982421875000000e-04
1.449749968045223475e+09 1.831054687500000000e-03 -7.781982421875000000e-04 1.358032226562500000e-03
1.449749968071041346e+09 2.899169921875000000e-03 1.358032226562500000e-03 2.899169921875000000e-04
1.449749968095577240e+09 2.899169921875000000e-03 3.494262695312500000e-03 -7.781982421875000000e-04
1.449749968120662689e+09 1.831054687500000000e-03 -2.914428710937500000e-03 2.899169921875000000e-04
1.449749968145931244e+09 -2.441406250000000000e-03 2.899169921875000000e-04 2.899169921875000000e-04
1.449749968171108246e+09 -1.373291015625000000e-03 2.899169921875000000e-04 -7.781982421875000000e-04
1.449749968196224213e+09 -1.373291015625000000e-03 1.358032226562500000e-03 -7.781982421875000000e-04
1.449749968221462250e+09 7.629394531250000000e-04 2.899169921875000000e-04 2.899169921875000000e-04
1.449749968246608973e+09 1.831054687500000000e-03 -7.781982421875000000e-04 2.899169921875000000e-04
1.449749968271792173e+09 -3.051757812500000000e-04 -2.914428710937500000e-03 1.358032226562500000e-03
1.449749968296999693e+09 -2.441406250000000000e-03 2.899169921875000000e-04 -7.781982421875000000e-04
1.449749968322115660e+09 -3.051757812500000000e-04 1.358032226562500000e-03 2.899169921875000000e-04
1.449749968347414494e+09 1.831054687500000000e-03 4.562377929687500000e-03 2.899169921875000000e-04
1.449749968372469425e+09 7.629394531250000000e-04 1.358032226562500000e-03 2.899169921875000000e-04
1.449749968397707462e+09 -3.509521484375000000e-03 -7.781982421875000000e-04 -7.781982421875000000e-04
1.449749968422854185e+09 2.899169921875000000e-03 2.899169921875000000e-04 1.358032226562500000e-03
1.449749968448030949e+09 1.831054687500000000e-03 1.358032226562500000e-03 -7.781982421875000000e-04
1.449749968473207951e+09 -3.051757812500000000e-04 2.426147460937500000e-03 2.899169921875000000e-04
1.449749968498354435e+09 2.899169921875000000e-03 -7.781982421875000000e-04 2.899169921875000000e-04
1.449749968523561954e+09 1.831054687500000000e-03 -1.846313476562500000e-03 2.899169921875000000e-04
1.449749968548738956e+09 2.899169921875000000e-03 -7.781982421875000000e-04 2.899169921875000000e-04
1.449749968573854923e+09 7.629394531250000000e-04 2.426147460937500000e-03 -7.781982421875000000e-04
1.449749968599062443e+09 -3.509521484375000000e-03 2.426147460937500000e-03 2.899169921875000000e-04
1.449749968624239683e+09 7.629394531250000000e-04 2.899169921875000000e-04 1.358032226562500000e-03
1.449749968649965763e+09 -2.441406250000000000e-03 -7.781982421875000000e-04 -7.781982421875000000e-04
1.449749968674623966e+09 7.629394531250000000e-04 2.426147460937500000e-03 2.899169921875000000e-04
1.449749968699770689e+09 2.899169921875000000e-03 1.358032226562500000e-03 2.899169921875000000e-04
1.449749968725008726e+09 1.831054687500000000e-03 -7.781982421875000000e-04 -7.781982421875000000e-04
1.449749968750154972e+09 7.629394531250000000e-04 2.899169921875000000e-04 1.358032226562500000e-03
1.449749968775240421e+09 2.899169921875000000e-03 2.899169921875000000e-04 2.899169921875000000e-04
1.449749968800509214e+09 -2.441406250000000000e-03 -7.781982421875000000e-04 2.899169921875000000e-04
1.449749968825685978e+09 -2.441406250000000000e-03 2.899169921875000000e-04 -7.781982421875000000e-04
1.449749968850863218e+09 1.831054687500000000e-03 -7.781982421875000000e-04 1.358032226562500000e-03
1.449749968876040220e+09 2.899169921875000000e-03 2.899169921875000000e-04 2.899169921875000000e-04
1.449749968901156187e+09 -1.373291015625000000e-03 1.358032226562500000e-03 2.899169921875000000e-04
1.449749968926394224e+09 -1.373291015625000000e-03 2.899169921875000000e-04 -1.846313476562500000e-03
1.449749968951540470e+09 -2.441406250000000000e-03 2.899169921875000000e-04 2.899169921875000000e-04
1.449749968976747990e+09 2.899169921875000000e-03 1.358032226562500000e-03 2.899169921875000000e-04
1.449749969001955509e+09 -1.373291015625000000e-03 1.358032226562500000e-03 -7.781982421875000000e-04
1.449749969027102232e+09 7.629394531250000000e-04 -7.781982421875000000e-04 1.358032226562500000e-03
1.449749969052278996e+09 -3.051757812500000000e-04 2.899169921875000000e-04 2.899169921875000000e-04
1.449749969077486515e+09 7.629394531250000000e-04 2.899169921875000000e-04 -7.781982421875000000e-04
1.449749969102694035e+09 -3.051757812500000000e-04 1.358032226562500000e-03 1.358032226562500000e-03
1.449749969127810001e+09 1.831054687500000000e-03 2.899169921875000000e-04 2.899169921875000000e-04
1.449749969153017521e+09 -1.373291015625000000e-03 -1.846313476562500000e-03 -7.781982421875000000e-04
1.449749969178164244e+09 7.629394531250000000e-04 2.899169921875000000e-04 2.426147460937500000e-03
1.449749969203341007e+09 -3.051757812500000000e-04 -3.982543945312500000e-03 -7.781982421875000000e-04
1.449749969228884220e+09 7.629394531250000000e-04 2.899169921875000000e-04 -7.781982421875000000e-04
1.449749969253695250e+09 -3.051757812500000000e-04 -7.781982421875000000e-04 2.899169921875000000e-04
1.449749969278841496e+09 2.899169921875000000e-03 1.358032226562500000e-03 2.899169921875000000e-04
1.449749969304049253e+09 -5.645751953125000000e-03 1.358032226562500000e-03 1.358032226562500000e-03
1.449749969329226255e+09 -3.051757812500000000e-04 -1.846313476562500000e-03 2.899169921875000000e-04
1.449749969354311705e+09 1.831054687500000000e-03 -7.781982421875000000e-04 -1.846313476562500000e-03
1.449749969379580259e+09 2.899169921875000000e-03 -2.914428710937500000e-03 -7.781982421875000000e-04
1.449749969404726505e+09 7.629394531250000000e-04 2.899169921875000000e-04 -7.781982421875000000e-04
1.449749969429903507e+09 -1.373291015625000000e-03 1.358032226562500000e-03 2.899169921875000000e-04
1.449749969455080748e+09 -3.051757812500000000e-04 -7.781982421875000000e-04 -7.781982421875000000e-04
1.449749969480196714e+09 5.035400390625000000e-03 1.358032226562500000e-03 2.899169921875000000e-04
1.449749969505434513e+09 -1.373291015625000000e-03 2.899169921875000000e-04 -7.781982421875000000e-04
1.449749969530580997e+09 -1.373291015625000000e-03 2.426147460937500000e-03 1.358032226562500000e-03
1.449749969555727720e+09 7.629394531250000000e-04 1.358032226562500000e-03 2.899169921875000000e-04
1.449749969580965519e+09 7.629394531250000000e-04 -7.781982421875000000e-04 2.899169921875000000e-04
1.449749969606050968e+09 1.831054687500000000e-03 1.358032226562500000e-03 -7.781982421875000000e-04
1.449749969631319523e+09 7.629394531250000000e-04 -7.781982421875000000e-04 -7.781982421875000000e-04
1.449749969656496525e+09 -1.373291015625000000e-03 -1.846313476562500000e-03 2.899169921875000000e-04
1.449749969681765079e+09 7.629394531250000000e-04 -1.846313476562500000e-03 1.358032226562500000e-03
1.449749969706850529e+09 2.899169921875000000e-03 2.899169921875000000e-04 1.358032226562500000e-03
1.449749969731997252e+09 -3.051757812500000000e-04 2.426147460937500000e-03 2.899169921875000000e-04
1.449749969757265568e+09 2.899169921875000000e-03 -5.050659179687500000e-03 1.358032226562500000e-03
1.449749969782473326e+09 -4.577636718750000000e-03 -7.781982421875000000e-04 -7.781982421875000000e-04
1.449749969808016300e+09 7.629394531250000000e-04 -2.914428710937500000e-03 -7.781982421875000000e-04
1.449749969832766294e+09 -2.441406250000000000e-03 1.358032226562500000e-03 -7.781982421875000000e-04
1.449749969857943058e+09 -1.373291015625000000e-03 -1.846313476562500000e-03 -7.781982421875000000e-04
1.449749969883120060e+09 7.629394531250000000e-04 -7.781982421875000000e-04 2.899169921875000000e-04
1.449749969908297300e+09 2.899169921875000000e-03 2.426147460937500000e-03 2.899169921875000000e-04
1.449749969933382750e+09 2.899169921875000000e-03 -1.846313476562500000e-03 -7.781982421875000000e-04
1.449749969958651066e+09 -3.051757812500000000e-04 -7.781982421875000000e-04 -1.846313476562500000e-03
1.449749969983828306e+09 7.629394531250000000e-04 -2.914428710937500000e-03 -7.781982421875000000e-04
1.449749970009005070e+09 -3.051757812500000000e-04 2.899169921875000000e-04 2.899169921875000000e-04
1.449749970034182072e+09 -1.373291015625000000e-03 -1.846313476562500000e-03 1.358032226562500000e-03
1.449749970059267521e+09 7.629394531250000000e-04 1.358032226562500000e-03 2.899169921875000000e-04
1.449749970084536076e+09 7.629394531250000000e-04 -7.781982421875000000e-04 -7.781982421875000000e-04
1.449749970109713078e+09 7.629394531250000000e-04 -7.781982421875000000e-04 2.899169921875000000e-04
1.449749970134920597e+09 3.967285156250000000e-03 2.899169921875000000e-04 1.358032226562500000e-03
1.449749970160067081e+09 -3.051757812500000000e-04 2.899169921875000000e-04 2.899169921875000000e-04
1.449749970185122013e+09 2.899169921875000000e-03 3.494262695312500000e-03 2.899169921875000000e-04
1.449749970210390806e+09 -3.051757812500000000e-04 1.358032226562500000e-03 2.899169921875000000e-04
1.449749970235567570e+09 3.967285156250000000e-03 2.899169921875000000e-04 2.899169921875000000e-04
1.449749970260744810e+09 2.899169921875000000e-03 -2.914428710937500000e-03 -7.781982421875000000e-04
1.449749970285982609e+09 2.899169921875000000e-03 2.426147460937500000e-03 -7.781982421875000000e-04
1.449749970311068058e+09 -2.441406250000000000e-03 -1.846313476562500000e-03 -7.781982421875000000e-04
1.449749970336336613e+09 -1.373291015625000000e-03 -2.914428710937500000e-03 2.899169921875000000e-04
1.449749970361513615e+09 -1.373291015625000000e-03 -7.781982421875000000e-04 1.358032226562500000e-03
1.449749970387331486e+09 1.831054687500000000e-03 -2.914428710937500000e-03 -7.781982421875000000e-04
1.449749970411898136e+09 -2.441406250000000000e-03 2.899169921875000000e-04 2.899169921875000000e-04
1.449749970436983824e+09 -3.051757812500000000e-04 -7.781982421875000000e-04 -7.781982421875000000e-04
1.449749970462221861e+09 -1.373291015625000000e-03 2.899169921875000000e-04 -7.781982421875000000e-04
1.449749970487429142e+09 -3.051757812500000000e-04 1.358032226562500000e-03 2.899169921875000000e-04
1.449749970512484074e+09 2.899169921875000000e-03 1.358032226562500000e-03 2.899169921875000000e-04
1.449749970537691593e+09 7.629394531250000000e-04 2.899169921875000000e-04 2.899169921875000000e-04
1.449749970562868834e+09 7.629394531250000000e-04 1.358032226562500000e-03 2.899169921875000000e-04
1.449749970588045835e+09 1.831054687500000000e-03 -1.846313476562500000e-03 -1.846313476562500000e-03
1.449749970613222599e+09 -2.441406250000000000e-03 -1.846313476562500000e-03 -1.846313476562500000e-03
1.449749970638399839e+09 -1.373291015625000000e-03 -7.781982421875000000e-04 -7.781982421875000000e-04
1.449749970663607359e+09 7.629394531250000000e-04 2.899169921875000000e-04 1.358032226562500000e-03
1.449749970688753605e+09 -3.051757812500000000e-04 2.899169921875000000e-04 2.899169921875000000e-04
1.449749970713991642e+09 -2.441406250000000000e-03 -2.914428710937500000e-03 2.899169921875000000e-04
1.449749970739138365e+09 -3.051757812500000000e-04 -7.781982421875000000e-04 -7.781982421875000000e-04
1.449749970764284611e+09 -1.373291015625000000e-03 2.426147460937500000e-03 2.899169921875000000e-04
1.449749970789522648e+09 -3.051757812500000000e-04 -7.781982421875000000e-04 2.899169921875000000e-04
1.449749970814669371e+09 7.629394531250000000e-04 -2.914428710937500000e-03 -7.781982421875000000e-04
1.449749970839846134e+09 1.831054687500000000e-03 2.899169921875000000e-04 2.899169921875000000e-04
1.449749970864992857e+09 -1.373291015625000000e-03 1.358032226562500000e-03 2.899169921875000000e-04
1.449749970890169621e+09 1.831054687500000000e-03 -1.846313476562500000e-03 -1.846313476562500000e-03
1.449749970915377140e+09 2.899169921875000000e-03 -2.914428710937500000e-03 -7.781982421875000000e-04
1.449749970940554142e+09 -3.509521484375000000e-03 -7.781982421875000000e-04 -7.781982421875000000e-04
1.449749970966097355e+09 2.899169921875000000e-03 1.358032226562500000e-03 2.899169921875000000e-04
1.449749970990877628e+09 -1.373291015625000000e-03 2.899169921875000000e-04 2.899169921875000000e-04
1.449749971016054869e+09 7.629394531250000000e-04 -1.846313476562500000e-03 -7.781982421875000000e-04
1.449749971041262388e+09 -2.441406250000000000e-03 1.358032226562500000e-03 2.899169921875000000e-04
1.449749971066439152e+09 -3.051757812500000000e-04 -3.982543945312500000e-03 -1.846313476562500000e-03
1.449749971091585875e+09 7.629394531250000000e-04 2.899169921875000000e-04 2.899169921875000000e-04
1.449749971116793394e+09 -1.373291015625000000e-03 2.899169921875000000e-04 -7.781982421875000000e-04
1.449749971141939640e+09 -3.051757812500000000e-04 2.899169921875000000e-04 2.899169921875000000e-04
1.449749971167147160e+09 7.629394531250000000e-04 -1.846313476562500000e-03 -7.781982421875000000e-04
1.449749971192354918e+09 -1.373291015625000000e-03 2.899169921875000000e-04 -7.781982421875000000e-04
1.449749971217501163e+09 1.831054687500000000e-03 2.899169921875000000e-04 1.358032226562500000e-03
1.449749971242708683e+09 -3.509521484375000000e-03 -1.846313476562500000e-03 -1.846313476562500000e-03
