1.449674287240545273e+09 -9.292602539062500000e-03 -7.902526855468750000e-02 9.124755859375000000e-03
1.449674287265599966e+09 3.556823730468750000e-02 -1.387023925781250000e-02 2.728271484375000000e-02
1.449674287290807486e+09 2.168273925781250000e-02 -2.027893066406250000e-02 -7.965087890625000000e-03
1.449674287315984726e+09 3.204345703125000000e-04 5.355834960937500000e-03 -5.603027343750000000e-02
1.449674287341344833e+09 -6.590270996093750000e-02 8.226013183593750000e-02 -4.321289062500000000e-02
1.449674287366338491e+09 -2.851867675781250000e-02 -1.814270019531250000e-02 -1.864624023437500000e-02
1.449674287391546011e+09 -1.676940917968750000e-02 -1.280212402343750000e-02 1.020507812500000000e-01
1.449674287416692734e+09 -1.783752441406250000e-02 -1.493835449218750000e-02 5.505371093750000000e-02
1.449674287441900253e+09 -1.036071777343750000e-02 -1.052856445312500000e-03 -9.033203125000000000e-03
1.449674287467046738e+09 -3.813171386718750000e-02 5.342102050781250000e-02 -2.398681640625000000e-02
1.449674287492284775e+09 -2.745056152343750000e-02 -5.325317382812500000e-03 -9.033203125000000000e-03
1.449674287517522573e+09 -5.020141601562500000e-03 -1.493835449218750000e-02 2.407836914062500000e-02
1.449674287542669296e+09 -9.260559082031250000e-02 6.089782714843750000e-02 6.787109375000000000e-02
1.449674287567846060e+09 -1.235809326171875000e-01 4.487609863281250000e-02 4.116821289062500000e-02
1.449674287592992783e+09 -1.438751220703125000e-01 2.992248535156250000e-02 2.835083007812500000e-02
1.449674287618200302e+09 -1.299896240234375000e-01 3.633117675781250000e-02 4.010009765625000000e-02
1.449674287643254995e+09 -8.512878417968750000e-02 -1.707458496093750000e-02 4.223632812500000000e-02
1.449674287668462515e+09 -9.292602539062500000e-03 -6.300354003906250000e-02 2.716064453125000000e-03
1.449674287693761826e+09 -3.952026367187500000e-03 -2.241516113281250000e-02 2.621459960937500000e-02
1.449674287718877792e+09 -1.356506347656250000e-02 -1.600646972656250000e-02 6.466674804687500000e-02
1.449674287744024277e+09 -4.240417480468750000e-02 2.565002441406250000e-02 8.709716796875000000e-02
1.449674287769201040e+09 -1.890563964843750000e-02 -4.911804199218750000e-02 4.544067382812500000e-02
1.449674287794133902e+09 7.188415527343750000e-02 -1.132049560546875000e-01 1.647949218750000000e-03
1.449674287819249868e+09 1.284942626953125000e-01 -8.863830566406250000e-02 -7.965087890625000000e-03
1.449674287844457388e+09 7.081604003906250000e-02 -5.125427246093750000e-02 5.798339843750000000e-04
1.449674287869634628e+09 -1.142883300781250000e-02 -5.325317382812500000e-03 -5.496215820312500000e-02
1.449674287895116806e+09 -3.385925292968750000e-02 -7.461547851562500000e-03 -4.855346679687500000e-02
1.449674287920873404e+09 -8.192443847656250000e-02 2.778625488281250000e-02 3.475952148437500000e-02
1.449674287945135117e+09 -7.124328613281250000e-02 1.525878906250000000e-05 1.126098632812500000e-02
1.449674287970281363e+09 -1.249694824218750000e-02 -6.086730957031250000e-02 -2.078247070312500000e-02
1.449674287995763779e+09 -4.988098144531250000e-02 3.846740722656250000e-02 3.048706054687500000e-02
1.449674288020666122e+09 -1.032867431640625000e-01 3.205871582031250000e-02 -1.010131835937500000e-02
1.449674288046880722e+09 -2.104187011718750000e-02 -2.455139160156250000e-02 -8.486938476562500000e-02
1.449674288071020126e+09 -3.599548339843750000e-02 3.526306152343750000e-02 2.087402343750000000e-02
1.449674288096502304e+09 -1.235809326171875000e-01 3.419494628906250000e-02 6.359863281250000000e-02
1.449674288121343374e+09 -1.556243896484375000e-01 -4.057312011718750000e-02 -9.033203125000000000e-03
1.449674288146581411e+09 -1.534881591796875000e-01 -6.834411621093750000e-02 -3.573608398437500000e-02
1.449674288171728134e+09 -1.449432373046875000e-01 -1.387023925781250000e-02 1.126098632812500000e-02
1.449674288197240829e+09 -1.203765869140625000e-01 7.492065429687500000e-03 -4.855346679687500000e-02
1.449674288222082138e+09 -1.193084716796875000e-01 1.603698730468750000e-02 -3.787231445312500000e-02
1.449674288247320175e+09 -8.085632324218750000e-02 2.885437011718750000e-02 8.056640625000000000e-03
1.449674288272527695e+09 -4.774475097656250000e-02 1.069641113281250000e-02 1.553344726562500000e-02
1.449674288297918320e+09 5.693054199218750000e-02 -1.302947998046875000e-01 -3.359985351562500000e-02
1.449674288322790146e+09 4.838562011718750000e-02 -1.707458496093750000e-02 4.116821289062500000e-02
1.449674288347997665e+09 1.313781738281250000e-02 -5.325317382812500000e-03 1.446533203125000000e-02
1.449674288373204947e+09 -2.958679199218750000e-02 -2.027893066406250000e-02 -1.651000976562500000e-02
1.449674288398656845e+09 -6.697082519531250000e-02 4.594421386718750000e-02 -1.116943359375000000e-02
1.449674288423528671e+09 -4.240417480468750000e-02 -6.620788574218750000e-02 -6.884765625000000000e-02
1.449674288448675156e+09 -2.531433105468750000e-02 -2.882385253906250000e-02 -4.534912109375000000e-02
1.449674288473913193e+09 -1.783752441406250000e-02 -2.348327636718750000e-02 -2.624511718750000000e-03
1.449674288499364853e+09 -3.492736816406250000e-02 -2.882385253906250000e-02 -1.757812500000000000e-02
1.449674288524206161e+09 -4.560852050781250000e-02 1.710510253906250000e-02 4.852294921875000000e-03
1.449674288549383163e+09 -7.872009277343750000e-02 3.099060058593750000e-02 4.544067382812500000e-02
1.449674288574590683e+09 -1.356506347656250000e-02 -6.620788574218750000e-02 6.988525390625000000e-03
1.449674288600072622e+09 7.402038574218750000e-02 -6.300354003906250000e-02 -1.437377929687500000e-02
1.449674288625646591e+09 4.411315917968750000e-02 1.069641113281250000e-02 3.475952148437500000e-02
1.449674288650030136e+09 -5.020141601562500000e-03 -1.280212402343750000e-02 -1.116943359375000000e-02
1.449674288675237656e+09 -3.813171386718750000e-02 1.924133300781250000e-02 -1.651000976562500000e-02
1.449674288700719833e+09 -5.201721191406250000e-02 1.710510253906250000e-02 2.728271484375000000e-02
1.449674288725561142e+09 -3.065490722656250000e-02 2.885437011718750000e-02 1.339721679687500000e-02
1.449674288751501083e+09 -1.036071777343750000e-02 -2.561950683593750000e-02 -2.291870117187500000e-02
1.449674288775945425e+09 -5.628967285156250000e-02 4.487609863281250000e-02 4.116821289062500000e-02
1.449674288801458120e+09 -1.139678955078125000e-01 1.313934326171875000e-01 6.893920898437500000e-02
1.449674288826330185e+09 -1.214447021484375000e-01 6.730651855468750000e-02 3.369140625000000000e-02
1.449674288851476431e+09 -8.224487304687500000e-03 -2.882385253906250000e-02 -7.965087890625000000e-03
1.449674288876623154e+09 4.731750488281250000e-02 -1.921081542968750000e-02 5.398559570312500000e-02
1.449674288902196646e+09 8.683776855468750000e-02 -9.597778320312500000e-03 7.107543945312500000e-02
1.449674288926976919e+09 1.445159912109375000e-01 -7.368469238281250000e-02 8.056640625000000000e-03
1.449674288952184677e+09 1.306304931640625000e-01 -6.727600097656250000e-02 -2.612304687500000000e-02
1.449674288977452993e+09 7.722473144531250000e-02 9.628295898437500000e-03 -3.787231445312500000e-02
1.449674289002935410e+09 8.865356445312500000e-03 4.060363769531250000e-02 -5.175781250000000000e-02
1.449674289027745962e+09 -3.492736816406250000e-02 -5.125427246093750000e-02 -2.719116210937500000e-02
1.449674289053045273e+09 -7.551574707031250000e-02 8.973693847656250000e-02 -4.882812500000000000e-04
1.449674289078100204e+09 -9.153747558593750000e-02 2.885437011718750000e-02 -6.896972656250000000e-03
1.449674289103612900e+09 -1.363983154296875000e-01 -4.377746582031250000e-02 2.621459960937500000e-02
1.449674289128484726e+09 -1.673736572265625000e-01 1.634368896484375000e-01 5.920410156250000000e-03
1.449674289153631210e+09 -1.609649658203125000e-01 4.808044433593750000e-02 -4.321289062500000000e-02
1.449674289178869247e+09 -8.085632324218750000e-02 2.565002441406250000e-02 -4.855346679687500000e-02
1.449674289204320669e+09 -3.492736816406250000e-02 7.264709472656250000e-02 3.475952148437500000e-02
1.449674289229131460e+09 9.933471679687500000e-03 -2.989196777343750000e-02 7.427978515625000000e-02
1.449674289254278183e+09 4.304504394531250000e-02 -6.393432617187500000e-03 6.466674804687500000e-02
1.449674289279485703e+09 5.586242675781250000e-02 -1.707458496093750000e-02 4.437255859375000000e-02
1.449674289305059433e+09 3.129577636718750000e-02 -2.989196777343750000e-02 1.019287109375000000e-02
1.449674289330724716e+09 -4.026794433593750000e-02 3.099060058593750000e-02 4.437255859375000000e-02
1.449674289355047226e+09 -1.997375488281250000e-02 2.671813964843750000e-02 2.716064453125000000e-03
1.449674289380254745e+09 -5.020141601562500000e-03 1.924133300781250000e-02 -3.692626953125000000e-03
1.449674289405736923e+09 1.206970214843750000e-02 1.083374023437500000e-03 -1.544189453125000000e-02
1.449674289430608749e+09 -1.036071777343750000e-02 9.628295898437500000e-03 -1.651000976562500000e-02
1.449674289456701279e+09 -6.697082519531250000e-02 3.953552246093750000e-02 -6.896972656250000000e-03
1.449674289480931997e+09 -1.011505126953125000e-01 4.060363769531250000e-02 4.757690429687500000e-02
1.449674289506383896e+09 -6.269836425781250000e-02 3.846740722656250000e-02 6.253051757812500000e-02
1.449674289531286240e+09 -2.317810058593750000e-02 -3.523254394531250000e-02 4.864501953125000000e-02
1.449674289556432724e+09 4.624938964843750000e-02 -3.736877441406250000e-02 5.798339843750000000e-04
1.449674289581578970e+09 4.090881347656250000e-02 -1.387023925781250000e-02 -1.330566406250000000e-02
1.449674289607152939e+09 4.945373535156250000e-02 -2.668762207031250000e-02 -8.486938476562500000e-02
1.449674289631994009e+09 2.915954589843750000e-02 -7.461547851562500000e-03 -1.864624023437500000e-02
1.449674289657171249e+09 -1.036071777343750000e-02 5.355834960937500000e-03 6.573486328125000000e-02
1.449674289682409286e+09 -7.156372070312500000e-03 -1.173400878906250000e-02 -1.757812500000000000e-02
1.449674289707860947e+09 2.381896972656250000e-02 -2.134704589843750000e-02 -7.205200195312500000e-02
1.449674289732702255e+09 2.915954589843750000e-02 7.492065429687500000e-03 -4.882812500000000000e-04
1.449674289757940292e+09 -2.851867675781250000e-02 1.110992431640625000e-01 5.718994140625000000e-02
1.449674289783086538e+09 -3.172302246093750000e-02 -5.325317382812500000e-03 -7.846069335937500000e-02
1.449674289808568716e+09 1.100158691406250000e-02 -1.052856445312500000e-03 -5.923461914062500000e-02
1.449674289833440781e+09 4.411315917968750000e-02 9.628295898437500000e-03 4.757690429687500000e-02
1.449674289858587027e+09 6.120300292968750000e-02 -5.339050292968750000e-02 -9.033203125000000000e-03
1.449674289883764267e+09 2.456665039062500000e-03 -8.529663085937500000e-03 6.988525390625000000e-03
1.449674289909215689e+09 -4.240417480468750000e-02 2.885437011718750000e-02 7.214355468750000000e-02
1.449674289934118032e+09 -1.676940917968750000e-02 -4.377746582031250000e-02 9.124755859375000000e-03
1.449674289959295273e+09 6.729125976562500000e-03 1.603698730468750000e-02 -4.321289062500000000e-02
1.449674289984472275e+09 -1.815795898437500000e-03 -3.843688964843750000e-02 3.155517578125000000e-02
1.449674290009984732e+09 -2.104187011718750000e-02 6.410217285156250000e-02 9.991455078125000000e-02
1.449674290035711288e+09 -1.142883300781250000e-02 -4.484558105468750000e-02 -9.033203125000000000e-03
1.449674290060003281e+09 6.761169433593750000e-02 -1.142730712890625000e-01 -5.068969726562500000e-02
1.449674290085210562e+09 6.333923339843750000e-02 2.030944824218750000e-02 3.155517578125000000e-02
1.449674290110692978e+09 -8.224487304687500000e-03 6.423950195312500000e-03 2.941894531250000000e-02
1.449674290135534286e+09 -7.658386230468750000e-02 3.526306152343750000e-02 -1.971435546875000000e-02
1.449674290161748648e+09 -4.774475097656250000e-02 1.710510253906250000e-02 3.262329101562500000e-02
1.449674290185918808e+09 5.372619628906250000e-02 -6.407165527343750000e-02 1.019287109375000000e-02
1.449674290211309195e+09 4.624938964843750000e-02 -1.707458496093750000e-02 2.514648437500000000e-02
1.449674290236181259e+09 2.809143066406250000e-02 -5.766296386718750000e-02 -2.612304687500000000e-02
1.449674290261419296e+09 -2.531433105468750000e-02 6.944274902343750000e-02 2.514648437500000000e-02
1.449674290286626816e+09 6.729125976562500000e-03 -4.270935058593750000e-02 -4.962158203125000000e-02
1.449674290312139511e+09 2.915954589843750000e-02 -1.600646972656250000e-02 -1.544189453125000000e-02
1.449674290336950302e+09 4.624938964843750000e-02 -4.377746582031250000e-02 -7.965087890625000000e-03
1.449674290362188339e+09 2.456665039062500000e-03 -1.066589355468750000e-02 5.505371093750000000e-02
1.449674290387334585e+09 -4.240417480468750000e-02 5.235290527343750000e-02 3.369140625000000000e-02
1.449674290412847281e+09 -4.347229003906250000e-02 -2.134704589843750000e-02 -5.923461914062500000e-02
1.449674290437658072e+09 7.797241210937500000e-03 -1.387023925781250000e-02 -4.321289062500000000e-02
1.449674290462896347e+09 2.595520019531250000e-02 -1.600646972656250000e-02 6.253051757812500000e-02
1.449674290488042831e+09 2.456665039062500000e-03 2.244567871093750000e-02 5.291748046875000000e-02
1.449674290513525009e+09 -1.676940917968750000e-02 1.083374023437500000e-03 -1.757812500000000000e-02
1.449674290538335800e+09 -1.142883300781250000e-02 1.176452636718750000e-02 4.010009765625000000e-02
1.449674290563543320e+09 3.556823730468750000e-02 -3.630065917968750000e-02 4.852294921875000000e-03
1.449674290588781357e+09 1.206970214843750000e-02 1.390075683593750000e-02 -2.505493164062500000e-02
1.449674290614263535e+09 -7.476806640625000000e-04 -1.173400878906250000e-02 -5.282592773437500000e-02
1.449674290639043808e+09 -1.890563964843750000e-02 2.351379394531250000e-02 -4.882812500000000000e-04
1.449674290664251089e+09 3.524780273437500000e-03 -1.493835449218750000e-02 1.553344726562500000e-02
1.449674290689458609e+09 -6.088256835937500000e-03 -3.523254394531250000e-02 9.671020507812500000e-02
1.449674290714941025e+09 -2.851867675781250000e-02 5.769348144531250000e-02 9.564208984375000000e-02
1.449674290740667343e+09 -1.570129394531250000e-02 -3.309631347656250000e-02 -2.719116210937500000e-02
1.449674290764959335e+09 1.741027832031250000e-02 -8.222961425781250000e-02 -7.632446289062500000e-02
1.449674290790197134e+09 3.450012207031250000e-02 1.710510253906250000e-02 2.514648437500000000e-02
1.449674290815679550e+09 3.556823730468750000e-02 -2.668762207031250000e-02 -4.882812500000000000e-04
1.449674290840459824e+09 -3.919982910156250000e-02 -1.066589355468750000e-02 2.621459960937500000e-02
1.449674290866308212e+09 -5.201721191406250000e-02 3.099060058593750000e-02 7.962036132812500000e-02
1.449674290890874863e+09 -1.676940917968750000e-02 -7.154846191406250000e-02 5.184936523437500000e-02
1.449674290916326284e+09 7.508850097656250000e-02 -1.334991455078125000e-01 2.087402343750000000e-02
1.449674290941198349e+09 7.188415527343750000e-02 2.151489257812500000e-03 9.671020507812500000e-02
1.449674290966375113e+09 3.204345703125000000e-04 -2.027893066406250000e-02 4.010009765625000000e-02
1.449674290991582632e+09 -2.638244628906250000e-02 -2.882385253906250000e-02 -1.556396484375000000e-03
1.449674291017095327e+09 3.984069824218750000e-02 -1.814270019531250000e-02 9.124755859375000000e-03
1.449674291041906118e+09 9.004211425781250000e-02 -1.046600341796875000e-01 3.369140625000000000e-02
1.449674291067144156e+09 9.217834472656250000e-02 -6.620788574218750000e-02 -4.760742187500000000e-03
1.449674291092321396e+09 2.702331542968750000e-02 1.525878906250000000e-05 9.124755859375000000e-03
1.449674291117773056e+09 3.524780273437500000e-03 -1.052856445312500000e-03 3.048706054687500000e-02
1.449674291142614365e+09 -7.156372070312500000e-03 -2.455139160156250000e-02 3.155517578125000000e-02
1.449674291167791367e+09 9.933471679687500000e-03 -7.461547851562500000e-03 -3.466796875000000000e-02
1.449674291192907333e+09 3.450012207031250000e-02 -8.222961425781250000e-02 -4.428100585937500000e-02
1.449674291218480825e+09 3.984069824218750000e-02 -6.193542480468750000e-02 3.903198242187500000e-02
1.449674291243352890e+09 -5.415344238281250000e-02 7.371520996093750000e-02 7.641601562500000000e-02
1.449674291268499136e+09 -9.794616699218750000e-02 2.351379394531250000e-02 1.446533203125000000e-02
1.449674291293737173e+09 -6.163024902343750000e-02 2.030944824218750000e-02 2.621459960937500000e-02
1.449674291319189072e+09 -1.142883300781250000e-02 -2.120971679687500000e-03 6.466674804687500000e-02
1.449674291343999863e+09 2.381896972656250000e-02 -6.941223144531250000e-02 7.748413085937500000e-02
1.449674291369207382e+09 1.420593261718750000e-02 1.083374023437500000e-03 1.490478515625000000e-01
1.449674291394414902e+09 -2.424621582031250000e-02 9.614562988281250000e-02 7.748413085937500000e-02
1.449674291419897079e+09 -6.803894042968750000e-02 -1.052856445312500000e-03 -7.418823242187500000e-02
1.449674291445653677e+09 -2.104187011718750000e-02 2.565002441406250000e-02 3.582763671875000000e-02
1.449674291469915390e+09 3.877258300781250000e-02 -1.493835449218750000e-02 7.748413085937500000e-02
1.449674291495061874e+09 5.052185058593750000e-02 -8.329772949218750000e-02 3.262329101562500000e-02
1.449674291520544052e+09 -3.599548339843750000e-02 3.953552246093750000e-02 1.383666992187500000e-01
1.449674291545446396e+09 -7.872009277343750000e-02 9.934997558593750000e-02 2.407836914062500000e-02
1.449674291571569443e+09 -9.901428222656250000e-02 1.083374023437500000e-03 1.553344726562500000e-02
1.449674291595861197e+09 -4.988098144531250000e-02 2.351379394531250000e-02 1.501159667968750000e-01
1.449674291621282578e+09 -1.676940917968750000e-02 -2.027893066406250000e-02 6.787109375000000000e-02
1.449674291646184921e+09 3.022766113281250000e-02 -5.873107910156250000e-02 -2.624511718750000000e-03
1.449674291671331406e+09 1.420593261718750000e-02 -2.668762207031250000e-02 1.437072753906250000e-01
1.449674291696477652e+09 2.275085449218750000e-02 -1.921081542968750000e-02 1.362304687500000000e-01
1.449674291722021103e+09 2.809143066406250000e-02 -1.025238037109375000e-01 2.835083007812500000e-02
1.449674291746892691e+09 2.381896972656250000e-02 -1.493835449218750000e-02 6.787109375000000000e-02
1.449674291772039413e+09 4.518127441406250000e-02 -3.096008300781250000e-02 5.184936523437500000e-02
1.449674291797246933e+09 3.236389160156250000e-02 -3.096008300781250000e-02 1.980590820312500000e-02
1.449674291822668076e+09 -1.676940917968750000e-02 5.555725097656250000e-02 9.124755859375000000e-03
1.449674291847539663e+09 -1.142883300781250000e-02 -1.280212402343750000e-02 -1.223754882812500000e-02
1.449674291872777939e+09 3.343200683593750000e-02 -3.843688964843750000e-02 1.126098632812500000e-02
1.449674291897924423e+09 3.663635253906250000e-02 -1.707458496093750000e-02 2.194213867187500000e-02
1.449674291923406601e+09 1.420593261718750000e-02 -2.775573730468750000e-02 -1.116943359375000000e-02
1.449674291948308945e+09 -1.142883300781250000e-02 1.710510253906250000e-02 4.116821289062500000e-02
1.449674291973455429e+09 8.865356445312500000e-03 -2.120971679687500000e-03 4.864501953125000000e-02
1.449674291998662949e+09 5.479431152343750000e-02 -9.291076660156250000e-02 1.553344726562500000e-02
1.449674292024145126e+09 5.265808105468750000e-02 -2.561950683593750000e-02 7.427978515625000000e-02
1.449674292048955917e+09 1.420593261718750000e-02 -9.597778320312500000e-03 4.544067382812500000e-02
1.449674292074163437e+09 -3.599548339843750000e-02 2.778625488281250000e-02 3.369140625000000000e-02
1.449674292099340200e+09 5.661010742187500000e-03 3.219604492187500000e-03 1.647949218750000000e-03
1.449674292124792099e+09 6.654357910156250000e-02 -6.407165527343750000e-02 -3.692626953125000000e-03
1.449674292150487900e+09 9.324645996093750000e-02 -5.232238769531250000e-02 -4.882812500000000000e-04
1.449674292174840927e+09 3.343200683593750000e-02 -1.173400878906250000e-02 2.407836914062500000e-02
1.449674292200017929e+09 -4.454040527343750000e-02 4.914855957031250000e-02 2.728271484375000000e-02
1.449674292225530624e+09 -7.444763183593750000e-02 1.110992431640625000e-01 -2.398681640625000000e-02
1.449674292250371933e+09 -7.231140136718750000e-02 -3.189086914062500000e-03 4.864501953125000000e-02
1.449674292276342154e+09 3.129577636718750000e-02 -6.513977050781250000e-02 -3.787231445312500000e-02
1.449674292300786972e+09 1.220855712890625000e-01 -4.484558105468750000e-02 -6.896972656250000000e-03
1.449674292326238394e+09 7.829284667968750000e-02 -2.134704589843750000e-02 7.214355468750000000e-02
1.449674292351079941e+09 -1.142883300781250000e-02 1.442108154296875000e-01 1.063232421875000000e-01
1.449674292376287460e+09 -1.086273193359375000e-01 9.934997558593750000e-02 1.565246582031250000e-01
1.449674292401464224e+09 -1.032867431640625000e-01 1.506195068359375000e-01 2.377014160156250000e-01
1.449674292426976919e+09 3.556823730468750000e-02 -4.270935058593750000e-02 2.270202636718750000e-01
1.449674292451787710e+09 1.893768310546875000e-01 -3.460540771484375000e-01 9.457397460937500000e-02
1.449674292476995230e+09 1.861724853515625000e-01 -1.890411376953125000e-01 2.728271484375000000e-02
1.449674292502233267e+09 9.538269042968750000e-02 5.448913574218750000e-02 -1.361389160156250000e-01
1.449674292527685165e+09 -1.890563964843750000e-02 8.866882324218750000e-02 -3.732604980468750000e-01
1.449674292552495956e+09 -4.774475097656250000e-02 2.253875732421875000e-01 -4.202575683593750000e-01
1.449674292577947617e+09 2.809143066406250000e-02 1.078948974609375000e-01 -2.525634765625000000e-01
1.449674292602910995e+09 1.420593261718750000e-02 -1.100006103515625000e-01 8.709716796875000000e-02
1.449674292628362417e+09 4.945373535156250000e-02 1.176452636718750000e-02 3.081970214843750000e-01
1.449674292653295279e+09 -9.292602539062500000e-03 -8.529663085937500000e-03 3.028564453125000000e-01
1.449674292678442001e+09 1.206970214843750000e-02 -1.493835449218750000e-02 1.255493164062500000e-01
1.449674292703618765e+09 4.592895507812500000e-03 2.778625488281250000e-02 1.766967773437500000e-02
1.449674292729100943e+09 2.488708496093750000e-02 2.030944824218750000e-02 -2.719116210937500000e-02
1.449674292753911734e+09 8.865356445312500000e-03 2.565002441406250000e-02 -1.116943359375000000e-02
1.449674292779088974e+09 4.197692871093750000e-02 -3.630065917968750000e-02 -3.787231445312500000e-02
1.449674292804296494e+09 5.265808105468750000e-02 -5.552673339843750000e-02 -9.033203125000000000e-03
1.449674292829778671e+09 2.595520019531250000e-02 -1.814270019531250000e-02 2.087402343750000000e-02
1.449674292855657578e+09 -5.020141601562500000e-03 -2.561950683593750000e-02 -2.291870117187500000e-02
1.449674292879858017e+09 -1.890563964843750000e-02 -1.814270019531250000e-02 -5.496215820312500000e-02
1.449674292905035019e+09 -7.476806640625000000e-04 -6.620788574218750000e-02 -2.291870117187500000e-02
1.449674292930516958e+09 2.915954589843750000e-02 -8.116149902343750000e-02 1.980590820312500000e-02
1.449674292955358505e+09 5.799865722656250000e-02 -1.003875732421875000e-01 2.087402343750000000e-02
1.449674292981451035e+09 2.915954589843750000e-02 -8.222961425781250000e-02 5.291748046875000000e-02
1.449674293005742788e+09 -1.815795898437500000e-03 -4.377746582031250000e-02 4.971313476562500000e-02
1.449674293031164169e+09 -3.065490722656250000e-02 -4.057312011718750000e-02 -1.864624023437500000e-02
1.449674293056066513e+09 -2.638244628906250000e-02 -3.202819824218750000e-02 -1.105041503906250000e-01
1.449674293081243277e+09 -2.317810058593750000e-02 -2.027893066406250000e-02 -3.359985351562500000e-02
1.449674293106420517e+09 1.741027832031250000e-02 -1.600646972656250000e-02 5.920410156250000000e-03
1.449674293131963730e+09 -1.036071777343750000e-02 -4.377746582031250000e-02 1.553344726562500000e-02
1.449674293156774282e+09 -6.088256835937500000e-03 -5.659484863281250000e-02 6.359863281250000000e-02
1.449674293181951523e+09 -7.156372070312500000e-03 -3.096008300781250000e-02 1.095275878906250000e-01
1.449674293207189560e+09 -1.249694824218750000e-02 -3.309631347656250000e-02 5.398559570312500000e-02
1.449674293232671738e+09 -3.385925292968750000e-02 -4.164123535156250000e-02 3.369140625000000000e-02
1.449674293257482529e+09 -3.065490722656250000e-02 2.030944824218750000e-02 7.855224609375000000e-02
1.449674293282659292e+09 -1.463317871093750000e-02 -4.270935058593750000e-02 4.116821289062500000e-02
1.449674293307897568e+09 -2.883911132812500000e-03 -4.057312011718750000e-02 2.514648437500000000e-02
1.449674293333349228e+09 -6.088256835937500000e-03 -2.241516113281250000e-02 3.262329101562500000e-02
1.449674293358221054e+09 -6.088256835937500000e-03 -4.698181152343750000e-02 -1.651000976562500000e-02
1.449674293383367538e+09 -1.356506347656250000e-02 -3.309631347656250000e-02 -1.437377929687500000e-02
1.449674293408575058e+09 2.456665039062500000e-03 -2.348327636718750000e-02 -1.116943359375000000e-02
1.449674293434087753e+09 -7.476806640625000000e-04 -2.027893066406250000e-02 2.941894531250000000e-02
1.449674293458898544e+09 6.729125976562500000e-03 -1.280212402343750000e-02 9.243774414062500000e-02
1.449674293484075546e+09 -1.249694824218750000e-02 -5.325317382812500000e-03 6.146240234375000000e-02
1.449674293509283066e+09 -6.088256835937500000e-03 -3.630065917968750000e-02 2.407836914062500000e-02
1.449674293534765005e+09 4.518127441406250000e-02 -6.300354003906250000e-02 3.475952148437500000e-02
1.449674293560582876e+09 5.372619628906250000e-02 -6.941223144531250000e-02 2.407836914062500000e-02
1.449674293584783316e+09 2.061462402343750000e-02 -7.582092285156250000e-02 -7.965087890625000000e-03
1.449674293609990835e+09 1.527404785156250000e-02 -4.484558105468750000e-02 -2.612304687500000000e-02
1.449674293635473251e+09 4.197692871093750000e-02 -8.650207519531250000e-02 -6.243896484375000000e-02
1.449674293660314322e+09 5.265808105468750000e-02 -7.902526855468750000e-02 -5.816650390625000000e-02
1.449674293686315536e+09 3.129577636718750000e-02 -3.309631347656250000e-02 -7.965087890625000000e-03
1.449674293710668564e+09 -1.142883300781250000e-02 4.273986816406250000e-02 5.798339843750000000e-04
1.449674293736150742e+09 -4.988098144531250000e-02 3.219604492187500000e-03 -4.882812500000000000e-04
1.449674293760992050e+09 -5.735778808593750000e-02 6.423950195312500000e-03 4.437255859375000000e-02
1.449674293786901474e+09 -4.988098144531250000e-02 2.137756347656250000e-02 5.184936523437500000e-02
1.449674293811376333e+09 -4.133605957031250000e-02 -1.493835449218750000e-02 -1.116943359375000000e-02
1.449674293836889029e+09 -3.706359863281250000e-02 4.273986816406250000e-02 5.920410156250000000e-03
1.449674293861730576e+09 9.933471679687500000e-03 2.151489257812500000e-03 -2.932739257812500000e-02
1.449674293886938095e+09 3.022766113281250000e-02 -1.493835449218750000e-02 -4.534912109375000000e-02
1.449674293912145615e+09 6.013488769531250000e-02 -2.027893066406250000e-02 -2.291870117187500000e-02
1.449674293937597275e+09 7.722473144531250000e-02 -2.989196777343750000e-02 9.124755859375000000e-03
1.449674293962469101e+09 3.770446777343750000e-02 1.924133300781250000e-02 -5.828857421875000000e-03
1.449674293987615585e+09 5.661010742187500000e-03 4.287719726562500000e-03 5.798339843750000000e-04
1.449674294012823105e+09 3.204345703125000000e-04 3.953552246093750000e-02 1.339721679687500000e-02
1.449674294038335800e+09 5.661010742187500000e-03 -2.027893066406250000e-02 6.988525390625000000e-03
1.449674294063176870e+09 1.954650878906250000e-02 4.287719726562500000e-03 2.301025390625000000e-02
1.449674294088354111e+09 2.381896972656250000e-02 -3.202819824218750000e-02 1.446533203125000000e-02
1.449674294113531113e+09 5.661010742187500000e-03 1.283264160156250000e-02 1.873779296875000000e-02
1.449674294139043808e+09 -2.638244628906250000e-02 1.390075683593750000e-02 8.056640625000000000e-03
1.449674294163854599e+09 -1.142883300781250000e-02 -8.529663085937500000e-03 1.339721679687500000e-02
1.449674294189031363e+09 2.456665039062500000e-03 6.423950195312500000e-03 3.048706054687500000e-02
1.449674294214238882e+09 -3.952026367187500000e-03 1.525878906250000000e-05 6.359863281250000000e-02
1.449674294239721298e+09 -1.570129394531250000e-02 1.069641113281250000e-02 -4.760742187500000000e-03
1.449674294265416861e+09 -1.676940917968750000e-02 -2.120971679687500000e-03 1.980590820312500000e-02
1.449674294289739609e+09 3.022766113281250000e-02 -1.066589355468750000e-02 6.573486328125000000e-02
1.449674294314947128e+09 1.527404785156250000e-02 -2.027893066406250000e-02 7.000732421875000000e-02
1.449674294340429306e+09 1.388549804687500000e-03 1.525878906250000000e-05 3.903198242187500000e-02
1.449674294365270615e+09 -1.249694824218750000e-02 -8.529663085937500000e-03 5.718994140625000000e-02
1.449674294391271353e+09 3.204345703125000000e-04 1.710510253906250000e-02 6.039428710937500000e-02
1.449674294415655136e+09 -6.088256835937500000e-03 1.083374023437500000e-03 3.796386718750000000e-02
1.449674294441137075e+09 2.456665039062500000e-03 -1.173400878906250000e-02 4.330444335937500000e-02
1.449674294465978622e+09 2.456665039062500000e-03 2.151489257812500000e-03 6.253051757812500000e-02
1.449674294491155386e+09 -1.815795898437500000e-03 -2.120971679687500000e-03 4.971313476562500000e-02
1.449674294516332626e+09 -1.249694824218750000e-02 2.151489257812500000e-03 4.010009765625000000e-02
1.449674294541814804e+09 5.661010742187500000e-03 3.219604492187500000e-03 3.262329101562500000e-02
1.449674294566686392e+09 4.592895507812500000e-03 6.423950195312500000e-03 1.980590820312500000e-02
1.449674294591924429e+09 7.797241210937500000e-03 -2.120971679687500000e-03 9.124755859375000000e-03
1.449674294617071152e+09 6.729125976562500000e-03 -9.597778320312500000e-03 3.582763671875000000e-02
1.449674294642522573e+09 -7.476806640625000000e-04 5.355834960937500000e-03 4.223632812500000000e-02
1.449674294667364120e+09 -1.815795898437500000e-03 1.083374023437500000e-03 1.446533203125000000e-02
1.449674294692571640e+09 -3.952026367187500000e-03 1.176452636718750000e-02 1.446533203125000000e-02
1.449674294717779160e+09 -1.815795898437500000e-03 -2.120971679687500000e-03 2.728271484375000000e-02
1.449674294743230820e+09 -8.224487304687500000e-03 -7.461547851562500000e-03 1.873779296875000000e-02
1.449674294768133163e+09 -1.783752441406250000e-02 -9.597778320312500000e-03 -6.896972656250000000e-03
1.449674294794011831e+09 -7.476806640625000000e-04 3.219604492187500000e-03 -1.330566406250000000e-02
1.449674294818486929e+09 -1.249694824218750000e-02 -1.280212402343750000e-02 3.048706054687500000e-02
1.449674294843969345e+09 1.100158691406250000e-02 -2.120971679687500000e-03 1.339721679687500000e-02
1.449674294868841171e+09 1.634216308593750000e-02 -2.561950683593750000e-02 2.835083007812500000e-02
1.449674294893987656e+09 1.527404785156250000e-02 -4.257202148437500000e-03 2.514648437500000000e-02
1.449674294919164658e+09 -2.883911132812500000e-03 -6.393432617187500000e-03 1.647949218750000000e-03
1.449674294944646597e+09 -9.292602539062500000e-03 3.219604492187500000e-03 -1.556396484375000000e-03
1.449674294970586538e+09 -7.476806640625000000e-04 -3.189086914062500000e-03 -3.692626953125000000e-03
1.449674294994695663e+09 8.865356445312500000e-03 -2.241516113281250000e-02 5.920410156250000000e-03
1.449674295019933701e+09 6.729125976562500000e-03 1.525878906250000000e-05 -3.692626953125000000e-03
1.449674295045385122e+09 4.592895507812500000e-03 -2.561950683593750000e-02 -1.544189453125000000e-02
1.449674295070195913e+09 3.524780273437500000e-03 4.287719726562500000e-03 -2.291870117187500000e-02
1.449674295096197128e+09 2.456665039062500000e-03 -1.814270019531250000e-02 -4.641723632812500000e-02
1.449674295120611191e+09 8.865356445312500000e-03 -3.189086914062500000e-03 -3.039550781250000000e-02
1.449674295146062851e+09 2.381896972656250000e-02 -2.027893066406250000e-02 -1.330566406250000000e-02
1.449674295170904160e+09 2.809143066406250000e-02 -2.027893066406250000e-02 -3.039550781250000000e-02
1.449674295196111679e+09 2.275085449218750000e-02 -8.529663085937500000e-03 -4.107666015625000000e-02
1.449674295221288681e+09 2.061462402343750000e-02 2.151489257812500000e-03 -4.107666015625000000e-02
1.449674295246801376e+09 7.797241210937500000e-03 1.525878906250000000e-05 -4.534912109375000000e-02
1.449674295271673203e+09 6.729125976562500000e-03 2.151489257812500000e-03 -3.253173828125000000e-02
1.449674295296850204e+09 2.168273925781250000e-02 -2.120971679687500000e-03 -3.466796875000000000e-02
1.449674295322057724e+09 2.381896972656250000e-02 1.069641113281250000e-02 -8.380126953125000000e-02
1.449674295347478867e+09 1.420593261718750000e-02 9.628295898437500000e-03 -9.982299804687500000e-02
1.449674295372319937e+09 2.595520019531250000e-02 1.069641113281250000e-02 -1.008911132812500000e-01
1.449674295397588730e+09 2.915954589843750000e-02 2.458190917968750000e-02 -9.875488281250000000e-02
1.449674295422765493e+09 4.945373535156250000e-02 1.083374023437500000e-03 -1.243896484375000000e-01
1.449674295448217392e+09 6.333923339843750000e-02 -2.120971679687500000e-03 -1.275939941406250000e-01
1.449674295473088980e+09 7.295227050781250000e-02 2.458190917968750000e-02 -1.457519531250000000e-01
1.449674295498266220e+09 6.333923339843750000e-02 2.458190917968750000e-02 -1.692504882812500000e-01
1.449674295523443222e+09 5.586242675781250000e-02 2.351379394531250000e-02 -1.767272949218750000e-01
1.449674295548925400e+09 6.761169433593750000e-02 4.808044433593750000e-02 -1.777954101562500000e-01
1.449674295573766708e+09 8.897399902343750000e-02 2.885437011718750000e-02 -1.692504882812500000e-01
1.449674295598943710e+09 9.111022949218750000e-02 9.628295898437500000e-03 -1.254577636718750000e-01
1.449674295624150991e+09 6.547546386718750000e-02 2.565002441406250000e-02 -5.389404296875000000e-02
1.449674295649633169e+09 5.586242675781250000e-02 -1.707458496093750000e-02 -3.680419921875000000e-02
1.449674295675512314e+09 2.275085449218750000e-02 -1.066589355468750000e-02 -2.612304687500000000e-02
1.449674295699651480e+09 -5.020141601562500000e-03 8.560180664062500000e-03 -2.612304687500000000e-02
1.449674295724859238e+09 -4.026794433593750000e-02 2.151489257812500000e-03 -2.291870117187500000e-02
1.449674295750310898e+09 -6.376647949218750000e-02 8.560180664062500000e-03 -6.896972656250000000e-03
1.449674295775152206e+09 -6.910705566406250000e-02 8.560180664062500000e-03 5.798339843750000000e-04
1.449674295801183701e+09 -5.735778808593750000e-02 -2.120971679687500000e-03 4.852294921875000000e-03
1.449674295825567245e+09 -3.813171386718750000e-02 4.287719726562500000e-03 6.988525390625000000e-03
1.449674295851049423e+09 -2.745056152343750000e-02 -5.325317382812500000e-03 3.784179687500000000e-03
1.449674295875890732e+09 -5.020141601562500000e-03 -3.189086914062500000e-03 9.124755859375000000e-03
1.449674295901067734e+09 1.313781738281250000e-02 -2.120971679687500000e-03 1.339721679687500000e-02
1.449674295926214218e+09 1.527404785156250000e-02 4.287719726562500000e-03 1.019287109375000000e-02
1.449674295951757431e+09 -3.952026367187500000e-03 2.778625488281250000e-02 4.852294921875000000e-03
1.449674295976598740e+09 -1.676940917968750000e-02 3.953552246093750000e-02 2.716064453125000000e-03
1.449674296001836777e+09 -1.249694824218750000e-02 3.526306152343750000e-02 -3.692626953125000000e-03
1.449674296027013540e+09 -7.476806640625000000e-04 1.817321777343750000e-02 5.798339843750000000e-04
1.449674296052465439e+09 1.313781738281250000e-02 6.423950195312500000e-03 -4.760742187500000000e-03
1.449674296077306509e+09 1.313781738281250000e-02 1.176452636718750000e-02 -4.882812500000000000e-04
1.449674296102575064e+09 4.592895507812500000e-03 1.710510253906250000e-02 -1.864624023437500000e-02
1.449674296127721786e+09 -7.476806640625000000e-04 3.205871582031250000e-02 -4.214477539062500000e-02
1.449674296153173208e+09 -5.020141601562500000e-03 3.739929199218750000e-02 -7.098388671875000000e-02
1.449674296178045273e+09 -5.020141601562500000e-03 4.808044433593750000e-02 -9.555053710937500000e-02
1.449674296203222275e+09 4.592895507812500000e-03 4.808044433593750000e-02 -1.137084960937500000e-01
1.449674296228429794e+09 1.206970214843750000e-02 4.594421386718750000e-02 -1.158447265625000000e-01
1.449674296253911734e+09 1.527404785156250000e-02 5.662536621093750000e-02 -1.179809570312500000e-01
1.449674296278722525e+09 9.933471679687500000e-03 6.623840332031250000e-02 -1.372070312500000000e-01
1.449674296303930044e+09 1.420593261718750000e-02 6.944274902343750000e-02 -1.532287597656250000e-01
1.449674296329076767e+09 3.022766113281250000e-02 7.585144042968750000e-02 -1.596374511718750000e-01
1.449674296354558945e+09 1.100158691406250000e-02 6.089782714843750000e-02 -1.307983398437500000e-01
1.449674296380346060e+09 1.206970214843750000e-02 4.487609863281250000e-02 -8.593750000000000000e-02
1.449674296404607773e+09 8.865356445312500000e-03 -2.120971679687500000e-03 -3.680419921875000000e-02
1.449674296429845810e+09 9.933471679687500000e-03 5.355834960937500000e-03 -3.692626953125000000e-03
1.449674296455297232e+09 -1.463317871093750000e-02 1.176452636718750000e-02 -1.116943359375000000e-02
1.449674296480138779e+09 -2.745056152343750000e-02 8.560180664062500000e-03 -1.437377929687500000e-02
1.449674296506200790e+09 -1.890563964843750000e-02 5.355834960937500000e-03 -1.556396484375000000e-03
1.449674296530523062e+09 -2.883911132812500000e-03 1.525878906250000000e-05 -3.692626953125000000e-03
1.449674296556005478e+09 1.313781738281250000e-02 -4.257202148437500000e-03 -2.719116210937500000e-02
1.449674296580846548e+09 4.592895507812500000e-03 5.355834960937500000e-03 -2.719116210937500000e-02
1.449674296606023788e+09 -2.883911132812500000e-03 -3.189086914062500000e-03 -2.398681640625000000e-02
1.449674296631170273e+09 -1.815795898437500000e-03 2.151489257812500000e-03 -1.437377929687500000e-02
1.449674296656713486e+09 -6.088256835937500000e-03 8.560180664062500000e-03 -1.223754882812500000e-02
1.449674296681554794e+09 -1.356506347656250000e-02 1.710510253906250000e-02 -7.965087890625000000e-03
1.449674296706731796e+09 -3.952026367187500000e-03 7.492065429687500000e-03 -2.505493164062500000e-02
1.449674296731939316e+09 -3.952026367187500000e-03 -1.052856445312500000e-03 -1.864624023437500000e-02
1.449674296757360458e+09 -3.952026367187500000e-03 -1.052856445312500000e-03 -2.291870117187500000e-02
1.449674296782262802e+09 -1.463317871093750000e-02 1.069641113281250000e-02 -4.882812500000000000e-04
1.449674296807500839e+09 1.388549804687500000e-03 -9.597778320312500000e-03 1.660156250000000000e-02
1.449674296832647085e+09 1.634216308593750000e-02 -3.523254394531250000e-02 4.010009765625000000e-02
1.449674296858129501e+09 2.061462402343750000e-02 -3.309631347656250000e-02 4.757690429687500000e-02
1.449674296882970572e+09 1.634216308593750000e-02 -3.523254394531250000e-02 1.339721679687500000e-02
1.449674296908178091e+09 1.100158691406250000e-02 -2.134704589843750000e-02 -3.787231445312500000e-02
1.449674296933355331e+09 -1.463317871093750000e-02 4.060363769531250000e-02 -5.709838867187500000e-02
1.449674296958806992e+09 2.168273925781250000e-02 -5.325317382812500000e-03 -9.768676757812500000e-02
1.449674296983709097e+09 7.936096191406250000e-02 -1.066589355468750000e-02 -1.137084960937500000e-01
1.449674297008886337e+09 7.722473144531250000e-02 -1.280212402343750000e-02 -1.265258789062500000e-01
1.449674297034068584e+09 6.654357910156250000e-02 -1.066589355468750000e-02 -1.211853027343750000e-01
1.449674297059520245e+09 6.974792480468750000e-02 1.283264160156250000e-02 -1.233215332031250000e-01
1.449674297084361553e+09 8.790588378906250000e-02 -3.843688964843750000e-02 -9.448242187500000000e-02
1.449674297109538555e+09 6.013488769531250000e-02 -1.066589355468750000e-02 -3.692626953125000000e-03
1.449674297134776592e+09 1.847839355468750000e-02 -4.698181152343750000e-02 6.253051757812500000e-02
1.449674297160258532e+09 -3.279113769531250000e-02 1.525878906250000000e-05 7.214355468750000000e-02
1.449674297185130596e+09 -3.706359863281250000e-02 -2.120971679687500000e-03 -9.033203125000000000e-03
1.449674297211162090e+09 -4.240417480468750000e-02 3.205871582031250000e-02 -8.807373046875000000e-02
1.449674297235484362e+09 -4.774475097656250000e-02 4.060363769531250000e-02 -1.393432617187500000e-01
1.449674297260966539e+09 -8.726501464843750000e-02 5.555725097656250000e-02 -1.414794921875000000e-01
1.449674297285807848e+09 -1.171722412109375000e-01 1.239166259765625000e-01 -1.425476074218750000e-01
1.449674297310984850e+09 -1.331939697265625000e-01 1.260528564453125000e-01 -1.521606445312500000e-01
1.449674297336162090e+09 -1.096954345703125000e-01 9.934997558593750000e-02 -1.169128417968750000e-01
1.449674297361674786e+09 -7.017517089843750000e-02 5.769348144531250000e-02 -2.291870117187500000e-02
1.449674297386546373e+09 -1.142883300781250000e-02 -1.052856445312500000e-03 6.680297851562500000e-02
1.449674297411723614e+09 3.877258300781250000e-02 -1.921081542968750000e-02 8.923339843750000000e-02
1.449674297436961651e+09 4.197692871093750000e-02 3.219604492187500000e-03 3.689575195312500000e-02
1.449674297462352037e+09 3.450012207031250000e-02 1.924133300781250000e-02 -4.214477539062500000e-02
1.449674297487193584e+09 4.838562011718750000e-02 1.176452636718750000e-02 -8.914184570312500000e-02
1.449674297512553453e+09 5.479431152343750000e-02 1.069641113281250000e-02 -1.008911132812500000e-01
1.449674297537638903e+09 5.693054199218750000e-02 -6.393432617187500000e-03 -9.768676757812500000e-02
1.449674297563121080e+09 5.372619628906250000e-02 -9.597778320312500000e-03 -8.380126953125000000e-02
1.449674297587962627e+09 4.090881347656250000e-02 -5.325317382812500000e-03 -5.496215820312500000e-02
1.449674297613200665e+09 6.729125976562500000e-03 1.083374023437500000e-03 -3.894042968750000000e-02
1.449674297638346910e+09 -2.317810058593750000e-02 1.176452636718750000e-02 -4.428100585937500000e-02
1.449674297663829327e+09 -3.065490722656250000e-02 2.244567871093750000e-02 -3.680419921875000000e-02
1.449674297688640118e+09 -1.997375488281250000e-02 1.069641113281250000e-02 -2.719116210937500000e-02
1.449674297713847637e+09 -3.952026367187500000e-03 -1.066589355468750000e-02 -1.544189453125000000e-02
1.449674297738993883e+09 -1.142883300781250000e-02 4.287719726562500000e-03 -9.033203125000000000e-03
1.449674297764476061e+09 -1.463317871093750000e-02 9.628295898437500000e-03 -1.971435546875000000e-02
1.449674297789317608e+09 -2.317810058593750000e-02 2.458190917968750000e-02 -3.573608398437500000e-02
1.449674297814494371e+09 -2.745056152343750000e-02 1.603698730468750000e-02 -2.398681640625000000e-02
1.449674297839762926e+09 -1.890563964843750000e-02 1.710510253906250000e-02 -3.692626953125000000e-03
1.449674297865245104e+09 -2.531433105468750000e-02 -6.393432617187500000e-03 2.621459960937500000e-02
1.449674297890055895e+09 -2.851867675781250000e-02 6.423950195312500000e-03 3.582763671875000000e-02
1.449674297916148424e+09 -3.065490722656250000e-02 2.151489257812500000e-03 1.766967773437500000e-02
1.449674297940440655e+09 -4.133605957031250000e-02 1.069641113281250000e-02 6.988525390625000000e-03
1.449674297966166735e+09 -4.560852050781250000e-02 1.283264160156250000e-02 2.514648437500000000e-02
1.449674297990764141e+09 -2.531433105468750000e-02 -4.257202148437500000e-03 4.864501953125000000e-02
1.449674298015941143e+09 3.524780273437500000e-03 -2.241516113281250000e-02 5.078125000000000000e-02
1.449674298041209698e+09 -1.815795898437500000e-03 -1.066589355468750000e-02 4.650878906250000000e-02
1.449674298066630602e+09 8.865356445312500000e-03 -1.066589355468750000e-02 4.010009765625000000e-02
1.449674298091502666e+09 5.479431152343750000e-02 -5.979919433593750000e-02 5.291748046875000000e-02
1.449674298116648912e+09 1.124725341796875000e-01 -9.184265136718750000e-02 9.564208984375000000e-02
1.449674298141856432e+09 1.455841064453125000e-01 -1.196136474609375000e-01 1.287536621093750000e-01
1.449674298167308331e+09 1.220855712890625000e-01 -9.397888183593750000e-02 1.041870117187500000e-01
1.449674298192179918e+09 6.013488769531250000e-02 -7.902526855468750000e-02 3.155517578125000000e-02
1.449674298217448711e+09 -8.224487304687500000e-03 -5.325317382812500000e-03 -6.350708007812500000e-02
1.449674298242594957e+09 -6.163024902343750000e-02 2.351379394531250000e-02 -1.094360351562500000e-01
1.449674298268077374e+09 -7.231140136718750000e-02 2.351379394531250000e-02 -7.098388671875000000e-02
1.449674298292918444e+09 -4.774475097656250000e-02 5.355834960937500000e-03 -2.185058593750000000e-02
1.449674298318095684e+09 -5.522155761718750000e-02 -2.134704589843750000e-02 1.980590820312500000e-02
1.449674298343272686e+09 -1.011505126953125000e-01 5.876159667968750000e-02 -1.010131835937500000e-02
1.449674298368785381e+09 -1.150360107421875000e-01 9.614562988281250000e-02 -9.448242187500000000e-02
1.449674298393596172e+09 -7.872009277343750000e-02 8.760070800781250000e-02 -1.596374511718750000e-01
1.449674298418803692e+09 -4.347229003906250000e-02 1.046905517578125000e-01 -1.681823730468750000e-01
1.449674298443980455e+09 -1.036071777343750000e-02 7.585144042968750000e-02 -8.807373046875000000e-02
1.449674298469462872e+09 5.586242675781250000e-02 -7.048034667968750000e-02 8.923339843750000000e-02
1.449674298494303942e+09 1.039276123046875000e-01 -8.650207519531250000e-02 2.419738769531250000e-01
1.449674298519481182e+09 4.838562011718750000e-02 -3.202819824218750000e-02 3.071289062500000000e-01
1.449674298544688702e+09 9.933471679687500000e-03 5.355834960937500000e-03 1.672058105468750000e-01
1.449674298570170879e+09 -3.492736816406250000e-02 2.351379394531250000e-02 -2.291870117187500000e-02
1.449674298595012188e+09 -1.783752441406250000e-02 6.423950195312500000e-03 -6.350708007812500000e-02
1.449674298621104717e+09 7.081604003906250000e-02 -7.582092285156250000e-02 3.048706054687500000e-02
1.449674298645396709e+09 9.217834472656250000e-02 -7.795715332031250000e-02 7.214355468750000000e-02
1.449674298670878649e+09 2.702331542968750000e-02 -3.630065917968750000e-02 3.796386718750000000e-02
1.449674298695720196e+09 -2.317810058593750000e-02 3.219604492187500000e-03 -2.612304687500000000e-02
1.449674298720896959e+09 -3.706359863281250000e-02 2.151489257812500000e-03 -4.962158203125000000e-02
1.449674298746165752e+09 -1.890563964843750000e-02 -6.393432617187500000e-03 -9.033203125000000000e-03
1.449674298771556377e+09 -1.249694824218750000e-02 -1.387023925781250000e-02 2.407836914062500000e-02
1.449674298796427965e+09 -5.628967285156250000e-02 1.603698730468750000e-02 4.864501953125000000e-02
1.449674298821574688e+09 -8.619689941406250000e-02 4.594421386718750000e-02 2.941894531250000000e-02
1.449674298846812725e+09 -6.163024902343750000e-02 1.176452636718750000e-02 1.019287109375000000e-02
1.449674298872264147e+09 -2.531433105468750000e-02 1.283264160156250000e-02 3.369140625000000000e-02
1.449674298897136211e+09 3.524780273437500000e-03 -2.120971679687500000e-03 3.903198242187500000e-02
1.449674298922343731e+09 1.954650878906250000e-02 -2.027893066406250000e-02 1.126098632812500000e-02
1.449674298947520494e+09 -1.249694824218750000e-02 7.492065429687500000e-03 -2.624511718750000000e-03
1.449674298973033190e+09 -5.020141601562500000e-03 2.151489257812500000e-03 -1.544189453125000000e-02
1.449674298997905254e+09 1.527404785156250000e-02 -1.280212402343750000e-02 -1.651000976562500000e-02
1.449674299023082256e+09 1.527404785156250000e-02 -1.280212402343750000e-02 -3.692626953125000000e-03
1.449674299048259020e+09 -1.815795898437500000e-03 1.069641113281250000e-02 8.056640625000000000e-03
1.449674299073741198e+09 -1.142883300781250000e-02 9.628295898437500000e-03 1.980590820312500000e-02
1.449674299098582506e+09 1.313781738281250000e-02 -1.707458496093750000e-02 1.553344726562500000e-02
1.449674299123759508e+09 4.624938964843750000e-02 -3.202819824218750000e-02 1.980590820312500000e-02
1.449674299148936749e+09 6.867980957031250000e-02 -4.484558105468750000e-02 5.920410156250000000e-03
1.449674299174418926e+09 5.479431152343750000e-02 -4.484558105468750000e-02 -4.882812500000000000e-04
1.449674299199290514e+09 1.313781738281250000e-02 -3.309631347656250000e-02 -2.505493164062500000e-02
1.449674299224406481e+09 -2.104187011718750000e-02 5.355834960937500000e-03 -2.078247070312500000e-02
1.449674299249644518e+09 -5.020141601562500000e-03 -2.668762207031250000e-02 -1.971435546875000000e-02
1.449674299275126696e+09 1.420593261718750000e-02 -1.921081542968750000e-02 -4.882812500000000000e-04
1.449674299299998760e+09 1.847839355468750000e-02 -5.552673339843750000e-02 2.087402343750000000e-02
1.449674299326121807e+09 1.420593261718750000e-02 -4.591369628906250000e-02 3.475952148437500000e-02
1.449674299350352526e+09 -1.036071777343750000e-02 -9.597778320312500000e-03 1.553344726562500000e-02
1.449674299375773668e+09 -4.133605957031250000e-02 -4.257202148437500000e-03 -2.078247070312500000e-02
1.449674299400676012e+09 -4.988098144531250000e-02 9.628295898437500000e-03 -4.882812500000000000e-04
1.449674299425853252e+09 -2.424621582031250000e-02 -2.668762207031250000e-02 4.116821289062500000e-02
1.449674299451335430e+09 -1.463317871093750000e-02 -3.843688964843750000e-02 9.564208984375000000e-02
1.449674299476542950e+09 8.865356445312500000e-03 -7.582092285156250000e-02 1.084594726562500000e-01
1.449674299501384258e+09 1.634216308593750000e-02 -9.397888183593750000e-02 1.180725097656250000e-01
1.449674299526561260e+09 2.061462402343750000e-02 -8.863830566406250000e-02 9.243774414062500000e-02
1.449674299551799297e+09 3.204345703125000000e-04 -3.630065917968750000e-02 1.766967773437500000e-02
1.449674299577220440e+09 -3.599548339843750000e-02 1.603698730468750000e-02 -7.418823242187500000e-02
1.449674299602092266e+09 -2.851867675781250000e-02 -3.189086914062500000e-03 -9.448242187500000000e-02
1.449674299627299547e+09 -1.036071777343750000e-02 -9.597778320312500000e-03 -6.884765625000000000e-02
1.449674299652507067e+09 -5.020141601562500000e-03 -3.523254394531250000e-02 -1.864624023437500000e-02
1.449674299677989483e+09 2.381896972656250000e-02 -5.125427246093750000e-02 3.784179687500000000e-03
1.449674299702861309e+09 1.206970214843750000e-02 -4.057312011718750000e-02 2.716064453125000000e-03
1.449674299728007793e+09 -6.088256835937500000e-03 -3.416442871093750000e-02 -1.757812500000000000e-02
1.449674299753154278e+09 -7.156372070312500000e-03 -5.445861816406250000e-02 -3.894042968750000000e-02
1.449674299778636217e+09 2.275085449218750000e-02 -5.445861816406250000e-02 -5.923461914062500000e-02
1.449674299803477764e+09 7.797241210937500000e-03 -2.882385253906250000e-02 -5.282592773437500000e-02
1.449674299828685045e+09 -2.317810058593750000e-02 -1.921081542968750000e-02 -5.282592773437500000e-02
1.449674299853892565e+09 -2.104187011718750000e-02 -1.280212402343750000e-02 -5.389404296875000000e-02
1.449674299879344463e+09 1.634216308593750000e-02 -5.552673339843750000e-02 -2.291870117187500000e-02
1.449674299904185534e+09 6.013488769531250000e-02 -6.513977050781250000e-02 -1.556396484375000000e-03
1.449674299929393053e+09 6.654357910156250000e-02 -7.688903808593750000e-02 -4.214477539062500000e-02
1.449674299954600811e+09 3.236389160156250000e-02 -3.630065917968750000e-02 -8.486938476562500000e-02
1.449674299980113506e+09 -1.815795898437500000e-03 -1.280212402343750000e-02 -1.040954589843750000e-01
1.449674300004924059e+09 4.592895507812500000e-03 -4.164123535156250000e-02 -9.127807617187500000e-02
1.449674300031016588e+09 1.388549804687500000e-03 -5.445861816406250000e-02 -3.573608398437500000e-02
1.449674300055308819e+09 -3.919982910156250000e-02 -3.950500488281250000e-02 1.873779296875000000e-02
1.449674300080760241e+09 -8.406066894531250000e-02 -4.057312011718750000e-02 1.553344726562500000e-02
1.449674300105632305e+09 -1.064910888671875000e-01 -2.561950683593750000e-02 -1.544189453125000000e-02
1.449674300130809069e+09 -1.492156982421875000e-01 4.287719726562500000e-03 -4.748535156250000000e-02
1.449674300156443834e+09 -2.068939208984375000e-01 2.992248535156250000e-02 -5.603027343750000000e-02
1.449674300181498766e+09 -2.261199951171875000e-01 4.487609863281250000e-02 -3.359985351562500000e-02
1.449674300206340075e+09 -1.983489990234375000e-01 -4.257202148437500000e-03 2.514648437500000000e-02
1.449674300231547594e+09 -1.225128173828125000e-01 -1.280212402343750000e-02 9.457397460937500000e-02
1.449674300256755114e+09 -4.454040527343750000e-02 -5.979919433593750000e-02 1.084594726562500000e-01
1.449674300282237530e+09 3.204345703125000000e-04 -8.116149902343750000e-02 3.475952148437500000e-02
1.449674300307048082e+09 -6.088256835937500000e-03 -2.241516113281250000e-02 -3.359985351562500000e-02
1.449674300332255840e+09 3.524780273437500000e-03 -2.775573730468750000e-02 -8.273315429687500000e-02
1.449674300357463360e+09 1.954650878906250000e-02 -6.407165527343750000e-02 -7.098388671875000000e-02
1.449674300382945538e+09 -1.815795898437500000e-03 -5.018615722656250000e-02 -1.010131835937500000e-02
1.449674300407786846e+09 -3.706359863281250000e-02 -7.582092285156250000e-02 1.339721679687500000e-02
1.449674300433207750e+09 -7.551574707031250000e-02 -6.513977050781250000e-02 -2.185058593750000000e-02
1.449674300458171368e+09 -1.267852783203125000e-01 -8.529663085937500000e-03 -5.923461914062500000e-02
1.449674300483653307e+09 -1.278533935546875000e-01 -2.882385253906250000e-02 -8.807373046875000000e-02
1.449674300508433580e+09 -9.580993652343750000e-02 -2.134704589843750000e-02 -6.671142578125000000e-02
1.449674300533671618e+09 -8.406066894531250000e-02 -5.018615722656250000e-02 -3.787231445312500000e-02
1.449674300558879137e+09 -7.337951660156250000e-02 -5.873107910156250000e-02 -1.556396484375000000e-03
1.449674300584331036e+09 -7.978820800781250000e-02 -4.804992675781250000e-02 4.852294921875000000e-03
1.449674300609172106e+09 -8.833312988281250000e-02 -6.300354003906250000e-02 -1.437377929687500000e-02
1.449674300634349346e+09 -1.107635498046875000e-01 -4.804992675781250000e-02 -4.321289062500000000e-02
1.449674300659556866e+09 -1.278533935546875000e-01 -4.804992675781250000e-02 -5.068969726562500000e-02
1.449674300685038805e+09 -1.128997802734375000e-01 -5.979919433593750000e-02 -4.428100585937500000e-02
1.449674300709880352e+09 -1.107635498046875000e-01 -3.096008300781250000e-02 -2.505493164062500000e-02
1.449674300735057116e+09 -1.054229736328125000e-01 -5.766296386718750000e-02 -1.757812500000000000e-02
1.449674300760234356e+09 -8.192443847656250000e-02 -6.834411621093750000e-02 -1.864624023437500000e-02
1.449674300785686016e+09 -7.017517089843750000e-02 -1.078643798828125000e-01 6.988525390625000000e-03
1.449674300810557604e+09 -7.337951660156250000e-02 -1.089324951171875000e-01 2.941894531250000000e-02
1.449674300835734844e+09 -8.833312988281250000e-02 -5.232238769531250000e-02 -4.214477539062500000e-02
1.449674300861400127e+09 -1.150360107421875000e-01 -4.057312011718750000e-02 -1.126403808593750000e-01
1.449674300886393785e+09 -1.075592041015625000e-01 -3.416442871093750000e-02 -1.329345703125000000e-01
1.449674300911235332e+09 -3.706359863281250000e-02 -1.078643798828125000e-01 -1.340026855468750000e-01
1.449674300936412096e+09 -9.292602539062500000e-03 -1.388397216796875000e-01 -8.700561523437500000e-02
1.449674300961619616e+09 -8.299255371093750000e-02 -8.116149902343750000e-02 -1.116943359375000000e-02
1.449674300987102032e+09 -1.609649658203125000e-01 -6.620788574218750000e-02 -3.466796875000000000e-02
1.449674301011943102e+09 -2.250518798828125000e-01 -4.164123535156250000e-02 -9.341430664062500000e-02
1.449674301037150621e+09 -3.564300537109375000e-01 4.914855957031250000e-02 -1.489562988281250000e-01
1.449674301062327862e+09 -4.813995361328125000e-01 1.175079345703125000e-01 -1.927490234375000000e-01
1.449674301087810040e+09 -5.187835693359375000e-01 5.662536621093750000e-02 -1.916809082031250000e-01
1.449674301112681627e+09 -4.611053466796875000e-01 4.273986816406250000e-02 -1.329345703125000000e-01
1.449674301137889385e+09 -3.051605224609375000e-01 -4.484558105468750000e-02 -4.855346679687500000e-02
1.449674301163035631e+09 -1.310577392578125000e-01 -1.345672607421875000e-01 5.932617187500000000e-02
1.449674301188517809e+09 5.479431152343750000e-02 -1.377716064453125000e-01 1.063232421875000000e-01
1.449674301213389874e+09 2.620086669921875000e-01 -2.253570556640625000e-01 8.496093750000000000e-02
1.449674301238566637e+09 4.863128662109375000e-01 -4.058685302734375000e-01 3.475952148437500000e-02
1.449674301263743639e+09 6.315765380859375000e-01 -4.678192138671875000e-01 1.553344726562500000e-02
1.449674301289195538e+09 6.689605712890625000e-01 -4.315032958984375000e-01 1.446533203125000000e-02
1.449674301314067125e+09 5.269012451171875000e-01 -3.172149658203125000e-01 -2.719116210937500000e-02
1.449674301339244366e+09 2.118072509765625000e-01 -1.997222900390625000e-01 -1.137084960937500000e-01
1.449674301364451885e+09 -1.481475830078125000e-01 -1.196136474609375000e-01 -1.874084472656250000e-01
1.449674301389934063e+09 -4.066314697265625000e-01 -9.825134277343750000e-02 -1.318664550781250000e-01
1.449674301414805651e+09 -5.668487548828125000e-01 -5.018615722656250000e-02 -5.068969726562500000e-02
1.449674301439952374e+09 -6.501617431640625000e-01 -2.027893066406250000e-02 -1.116943359375000000e-02
1.449674301465190411e+09 -6.886138916015625000e-01 1.817321777343750000e-02 -3.692626953125000000e-03
1.449674301490611553e+09 -6.587066650390625000e-01 8.866882324218750000e-02 -2.505493164062500000e-02
1.449674301515513897e+09 -5.946197509765625000e-01 1.089630126953125000e-01 -3.146362304687500000e-02
1.449674301540690660e+09 -4.749908447265625000e-01 1.046905517578125000e-01 -1.651000976562500000e-02
1.449674301566295147e+09 -2.602996826171875000e-01 3.526306152343750000e-02 6.988525390625000000e-03
1.449674301591380596e+09 -1.036071777343750000e-02 -1.196136474609375000e-01 4.864501953125000000e-02
1.449674301616221666e+09 1.648101806640625000e-01 -2.029266357421875000e-01 1.255493164062500000e-01
1.449674301641398668e+09 2.758941650390625000e-01 -2.755584716796875000e-01 1.415710449218750000e-01
1.449674301666636705e+09 3.164825439453125000e-01 -3.129425048828125000e-01 1.234130859375000000e-01
1.449674301692088604e+09 2.716217041015625000e-01 -2.584686279296875000e-01 4.864501953125000000e-02
1.449674301716899395e+09 1.562652587890625000e-01 -2.317657470703125000e-01 -3.573608398437500000e-02
1.449674301742106915e+09 -3.952026367187500000e-03 -1.708831787109375000e-01 -1.126403808593750000e-01
1.449674301767314434e+09 -1.609649658203125000e-01 -1.217498779296875000e-01 -1.521606445312500000e-01
1.449674301792796373e+09 -2.859344482421875000e-01 -1.025238037109375000e-01 -9.448242187500000000e-02
1.449674301817668438e+09 -3.318634033203125000e-01 -1.206817626953125000e-01 -3.039550781250000000e-02
1.449674301842936754e+09 -3.318634033203125000e-01 -1.292266845703125000e-01 -1.116943359375000000e-02
1.449674301868022203e+09 -3.233184814453125000e-01 -1.153411865234375000e-01 -2.825927734375000000e-02
1.449674301893534899e+09 -2.795257568359375000e-01 -1.100006103515625000e-01 -4.107666015625000000e-02
1.449674301918345690e+09 -2.015533447265625000e-01 -1.270904541015625000e-01 -4.321289062500000000e-02
1.449674301943522930e+09 -1.128997802734375000e-01 -1.751556396484375000e-01 -2.612304687500000000e-02
1.449674301968699932e+09 -4.988098144531250000e-02 -1.879730224609375000e-01 -1.651000976562500000e-02
1.449674301994243145e+09 -4.667663574218750000e-02 -2.349700927734375000e-01 3.155517578125000000e-02
1.449674302019053936e+09 -5.735778808593750000e-02 -1.804962158203125000e-01 1.019287109375000000e-02
1.449674302044200420e+09 -8.192443847656250000e-02 -1.847686767578125000e-01 -1.437377929687500000e-02
1.449674302069407701e+09 -5.949401855468750000e-02 -1.869049072265625000e-01 -1.864624023437500000e-02
1.449674302094951153e+09 -4.667663574218750000e-02 -2.104034423828125000e-01 -2.185058593750000000e-02
1.449674302119792461e+09 -4.774475097656250000e-02 -2.242889404296875000e-01 -1.116943359375000000e-02
1.449674302144969463e+09 -5.522155761718750000e-02 -2.274932861328125000e-01 1.647949218750000000e-03
1.449674302170146227e+09 -4.560852050781250000e-02 -2.680816650390625000e-01 8.056640625000000000e-03
1.449674302195628643e+09 -1.783752441406250000e-02 -2.947845458984375000e-01 -3.692626953125000000e-03
1.449674302220469713e+09 -1.463317871093750000e-02 -2.990570068359375000e-01 -2.078247070312500000e-02
1.449674302245677233e+09 -3.599548339843750000e-02 -2.670135498046875000e-01 -5.603027343750000000e-02
1.449674302271525621e+09 -9.474182128906250000e-02 -2.403106689453125000e-01 -7.098388671875000000e-02
1.449674302296367168e+09 -1.737823486328125000e-01 -1.837005615234375000e-01 -6.671142578125000000e-02
1.449674302321208239e+09 -2.624359130859375000e-01 -1.132049560546875000e-01 -3.253173828125000000e-02
1.449674302346354961e+09 -2.837982177734375000e-01 -1.377716064453125000e-01 -1.223754882812500000e-02
1.449674302371531725e+09 -2.784576416015625000e-01 -1.527252197265625000e-01 1.446533203125000000e-02
1.449674302397105694e+09 -3.083648681640625000e-01 -9.077453613281250000e-02 3.582763671875000000e-02
1.449674302421916485e+09 -3.628387451171875000e-01 -4.484558105468750000e-02 1.339721679687500000e-02
1.449674302447124004e+09 -3.692474365234375000e-01 -6.620788574218750000e-02 1.126098632812500000e-02
1.449674302472300768e+09 -3.425445556640625000e-01 -7.475280761718750000e-02 3.048706054687500000e-02
1.449674302497813463e+09 -3.126373291015625000e-01 -9.397888183593750000e-02 6.680297851562500000e-02
1.449674302522624493e+09 -3.030242919921875000e-01 -8.757019042968750000e-02 8.068847656250000000e-02
1.449674302548075914e+09 -3.436126708984375000e-01 -5.232238769531250000e-02 8.709716796875000000e-02
1.449674302573039293e+09 -3.874053955078125000e-01 -8.529663085937500000e-03 7.214355468750000000e-02
1.449674302598491192e+09 -4.173126220703125000e-01 -1.921081542968750000e-02 7.000732421875000000e-02
1.449674302623301983e+09 -4.002227783203125000e-01 -3.843688964843750000e-02 8.816528320312500000e-02
1.449674302648540020e+09 -3.521575927734375000e-01 -6.300354003906250000e-02 1.084594726562500000e-01
1.449674302673747540e+09 -3.094329833984375000e-01 -7.795715332031250000e-02 9.991455078125000000e-02
1.449674302699138165e+09 -2.688446044921875000e-01 -9.077453613281250000e-02 2.194213867187500000e-02
1.449674302723979235e+09 -2.635040283203125000e-01 -9.184265136718750000e-02 -1.330566406250000000e-02
1.449674302749186754e+09 -2.368011474609375000e-01 -1.217498779296875000e-01 -1.437377929687500000e-02
1.449674302774394274e+09 -1.833953857421875000e-01 -1.794281005859375000e-01 4.852294921875000000e-03
1.449674302799906969e+09 -1.417388916015625000e-01 -2.381744384765625000e-01 1.980590820312500000e-02
1.449674302824717760e+09 -1.545562744140625000e-01 -2.317657470703125000e-01 2.407836914062500000e-02
1.449674302849895000e+09 -2.026214599609375000e-01 -1.890411376953125000e-01 -2.078247070312500000e-02
1.449674302875102520e+09 -2.474822998046875000e-01 -1.644744873046875000e-01 -8.166503906250000000e-02
1.449674302900584698e+09 -2.335968017578125000e-01 -1.772918701171875000e-01 -1.008911132812500000e-01
1.449674302925426006e+09 -1.844635009765625000e-01 -2.200164794921875000e-01 -5.923461914062500000e-02
1.449674302950633526e+09 -1.545562744140625000e-01 -2.339019775390625000e-01 -9.033203125000000000e-03
1.449674302976603985e+09 -1.801910400390625000e-01 -2.296295166015625000e-01 -1.010131835937500000e-02
1.449674303001322985e+09 -2.453460693359375000e-01 -1.890411376953125000e-01 -4.534912109375000000e-02
1.449674303026103258e+09 -2.731170654296875000e-01 -1.698150634765625000e-01 -7.632446289062500000e-02
1.449674303051310778e+09 -2.720489501953125000e-01 -1.762237548828125000e-01 -5.603027343750000000e-02
1.449674303076579571e+09 -2.207794189453125000e-01 -1.901092529296875000e-01 -3.039550781250000000e-02
1.449674303102336168e+09 -1.663055419921875000e-01 -2.253570556640625000e-01 -1.116943359375000000e-02
1.449674303126872301e+09 -1.128997802734375000e-01 -2.552642822265625000e-01 9.124755859375000000e-03
1.449674303152079821e+09 -9.474182128906250000e-02 -2.595367431640625000e-01 1.019287109375000000e-02
1.449674303177257061e+09 -1.000823974609375000e-01 -2.606048583984375000e-01 -3.692626953125000000e-03
1.449674303202769756e+09 -1.278533935546875000e-01 -2.104034423828125000e-01 -4.214477539062500000e-02
1.449674303227580309e+09 -1.972808837890625000e-01 -1.869049072265625000e-01 -9.020996093750000000e-02
1.449674303253154278e+09 -2.870025634765625000e-01 -1.377716064453125000e-01 -9.020996093750000000e-02
1.449674303277995586e+09 -3.500213623046875000e-01 -1.345672607421875000e-01 -4.855346679687500000e-02
1.449674303303477764e+09 -4.002227783203125000e-01 -1.292266845703125000e-01 1.446533203125000000e-02
1.449674303328227282e+09 -4.429473876953125000e-01 -1.046600341796875000e-01 4.116821289062500000e-02
1.449674303353434801e+09 -4.643096923828125000e-01 -9.291076660156250000e-02 4.010009765625000000e-02
1.449674303378672838e+09 -4.621734619140625000e-01 -1.025238037109375000e-01 4.010009765625000000e-02
1.449674303404185534e+09 -4.344024658203125000e-01 -1.003875732421875000e-01 3.903198242187500000e-02
1.449674303428996325e+09 -3.938140869140625000e-01 -9.718322753906250000e-02 2.941894531250000000e-02
1.449674303454173326e+09 -3.115692138671875000e-01 -1.473846435546875000e-01 3.369140625000000000e-02
1.449674303479381084e+09 -2.122344970703125000e-01 -1.815643310546875000e-01 2.514648437500000000e-02
1.449674303504863262e+09 -1.267852783203125000e-01 -1.890411376953125000e-01 1.766967773437500000e-02
1.449674303529734850e+09 -6.163024902343750000e-02 -2.029266357421875000e-01 -1.223754882812500000e-02
1.449674303554881573e+09 -4.133605957031250000e-02 -1.986541748046875000e-01 -3.039550781250000000e-02
1.449674303580089092e+09 -3.172302246093750000e-02 -2.082672119140625000e-01 -5.068969726562500000e-02
1.449674303605540514e+09 -1.997375488281250000e-02 -2.563323974609375000e-01 -7.312011718750000000e-02
1.449674303630443096e+09 -3.279113769531250000e-02 -2.926483154296875000e-01 -7.418823242187500000e-02
1.449674303655528545e+09 -5.201721191406250000e-02 -3.182830810546875000e-01 -5.496215820312500000e-02
1.449674303681407213e+09 -1.406707763671875000e-01 -2.873077392578125000e-01 -7.632446289062500000e-02
1.449674303706248760e+09 -2.752532958984375000e-01 -2.210845947265625000e-01 -8.380126953125000000e-02
1.449674303731089830e+09 -3.596343994140625000e-01 -1.762237548828125000e-01 -6.884765625000000000e-02
1.449674303756267071e+09 -3.863372802734375000e-01 -1.634063720703125000e-01 -7.525634765625000000e-02
1.449674303781505108e+09 -3.628387451171875000e-01 -1.740875244140625000e-01 -6.564331054687500000e-02
1.449674303807536364e+09 -3.404083251953125000e-01 -1.602020263671875000e-01 -4.962158203125000000e-02
1.449674303831858873e+09 -3.265228271484375000e-01 -1.399078369140625000e-01 -5.603027343750000000e-02
1.449674303857005596e+09 -2.976837158203125000e-01 -1.409759521484375000e-01 -5.709838867187500000e-02
1.449674303882243633e+09 -2.816619873046875000e-01 -1.441802978515625000e-01 -2.719116210937500000e-02
1.449674303907725811e+09 -2.303924560546875000e-01 -1.559295654296875000e-01 -2.398681640625000000e-02
1.449674303932536602e+09 -1.513519287109375000e-01 -2.563323974609375000e-01 -1.437377929687500000e-02
1.449674303958293200e+09 -1.257171630859375000e-01 -2.734222412109375000e-01 5.291748046875000000e-02
1.449674303982890606e+09 -1.609649658203125000e-01 -2.477874755859375000e-01 3.796386718750000000e-02
1.449674304008372784e+09 -2.079620361328125000e-01 -2.435150146484375000e-01 -2.078247070312500000e-02
1.449674304033213854e+09 -2.752532958984375000e-01 -1.858367919921875000e-01 -3.466796875000000000e-02
1.449674304058573961e+09 -2.923431396484375000e-01 -1.559295654296875000e-01 -5.603027343750000000e-02
1.449674304083659410e+09 -2.464141845703125000e-01 -2.061309814453125000e-01 -4.855346679687500000e-02
1.449674304109141827e+09 -2.100982666015625000e-01 -2.563323974609375000e-01 3.784179687500000000e-03
1.449674304133952618e+09 -2.207794189453125000e-01 -2.285614013671875000e-01 2.835083007812500000e-02
1.449674304159129620e+09 -2.282562255859375000e-01 -2.339019775390625000e-01 -2.398681640625000000e-02
1.449674304184337139e+09 -2.207794189453125000e-01 -2.189483642578125000e-01 -4.641723632812500000e-02
1.449674304209819078e+09 -2.207794189453125000e-01 -1.975860595703125000e-01 -4.321289062500000000e-02
1.449674304234691143e+09 -1.855316162109375000e-01 -2.189483642578125000e-01 -4.000854492187500000e-02
1.449674304259837389e+09 -1.321258544921875000e-01 -2.638092041015625000e-01 1.553344726562500000e-02
1.449674304285044909e+09 -1.182403564453125000e-01 -2.445831298828125000e-01 4.010009765625000000e-02
1.449674304310405016e+09 -1.310577392578125000e-01 -2.349700927734375000e-01 -1.544189453125000000e-02
1.449674304335337877e+09 -1.363983154296875000e-01 -2.306976318359375000e-01 -4.748535156250000000e-02
1.449674304360545635e+09 -1.492156982421875000e-01 -1.997222900390625000e-01 -4.534912109375000000e-02
1.449674304386546373e+09 -1.748504638671875000e-01 -2.039947509765625000e-01 -6.457519531250000000e-02
1.449674304411235332e+09 -1.833953857421875000e-01 -2.125396728515625000e-01 -6.671142578125000000e-02
1.449674304436046124e+09 -2.068939208984375000e-01 -1.783599853515625000e-01 -5.389404296875000000e-02
1.449674304461222887e+09 -2.763214111328125000e-01 -1.484527587890625000e-01 -7.846069335937500000e-02
1.449674304486461163e+09 -3.211822509765625000e-01 -1.537933349609375000e-01 -7.632446289062500000e-02
1.449674304512217760e+09 -3.051605224609375000e-01 -1.527252197265625000e-01 -5.496215820312500000e-02
1.449674304536784649e+09 -2.656402587890625000e-01 -2.178802490234375000e-01 -9.033203125000000000e-03
1.449674304561961412e+09 -2.303924560546875000e-01 -2.285614013671875000e-01 7.534790039062500000e-02
1.449674304587168932e+09 -2.442779541015625000e-01 -2.136077880859375000e-01 1.394348144531250000e-01
1.449674304612620831e+09 -2.624359130859375000e-01 -2.104034423828125000e-01 1.800231933593750000e-01
1.449674304637461901e+09 -2.763214111328125000e-01 -1.815643310546875000e-01 1.875000000000000000e-01
1.449674304662822247e+09 -2.389373779296875000e-01 -1.238861083984375000e-01 3.262329101562500000e-02
1.449674304687846661e+09 -1.844635009765625000e-01 -4.057312011718750000e-02 -1.745910644531250000e-01
1.449674304713298082e+09 -1.139678955078125000e-01 -1.046600341796875000e-01 -2.472229003906250000e-01
1.449674304738139629e+09 -9.153747558593750000e-02 -1.922454833984375000e-01 -1.382751464843750000e-01
1.449674304763438702e+09 -1.150360107421875000e-01 -2.264251708984375000e-01 1.126098632812500000e-02
1.449674304788524151e+09 -1.353302001953125000e-01 -2.071990966796875000e-01 1.212768554687500000e-01
1.449674304814036846e+09 -2.015533447265625000e-01 -1.591339111328125000e-01 1.426391601562500000e-01
1.449674304838877916e+09 -3.040924072265625000e-01 -9.077453613281250000e-02 4.223632812500000000e-02
1.449674304864055157e+09 -4.087677001953125000e-01 -3.630065917968750000e-02 -7.418823242187500000e-02
1.449674304889262676e+09 -4.856719970703125000e-01 1.083374023437500000e-03 -9.768676757812500000e-02
1.449674304914744854e+09 -4.781951904296875000e-01 -7.461547851562500000e-03 -9.875488281250000000e-02
1.449674304939555645e+09 -4.365386962890625000e-01 -3.950500488281250000e-02 -7.739257812500000000e-02
1.449674304964763165e+09 -4.034271240234375000e-01 1.817321777343750000e-02 -4.428100585937500000e-02
1.449674304989970684e+09 -3.692474365234375000e-01 -1.066589355468750000e-02 -1.757812500000000000e-02
1.449674305015422106e+09 -3.158416748046875000e-01 -1.078643798828125000e-01 1.660156250000000000e-02
1.449674305040324688e+09 -2.880706787109375000e-01 -7.048034667968750000e-02 4.650878906250000000e-02
1.449674305065501690e+09 -2.581634521484375000e-01 -5.873107910156250000e-02 3.369140625000000000e-02
1.449674305091716051e+09 -2.186431884765625000e-01 -1.089324951171875000e-01 -7.965087890625000000e-03
1.449674305116221666e+09 -1.855316162109375000e-01 -1.345672607421875000e-01 3.784179687500000000e-03
1.449674305141032696e+09 -1.609649658203125000e-01 -5.018615722656250000e-02 -6.896972656250000000e-03
1.449674305166209459e+09 -8.512878417968750000e-02 -3.416442871093750000e-02 -6.137084960937500000e-02
1.449674305191416979e+09 1.049957275390625000e-01 -1.943817138671875000e-01 -7.846069335937500000e-02
1.449674305217479229e+09 2.523956298828125000e-01 -4.112091064453125000e-01 3.048706054687500000e-02
1.449674305241710186e+09 2.748260498046875000e-01 -4.624786376953125000e-01 1.640014648437500000e-01
1.449674305266856432e+09 1.722869873046875000e-01 -4.560699462890625000e-01 1.479797363281250000e-01
1.449674305292125225e+09 -8.192443847656250000e-02 -3.033294677734375000e-01 3.796386718750000000e-02
1.449674305317668438e+09 -4.130401611328125000e-01 -1.066589355468750000e-02 -1.179809570312500000e-01
