1.449285879777521372e+09 1.205444335937500000e-03 -8.087158203125000000e-04 1.388549804687500000e-03
1.449285879802790165e+09 1.205444335937500000e-03 -8.087158203125000000e-04 -7.476806640625000000e-04
1.449285879827936411e+09 -3.067016601562500000e-03 1.327514648437500000e-03 -7.476806640625000000e-04
1.449285879854425907e+09 1.373291015625000000e-04 2.593994140625000000e-04 3.204345703125000000e-04
1.449285879878290415e+09 2.273559570312500000e-03 -1.876831054687500000e-03 -7.476806640625000000e-04
1.449285879903437138e+09 -9.307861328125000000e-04 2.395629882812500000e-03 -7.476806640625000000e-04
1.449285879928705454e+09 2.273559570312500000e-03 -8.087158203125000000e-04 1.388549804687500000e-03
1.449285879953790903e+09 5.477905273437500000e-03 2.593994140625000000e-04 3.204345703125000000e-04
1.449285879979425907e+09 -1.998901367187500000e-03 -8.087158203125000000e-04 3.204345703125000000e-04
1.449285880004206181e+09 -9.307861328125000000e-04 2.593994140625000000e-04 -7.476806640625000000e-04
1.449285880029352427e+09 1.205444335937500000e-03 -8.087158203125000000e-04 3.204345703125000000e-04
1.449285880054499149e+09 1.373291015625000000e-04 2.593994140625000000e-04 -7.476806640625000000e-04
1.449285880079675913e+09 1.205444335937500000e-03 1.327514648437500000e-03 1.388549804687500000e-03
1.449285880105280161e+09 1.373291015625000000e-04 1.327514648437500000e-03 3.204345703125000000e-04
1.449285880130518198e+09 -1.998901367187500000e-03 -8.087158203125000000e-04 3.204345703125000000e-04
1.449285880155206919e+09 1.373291015625000000e-04 2.593994140625000000e-04 3.204345703125000000e-04
1.449285880180383921e+09 1.373291015625000000e-04 2.593994140625000000e-04 -7.476806640625000000e-04
1.449285880205561161e+09 1.205444335937500000e-03 -2.944946289062500000e-03 -7.476806640625000000e-04
1.449285880230707407e+09 2.273559570312500000e-03 2.593994140625000000e-04 3.204345703125000000e-04
1.449285880255914927e+09 -1.998901367187500000e-03 -8.087158203125000000e-04 -1.815795898437500000e-03
1.449285880281092167e+09 1.205444335937500000e-03 -1.876831054687500000e-03 3.204345703125000000e-04
1.449285880306268930e+09 1.205444335937500000e-03 2.593994140625000000e-04 3.204345703125000000e-04
1.449285880331445932e+09 1.373291015625000000e-04 1.327514648437500000e-03 3.204345703125000000e-04
1.449285880356592417e+09 -9.307861328125000000e-04 1.327514648437500000e-03 3.204345703125000000e-04
1.449285880381799936e+09 1.373291015625000000e-04 2.593994140625000000e-04 3.204345703125000000e-04
1.449285880406976938e+09 1.205444335937500000e-03 1.327514648437500000e-03 -7.476806640625000000e-04
1.449285880432154179e+09 1.205444335937500000e-03 2.593994140625000000e-04 1.388549804687500000e-03
1.449285880457330942e+09 2.273559570312500000e-03 4.531860351562500000e-03 -7.476806640625000000e-04
1.449285880482477665e+09 1.205444335937500000e-03 2.593994140625000000e-04 3.204345703125000000e-04
1.449285880507685184e+09 4.409790039062500000e-03 2.593994140625000000e-04 3.204345703125000000e-04
1.449285880532861948e+09 1.373291015625000000e-04 3.463745117187500000e-03 1.388549804687500000e-03
1.449285880558069468e+09 1.205444335937500000e-03 -8.087158203125000000e-04 3.204345703125000000e-04
1.449285880583216190e+09 1.205444335937500000e-03 1.327514648437500000e-03 3.204345703125000000e-04
1.449285880608423710e+09 1.373291015625000000e-04 -1.876831054687500000e-03 -7.476806640625000000e-04
1.449285880633630991e+09 1.205444335937500000e-03 -8.087158203125000000e-04 -7.476806640625000000e-04
1.449285880658807993e+09 1.205444335937500000e-03 2.593994140625000000e-04 1.388549804687500000e-03
1.449285880684565067e+09 1.373291015625000000e-04 1.327514648437500000e-03 -7.476806640625000000e-04
1.449285880709161997e+09 1.205444335937500000e-03 1.327514648437500000e-03 -7.476806640625000000e-04
1.449285880734278202e+09 -3.067016601562500000e-03 3.463745117187500000e-03 -7.476806640625000000e-04
1.449285880759485722e+09 1.373291015625000000e-04 -1.876831054687500000e-03 -7.476806640625000000e-04
1.449285880784631968e+09 -1.998901367187500000e-03 2.395629882812500000e-03 3.204345703125000000e-04
1.449285880809900522e+09 1.373291015625000000e-04 -8.087158203125000000e-04 3.204345703125000000e-04
1.449285880834985971e+09 1.373291015625000000e-04 1.327514648437500000e-03 1.388549804687500000e-03
1.449285880860162973e+09 1.373291015625000000e-04 1.327514648437500000e-03 -1.815795898437500000e-03
1.449285880885340214e+09 1.373291015625000000e-04 3.463745117187500000e-03 3.204345703125000000e-04
1.449285880910516977e+09 -1.998901367187500000e-03 2.593994140625000000e-04 -7.476806640625000000e-04
1.449285880935663700e+09 -1.998901367187500000e-03 -8.087158203125000000e-04 -7.476806640625000000e-04
1.449285880960901737e+09 1.373291015625000000e-04 -1.876831054687500000e-03 3.204345703125000000e-04
1.449285880986078739e+09 2.273559570312500000e-03 -1.876831054687500000e-03 -7.476806640625000000e-04
1.449285881011224985e+09 1.373291015625000000e-04 -1.876831054687500000e-03 3.204345703125000000e-04
1.449285881036432743e+09 1.205444335937500000e-03 2.593994140625000000e-04 3.204345703125000000e-04
1.449285881061548471e+09 -9.307861328125000000e-04 1.327514648437500000e-03 -7.476806640625000000e-04
1.449285881086786509e+09 3.341674804687500000e-03 1.327514648437500000e-03 3.204345703125000000e-04
1.449285881111933231e+09 -9.307861328125000000e-04 2.593994140625000000e-04 -7.476806640625000000e-04
1.449285881137109995e+09 -9.307861328125000000e-04 -8.087158203125000000e-04 -7.476806640625000000e-04
1.449285881162286997e+09 3.341674804687500000e-03 -8.087158203125000000e-04 3.204345703125000000e-04
1.449285881187433481e+09 1.373291015625000000e-04 2.593994140625000000e-04 -7.476806640625000000e-04
1.449285881212671518e+09 1.373291015625000000e-04 2.395629882812500000e-03 1.388549804687500000e-03
1.449285881237848520e+09 1.373291015625000000e-04 2.593994140625000000e-04 3.204345703125000000e-04
1.449285881263056040e+09 1.373291015625000000e-04 2.593994140625000000e-04 -7.476806640625000000e-04
1.449285881288202524e+09 1.373291015625000000e-04 2.593994140625000000e-04 -7.476806640625000000e-04
1.449285881313410044e+09 -9.307861328125000000e-04 2.593994140625000000e-04 3.204345703125000000e-04
1.449285881338587046e+09 -9.307861328125000000e-04 -1.876831054687500000e-03 3.204345703125000000e-04
1.449285881363855600e+09 -9.307861328125000000e-04 1.327514648437500000e-03 -7.476806640625000000e-04
1.449285881389826059e+09 2.273559570312500000e-03 -8.087158203125000000e-04 3.204345703125000000e-04
1.449285881414148569e+09 1.205444335937500000e-03 -1.876831054687500000e-03 -7.476806640625000000e-04
1.449285881439295292e+09 1.373291015625000000e-04 -1.876831054687500000e-03 -7.476806640625000000e-04
1.449285881464533329e+09 1.373291015625000000e-04 -8.087158203125000000e-04 -7.476806640625000000e-04
1.449285881489710093e+09 1.205444335937500000e-03 2.593994140625000000e-04 -1.815795898437500000e-03
1.449285881515161753e+09 3.341674804687500000e-03 1.327514648437500000e-03 -7.476806640625000000e-04
1.449285881540094614e+09 2.273559570312500000e-03 2.395629882812500000e-03 1.388549804687500000e-03
1.449285881565241098e+09 -6.271362304687500000e-03 1.327514648437500000e-03 -7.476806640625000000e-04
1.449285881590448618e+09 1.373291015625000000e-04 -8.087158203125000000e-04 3.204345703125000000e-04
1.449285881615595341e+09 1.205444335937500000e-03 -1.876831054687500000e-03 1.388549804687500000e-03
1.449285881640711069e+09 -9.307861328125000000e-04 2.593994140625000000e-04 3.204345703125000000e-04
1.449285881665949106e+09 3.341674804687500000e-03 -8.087158203125000000e-04 3.204345703125000000e-04
1.449285881691126347e+09 -1.998901367187500000e-03 -8.087158203125000000e-04 3.204345703125000000e-04
1.449285881716303110e+09 1.373291015625000000e-04 2.593994140625000000e-04 3.204345703125000000e-04
1.449285881741510630e+09 4.409790039062500000e-03 2.593994140625000000e-04 3.204345703125000000e-04
1.449285881766596079e+09 1.205444335937500000e-03 1.327514648437500000e-03 -7.476806640625000000e-04
1.449285881791834116e+09 1.373291015625000000e-04 1.327514648437500000e-03 3.204345703125000000e-04
1.449285881817011118e+09 1.373291015625000000e-04 1.327514648437500000e-03 3.204345703125000000e-04
1.449285881842218637e+09 2.273559570312500000e-03 1.327514648437500000e-03 -7.476806640625000000e-04
1.449285881867365122e+09 1.373291015625000000e-04 -8.087158203125000000e-04 -1.815795898437500000e-03
1.449285881892511845e+09 1.373291015625000000e-04 1.327514648437500000e-03 -7.476806640625000000e-04
1.449285881917719364e+09 1.373291015625000000e-04 -1.876831054687500000e-03 -1.815795898437500000e-03
1.449285881942896128e+09 2.273559570312500000e-03 3.463745117187500000e-03 1.388549804687500000e-03
1.449285881968103647e+09 -3.067016601562500000e-03 2.593994140625000000e-04 -7.476806640625000000e-04
1.449285881993280649e+09 1.373291015625000000e-04 2.593994140625000000e-04 -7.476806640625000000e-04
1.449285882018396616e+09 1.205444335937500000e-03 2.593994140625000000e-04 3.204345703125000000e-04
1.449285882043604136e+09 1.205444335937500000e-03 2.593994140625000000e-04 3.204345703125000000e-04
1.449285882068842173e+09 -9.307861328125000000e-04 -8.087158203125000000e-04 -1.815795898437500000e-03
1.449285882094995737e+09 1.373291015625000000e-04 2.593994140625000000e-04 3.204345703125000000e-04
1.449285882119165659e+09 1.205444335937500000e-03 -2.944946289062500000e-03 -7.476806640625000000e-04
1.449285882144312382e+09 -9.307861328125000000e-04 2.593994140625000000e-04 -1.815795898437500000e-03
1.449285882169580698e+09 2.273559570312500000e-03 -8.087158203125000000e-04 -7.476806640625000000e-04
1.449285882194696665e+09 1.373291015625000000e-04 3.463745117187500000e-03 3.204345703125000000e-04
1.449285882220301151e+09 -9.307861328125000000e-04 -8.087158203125000000e-04 3.204345703125000000e-04
1.449285882245020151e+09 1.205444335937500000e-03 -8.087158203125000000e-04 -7.476806640625000000e-04
1.449285882270166874e+09 1.205444335937500000e-03 -8.087158203125000000e-04 -7.476806640625000000e-04
1.449285882295374393e+09 1.373291015625000000e-04 2.593994140625000000e-04 -1.815795898437500000e-03
1.449285882320551157e+09 -1.998901367187500000e-03 -2.944946289062500000e-03 -7.476806640625000000e-04
1.449285882345606089e+09 1.373291015625000000e-04 2.593994140625000000e-04 3.204345703125000000e-04
1.449285882370874643e+09 1.205444335937500000e-03 -8.087158203125000000e-04 -7.476806640625000000e-04
1.449285882396051645e+09 -1.998901367187500000e-03 -8.087158203125000000e-04 -7.476806640625000000e-04
1.449285882421228886e+09 -9.307861328125000000e-04 2.395629882812500000e-03 -7.476806640625000000e-04
1.449285882446405649e+09 1.373291015625000000e-04 2.593994140625000000e-04 -7.476806640625000000e-04
1.449285882471491098e+09 3.341674804687500000e-03 -8.087158203125000000e-04 1.388549804687500000e-03
1.449285882496790171e+09 1.373291015625000000e-04 2.593994140625000000e-04 3.204345703125000000e-04
1.449285882521967411e+09 1.205444335937500000e-03 -1.876831054687500000e-03 -7.476806640625000000e-04
1.449285882547144175e+09 1.205444335937500000e-03 2.593994140625000000e-04 1.388549804687500000e-03
1.449285882572321177e+09 1.205444335937500000e-03 1.327514648437500000e-03 3.204345703125000000e-04
1.449285882597467661e+09 1.373291015625000000e-04 -2.944946289062500000e-03 -7.476806640625000000e-04
1.449285882622705698e+09 1.373291015625000000e-04 1.327514648437500000e-03 -7.476806640625000000e-04
1.449285882647852182e+09 3.341674804687500000e-03 -1.876831054687500000e-03 3.204345703125000000e-04
1.449285882673090219e+09 -5.203247070312500000e-03 2.395629882812500000e-03 1.388549804687500000e-03
1.449285882698206186e+09 -9.307861328125000000e-04 2.593994140625000000e-04 3.204345703125000000e-04
1.449285882723322392e+09 -1.998901367187500000e-03 -8.087158203125000000e-04 -7.476806640625000000e-04
1.449285882748560429e+09 -1.998901367187500000e-03 2.593994140625000000e-04 -7.476806640625000000e-04
1.449285882773767710e+09 1.205444335937500000e-03 -1.876831054687500000e-03 3.204345703125000000e-04
1.449285882800074100e+09 -9.307861328125000000e-04 2.593994140625000000e-04 -7.476806640625000000e-04
1.449285882824121952e+09 2.273559570312500000e-03 2.593994140625000000e-04 3.204345703125000000e-04
1.449285882849268198e+09 1.373291015625000000e-04 -8.087158203125000000e-04 1.388549804687500000e-03
1.449285882874475718e+09 -9.307861328125000000e-04 -8.087158203125000000e-04 -7.476806640625000000e-04
1.449285882899683237e+09 -4.135131835937500000e-03 2.593994140625000000e-04 3.204345703125000000e-04
1.449285882925653696e+09 2.273559570312500000e-03 2.593994140625000000e-04 3.204345703125000000e-04
1.449285882950006723e+09 -5.203247070312500000e-03 1.327514648437500000e-03 -7.476806640625000000e-04
1.449285882975153446e+09 1.205444335937500000e-03 -1.876831054687500000e-03 3.204345703125000000e-04
1.449285883000330210e+09 1.205444335937500000e-03 2.593994140625000000e-04 3.204345703125000000e-04
1.449285883025537729e+09 -1.998901367187500000e-03 2.593994140625000000e-04 3.204345703125000000e-04
1.449285883050653696e+09 -9.307861328125000000e-04 1.327514648437500000e-03 -7.476806640625000000e-04
1.449285883075861216e+09 1.205444335937500000e-03 -8.087158203125000000e-04 -7.476806640625000000e-04
1.449285883101038218e+09 -9.307861328125000000e-04 1.327514648437500000e-03 3.204345703125000000e-04
1.449285883126245975e+09 1.373291015625000000e-04 -1.876831054687500000e-03 3.204345703125000000e-04
1.449285883151392221e+09 1.373291015625000000e-04 -8.087158203125000000e-04 -7.476806640625000000e-04
1.449285883176508188e+09 1.373291015625000000e-04 2.593994140625000000e-04 3.204345703125000000e-04
1.449285883201715708e+09 1.205444335937500000e-03 -8.087158203125000000e-04 -7.476806640625000000e-04
1.449285883226923227e+09 1.205444335937500000e-03 -8.087158203125000000e-04 1.388549804687500000e-03
1.449285883252039194e+09 2.273559570312500000e-03 -8.087158203125000000e-04 1.388549804687500000e-03
1.449285883277216196e+09 1.373291015625000000e-04 -4.013061523437500000e-03 3.204345703125000000e-04
1.449285883302362919e+09 -1.998901367187500000e-03 1.327514648437500000e-03 3.204345703125000000e-04
1.449285883327570200e+09 2.273559570312500000e-03 2.395629882812500000e-03 1.388549804687500000e-03
1.449285883352747202e+09 -1.998901367187500000e-03 2.395629882812500000e-03 3.204345703125000000e-04
1.449285883377954721e+09 3.341674804687500000e-03 5.599975585937500000e-03 1.388549804687500000e-03
1.449285883403101206e+09 1.373291015625000000e-04 -8.087158203125000000e-04 -1.815795898437500000e-03
1.449285883428247690e+09 1.373291015625000000e-04 2.593994140625000000e-04 -7.476806640625000000e-04
1.449285883453485727e+09 1.373291015625000000e-04 2.593994140625000000e-04 3.204345703125000000e-04
1.449285883478632212e+09 4.409790039062500000e-03 -1.876831054687500000e-03 -7.476806640625000000e-04
1.449285883503961802e+09 1.373291015625000000e-04 1.327514648437500000e-03 3.204345703125000000e-04
1.449285883528986454e+09 -3.067016601562500000e-03 1.327514648437500000e-03 1.388549804687500000e-03
1.449285883554163218e+09 1.373291015625000000e-04 3.463745117187500000e-03 3.204345703125000000e-04
1.449285883579370737e+09 1.205444335937500000e-03 1.327514648437500000e-03 1.388549804687500000e-03
1.449285883604578257e+09 -9.307861328125000000e-04 1.327514648437500000e-03 3.204345703125000000e-04
1.449285883630243540e+09 -1.998901367187500000e-03 2.593994140625000000e-04 3.204345703125000000e-04
1.449285883654871225e+09 -9.307861328125000000e-04 2.593994140625000000e-04 -1.815795898437500000e-03
1.449285883680048466e+09 1.205444335937500000e-03 2.593994140625000000e-04 3.204345703125000000e-04
1.449285883705255985e+09 1.373291015625000000e-04 -1.876831054687500000e-03 1.388549804687500000e-03
1.449285883730402231e+09 -1.998901367187500000e-03 2.593994140625000000e-04 3.204345703125000000e-04
1.449285883755579472e+09 -9.307861328125000000e-04 2.593994140625000000e-04 3.204345703125000000e-04
1.449285883780786991e+09 1.373291015625000000e-04 -8.087158203125000000e-04 3.204345703125000000e-04
1.449285883805933237e+09 2.273559570312500000e-03 2.395629882812500000e-03 3.204345703125000000e-04
1.449285883831140757e+09 1.205444335937500000e-03 3.463745117187500000e-03 3.204345703125000000e-04
1.449285883856287241e+09 1.373291015625000000e-04 -8.087158203125000000e-04 -7.476806640625000000e-04
1.449285883881433964e+09 -9.307861328125000000e-04 -8.087158203125000000e-04 3.204345703125000000e-04
1.449285883906671762e+09 1.205444335937500000e-03 1.327514648437500000e-03 3.204345703125000000e-04
1.449285883931818247e+09 -1.998901367187500000e-03 3.463745117187500000e-03 3.204345703125000000e-04
1.449285883957025766e+09 2.273559570312500000e-03 2.593994140625000000e-04 3.204345703125000000e-04
1.449285883982202768e+09 -9.307861328125000000e-04 1.327514648437500000e-03 -7.476806640625000000e-04
1.449285884007318735e+09 1.373291015625000000e-04 3.463745117187500000e-03 3.204345703125000000e-04
1.449285884032556772e+09 1.205444335937500000e-03 1.327514648437500000e-03 1.388549804687500000e-03
1.449285884057733774e+09 -1.998901367187500000e-03 -8.087158203125000000e-04 -7.476806640625000000e-04
1.449285884082971811e+09 -9.307861328125000000e-04 2.593994140625000000e-04 1.388549804687500000e-03
1.449285884108118296e+09 -3.067016601562500000e-03 -8.087158203125000000e-04 3.204345703125000000e-04
1.449285884133264780e+09 2.273559570312500000e-03 1.327514648437500000e-03 3.204345703125000000e-04
1.449285884158442020e+09 9.613037109375000000e-04 2.334594726562500000e-03 -6.408691406250000000e-04
1.449285884183649302e+09 9.613037109375000000e-04 1.983642578125000000e-04 4.272460937500000000e-04
1.449285884208856821e+09 3.097534179687500000e-03 2.334594726562500000e-03 1.495361328125000000e-03
1.449285884234003544e+09 -1.068115234375000000e-04 1.266479492187500000e-03 -6.408691406250000000e-04
1.449285884259180307e+09 -1.174926757812500000e-03 1.983642578125000000e-04 -6.408691406250000000e-04
1.449285884284418583e+09 -1.174926757812500000e-03 1.983642578125000000e-04 4.272460937500000000e-04
1.449285884309564829e+09 -1.174926757812500000e-03 -8.697509765625000000e-04 -6.408691406250000000e-04
1.449285884335627079e+09 2.029418945312500000e-03 1.983642578125000000e-04 1.495361328125000000e-03
1.449285884359858036e+09 -2.243041992187500000e-03 1.983642578125000000e-04 -1.708984375000000000e-03
1.449285884385035038e+09 -2.243041992187500000e-03 -8.697509765625000000e-04 4.272460937500000000e-04
1.449285884410242319e+09 -2.243041992187500000e-03 2.334594726562500000e-03 1.495361328125000000e-03
1.449285884435389042e+09 2.029418945312500000e-03 4.470825195312500000e-03 2.563476562500000000e-03
1.449285884460749149e+09 -1.174926757812500000e-03 1.266479492187500000e-03 4.272460937500000000e-04
1.449285884485773325e+09 9.613037109375000000e-04 -1.937866210937500000e-03 1.495361328125000000e-03
1.449285884510950327e+09 -2.243041992187500000e-03 -8.697509765625000000e-04 -6.408691406250000000e-04
1.449285884536129475e+09 9.613037109375000000e-04 1.983642578125000000e-04 1.495361328125000000e-03
1.449285884561306715e+09 -3.311157226562500000e-03 2.334594726562500000e-03 4.272460937500000000e-04
1.449285884586422443e+09 9.613037109375000000e-04 1.983642578125000000e-04 1.495361328125000000e-03
1.449285884611660480e+09 9.613037109375000000e-04 1.983642578125000000e-04 4.272460937500000000e-04
1.449285884636807203e+09 2.029418945312500000e-03 1.983642578125000000e-04 4.272460937500000000e-04
1.449285884661984205e+09 9.613037109375000000e-04 -1.937866210937500000e-03 1.495361328125000000e-03
1.449285884687191486e+09 -2.243041992187500000e-03 1.266479492187500000e-03 4.272460937500000000e-04
1.449285884712307692e+09 9.613037109375000000e-04 1.266479492187500000e-03 -6.408691406250000000e-04
1.449285884737545729e+09 -1.068115234375000000e-04 -1.937866210937500000e-03 -6.408691406250000000e-04
1.449285884762722492e+09 -3.311157226562500000e-03 2.334594726562500000e-03 -6.408691406250000000e-04
1.449285884787899733e+09 9.613037109375000000e-04 1.266479492187500000e-03 4.272460937500000000e-04
1.449285884813107252e+09 2.029418945312500000e-03 2.334594726562500000e-03 4.272460937500000000e-04
1.449285884838223219e+09 3.097534179687500000e-03 1.983642578125000000e-04 4.272460937500000000e-04
1.449285884863400221e+09 9.613037109375000000e-04 1.983642578125000000e-04 -1.708984375000000000e-03
1.449285884888668776e+09 9.613037109375000000e-04 1.266479492187500000e-03 -6.408691406250000000e-04
1.449285884913876295e+09 -1.174926757812500000e-03 -1.937866210937500000e-03 1.495361328125000000e-03
1.449285884938961744e+09 9.613037109375000000e-04 1.266479492187500000e-03 -6.408691406250000000e-04
1.449285884964138746e+09 -1.174926757812500000e-03 -8.697509765625000000e-04 4.272460937500000000e-04
1.449285884989315510e+09 9.613037109375000000e-04 3.402709960937500000e-03 1.495361328125000000e-03
1.449285885014523029e+09 -1.068115234375000000e-04 1.266479492187500000e-03 1.495361328125000000e-03
1.449285885040615797e+09 -1.174926757812500000e-03 1.983642578125000000e-04 -6.408691406250000000e-04
1.449285885064877272e+09 9.613037109375000000e-04 1.266479492187500000e-03 4.272460937500000000e-04
1.449285885089993238e+09 -1.174926757812500000e-03 3.402709960937500000e-03 -6.408691406250000000e-04
1.449285885115170240e+09 2.029418945312500000e-03 2.334594726562500000e-03 4.272460937500000000e-04
1.449285885140377522e+09 -3.311157226562500000e-03 1.983642578125000000e-04 -1.708984375000000000e-03
1.449285885165859938e+09 -1.174926757812500000e-03 1.983642578125000000e-04 1.495361328125000000e-03
1.449285885190731764e+09 9.613037109375000000e-04 3.402709960937500000e-03 4.272460937500000000e-04
1.449285885215908527e+09 2.029418945312500000e-03 -1.937866210937500000e-03 4.272460937500000000e-04
1.449285885241055250e+09 -1.068115234375000000e-04 -1.937866210937500000e-03 -6.408691406250000000e-04
1.449285885266262770e+09 -1.068115234375000000e-04 1.266479492187500000e-03 4.272460937500000000e-04
1.449285885291348219e+09 9.613037109375000000e-04 -8.697509765625000000e-04 -6.408691406250000000e-04
1.449285885316616774e+09 -1.174926757812500000e-03 -8.697509765625000000e-04 4.272460937500000000e-04
1.449285885341793776e+09 -1.174926757812500000e-03 1.266479492187500000e-03 1.495361328125000000e-03
1.449285885366970539e+09 3.097534179687500000e-03 1.983642578125000000e-04 1.495361328125000000e-03
1.449285885392147779e+09 -1.068115234375000000e-04 -8.697509765625000000e-04 -6.408691406250000000e-04
1.449285885417233229e+09 9.613037109375000000e-04 1.983642578125000000e-04 -6.408691406250000000e-04
1.449285885442501545e+09 2.029418945312500000e-03 -1.937866210937500000e-03 4.272460937500000000e-04
1.449285885467648268e+09 2.029418945312500000e-03 -1.937866210937500000e-03 4.272460937500000000e-04
1.449285885492825270e+09 -1.174926757812500000e-03 -1.937866210937500000e-03 -6.408691406250000000e-04
1.449285885518002272e+09 9.613037109375000000e-04 1.266479492187500000e-03 4.272460937500000000e-04
1.449285885543148756e+09 9.613037109375000000e-04 1.983642578125000000e-04 4.272460937500000000e-04
1.449285885568386793e+09 9.613037109375000000e-04 1.983642578125000000e-04 4.272460937500000000e-04
1.449285885593533278e+09 3.097534179687500000e-03 1.983642578125000000e-04 -6.408691406250000000e-04
1.449285885618832350e+09 -2.243041992187500000e-03 1.983642578125000000e-04 1.495361328125000000e-03
1.449285885643887281e+09 -1.068115234375000000e-04 1.266479492187500000e-03 4.272460937500000000e-04
1.449285885669094563e+09 9.613037109375000000e-04 1.983642578125000000e-04 -6.408691406250000000e-04
1.449285885694271803e+09 2.029418945312500000e-03 1.983642578125000000e-04 4.272460937500000000e-04
1.449285885719448805e+09 2.029418945312500000e-03 -8.697509765625000000e-04 4.272460937500000000e-04
1.449285885744595289e+09 -1.174926757812500000e-03 1.983642578125000000e-04 -6.408691406250000000e-04
1.449285885769772291e+09 -1.068115234375000000e-04 1.983642578125000000e-04 -6.408691406250000000e-04
1.449285885794949055e+09 9.613037109375000000e-04 1.983642578125000000e-04 2.563476562500000000e-03
1.449285885820126295e+09 -1.174926757812500000e-03 -8.697509765625000000e-04 -6.408691406250000000e-04
1.449285885845303297e+09 3.097534179687500000e-03 -8.697509765625000000e-04 4.272460937500000000e-04
1.449285885870938063e+09 -1.068115234375000000e-04 1.983642578125000000e-04 -6.408691406250000000e-04
1.449285885895687580e+09 9.613037109375000000e-04 -8.697509765625000000e-04 -1.708984375000000000e-03
1.449285885920834303e+09 -1.174926757812500000e-03 -8.697509765625000000e-04 -6.408691406250000000e-04
1.449285885946041822e+09 -1.174926757812500000e-03 1.266479492187500000e-03 -6.408691406250000000e-04
1.449285885971218586e+09 9.613037109375000000e-04 -8.697509765625000000e-04 4.272460937500000000e-04
1.449285885996304035e+09 -1.174926757812500000e-03 1.266479492187500000e-03 4.272460937500000000e-04
1.449285886021542072e+09 -1.174926757812500000e-03 1.983642578125000000e-04 -1.708984375000000000e-03
1.449285886046719313e+09 -1.068115234375000000e-04 1.983642578125000000e-04 4.272460937500000000e-04
1.449285886071926832e+09 -1.068115234375000000e-04 -8.697509765625000000e-04 2.563476562500000000e-03
1.449285886097103834e+09 -1.174926757812500000e-03 1.266479492187500000e-03 -6.408691406250000000e-04
1.449285886122189283e+09 -2.243041992187500000e-03 -8.697509765625000000e-04 4.272460937500000000e-04
1.449285886147457838e+09 -1.068115234375000000e-04 2.334594726562500000e-03 4.272460937500000000e-04
1.449285886172634840e+09 -1.174926757812500000e-03 1.983642578125000000e-04 4.272460937500000000e-04
1.449285886197781324e+09 9.613037109375000000e-04 1.983642578125000000e-04 -6.408691406250000000e-04
1.449285886222958326e+09 2.029418945312500000e-03 1.266479492187500000e-03 1.495361328125000000e-03
1.449285886248104811e+09 -1.068115234375000000e-04 -8.697509765625000000e-04 4.272460937500000000e-04
1.449285886273342609e+09 9.613037109375000000e-04 1.983642578125000000e-04 4.272460937500000000e-04
1.449285886298519850e+09 9.613037109375000000e-04 1.983642578125000000e-04 1.495361328125000000e-03
1.449285886323849440e+09 -1.068115234375000000e-04 -8.697509765625000000e-04 1.495361328125000000e-03
1.449285886348904371e+09 4.165649414062500000e-03 -3.005981445312500000e-03 1.495361328125000000e-03
1.449285886374050856e+09 -1.068115234375000000e-04 1.983642578125000000e-04 -6.408691406250000000e-04
1.449285886399288893e+09 -4.379272460937500000e-03 -1.937866210937500000e-03 -1.708984375000000000e-03
1.449285886424435139e+09 9.613037109375000000e-04 1.266479492187500000e-03 1.495361328125000000e-03
1.449285886449673414e+09 9.613037109375000000e-04 -8.697509765625000000e-04 -6.408691406250000000e-04
1.449285886474758863e+09 4.165649414062500000e-03 -1.937866210937500000e-03 -6.408691406250000000e-04
1.449285886499935627e+09 -1.068115234375000000e-04 -1.937866210937500000e-03 4.272460937500000000e-04
1.449285886525082350e+09 -3.311157226562500000e-03 -3.005981445312500000e-03 -6.408691406250000000e-04
1.449285886550259113e+09 -1.174926757812500000e-03 1.266479492187500000e-03 4.272460937500000000e-04
1.449285886575924397e+09 9.613037109375000000e-04 1.266479492187500000e-03 -6.408691406250000000e-04
1.449285886600643873e+09 3.097534179687500000e-03 1.983642578125000000e-04 4.272460937500000000e-04
1.449285886625820875e+09 2.029418945312500000e-03 -1.937866210937500000e-03 4.272460937500000000e-04
1.449285886650997877e+09 9.613037109375000000e-04 1.983642578125000000e-04 1.495361328125000000e-03
1.449285886676235676e+09 2.029418945312500000e-03 -8.697509765625000000e-04 4.272460937500000000e-04
1.449285886701412916e+09 -1.174926757812500000e-03 -1.937866210937500000e-03 -6.408691406250000000e-04
1.449285886726559162e+09 -3.311157226562500000e-03 1.266479492187500000e-03 4.272460937500000000e-04
1.449285886751705885e+09 -2.243041992187500000e-03 2.334594726562500000e-03 -6.408691406250000000e-04
1.449285886776913404e+09 -1.174926757812500000e-03 1.983642578125000000e-04 4.272460937500000000e-04
1.449285886802059889e+09 -1.174926757812500000e-03 -8.697509765625000000e-04 4.272460937500000000e-04
1.449285886827206373e+09 -1.068115234375000000e-04 1.983642578125000000e-04 4.272460937500000000e-04
1.449285886852474928e+09 9.613037109375000000e-04 1.983642578125000000e-04 -6.408691406250000000e-04
1.449285886877590895e+09 -1.068115234375000000e-04 -1.937866210937500000e-03 4.272460937500000000e-04
1.449285886902798414e+09 -1.174926757812500000e-03 1.266479492187500000e-03 4.272460937500000000e-04
1.449285886927944899e+09 2.029418945312500000e-03 -8.697509765625000000e-04 1.495361328125000000e-03
1.449285886953060865e+09 -1.068115234375000000e-04 1.983642578125000000e-04 4.272460937500000000e-04
1.449285886978298903e+09 2.029418945312500000e-03 1.983642578125000000e-04 4.272460937500000000e-04
1.449285887003475904e+09 -1.174926757812500000e-03 -8.697509765625000000e-04 4.272460937500000000e-04
1.449285887028835773e+09 -1.068115234375000000e-04 2.334594726562500000e-03 4.272460937500000000e-04
1.449285887053890705e+09 4.165649414062500000e-03 1.266479492187500000e-03 1.495361328125000000e-03
1.449285887079037428e+09 -2.243041992187500000e-03 -8.697509765625000000e-04 4.272460937500000000e-04
1.449285887104275465e+09 -1.174926757812500000e-03 -1.937866210937500000e-03 4.272460937500000000e-04
1.449285887129421711e+09 -1.068115234375000000e-04 1.266479492187500000e-03 -6.408691406250000000e-04
1.449285887154721022e+09 -1.174926757812500000e-03 -3.005981445312500000e-03 -6.408691406250000000e-04
1.449285887179775953e+09 -1.068115234375000000e-04 2.334594726562500000e-03 4.272460937500000000e-04
1.449285887204891920e+09 -1.174926757812500000e-03 -1.937866210937500000e-03 -6.408691406250000000e-04
1.449285887230099440e+09 -2.243041992187500000e-03 1.266479492187500000e-03 4.272460937500000000e-04
1.449285887255245924e+09 2.029418945312500000e-03 -8.697509765625000000e-04 -6.408691406250000000e-04
1.449285887280972242e+09 9.613037109375000000e-04 -8.697509765625000000e-04 -6.408691406250000000e-04
1.449285887305599928e+09 2.029418945312500000e-03 1.983642578125000000e-04 -6.408691406250000000e-04
1.449285887330776930e+09 9.613037109375000000e-04 1.983642578125000000e-04 4.272460937500000000e-04
1.449285887355953932e+09 -1.068115234375000000e-04 -8.697509765625000000e-04 4.272460937500000000e-04
1.449285887381100178e+09 -1.068115234375000000e-04 1.983642578125000000e-04 -6.408691406250000000e-04
1.449285887406368971e+09 9.613037109375000000e-04 -8.697509765625000000e-04 -6.408691406250000000e-04
1.449285887431515455e+09 -1.068115234375000000e-04 -8.697509765625000000e-04 -6.408691406250000000e-04
1.449285887456692457e+09 -1.068115234375000000e-04 -8.697509765625000000e-04 -6.408691406250000000e-04
1.449285887481869221e+09 2.029418945312500000e-03 1.983642578125000000e-04 -6.408691406250000000e-04
1.449285887507046461e+09 -3.311157226562500000e-03 1.266479492187500000e-03 -6.408691406250000000e-04
1.449285887532131910e+09 -1.174926757812500000e-03 1.983642578125000000e-04 -6.408691406250000000e-04
1.449285887557430983e+09 2.029418945312500000e-03 -8.697509765625000000e-04 -6.408691406250000000e-04
1.449285887582546949e+09 -1.174926757812500000e-03 -8.697509765625000000e-04 4.272460937500000000e-04
1.449285887607815504e+09 -1.174926757812500000e-03 1.983642578125000000e-04 4.272460937500000000e-04
1.449285887632931232e+09 -3.311157226562500000e-03 1.983642578125000000e-04 -1.708984375000000000e-03
1.449285887658047438e+09 -1.068115234375000000e-04 1.983642578125000000e-04 4.272460937500000000e-04
1.449285887683315992e+09 -1.174926757812500000e-03 1.983642578125000000e-04 1.495361328125000000e-03
1.449285887708492994e+09 -1.068115234375000000e-04 1.983642578125000000e-04 -6.408691406250000000e-04
1.449285887733761549e+09 -1.068115234375000000e-04 1.266479492187500000e-03 -1.708984375000000000e-03
1.449285887758846998e+09 -2.243041992187500000e-03 -8.697509765625000000e-04 -6.408691406250000000e-04
1.449285887783993244e+09 9.613037109375000000e-04 1.266479492187500000e-03 -6.408691406250000000e-04
1.449285887809170485e+09 9.613037109375000000e-04 1.983642578125000000e-04 4.272460937500000000e-04
1.449285887834378004e+09 2.029418945312500000e-03 -8.697509765625000000e-04 -6.408691406250000000e-04
1.449285887859585524e+09 -1.068115234375000000e-04 -8.697509765625000000e-04 4.272460937500000000e-04
1.449285887884670973e+09 -2.243041992187500000e-03 1.266479492187500000e-03 -6.408691406250000000e-04
1.449285887909847736e+09 -1.174926757812500000e-03 1.983642578125000000e-04 4.272460937500000000e-04
1.449285887935055256e+09 -1.174926757812500000e-03 1.983642578125000000e-04 -6.408691406250000000e-04
1.449285887960232496e+09 -1.068115234375000000e-04 2.334594726562500000e-03 -6.408691406250000000e-04
1.449285887986111164e+09 -1.174926757812500000e-03 1.983642578125000000e-04 -6.408691406250000000e-04
1.449285888010586262e+09 -1.068115234375000000e-04 -3.005981445312500000e-03 -6.408691406250000000e-04
1.449285888035763502e+09 2.029418945312500000e-03 1.983642578125000000e-04 4.272460937500000000e-04
1.449285888060940504e+09 4.165649414062500000e-03 -1.937866210937500000e-03 4.272460937500000000e-04
1.449285888086148024e+09 -1.174926757812500000e-03 -8.697509765625000000e-04 -6.408691406250000000e-04
1.449285888111325026e+09 -2.243041992187500000e-03 1.266479492187500000e-03 4.272460937500000000e-04
1.449285888136410475e+09 -1.068115234375000000e-04 -1.937866210937500000e-03 -6.408691406250000000e-04
1.449285888161556959e+09 -1.068115234375000000e-04 1.983642578125000000e-04 1.495361328125000000e-03
1.449285888186764479e+09 -3.311157226562500000e-03 1.983642578125000000e-04 1.495361328125000000e-03
1.449285888211910963e+09 -1.174926757812500000e-03 -1.937866210937500000e-03 -6.408691406250000000e-04
1.449285888237087965e+09 9.613037109375000000e-04 -1.937866210937500000e-03 4.272460937500000000e-04
1.449285888262295485e+09 -2.243041992187500000e-03 1.983642578125000000e-04 -6.408691406250000000e-04
1.449285888287472486e+09 -3.311157226562500000e-03 1.983642578125000000e-04 4.272460937500000000e-04
1.449285888312649488e+09 9.613037109375000000e-04 1.983642578125000000e-04 -6.408691406250000000e-04
1.449285888337826490e+09 -1.068115234375000000e-04 1.266479492187500000e-03 -6.408691406250000000e-04
1.449285888362942457e+09 2.029418945312500000e-03 1.983642578125000000e-04 1.495361328125000000e-03
1.449285888388211012e+09 -1.174926757812500000e-03 1.266479492187500000e-03 4.272460937500000000e-04
1.449285888413388014e+09 3.097534179687500000e-03 1.983642578125000000e-04 4.272460937500000000e-04
1.449285888438626051e+09 -1.068115234375000000e-04 1.266479492187500000e-03 4.272460937500000000e-04
1.449285888463772297e+09 9.613037109375000000e-04 -8.697509765625000000e-04 4.272460937500000000e-04
1.449285888488888502e+09 -1.174926757812500000e-03 1.983642578125000000e-04 -6.408691406250000000e-04
1.449285888514126539e+09 2.029418945312500000e-03 -1.937866210937500000e-03 4.272460937500000000e-04
1.449285888539303541e+09 -2.243041992187500000e-03 1.266479492187500000e-03 4.272460937500000000e-04
1.449285888564511061e+09 -1.068115234375000000e-04 -8.697509765625000000e-04 -6.408691406250000000e-04
1.449285888589626789e+09 -1.174926757812500000e-03 1.983642578125000000e-04 4.272460937500000000e-04
1.449285888614834547e+09 2.029418945312500000e-03 3.402709960937500000e-03 4.272460937500000000e-04
1.449285888640011549e+09 9.613037109375000000e-04 1.983642578125000000e-04 -6.408691406250000000e-04
1.449285888665157795e+09 -1.068115234375000000e-04 -8.697509765625000000e-04 -6.408691406250000000e-04
1.449285888691128254e+09 -1.068115234375000000e-04 1.266479492187500000e-03 1.495361328125000000e-03
1.449285888715512037e+09 2.029418945312500000e-03 -1.937866210937500000e-03 -1.708984375000000000e-03
1.449285888740688801e+09 -1.174926757812500000e-03 1.266479492187500000e-03 1.495361328125000000e-03
1.449285888765866041e+09 9.613037109375000000e-04 1.983642578125000000e-04 -6.408691406250000000e-04
1.449285888791012287e+09 -1.068115234375000000e-04 -3.005981445312500000e-03 -6.408691406250000000e-04
1.449285888816433668e+09 -1.068115234375000000e-04 1.983642578125000000e-04 -6.408691406250000000e-04
1.449285888841397047e+09 -3.311157226562500000e-03 2.334594726562500000e-03 -1.708984375000000000e-03
1.449285888866543293e+09 9.613037109375000000e-04 -1.937866210937500000e-03 4.272460937500000000e-04
1.449285888891750813e+09 9.613037109375000000e-04 -1.937866210937500000e-03 1.495361328125000000e-03
1.449285888916897535e+09 -1.068115234375000000e-04 1.983642578125000000e-04 4.272460937500000000e-04
1.449285888942044020e+09 -1.174926757812500000e-03 -8.697509765625000000e-04 4.272460937500000000e-04
1.449285888967281818e+09 4.165649414062500000e-03 1.983642578125000000e-04 4.272460937500000000e-04
1.449285888992459059e+09 -4.379272460937500000e-03 -8.697509765625000000e-04 -6.408691406250000000e-04
1.449285889017636061e+09 9.613037109375000000e-04 1.266479492187500000e-03 1.495361328125000000e-03
1.449285889042812824e+09 -1.174926757812500000e-03 -8.697509765625000000e-04 1.495361328125000000e-03
1.449285889067959547e+09 9.613037109375000000e-04 1.266479492187500000e-03 4.272460937500000000e-04
1.449285889093136311e+09 -1.068115234375000000e-04 1.266479492187500000e-03 1.495361328125000000e-03
1.449285889118313551e+09 2.029418945312500000e-03 1.266479492187500000e-03 1.495361328125000000e-03
1.449285889143521070e+09 2.029418945312500000e-03 1.983642578125000000e-04 4.272460937500000000e-04
1.449285889168728590e+09 -1.174926757812500000e-03 -8.697509765625000000e-04 -1.708984375000000000e-03
1.449285889193844557e+09 9.613037109375000000e-04 1.266479492187500000e-03 4.272460937500000000e-04
1.449285889219082594e+09 -2.243041992187500000e-03 1.266479492187500000e-03 4.272460937500000000e-04
1.449285889244259596e+09 9.613037109375000000e-04 -8.697509765625000000e-04 4.272460937500000000e-04
1.449285889269436598e+09 2.029418945312500000e-03 1.266479492187500000e-03 4.272460937500000000e-04
1.449285889294583082e+09 9.613037109375000000e-04 2.334594726562500000e-03 1.495361328125000000e-03
1.449285889319790602e+09 2.029418945312500000e-03 -8.697509765625000000e-04 4.272460937500000000e-04
1.449285889344936848e+09 -1.174926757812500000e-03 1.266479492187500000e-03 4.272460937500000000e-04
1.449285889370114088e+09 -1.068115234375000000e-04 1.266479492187500000e-03 4.272460937500000000e-04
1.449285889396237135e+09 -1.174926757812500000e-03 -8.697509765625000000e-04 4.272460937500000000e-04
1.449285889420529127e+09 -1.174926757812500000e-03 -8.697509765625000000e-04 4.272460937500000000e-04
1.449285889445675611e+09 2.029418945312500000e-03 -8.697509765625000000e-04 -6.408691406250000000e-04
1.449285889470852613e+09 -1.068115234375000000e-04 1.266479492187500000e-03 4.272460937500000000e-04
1.449285889495998859e+09 -2.243041992187500000e-03 -8.697509765625000000e-04 1.495361328125000000e-03
1.449285889521633863e+09 -2.243041992187500000e-03 -8.697509765625000000e-04 -6.408691406250000000e-04
1.449285889546353102e+09 2.029418945312500000e-03 1.983642578125000000e-04 -6.408691406250000000e-04
1.449285889571529865e+09 3.097534179687500000e-03 -8.697509765625000000e-04 4.272460937500000000e-04
1.449285889596676588e+09 -1.174926757812500000e-03 2.334594726562500000e-03 4.272460937500000000e-04
1.449285889621853352e+09 -2.243041992187500000e-03 -3.005981445312500000e-03 1.495361328125000000e-03
1.449285889646969557e+09 3.097534179687500000e-03 -8.697509765625000000e-04 4.272460937500000000e-04
1.449285889672207594e+09 2.029418945312500000e-03 1.983642578125000000e-04 4.272460937500000000e-04
1.449285889697384357e+09 3.097534179687500000e-03 -8.697509765625000000e-04 4.272460937500000000e-04
1.449285889722592115e+09 -1.174926757812500000e-03 1.266479492187500000e-03 4.272460937500000000e-04
1.449285889747769117e+09 9.613037109375000000e-04 -8.697509765625000000e-04 4.272460937500000000e-04
1.449285889772915363e+09 9.613037109375000000e-04 -8.697509765625000000e-04 4.272460937500000000e-04
1.449285889798092604e+09 -3.311157226562500000e-03 -8.697509765625000000e-04 4.272460937500000000e-04
1.449285889823269606e+09 -1.068115234375000000e-04 1.983642578125000000e-04 4.272460937500000000e-04
1.449285889848507643e+09 -2.243041992187500000e-03 1.983642578125000000e-04 -6.408691406250000000e-04
1.449285889873654127e+09 2.029418945312500000e-03 1.983642578125000000e-04 -6.408691406250000000e-04
1.449285889898831129e+09 3.097534179687500000e-03 1.983642578125000000e-04 -6.408691406250000000e-04
1.449285889924038649e+09 9.613037109375000000e-04 2.334594726562500000e-03 -6.408691406250000000e-04
1.449285889949154615e+09 -1.068115234375000000e-04 1.266479492187500000e-03 1.495361328125000000e-03
1.449285889974331617e+09 -1.068115234375000000e-04 -8.697509765625000000e-04 4.272460937500000000e-04
1.449285889999569654e+09 -2.243041992187500000e-03 1.266479492187500000e-03 4.272460937500000000e-04
1.449285890024716139e+09 -1.068115234375000000e-04 -8.697509765625000000e-04 -6.408691406250000000e-04
1.449285890049893141e+09 9.613037109375000000e-04 1.983642578125000000e-04 -6.408691406250000000e-04
1.449285890075070143e+09 -1.174926757812500000e-03 2.334594726562500000e-03 4.272460937500000000e-04
1.449285890100338697e+09 -1.068115234375000000e-04 1.983642578125000000e-04 4.272460937500000000e-04
1.449285890125454664e+09 3.097534179687500000e-03 -3.005981445312500000e-03 4.272460937500000000e-04
1.449285890150601149e+09 -2.243041992187500000e-03 -8.697509765625000000e-04 4.272460937500000000e-04
1.449285890175778151e+09 9.613037109375000000e-04 -8.697509765625000000e-04 4.272460937500000000e-04
1.449285890200955153e+09 3.097534179687500000e-03 1.983642578125000000e-04 1.495361328125000000e-03
1.449285890226467848e+09 -1.174926757812500000e-03 -8.697509765625000000e-04 1.495361328125000000e-03
1.449285890251278639e+09 -1.068115234375000000e-04 1.983642578125000000e-04 4.272460937500000000e-04
1.449285890276455641e+09 2.029418945312500000e-03 -3.005981445312500000e-03 -6.408691406250000000e-04
1.449285890301663160e+09 -1.174926757812500000e-03 1.266479492187500000e-03 4.272460937500000000e-04
1.449285890326809645e+09 9.613037109375000000e-04 1.983642578125000000e-04 4.272460937500000000e-04
1.449285890351955891e+09 2.029418945312500000e-03 1.983642578125000000e-04 4.272460937500000000e-04
1.449285890377194166e+09 -2.243041992187500000e-03 1.983642578125000000e-04 -6.408691406250000000e-04
1.449285890402371168e+09 -1.068115234375000000e-04 1.266479492187500000e-03 4.272460937500000000e-04
1.449285890427548170e+09 -3.311157226562500000e-03 1.266479492187500000e-03 4.272460937500000000e-04
1.449285890452725172e+09 9.613037109375000000e-04 1.266479492187500000e-03 4.272460937500000000e-04
1.449285890477871656e+09 -1.068115234375000000e-04 -8.697509765625000000e-04 -6.408691406250000000e-04
1.449285890503109694e+09 -1.174926757812500000e-03 1.266479492187500000e-03 4.272460937500000000e-04
1.449285890528256178e+09 9.613037109375000000e-04 -4.074096679687500000e-03 -6.408691406250000000e-04
1.449285890553463459e+09 2.029418945312500000e-03 1.983642578125000000e-04 4.272460937500000000e-04
1.449285890578610182e+09 2.029418945312500000e-03 1.266479492187500000e-03 4.272460937500000000e-04
1.449285890603786945e+09 -2.243041992187500000e-03 1.266479492187500000e-03 4.272460937500000000e-04
1.449285890628964186e+09 -2.243041992187500000e-03 1.266479492187500000e-03 4.272460937500000000e-04
1.449285890654141188e+09 -1.174926757812500000e-03 1.266479492187500000e-03 -6.408691406250000000e-04
1.449285890679348707e+09 -1.174926757812500000e-03 1.983642578125000000e-04 1.495361328125000000e-03
1.449285890704525471e+09 9.613037109375000000e-04 1.266479492187500000e-03 4.272460937500000000e-04
1.449285890729672194e+09 9.613037109375000000e-04 1.266479492187500000e-03 4.272460937500000000e-04
1.449285890754848957e+09 9.613037109375000000e-04 -3.005981445312500000e-03 1.495361328125000000e-03
1.449285890779995680e+09 3.097534179687500000e-03 1.983642578125000000e-04 4.272460937500000000e-04
1.449285890805233717e+09 -1.174926757812500000e-03 1.266479492187500000e-03 4.272460937500000000e-04
1.449285890830379963e+09 2.029418945312500000e-03 1.983642578125000000e-04 1.495361328125000000e-03
1.449285890855587482e+09 -1.068115234375000000e-04 -8.697509765625000000e-04 4.272460937500000000e-04
1.449285890880734205e+09 -1.174926757812500000e-03 -3.005981445312500000e-03 4.272460937500000000e-04
1.449285890905880690e+09 -1.068115234375000000e-04 1.266479492187500000e-03 4.272460937500000000e-04
1.449285890931576252e+09 -1.174926757812500000e-03 1.266479492187500000e-03 4.272460937500000000e-04
1.449285890956295729e+09 9.613037109375000000e-04 1.983642578125000000e-04 1.495361328125000000e-03
1.449285890981441975e+09 -4.379272460937500000e-03 1.266479492187500000e-03 -6.408691406250000000e-04
1.449285891006619215e+09 9.613037109375000000e-04 -8.697509765625000000e-04 4.272460937500000000e-04
1.449285891031765699e+09 9.613037109375000000e-04 1.266479492187500000e-03 4.272460937500000000e-04
1.449285891057095051e+09 -1.174926757812500000e-03 -8.697509765625000000e-04 4.272460937500000000e-04
1.449285891082150221e+09 -1.068115234375000000e-04 3.402709960937500000e-03 1.495361328125000000e-03
1.449285891107357740e+09 -1.068115234375000000e-04 1.983642578125000000e-04 -6.408691406250000000e-04
1.449285891132534742e+09 3.097534179687500000e-03 1.266479492187500000e-03 4.272460937500000000e-04
1.449285891157650709e+09 -3.311157226562500000e-03 1.266479492187500000e-03 4.272460937500000000e-04
1.449285891182827711e+09 -1.068115234375000000e-04 1.983642578125000000e-04 -6.408691406250000000e-04
1.449285891208034992e+09 -1.174926757812500000e-03 -1.937866210937500000e-03 4.272460937500000000e-04
1.449285891233181715e+09 -1.068115234375000000e-04 1.983642578125000000e-04 4.272460937500000000e-04
1.449285891258358717e+09 -3.311157226562500000e-03 1.983642578125000000e-04 4.272460937500000000e-04
1.449285891283535719e+09 2.029418945312500000e-03 1.983642578125000000e-04 4.272460937500000000e-04
1.449285891308682203e+09 -1.174926757812500000e-03 1.266479492187500000e-03 4.272460937500000000e-04
1.449285891333920240e+09 -1.068115234375000000e-04 2.334594726562500000e-03 1.495361328125000000e-03
1.449285891359097004e+09 3.097534179687500000e-03 1.983642578125000000e-04 1.495361328125000000e-03
1.449285891384304523e+09 9.613037109375000000e-04 -8.697509765625000000e-04 -6.408691406250000000e-04
1.449285891409451246e+09 2.029418945312500000e-03 2.334594726562500000e-03 -1.708984375000000000e-03
1.449285891434628010e+09 9.613037109375000000e-04 1.983642578125000000e-04 4.272460937500000000e-04
1.449285891459835529e+09 -1.068115234375000000e-04 3.402709960937500000e-03 4.272460937500000000e-04
1.449285891484982252e+09 -4.379272460937500000e-03 1.983642578125000000e-04 4.272460937500000000e-04
1.449285891510189772e+09 -1.068115234375000000e-04 1.983642578125000000e-04 -6.408691406250000000e-04
1.449285891535366774e+09 -1.174926757812500000e-03 -8.697509765625000000e-04 4.272460937500000000e-04
1.449285891560513258e+09 -1.068115234375000000e-04 1.266479492187500000e-03 4.272460937500000000e-04
1.449285891585690022e+09 -2.243041992187500000e-03 1.983642578125000000e-04 -6.408691406250000000e-04
1.449285891610867262e+09 -1.068115234375000000e-04 3.402709960937500000e-03 -6.408691406250000000e-04
1.449285891636715412e+09 -1.068115234375000000e-04 -1.937866210937500000e-03 4.272460937500000000e-04
1.449285891661251783e+09 -2.243041992187500000e-03 2.334594726562500000e-03 -6.408691406250000000e-04
1.449285891686398268e+09 -1.174926757812500000e-03 -1.937866210937500000e-03 -6.408691406250000000e-04
1.449285891711575270e+09 -1.068115234375000000e-04 -8.697509765625000000e-04 4.272460937500000000e-04
1.449285891736752033e+09 -1.174926757812500000e-03 1.983642578125000000e-04 4.272460937500000000e-04
1.449285891762234449e+09 3.097534179687500000e-03 1.266479492187500000e-03 4.272460937500000000e-04
1.449285891787106276e+09 2.029418945312500000e-03 1.983642578125000000e-04 1.495361328125000000e-03
1.449285891812252760e+09 -5.447387695312500000e-03 2.334594726562500000e-03 -6.408691406250000000e-04
1.449285891837460279e+09 -1.068115234375000000e-04 1.983642578125000000e-04 4.272460937500000000e-04
1.449285891862637281e+09 2.029418945312500000e-03 -8.697509765625000000e-04 4.272460937500000000e-04
1.449285891887783766e+09 -1.174926757812500000e-03 -1.937866210937500000e-03 4.272460937500000000e-04
1.449285891912991285e+09 -1.068115234375000000e-04 1.266479492187500000e-03 -1.708984375000000000e-03
1.449285891938137531e+09 -1.174926757812500000e-03 1.983642578125000000e-04 4.272460937500000000e-04
1.449285891963345051e+09 3.097534179687500000e-03 1.983642578125000000e-04 4.272460937500000000e-04
1.449285891988522291e+09 3.097534179687500000e-03 1.983642578125000000e-04 4.272460937500000000e-04
1.449285892013699293e+09 9.613037109375000000e-04 1.983642578125000000e-04 4.272460937500000000e-04
1.449285892038967848e+09 -3.311157226562500000e-03 3.402709960937500000e-03 -6.408691406250000000e-04
1.449285892064083815e+09 2.029418945312500000e-03 1.983642578125000000e-04 1.495361328125000000e-03
1.449285892089321613e+09 9.613037109375000000e-04 -8.697509765625000000e-04 4.272460937500000000e-04
1.449285892114498854e+09 -2.243041992187500000e-03 1.266479492187500000e-03 -6.408691406250000000e-04
1.449285892139584303e+09 -3.311157226562500000e-03 1.266479492187500000e-03 4.272460937500000000e-04
1.449285892164761305e+09 -3.311157226562500000e-03 -1.937866210937500000e-03 -6.408691406250000000e-04
1.449285892189907789e+09 -2.243041992187500000e-03 1.266479492187500000e-03 4.272460937500000000e-04
1.449285892215115309e+09 -1.174926757812500000e-03 -8.697509765625000000e-04 4.272460937500000000e-04
1.449285892240292311e+09 -2.243041992187500000e-03 -8.697509765625000000e-04 -1.708984375000000000e-03
1.449285892265469074e+09 -1.068115234375000000e-04 -1.937866210937500000e-03 -6.408691406250000000e-04
1.449285892290585279e+09 -1.174926757812500000e-03 1.266479492187500000e-03 4.272460937500000000e-04
1.449285892315762281e+09 -2.243041992187500000e-03 -3.005981445312500000e-03 4.272460937500000000e-04
1.449285892341824293e+09 -1.068115234375000000e-04 -8.697509765625000000e-04 4.272460937500000000e-04
1.449285892366146803e+09 -1.068115234375000000e-04 -8.697509765625000000e-04 1.495361328125000000e-03
1.449285892391293287e+09 -2.243041992187500000e-03 1.266479492187500000e-03 -6.408691406250000000e-04
1.449285892416531086e+09 -1.068115234375000000e-04 -8.697509765625000000e-04 4.272460937500000000e-04
1.449285892441708326e+09 9.613037109375000000e-04 1.983642578125000000e-04 -6.408691406250000000e-04
1.449285892467373610e+09 -1.174926757812500000e-03 -8.697509765625000000e-04 4.272460937500000000e-04
1.449285892492031813e+09 9.613037109375000000e-04 -1.937866210937500000e-03 4.272460937500000000e-04
1.449285892517239332e+09 2.029418945312500000e-03 -8.697509765625000000e-04 -6.408691406250000000e-04
1.449285892542385578e+09 -1.174926757812500000e-03 1.266479492187500000e-03 4.272460937500000000e-04
1.449285892567562819e+09 -1.174926757812500000e-03 -1.937866210937500000e-03 -6.408691406250000000e-04
1.449285892592709303e+09 -1.068115234375000000e-04 1.266479492187500000e-03 1.495361328125000000e-03
1.449285892617947340e+09 2.029418945312500000e-03 1.266479492187500000e-03 4.272460937500000000e-04
1.449285892643124342e+09 -1.068115234375000000e-04 1.983642578125000000e-04 -6.408691406250000000e-04
1.449285892668301344e+09 -1.174926757812500000e-03 1.983642578125000000e-04 4.272460937500000000e-04
1.449285892693478346e+09 9.613037109375000000e-04 -8.697509765625000000e-04 4.272460937500000000e-04
1.449285892718624830e+09 9.613037109375000000e-04 -1.937866210937500000e-03 1.495361328125000000e-03
1.449285892743862867e+09 9.613037109375000000e-04 -8.697509765625000000e-04 4.272460937500000000e-04
1.449285892769009352e+09 -2.243041992187500000e-03 -3.005981445312500000e-03 -1.708984375000000000e-03
1.449285892794247389e+09 -1.068115234375000000e-04 1.266479492187500000e-03 1.495361328125000000e-03
1.449285892819393873e+09 9.613037109375000000e-04 -8.697509765625000000e-04 4.272460937500000000e-04
1.449285892844540358e+09 -1.068115234375000000e-04 1.266479492187500000e-03 4.272460937500000000e-04
1.449285892869717360e+09 -1.174926757812500000e-03 1.983642578125000000e-04 -6.408691406250000000e-04
1.449285892894894361e+09 9.613037109375000000e-04 -3.005981445312500000e-03 4.272460937500000000e-04
1.449285892920101881e+09 -2.243041992187500000e-03 2.334594726562500000e-03 4.272460937500000000e-04
1.449285892945248365e+09 9.613037109375000000e-04 -8.697509765625000000e-04 4.272460937500000000e-04
1.449285892970425367e+09 -2.243041992187500000e-03 -8.697509765625000000e-04 4.272460937500000000e-04
1.449285892995632887e+09 9.613037109375000000e-04 2.334594726562500000e-03 4.272460937500000000e-04
1.449285893020779371e+09 3.097534179687500000e-03 1.266479492187500000e-03 1.495361328125000000e-03
1.449285893045956373e+09 -1.068115234375000000e-04 1.983642578125000000e-04 4.272460937500000000e-04
1.449285893071163893e+09 2.029418945312500000e-03 1.266479492187500000e-03 1.495361328125000000e-03
1.449285893096310377e+09 2.029418945312500000e-03 -8.697509765625000000e-04 4.272460937500000000e-04
1.449285893121487379e+09 -1.068115234375000000e-04 1.983642578125000000e-04 4.272460937500000000e-04
1.449285893146664381e+09 -4.379272460937500000e-03 1.983642578125000000e-04 4.272460937500000000e-04
1.449285893172543287e+09 -1.068115234375000000e-04 -8.697509765625000000e-04 -6.408691406250000000e-04
1.449285893197018385e+09 -3.311157226562500000e-03 1.266479492187500000e-03 -6.408691406250000000e-04
1.449285893222164631e+09 -1.068115234375000000e-04 1.983642578125000000e-04 4.272460937500000000e-04
1.449285893247372389e+09 2.029418945312500000e-03 1.983642578125000000e-04 1.495361328125000000e-03
1.449285893272518873e+09 -2.243041992187500000e-03 -1.937866210937500000e-03 -1.708984375000000000e-03
1.449285893297695637e+09 -1.174926757812500000e-03 1.266479492187500000e-03 -6.408691406250000000e-04
1.449285893322872877e+09 -1.068115234375000000e-04 -1.937866210937500000e-03 -6.408691406250000000e-04
1.449285893348049879e+09 -1.068115234375000000e-04 1.983642578125000000e-04 -6.408691406250000000e-04
1.449285893373226643e+09 -1.068115234375000000e-04 1.983642578125000000e-04 -6.408691406250000000e-04
1.449285893398434401e+09 -2.243041992187500000e-03 -1.937866210937500000e-03 -1.708984375000000000e-03
1.449285893423580885e+09 9.613037109375000000e-04 -8.697509765625000000e-04 -6.408691406250000000e-04
1.449285893448818922e+09 2.029418945312500000e-03 1.266479492187500000e-03 4.272460937500000000e-04
1.449285893473965406e+09 9.613037109375000000e-04 -8.697509765625000000e-04 2.563476562500000000e-03
1.449285893499172926e+09 -1.068115234375000000e-04 -8.697509765625000000e-04 4.272460937500000000e-04
1.449285893524349928e+09 -1.174926757812500000e-03 -1.937866210937500000e-03 4.272460937500000000e-04
1.449285893549526691e+09 9.613037109375000000e-04 3.402709960937500000e-03 4.272460937500000000e-04
1.449285893574764729e+09 2.029418945312500000e-03 1.266479492187500000e-03 1.495361328125000000e-03
1.449285893599850178e+09 -1.068115234375000000e-04 1.266479492187500000e-03 4.272460937500000000e-04
1.449285893624996901e+09 -1.174926757812500000e-03 1.266479492187500000e-03 -6.408691406250000000e-04
1.449285893650173903e+09 -1.174926757812500000e-03 -8.697509765625000000e-04 4.272460937500000000e-04
1.449285893675381184e+09 -1.068115234375000000e-04 -4.074096679687500000e-03 4.272460937500000000e-04
1.449285893700558424e+09 -2.243041992187500000e-03 -1.937866210937500000e-03 4.272460937500000000e-04
1.449285893725735426e+09 2.029418945312500000e-03 1.983642578125000000e-04 -6.408691406250000000e-04
1.449285893750942945e+09 -1.174926757812500000e-03 1.983642578125000000e-04 1.495361328125000000e-03
1.449285893776119709e+09 -1.068115234375000000e-04 1.983642578125000000e-04 4.272460937500000000e-04
1.449285893801235914e+09 -1.068115234375000000e-04 3.402709960937500000e-03 4.272460937500000000e-04
1.449285893826443195e+09 4.165649414062500000e-03 1.983642578125000000e-04 4.272460937500000000e-04
1.449285893851620436e+09 -3.311157226562500000e-03 2.334594726562500000e-03 -6.408691406250000000e-04
1.449285893877651930e+09 -1.068115234375000000e-04 1.983642578125000000e-04 4.272460937500000000e-04
1.449285893902004957e+09 -1.174926757812500000e-03 1.983642578125000000e-04 -6.408691406250000000e-04
1.449285893927120924e+09 -3.311157226562500000e-03 -8.697509765625000000e-04 4.272460937500000000e-04
1.449285893952358961e+09 2.029418945312500000e-03 1.266479492187500000e-03 4.272460937500000000e-04
1.449285893977535963e+09 -1.174926757812500000e-03 -1.937866210937500000e-03 4.272460937500000000e-04
1.449285894002987623e+09 -1.174926757812500000e-03 1.266479492187500000e-03 -6.408691406250000000e-04
1.449285894027920485e+09 -1.174926757812500000e-03 -1.937866210937500000e-03 -6.408691406250000000e-04
1.449285894053036213e+09 4.165649414062500000e-03 1.983642578125000000e-04 4.272460937500000000e-04
1.449285894078213453e+09 -1.068115234375000000e-04 1.266479492187500000e-03 1.495361328125000000e-03
1.449285894103390455e+09 -1.068115234375000000e-04 -8.697509765625000000e-04 -6.408691406250000000e-04
1.449285894128811598e+09 -1.174926757812500000e-03 2.334594726562500000e-03 4.272460937500000000e-04
1.449285894153805494e+09 -1.068115234375000000e-04 -8.697509765625000000e-04 1.495361328125000000e-03
1.449285894178982496e+09 -2.243041992187500000e-03 3.402709960937500000e-03 -6.408691406250000000e-04
1.449285894204128981e+09 3.097534179687500000e-03 1.983642578125000000e-04 -6.408691406250000000e-04
1.449285894229275465e+09 -2.243041992187500000e-03 2.334594726562500000e-03 4.272460937500000000e-04
1.449285894254452467e+09 9.613037109375000000e-04 1.266479492187500000e-03 4.272460937500000000e-04
1.449285894279598951e+09 -1.174926757812500000e-03 1.266479492187500000e-03 -6.408691406250000000e-04
1.449285894304775953e+09 -1.174926757812500000e-03 -8.697509765625000000e-04 1.495361328125000000e-03
1.449285894329952955e+09 -2.243041992187500000e-03 -8.697509765625000000e-04 -6.408691406250000000e-04
1.449285894355129957e+09 -3.311157226562500000e-03 2.334594726562500000e-03 4.272460937500000000e-04
1.449285894380306959e+09 3.097534179687500000e-03 1.983642578125000000e-04 1.495361328125000000e-03
1.449285894405483961e+09 -1.068115234375000000e-04 1.266479492187500000e-03 1.495361328125000000e-03
1.449285894430660963e+09 9.613037109375000000e-04 1.983642578125000000e-04 1.495361328125000000e-03
1.449285894455868483e+09 -1.068115234375000000e-04 1.266479492187500000e-03 -6.408691406250000000e-04
1.449285894481076002e+09 9.613037109375000000e-04 -8.697509765625000000e-04 -6.408691406250000000e-04
1.449285894506222248e+09 -1.174926757812500000e-03 1.266479492187500000e-03 4.272460937500000000e-04
1.449285894531412363e+09 -1.068115234375000000e-04 1.983642578125000000e-04 1.495361328125000000e-03
1.449285894556589603e+09 -1.174926757812500000e-03 1.983642578125000000e-04 -6.408691406250000000e-04
1.449285894582590580e+09 9.613037109375000000e-04 1.266479492187500000e-03 -1.708984375000000000e-03
1.449285894606943369e+09 -1.068115234375000000e-04 1.983642578125000000e-04 -6.408691406250000000e-04
1.449285894632089853e+09 -1.174926757812500000e-03 1.983642578125000000e-04 1.495361328125000000e-03
1.449285894657297373e+09 -2.243041992187500000e-03 1.983642578125000000e-04 -6.408691406250000000e-04
1.449285894682474613e+09 -1.174926757812500000e-03 3.402709960937500000e-03 -6.408691406250000000e-04
1.449285894708017588e+09 -1.068115234375000000e-04 1.266479492187500000e-03 -6.408691406250000000e-04
1.449285894732828379e+09 9.613037109375000000e-04 1.266479492187500000e-03 1.495361328125000000e-03
1.449285894757975101e+09 -2.243041992187500000e-03 1.266479492187500000e-03 -6.408691406250000000e-04
1.449285894783182621e+09 3.097534179687500000e-03 1.266479492187500000e-03 4.272460937500000000e-04
1.449285894808359385e+09 9.613037109375000000e-04 1.266479492187500000e-03 4.272460937500000000e-04
1.449285894833506107e+09 -1.068115234375000000e-04 -8.697509765625000000e-04 1.495361328125000000e-03
1.449285894858744144e+09 2.029418945312500000e-03 -8.697509765625000000e-04 -6.408691406250000000e-04
1.449285894883859873e+09 2.029418945312500000e-03 1.983642578125000000e-04 1.495361328125000000e-03
1.449285894909097910e+09 2.029418945312500000e-03 -8.697509765625000000e-04 4.272460937500000000e-04
1.449285894934305429e+09 -1.174926757812500000e-03 1.266479492187500000e-03 4.272460937500000000e-04
1.449285894959421396e+09 -1.068115234375000000e-04 1.266479492187500000e-03 -6.408691406250000000e-04
1.449285894984598637e+09 -2.243041992187500000e-03 -8.697509765625000000e-04 1.495361328125000000e-03
1.449285895009806156e+09 -1.174926757812500000e-03 1.983642578125000000e-04 4.272460937500000000e-04
1.449285895034952402e+09 3.097534179687500000e-03 -8.697509765625000000e-04 4.272460937500000000e-04
1.449285895060099125e+09 2.029418945312500000e-03 1.266479492187500000e-03 4.272460937500000000e-04
1.449285895085275888e+09 2.029418945312500000e-03 -8.697509765625000000e-04 1.495361328125000000e-03
1.449285895110513926e+09 -1.068115234375000000e-04 -1.937866210937500000e-03 4.272460937500000000e-04
1.449285895135690928e+09 -1.174926757812500000e-03 1.983642578125000000e-04 1.495361328125000000e-03
1.449285895160868168e+09 -2.243041992187500000e-03 -8.697509765625000000e-04 4.272460937500000000e-04
1.449285895186044931e+09 2.029418945312500000e-03 -8.697509765625000000e-04 4.272460937500000000e-04
1.449285895211191654e+09 -1.068115234375000000e-04 -8.697509765625000000e-04 4.272460937500000000e-04
1.449285895236368418e+09 9.613037109375000000e-04 1.266479492187500000e-03 4.272460937500000000e-04
1.449285895261545420e+09 -1.068115234375000000e-04 1.983642578125000000e-04 4.272460937500000000e-04
1.449285895287698984e+09 -1.068115234375000000e-04 -1.937866210937500000e-03 -6.408691406250000000e-04
1.449285895311899424e+09 -1.068115234375000000e-04 2.334594726562500000e-03 4.272460937500000000e-04
1.449285895337076426e+09 -2.243041992187500000e-03 2.334594726562500000e-03 1.495361328125000000e-03
1.449285895362314463e+09 9.613037109375000000e-04 1.983642578125000000e-04 -6.408691406250000000e-04
1.449285895387461185e+09 -1.068115234375000000e-04 2.334594726562500000e-03 -6.408691406250000000e-04
1.449285895413156748e+09 9.613037109375000000e-04 1.983642578125000000e-04 1.495361328125000000e-03
1.449285895437845469e+09 -1.174926757812500000e-03 1.266479492187500000e-03 -6.408691406250000000e-04
1.449285895462961435e+09 -1.068115234375000000e-04 1.983642578125000000e-04 -6.408691406250000000e-04
1.449285895488168955e+09 9.613037109375000000e-04 -8.697509765625000000e-04 -6.408691406250000000e-04
1.449285895513345957e+09 -2.243041992187500000e-03 -4.074096679687500000e-03 4.272460937500000000e-04
1.449285895538492441e+09 3.097534179687500000e-03 1.983642578125000000e-04 -6.408691406250000000e-04
1.449285895563761234e+09 -1.174926757812500000e-03 -8.697509765625000000e-04 -1.708984375000000000e-03
1.449285895588846684e+09 -1.068115234375000000e-04 1.983642578125000000e-04 4.272460937500000000e-04
1.449285895614084721e+09 2.029418945312500000e-03 1.266479492187500000e-03 2.563476562500000000e-03
1.449285895639322519e+09 -1.174926757812500000e-03 -1.937866210937500000e-03 -6.408691406250000000e-04
1.449285895664438486e+09 -4.379272460937500000e-03 2.334594726562500000e-03 4.272460937500000000e-04
1.449285895689615726e+09 2.029418945312500000e-03 -8.697509765625000000e-04 -6.408691406250000000e-04
1.449285895714731455e+09 2.029418945312500000e-03 -8.697509765625000000e-04 4.272460937500000000e-04
1.449285895739938974e+09 9.613037109375000000e-04 -1.937866210937500000e-03 4.272460937500000000e-04
1.449285895765116215e+09 2.029418945312500000e-03 2.334594726562500000e-03 4.272460937500000000e-04
1.449285895790262461e+09 -1.068115234375000000e-04 -1.937866210937500000e-03 4.272460937500000000e-04
1.449285895815469980e+09 -1.068115234375000000e-04 1.983642578125000000e-04 -6.408691406250000000e-04
1.449285895840616465e+09 3.097534179687500000e-03 1.266479492187500000e-03 4.272460937500000000e-04
1.449285895865885258e+09 2.029418945312500000e-03 -8.697509765625000000e-04 4.272460937500000000e-04
