1.449615563496913671e+09 1.236267089843750000e-01 7.554168701171875000e-01 -1.267517089843750000e+00
1.449615563522090673e+09 -6.683349609375000000e-03 -6.382751464843750000e-02 1.071472167968750000e-01
1.449615563547298193e+09 -1.342773437500000000e-03 2.395629882812500000e-03 -8.209228515625000000e-03
1.449615563572444677e+09 1.861572265625000000e-03 1.327514648437500000e-03 3.540039062500000000e-03
1.449615563597682714e+09 -1.342773437500000000e-03 -8.087158203125000000e-04 2.471923828125000000e-03
1.449615563622859716e+09 1.861572265625000000e-03 2.593994140625000000e-04 2.471923828125000000e-03
1.449615563648036957e+09 -1.342773437500000000e-03 2.593994140625000000e-04 -7.324218750000000000e-04
1.449615563673213720e+09 -3.479003906250000000e-03 -8.087158203125000000e-04 -7.324218750000000000e-04
1.449615563698329926e+09 -3.479003906250000000e-03 -8.087158203125000000e-04 3.356933593750000000e-04
1.449615563723537207e+09 -2.746582031250000000e-04 3.463745117187500000e-03 1.403808593750000000e-03
1.449615563748683691e+09 3.997802734375000000e-03 -1.876831054687500000e-03 -7.324218750000000000e-04
1.449615563773921728e+09 7.934570312500000000e-04 -8.087158203125000000e-04 3.356933593750000000e-04
1.449615563799068213e+09 1.861572265625000000e-03 1.327514648437500000e-03 -1.800537109375000000e-03
1.449615563824214697e+09 2.929687500000000000e-03 -2.944946289062500000e-03 -7.324218750000000000e-04
1.449615563849422455e+09 -1.342773437500000000e-03 -8.087158203125000000e-04 -7.324218750000000000e-04
1.449615563874629974e+09 -2.410888671875000000e-03 1.327514648437500000e-03 3.356933593750000000e-04
1.449615563900722504e+09 -3.479003906250000000e-03 2.593994140625000000e-04 2.471923828125000000e-03
1.449615563924983740e+09 -1.342773437500000000e-03 2.593994140625000000e-04 1.403808593750000000e-03
1.449615563950130224e+09 -2.410888671875000000e-03 -1.876831054687500000e-03 -2.868652343750000000e-03
1.449615563975368500e+09 7.934570312500000000e-04 2.395629882812500000e-03 -7.324218750000000000e-04
1.449615564000545263e+09 7.934570312500000000e-04 2.395629882812500000e-03 3.540039062500000000e-03
1.449615564026057959e+09 7.934570312500000000e-04 -1.876831054687500000e-03 3.540039062500000000e-03
1.449615564050868750e+09 -2.410888671875000000e-03 -2.944946289062500000e-03 1.403808593750000000e-03
1.449615564076045752e+09 1.861572265625000000e-03 2.593994140625000000e-04 -7.324218750000000000e-04
1.449615564101222992e+09 -2.410888671875000000e-03 2.593994140625000000e-04 -7.324218750000000000e-04
1.449615564126369238e+09 7.934570312500000000e-04 2.593994140625000000e-04 3.356933593750000000e-04
1.449615564151546478e+09 -2.746582031250000000e-04 -2.944946289062500000e-03 3.356933593750000000e-04
1.449615564176753998e+09 -1.342773437500000000e-03 2.593994140625000000e-04 -7.324218750000000000e-04
1.449615564201930761e+09 2.929687500000000000e-03 2.395629882812500000e-03 -1.800537109375000000e-03
1.449615564227107763e+09 7.934570312500000000e-04 -1.876831054687500000e-03 -2.868652343750000000e-03
1.449615564252285004e+09 -2.410888671875000000e-03 2.593994140625000000e-04 -7.324218750000000000e-04
1.449615564277431250e+09 -1.342773437500000000e-03 -1.876831054687500000e-03 3.540039062500000000e-03
1.449615564302638769e+09 -4.547119140625000000e-03 -1.876831054687500000e-03 -7.324218750000000000e-04
1.449615564327816010e+09 -2.410888671875000000e-03 1.327514648437500000e-03 -5.004882812500000000e-03
1.449615564352992773e+09 -3.479003906250000000e-03 -8.087158203125000000e-04 -5.004882812500000000e-03
1.449615564378139496e+09 -2.746582031250000000e-04 2.395629882812500000e-03 3.540039062500000000e-03
1.449615564403316259e+09 -1.342773437500000000e-03 2.593994140625000000e-04 4.608154296875000000e-03
1.449615564428523779e+09 7.934570312500000000e-04 2.593994140625000000e-04 1.403808593750000000e-03
1.449615564456355810e+09 1.861572265625000000e-03 1.327514648437500000e-03 3.356933593750000000e-04
1.449615564478542089e+09 3.997802734375000000e-03 -8.087158203125000000e-04 2.471923828125000000e-03
1.449615564504054785e+09 -1.342773437500000000e-03 -8.087158203125000000e-04 4.608154296875000000e-03
1.449615564528865576e+09 -1.342773437500000000e-03 2.593994140625000000e-04 3.540039062500000000e-03
1.449615564554012060e+09 -2.746582031250000000e-04 1.327514648437500000e-03 3.356933593750000000e-04
1.449615564579311132e+09 -2.746582031250000000e-04 2.593994140625000000e-04 -2.868652343750000000e-03
1.449615564605342627e+09 7.934570312500000000e-04 -8.087158203125000000e-04 -3.936767578125000000e-03
1.449615564629573584e+09 -2.746582031250000000e-04 1.327514648437500000e-03 -1.800537109375000000e-03
1.449615564654750824e+09 -2.410888671875000000e-03 1.327514648437500000e-03 -2.868652343750000000e-03
1.449615564680019140e+09 -2.410888671875000000e-03 2.593994140625000000e-04 -2.868652343750000000e-03
1.449615564705501556e+09 -2.746582031250000000e-04 -8.087158203125000000e-04 -7.324218750000000000e-04
1.449615564730464697e+09 7.934570312500000000e-04 2.593994140625000000e-04 1.403808593750000000e-03
1.449615564756099701e+09 -2.746582031250000000e-04 -1.876831054687500000e-03 4.608154296875000000e-03
1.449615564780696630e+09 -1.342773437500000000e-03 -8.087158203125000000e-04 4.608154296875000000e-03
1.449615564806178808e+09 1.861572265625000000e-03 1.327514648437500000e-03 2.471923828125000000e-03
1.449615564830989599e+09 2.929687500000000000e-03 2.593994140625000000e-04 3.540039062500000000e-03
1.449615564856258392e+09 1.861572265625000000e-03 1.327514648437500000e-03 5.676269531250000000e-03
1.449615564881374121e+09 2.929687500000000000e-03 2.593994140625000000e-04 2.471923828125000000e-03
1.449615564906856537e+09 -2.410888671875000000e-03 1.327514648437500000e-03 -1.800537109375000000e-03
1.449615564931728125e+09 -1.342773437500000000e-03 1.327514648437500000e-03 -2.868652343750000000e-03
1.449615564956844091e+09 1.861572265625000000e-03 1.327514648437500000e-03 -1.800537109375000000e-03
1.449615564982051611e+09 -2.746582031250000000e-04 -8.087158203125000000e-04 3.356933593750000000e-04
1.449615565007595062e+09 2.929687500000000000e-03 -1.876831054687500000e-03 1.403808593750000000e-03
1.449615565032436132e+09 7.934570312500000000e-04 1.327514648437500000e-03 -1.800537109375000000e-03
1.449615565057552099e+09 -2.746582031250000000e-04 1.327514648437500000e-03 -7.324218750000000000e-04
1.449615565082851410e+09 -1.342773437500000000e-03 2.395629882812500000e-03 -3.936767578125000000e-03
1.449615565108180761e+09 -1.342773437500000000e-03 5.599975585937500000e-03 -7.141113281250000000e-03
1.449615565133083105e+09 -2.410888671875000000e-03 1.327514648437500000e-03 -8.209228515625000000e-03
1.449615565158260107e+09 -1.342773437500000000e-03 -8.087158203125000000e-04 -8.209228515625000000e-03
1.449615565183528662e+09 1.861572265625000000e-03 2.593994140625000000e-04 -2.868652343750000000e-03
1.449615565209010839e+09 3.997802734375000000e-03 -1.876831054687500000e-03 4.608154296875000000e-03
1.449615565233791113e+09 7.934570312500000000e-04 2.593994140625000000e-04 3.540039062500000000e-03
1.449615565258968115e+09 1.861572265625000000e-03 2.593994140625000000e-04 1.403808593750000000e-03
1.449615565284206390e+09 1.861572265625000000e-03 2.593994140625000000e-04 -7.324218750000000000e-04
1.449615565309962988e+09 -4.547119140625000000e-03 2.395629882812500000e-03 -2.868652343750000000e-03
1.449615565334529877e+09 -1.342773437500000000e-03 -8.087158203125000000e-04 -3.936767578125000000e-03
1.449615565359706640e+09 -3.479003906250000000e-03 2.593994140625000000e-04 -7.324218750000000000e-04
1.449615565384975433e+09 -1.342773437500000000e-03 2.593994140625000000e-04 3.540039062500000000e-03
1.449615565410426855e+09 -2.410888671875000000e-03 1.327514648437500000e-03 3.540039062500000000e-03
1.449615565435359716e+09 -1.342773437500000000e-03 -1.876831054687500000e-03 2.471923828125000000e-03
1.449615565461360693e+09 2.929687500000000000e-03 1.327514648437500000e-03 1.403808593750000000e-03
1.449615565485622168e+09 -1.342773437500000000e-03 1.948547363281250000e-02 -3.936767578125000000e-03
1.449615565511104584e+09 6.134033203125000000e-03 -2.323913574218750000e-02 -6.072998046875000000e-03
1.449615565535915375e+09 -1.416015625000000000e-02 8.804321289062500000e-03 2.471923828125000000e-03
1.449615565561122894e+09 -1.342773437500000000e-03 2.593994140625000000e-04 9.948730468750000000e-03
1.449615565586391211e+09 5.065917968750000000e-03 2.593994140625000000e-04 2.471923828125000000e-03
1.449615565611842871e+09 -2.746582031250000000e-04 1.327514648437500000e-03 -5.004882812500000000e-03
1.449615565636684179e+09 7.934570312500000000e-04 -8.087158203125000000e-04 2.471923828125000000e-03
1.449615565661830664e+09 3.997802734375000000e-03 -1.876831054687500000e-03 9.948730468750000000e-03
1.449615565687068701e+09 -2.746582031250000000e-04 1.327514648437500000e-03 6.744384765625000000e-03
1.449615565712550879e+09 -2.410888671875000000e-03 -1.876831054687500000e-03 -3.936767578125000000e-03
1.449615565737392187e+09 1.861572265625000000e-03 1.327514648437500000e-03 -7.141113281250000000e-03
1.449615565762538671e+09 7.934570312500000000e-04 3.463745117187500000e-03 -7.324218750000000000e-04
1.449615565787807226e+09 -1.342773437500000000e-03 1.327514648437500000e-03 1.403808593750000000e-03
1.449615565813228607e+09 7.934570312500000000e-04 2.593994140625000000e-04 3.356933593750000000e-04
1.449615565838069677e+09 7.934570312500000000e-04 1.327514648437500000e-03 -8.209228515625000000e-03
1.449615565863246918e+09 -2.746582031250000000e-04 -8.087158203125000000e-04 -7.141113281250000000e-03
1.449615565889369965e+09 -2.746582031250000000e-04 1.327514648437500000e-03 3.356933593750000000e-04
1.449615565913966894e+09 -2.746582031250000000e-04 -8.087158203125000000e-04 4.608154296875000000e-03
1.449615565938808203e+09 7.934570312500000000e-04 -8.087158203125000000e-04 3.356933593750000000e-04
1.449615565963924170e+09 -1.342773437500000000e-03 2.395629882812500000e-03 -3.936767578125000000e-03
1.449615565989223480e+09 -2.410888671875000000e-03 1.327514648437500000e-03 -1.800537109375000000e-03
1.449615566014796972e+09 -2.746582031250000000e-04 -8.087158203125000000e-04 1.403808593750000000e-03
1.449615566039516211e+09 -2.746582031250000000e-04 2.593994140625000000e-04 3.356933593750000000e-04
1.449615566064662695e+09 7.934570312500000000e-04 1.327514648437500000e-03 -7.324218750000000000e-04
1.449615566089961767e+09 -2.746582031250000000e-04 1.327514648437500000e-03 3.356933593750000000e-04
1.449615566115413427e+09 1.861572265625000000e-03 2.395629882812500000e-03 2.471923828125000000e-03
1.449615566140224218e+09 -1.342773437500000000e-03 -2.944946289062500000e-03 3.540039062500000000e-03
1.449615566165370941e+09 -2.746582031250000000e-04 1.327514648437500000e-03 3.356933593750000000e-04
1.449615566190608978e+09 -3.479003906250000000e-03 2.593994140625000000e-04 -2.868652343750000000e-03
1.449615566216090918e+09 2.929687500000000000e-03 2.593994140625000000e-04 3.356933593750000000e-04
1.449615566240932465e+09 7.934570312500000000e-04 2.593994140625000000e-04 3.540039062500000000e-03
1.449615566266109228e+09 1.861572265625000000e-03 3.463745117187500000e-03 3.540039062500000000e-03
1.449615566291347504e+09 -1.342773437500000000e-03 -8.087158203125000000e-04 3.356933593750000000e-04
1.449615566316798925e+09 -2.746582031250000000e-04 -2.944946289062500000e-03 -2.868652343750000000e-03
1.449615566341640234e+09 -2.410888671875000000e-03 -8.087158203125000000e-04 -7.324218750000000000e-04
1.449615566366756439e+09 -1.342773437500000000e-03 -2.944946289062500000e-03 2.471923828125000000e-03
1.449615566392024755e+09 7.934570312500000000e-04 2.593994140625000000e-04 3.356933593750000000e-04
1.449615566417507172e+09 7.934570312500000000e-04 1.327514648437500000e-03 3.356933593750000000e-04
1.449615566442348242e+09 7.934570312500000000e-04 -8.087158203125000000e-04 3.356933593750000000e-04
1.449615566467983007e+09 1.861572265625000000e-03 -2.944946289062500000e-03 4.608154296875000000e-03
1.449615566492733002e+09 -3.479003906250000000e-03 2.593994140625000000e-04 4.608154296875000000e-03
1.449615566518184423e+09 2.929687500000000000e-03 -1.876831054687500000e-03 4.608154296875000000e-03
1.449615566542995214e+09 3.997802734375000000e-03 2.593994140625000000e-04 3.540039062500000000e-03
1.449615566568172216e+09 1.861572265625000000e-03 2.395629882812500000e-03 3.356933593750000000e-04
1.449615566594020605e+09 -2.746582031250000000e-04 -1.876831054687500000e-03 -1.800537109375000000e-03
1.449615566618922949e+09 -2.746582031250000000e-04 3.463745117187500000e-03 -2.868652343750000000e-03
1.449615566643764257e+09 -2.746582031250000000e-04 2.593994140625000000e-04 -7.141113281250000000e-03
1.449615566668880463e+09 -3.479003906250000000e-03 2.593994140625000000e-04 -9.277343750000000000e-03
1.449615566694148779e+09 -1.342773437500000000e-03 -8.087158203125000000e-04 -8.209228515625000000e-03
1.449615566719600439e+09 -1.342773437500000000e-03 3.463745117187500000e-03 -2.868652343750000000e-03
1.449615566744441748e+09 -2.410888671875000000e-03 5.599975585937500000e-03 -3.936767578125000000e-03
1.449615566769618750e+09 -4.547119140625000000e-03 2.395629882812500000e-03 -1.800537109375000000e-03
1.449615566794887543e+09 1.861572265625000000e-03 2.593994140625000000e-04 -3.936767578125000000e-03
1.449615566820338964e+09 2.929687500000000000e-03 1.327514648437500000e-03 -3.936767578125000000e-03
1.449615566845210791e+09 1.861572265625000000e-03 -2.944946289062500000e-03 -2.868652343750000000e-03
1.449615566870357275e+09 -2.746582031250000000e-04 1.327514648437500000e-03 4.608154296875000000e-03
1.449615566895564795e+09 -1.342773437500000000e-03 2.593994140625000000e-04 6.744384765625000000e-03
1.449615566921046972e+09 -2.410888671875000000e-03 -8.087158203125000000e-04 6.744384765625000000e-03
1.449615566945888281e+09 -2.410888671875000000e-03 2.593994140625000000e-04 1.403808593750000000e-03
1.449615566971065283e+09 1.861572265625000000e-03 -8.087158203125000000e-04 -2.868652343750000000e-03
1.449615566996303320e+09 -2.746582031250000000e-04 -8.087158203125000000e-04 -1.800537109375000000e-03
1.449615567021755219e+09 2.929687500000000000e-03 -2.944946289062500000e-03 4.608154296875000000e-03
1.449615567046626806e+09 5.065917968750000000e-03 2.593994140625000000e-04 8.880615234375000000e-03
1.449615567071742773e+09 1.861572265625000000e-03 2.395629882812500000e-03 4.608154296875000000e-03
1.449615567096981049e+09 -2.410888671875000000e-03 1.327514648437500000e-03 -7.324218750000000000e-04
1.449615567122462988e+09 -1.342773437500000000e-03 2.593994140625000000e-04 -2.868652343750000000e-03
1.449615567147304535e+09 -2.746582031250000000e-04 3.463745117187500000e-03 -1.800537109375000000e-03
1.449615567173457861e+09 7.934570312500000000e-04 1.327514648437500000e-03 1.403808593750000000e-03
1.449615567197719336e+09 -2.746582031250000000e-04 2.593994140625000000e-04 2.471923828125000000e-03
1.449615567223140717e+09 7.934570312500000000e-04 2.593994140625000000e-04 4.608154296875000000e-03
1.449615567248012304e+09 1.861572265625000000e-03 2.593994140625000000e-04 1.403808593750000000e-03
1.449615567273128510e+09 7.934570312500000000e-04 -8.087158203125000000e-04 3.356933593750000000e-04
1.449615567298763037e+09 -2.746582031250000000e-04 1.327514648437500000e-03 -1.800537109375000000e-03
1.449615567323848486e+09 -1.342773437500000000e-03 -8.087158203125000000e-04 -3.936767578125000000e-03
1.449615567348720312e+09 2.929687500000000000e-03 2.593994140625000000e-04 -7.324218750000000000e-04
1.449615567373836279e+09 -2.410888671875000000e-03 -2.944946289062500000e-03 3.356933593750000000e-04
1.449615567399135590e+09 7.934570312500000000e-04 2.593994140625000000e-04 -7.324218750000000000e-04
1.449615567424525976e+09 2.929687500000000000e-03 -8.087158203125000000e-04 -1.800537109375000000e-03
1.449615567449397802e+09 7.934570312500000000e-04 1.327514648437500000e-03 3.356933593750000000e-04
1.449615567474544287e+09 1.861572265625000000e-03 2.593994140625000000e-04 3.356933593750000000e-04
1.449615567499812841e+09 7.934570312500000000e-04 2.395629882812500000e-03 1.403808593750000000e-03
1.449615567525325537e+09 -5.615234375000000000e-03 -8.087158203125000000e-04 -2.868652343750000000e-03
1.449615567550136328e+09 1.861572265625000000e-03 1.327514648437500000e-03 -1.800537109375000000e-03
1.449615567575283051e+09 -2.410888671875000000e-03 1.327514648437500000e-03 -1.800537109375000000e-03
1.449615567600490570e+09 7.934570312500000000e-04 1.327514648437500000e-03 3.540039062500000000e-03
1.449615567626033783e+09 1.861572265625000000e-03 2.593994140625000000e-04 2.471923828125000000e-03
1.449615567650814056e+09 -2.410888671875000000e-03 -8.087158203125000000e-04 3.356933593750000000e-04
1.449615567676051855e+09 -2.746582031250000000e-04 -1.876831054687500000e-03 -2.868652343750000000e-03
1.449615567701228857e+09 7.934570312500000000e-04 2.395629882812500000e-03 -7.324218750000000000e-04
1.449615567726711035e+09 -1.342773437500000000e-03 2.593994140625000000e-04 1.403808593750000000e-03
1.449615567751552582e+09 -3.479003906250000000e-03 2.593994140625000000e-04 1.403808593750000000e-03
1.449615567776698828e+09 -1.342773437500000000e-03 2.593994140625000000e-04 1.403808593750000000e-03
1.449615567801936865e+09 1.861572265625000000e-03 2.593994140625000000e-04 -1.800537109375000000e-03
1.449615567827419043e+09 -1.342773437500000000e-03 2.395629882812500000e-03 -2.868652343750000000e-03
1.449615567852290869e+09 -1.342773437500000000e-03 2.395629882812500000e-03 3.356933593750000000e-04
1.449615567878200293e+09 -1.342773437500000000e-03 1.327514648437500000e-03 1.403808593750000000e-03
1.449615567902675390e+09 2.929687500000000000e-03 -1.876831054687500000e-03 -7.324218750000000000e-04
1.449615567928096533e+09 7.934570312500000000e-04 1.327514648437500000e-03 3.356933593750000000e-04
1.449615567952938080e+09 -1.342773437500000000e-03 2.593994140625000000e-04 2.471923828125000000e-03
1.449615567978114843e+09 2.929687500000000000e-03 2.593994140625000000e-04 -7.324218750000000000e-04
1.449615568003597021e+09 -2.410888671875000000e-03 -8.087158203125000000e-04 -1.800537109375000000e-03
1.449615568028835058e+09 -2.410888671875000000e-03 2.395629882812500000e-03 -1.800537109375000000e-03
1.449615568053707123e+09 7.934570312500000000e-04 -8.087158203125000000e-04 3.356933593750000000e-04
1.449615568078792334e+09 -1.342773437500000000e-03 2.593994140625000000e-04 3.356933593750000000e-04
1.449615568104091406e+09 1.861572265625000000e-03 -1.876831054687500000e-03 -7.324218750000000000e-04
1.449615568129482031e+09 -1.342773437500000000e-03 2.593994140625000000e-04 3.356933593750000000e-04
1.449615568154384375e+09 -1.342773437500000000e-03 -1.876831054687500000e-03 2.471923828125000000e-03
1.449615568179531097e+09 -1.342773437500000000e-03 1.327514648437500000e-03 3.356933593750000000e-04
1.449615568204799414e+09 7.934570312500000000e-04 -8.087158203125000000e-04 1.403808593750000000e-03
1.449615568230281830e+09 -2.746582031250000000e-04 2.593994140625000000e-04 -2.868652343750000000e-03
1.449615568255092382e+09 -2.746582031250000000e-04 1.327514648437500000e-03 -1.800537109375000000e-03
1.449615568280238867e+09 1.861572265625000000e-03 4.531860351562500000e-03 3.356933593750000000e-04
1.449615568305476904e+09 -4.547119140625000000e-03 1.327514648437500000e-03 1.403808593750000000e-03
1.449615568330928564e+09 -2.746582031250000000e-04 -1.876831054687500000e-03 1.403808593750000000e-03
1.449615568355769873e+09 -2.746582031250000000e-04 -8.087158203125000000e-04 -7.324218750000000000e-04
1.449615568380977392e+09 -2.746582031250000000e-04 2.593994140625000000e-04 -7.324218750000000000e-04
1.449615568406184912e+09 -1.342773437500000000e-03 -8.087158203125000000e-04 -1.800537109375000000e-03
1.449615568431636810e+09 1.861572265625000000e-03 -8.087158203125000000e-04 -7.324218750000000000e-04
1.449615568456477880e+09 -2.746582031250000000e-04 2.593994140625000000e-04 -7.324218750000000000e-04
1.449615568481715918e+09 7.934570312500000000e-04 2.593994140625000000e-04 4.608154296875000000e-03
1.449615568506862640e+09 1.861572265625000000e-03 1.327514648437500000e-03 3.540039062500000000e-03
1.449615568532069921e+09 -2.746582031250000000e-04 2.395629882812500000e-03 1.403808593750000000e-03
1.449615568557216406e+09 2.929687500000000000e-03 2.395629882812500000e-03 -7.324218750000000000e-04
1.449615568582973242e+09 7.934570312500000000e-04 1.327514648437500000e-03 3.356933593750000000e-04
1.449615568607600927e+09 -2.746582031250000000e-04 3.463745117187500000e-03 -7.324218750000000000e-04
1.449615568632777929e+09 -3.479003906250000000e-03 2.593994140625000000e-04 1.403808593750000000e-03
1.449615568657955170e+09 -2.746582031250000000e-04 1.327514648437500000e-03 -7.324218750000000000e-04
1.449615568683101416e+09 7.934570312500000000e-04 1.327514648437500000e-03 -2.868652343750000000e-03
1.449615568708278418e+09 -1.342773437500000000e-03 4.531860351562500000e-03 -7.324218750000000000e-04
1.449615568733486176e+09 -2.410888671875000000e-03 -8.087158203125000000e-04 3.356933593750000000e-04
1.449615568758662939e+09 -2.410888671875000000e-03 2.395629882812500000e-03 3.356933593750000000e-04
1.449615568783839941e+09 -2.746582031250000000e-04 -8.087158203125000000e-04 -2.868652343750000000e-03
1.449615568809017181e+09 -1.342773437500000000e-03 2.395629882812500000e-03 -2.868652343750000000e-03
1.449615568834132910e+09 7.934570312500000000e-04 -1.876831054687500000e-03 -1.800537109375000000e-03
1.449615568859370947e+09 -2.746582031250000000e-04 -8.087158203125000000e-04 3.356933593750000000e-04
1.449615568884517431e+09 -1.342773437500000000e-03 1.327514648437500000e-03 3.356933593750000000e-04
1.449615568909724951e+09 2.929687500000000000e-03 1.327514648437500000e-03 3.356933593750000000e-04
1.449615568934932470e+09 7.934570312500000000e-04 1.327514648437500000e-03 -1.800537109375000000e-03
1.449615568960048437e+09 -4.547119140625000000e-03 2.395629882812500000e-03 -1.800537109375000000e-03
1.449615568985255957e+09 -3.479003906250000000e-03 -1.876831054687500000e-03 -1.800537109375000000e-03
1.449615569010432959e+09 7.934570312500000000e-04 -8.087158203125000000e-04 3.356933593750000000e-04
1.449615569035640478e+09 -2.746582031250000000e-04 -2.944946289062500000e-03 3.356933593750000000e-04
1.449615569060786963e+09 2.929687500000000000e-03 -8.087158203125000000e-04 2.471923828125000000e-03
1.449615569085963964e+09 -2.746582031250000000e-04 2.593994140625000000e-04 -7.324218750000000000e-04
1.449615569111141205e+09 2.929687500000000000e-03 -8.087158203125000000e-04 3.356933593750000000e-04
1.449615569136317968e+09 3.997802734375000000e-03 -1.876831054687500000e-03 -7.324218750000000000e-04
1.449615569162563086e+09 7.934570312500000000e-04 -8.087158203125000000e-04 3.356933593750000000e-04
1.449615569186702490e+09 -2.410888671875000000e-03 1.327514648437500000e-03 3.356933593750000000e-04
1.449615569211848974e+09 1.861572265625000000e-03 -8.087158203125000000e-04 3.356933593750000000e-04
1.449615569237056494e+09 7.934570312500000000e-04 2.593994140625000000e-04 3.356933593750000000e-04
1.449615569262233496e+09 -2.410888671875000000e-03 1.327514648437500000e-03 2.471923828125000000e-03
1.449615569287837744e+09 -2.746582031250000000e-04 2.593994140625000000e-04 3.356933593750000000e-04
1.449615569312556982e+09 -3.479003906250000000e-03 -8.087158203125000000e-04 -7.324218750000000000e-04
1.449615569337734222e+09 7.934570312500000000e-04 1.327514648437500000e-03 3.356933593750000000e-04
1.449615569362941504e+09 -2.746582031250000000e-04 1.327514648437500000e-03 -1.800537109375000000e-03
1.449615569388087988e+09 -4.547119140625000000e-03 2.593994140625000000e-04 -5.004882812500000000e-03
1.449615569413234472e+09 7.934570312500000000e-04 -2.944946289062500000e-03 -1.800537109375000000e-03
1.449615569438472509e+09 -2.410888671875000000e-03 2.593994140625000000e-04 3.356933593750000000e-04
1.449615569463649511e+09 -2.410888671875000000e-03 1.327514648437500000e-03 3.356933593750000000e-04
1.449615569488826513e+09 -2.746582031250000000e-04 -8.087158203125000000e-04 -7.324218750000000000e-04
1.449615569514003515e+09 2.929687500000000000e-03 -2.944946289062500000e-03 3.356933593750000000e-04
1.449615569539119720e+09 7.934570312500000000e-04 2.395629882812500000e-03 -7.324218750000000000e-04
1.449615569564357519e+09 2.929687500000000000e-03 2.593994140625000000e-04 3.356933593750000000e-04
1.449615569589473486e+09 7.934570312500000000e-04 2.593994140625000000e-04 -7.324218750000000000e-04
1.449615569614681005e+09 -1.342773437500000000e-03 2.593994140625000000e-04 3.356933593750000000e-04
1.449615569639858246e+09 -1.342773437500000000e-03 -8.087158203125000000e-04 3.356933593750000000e-04
1.449615569665004492e+09 7.934570312500000000e-04 2.593994140625000000e-04 1.403808593750000000e-03
1.449615569690242529e+09 -2.410888671875000000e-03 2.395629882812500000e-03 1.403808593750000000e-03
1.449615569715419531e+09 -2.746582031250000000e-04 -1.876831054687500000e-03 3.356933593750000000e-04
1.449615569740627289e+09 -2.746582031250000000e-04 2.593994140625000000e-04 -7.324218750000000000e-04
1.449615569765773535e+09 7.934570312500000000e-04 2.593994140625000000e-04 1.403808593750000000e-03
1.449615569790950775e+09 -1.342773437500000000e-03 -8.087158203125000000e-04 3.356933593750000000e-04
1.449615569816097021e+09 -1.342773437500000000e-03 1.327514648437500000e-03 -7.324218750000000000e-04
1.449615569841274023e+09 7.934570312500000000e-04 2.593994140625000000e-04 -7.324218750000000000e-04
1.449615569867244482e+09 2.929687500000000000e-03 1.327514648437500000e-03 3.356933593750000000e-04
1.449615569891628027e+09 7.934570312500000000e-04 -1.876831054687500000e-03 2.471923828125000000e-03
1.449615569916774750e+09 -2.746582031250000000e-04 2.593994140625000000e-04 1.403808593750000000e-03
1.449615569941982269e+09 1.861572265625000000e-03 1.327514648437500000e-03 3.356933593750000000e-04
1.449615569967128515e+09 -2.746582031250000000e-04 2.593994140625000000e-04 -1.800537109375000000e-03
1.449615569992458344e+09 7.934570312500000000e-04 2.593994140625000000e-04 -7.324218750000000000e-04
1.449615570017513275e+09 -2.410888671875000000e-03 2.593994140625000000e-04 -7.324218750000000000e-04
1.449615570042659521e+09 2.929687500000000000e-03 -1.876831054687500000e-03 -7.324218750000000000e-04
1.449615570067867041e+09 -2.410888671875000000e-03 1.327514648437500000e-03 -1.800537109375000000e-03
1.449615570093074799e+09 1.861572265625000000e-03 1.327514648437500000e-03 -7.324218750000000000e-04
1.449615570118160009e+09 7.934570312500000000e-04 2.593994140625000000e-04 3.356933593750000000e-04
1.449615570143398046e+09 -2.746582031250000000e-04 2.593994140625000000e-04 -7.324218750000000000e-04
1.449615570168544531e+09 -2.746582031250000000e-04 -8.087158203125000000e-04 -7.324218750000000000e-04
1.449615570193782568e+09 -1.342773437500000000e-03 2.593994140625000000e-04 -1.800537109375000000e-03
1.449615570218959570e+09 2.929687500000000000e-03 1.327514648437500000e-03 -7.324218750000000000e-04
1.449615570244075537e+09 1.861572265625000000e-03 1.327514648437500000e-03 3.540039062500000000e-03
1.449615570269313574e+09 -2.746582031250000000e-04 -8.087158203125000000e-04 3.356933593750000000e-04
1.449615570294460058e+09 -1.342773437500000000e-03 -8.087158203125000000e-04 3.356933593750000000e-04
1.449615570319637299e+09 7.934570312500000000e-04 1.327514648437500000e-03 3.356933593750000000e-04
1.449615570344814062e+09 -2.410888671875000000e-03 2.593994140625000000e-04 1.403808593750000000e-03
1.449615570369991064e+09 -2.746582031250000000e-04 -8.087158203125000000e-04 -7.324218750000000000e-04
1.449615570395198822e+09 -3.479003906250000000e-03 2.593994140625000000e-04 -1.800537109375000000e-03
1.449615570420375586e+09 -4.547119140625000000e-03 2.593994140625000000e-04 -3.936767578125000000e-03
1.449615570445705175e+09 7.934570312500000000e-04 2.593994140625000000e-04 3.356933593750000000e-04
1.449615570470729828e+09 -2.410888671875000000e-03 -2.944946289062500000e-03 3.356933593750000000e-04
1.449615570495845556e+09 -1.342773437500000000e-03 -8.087158203125000000e-04 -7.324218750000000000e-04
1.449615570521053076e+09 -2.746582031250000000e-04 2.593994140625000000e-04 -7.324218750000000000e-04
1.449615570546199560e+09 7.934570312500000000e-04 -2.944946289062500000e-03 -7.324218750000000000e-04
1.449615570571864843e+09 2.929687500000000000e-03 -8.087158203125000000e-04 -1.800537109375000000e-03
1.449615570596614599e+09 1.861572265625000000e-03 2.593994140625000000e-04 3.356933593750000000e-04
1.449615570621791840e+09 7.934570312500000000e-04 2.593994140625000000e-04 3.356933593750000000e-04
1.449615570646968603e+09 -2.746582031250000000e-04 1.327514648437500000e-03 -7.324218750000000000e-04
1.449615570672145605e+09 -3.479003906250000000e-03 -1.876831054687500000e-03 -5.004882812500000000e-03
1.449615570697261572e+09 -2.410888671875000000e-03 3.463745117187500000e-03 -6.072998046875000000e-03
1.449615570722469091e+09 1.861572265625000000e-03 2.593994140625000000e-04 -3.936767578125000000e-03
1.449615570747676611e+09 -2.746582031250000000e-04 2.593994140625000000e-04 -7.324218750000000000e-04
1.449615570772853851e+09 -2.746582031250000000e-04 2.593994140625000000e-04 4.608154296875000000e-03
1.449615570798000097e+09 1.861572265625000000e-03 -8.087158203125000000e-04 4.608154296875000000e-03
1.449615570823146820e+09 7.934570312500000000e-04 -1.876831054687500000e-03 2.471923828125000000e-03
1.449615570848384857e+09 -3.479003906250000000e-03 -1.876831054687500000e-03 3.356933593750000000e-04
1.449615570873561621e+09 5.065917968750000000e-03 -2.944946289062500000e-03 3.540039062500000000e-03
1.449615570898738623e+09 -2.746582031250000000e-04 2.593994140625000000e-04 2.471923828125000000e-03
1.449615570923885107e+09 -1.342773437500000000e-03 -8.087158203125000000e-04 -7.324218750000000000e-04
1.449615570949031591e+09 -2.410888671875000000e-03 1.327514648437500000e-03 -1.800537109375000000e-03
1.449615570974269629e+09 2.929687500000000000e-03 1.327514648437500000e-03 -7.324218750000000000e-04
1.449615570999446869e+09 -1.342773437500000000e-03 2.593994140625000000e-04 3.540039062500000000e-03
1.449615571024623632e+09 7.934570312500000000e-04 -1.876831054687500000e-03 3.540039062500000000e-03
1.449615571049800634e+09 -2.410888671875000000e-03 2.593994140625000000e-04 3.356933593750000000e-04
1.449615571074916601e+09 7.934570312500000000e-04 -1.876831054687500000e-03 -2.868652343750000000e-03
1.449615571100154638e+09 1.861572265625000000e-03 2.593994140625000000e-04 -2.868652343750000000e-03
1.449615571125331640e+09 -2.410888671875000000e-03 -1.876831054687500000e-03 2.471923828125000000e-03
1.449615571151515961e+09 7.934570312500000000e-04 1.327514648437500000e-03 2.471923828125000000e-03
1.449615571175716400e+09 -2.410888671875000000e-03 -1.876831054687500000e-03 -7.324218750000000000e-04
1.449615571200862646e+09 1.861572265625000000e-03 1.327514648437500000e-03 3.356933593750000000e-04
1.449615571226039886e+09 -2.746582031250000000e-04 2.593994140625000000e-04 1.403808593750000000e-03
1.449615571251216650e+09 -2.746582031250000000e-04 -8.087158203125000000e-04 -1.800537109375000000e-03
1.449615571276943207e+09 -2.746582031250000000e-04 2.593994140625000000e-04 -7.324218750000000000e-04
1.449615571301540136e+09 7.934570312500000000e-04 2.593994140625000000e-04 -7.324218750000000000e-04
1.449615571326747656e+09 -2.410888671875000000e-03 3.463745117187500000e-03 1.403808593750000000e-03
1.449615571351894379e+09 2.929687500000000000e-03 2.593994140625000000e-04 4.608154296875000000e-03
1.449615571377071142e+09 -2.746582031250000000e-04 1.327514648437500000e-03 1.403808593750000000e-03
1.449615571402217627e+09 2.929687500000000000e-03 3.463745117187500000e-03 -7.324218750000000000e-04
1.449615571427425385e+09 -1.342773437500000000e-03 1.327514648437500000e-03 -2.868652343750000000e-03
1.449615571452571630e+09 -1.342773437500000000e-03 -8.087158203125000000e-04 -2.868652343750000000e-03
1.449615571477809668e+09 -3.479003906250000000e-03 2.593994140625000000e-04 3.356933593750000000e-04
1.449615571502895117e+09 -1.342773437500000000e-03 2.593994140625000000e-04 1.403808593750000000e-03
1.449615571528102636e+09 2.929687500000000000e-03 2.593994140625000000e-04 3.356933593750000000e-04
1.449615571553615332e+09 -2.746582031250000000e-04 1.327514648437500000e-03 -7.324218750000000000e-04
1.449615571578487396e+09 -2.746582031250000000e-04 1.327514648437500000e-03 2.471923828125000000e-03
1.449615571603603125e+09 1.861572265625000000e-03 2.593994140625000000e-04 1.403808593750000000e-03
1.449615571628841162e+09 -2.746582031250000000e-04 -1.876831054687500000e-03 -1.800537109375000000e-03
1.449615571654262304e+09 1.861572265625000000e-03 2.593994140625000000e-04 -1.800537109375000000e-03
1.449615571679164648e+09 -2.410888671875000000e-03 -8.087158203125000000e-04 1.403808593750000000e-03
1.449615571704311371e+09 -1.342773437500000000e-03 1.327514648437500000e-03 1.403808593750000000e-03
1.449615571729579687e+09 -2.746582031250000000e-04 2.593994140625000000e-04 3.356933593750000000e-04
1.449615571755031347e+09 7.934570312500000000e-04 1.327514648437500000e-03 -7.324218750000000000e-04
1.449615571779872656e+09 -1.342773437500000000e-03 2.395629882812500000e-03 -1.800537109375000000e-03
1.449615571805019140e+09 -2.746582031250000000e-04 -8.087158203125000000e-04 3.356933593750000000e-04
1.449615571830318451e+09 -2.746582031250000000e-04 3.463745117187500000e-03 3.540039062500000000e-03
1.449615571856502295e+09 -2.410888671875000000e-03 -8.087158203125000000e-04 3.356933593750000000e-04
1.449615571880550146e+09 3.997802734375000000e-03 -8.087158203125000000e-04 -2.868652343750000000e-03
1.449615571905788183e+09 -4.547119140625000000e-03 1.327514648437500000e-03 -3.936767578125000000e-03
1.449615571930995703e+09 -2.746582031250000000e-04 -8.087158203125000000e-04 1.403808593750000000e-03
1.449615571956417084e+09 -3.479003906250000000e-03 2.395629882812500000e-03 4.608154296875000000e-03
1.449615571981349945e+09 3.997802734375000000e-03 2.593994140625000000e-04 6.744384765625000000e-03
1.449615572006740570e+09 -2.746582031250000000e-04 -1.876831054687500000e-03 -7.324218750000000000e-04
1.449615572031642675e+09 3.997802734375000000e-03 -8.087158203125000000e-04 -1.800537109375000000e-03
1.449615572057155371e+09 2.929687500000000000e-03 -1.876831054687500000e-03 -2.868652343750000000e-03
1.449615572081935644e+09 -2.410888671875000000e-03 2.395629882812500000e-03 3.356933593750000000e-04
1.449615572107661963e+09 2.929687500000000000e-03 2.593994140625000000e-04 3.356933593750000000e-04
1.449615572132350683e+09 -1.342773437500000000e-03 -8.087158203125000000e-04 -1.800537109375000000e-03
1.449615572157832861e+09 -4.547119140625000000e-03 2.395629882812500000e-03 -5.004882812500000000e-03
1.449615572182674170e+09 1.861572265625000000e-03 1.327514648437500000e-03 -7.324218750000000000e-04
1.449615572207820892e+09 -2.746582031250000000e-04 1.327514648437500000e-03 3.356933593750000000e-04
1.449615572233028412e+09 2.929687500000000000e-03 -8.087158203125000000e-04 3.356933593750000000e-04
1.449615572258510351e+09 -2.746582031250000000e-04 -8.087158203125000000e-04 1.403808593750000000e-03
1.449615572283382177e+09 1.861572265625000000e-03 1.327514648437500000e-03 2.471923828125000000e-03
1.449615572308528662e+09 -3.479003906250000000e-03 -8.087158203125000000e-04 -2.868652343750000000e-03
1.449615572333766699e+09 1.861572265625000000e-03 -1.876831054687500000e-03 -1.034545898437500000e-02
1.449615572359157562e+09 -2.746582031250000000e-04 2.593994140625000000e-04 -7.141113281250000000e-03
1.449615572384059668e+09 1.861572265625000000e-03 2.395629882812500000e-03 3.540039062500000000e-03
1.449615572409236670e+09 -2.746582031250000000e-04 3.463745117187500000e-03 7.812500000000000000e-03
1.449615572434505224e+09 7.934570312500000000e-04 -2.944946289062500000e-03 1.403808593750000000e-03
1.449615572459956884e+09 3.997802734375000000e-03 -8.087158203125000000e-04 -7.324218750000000000e-04
1.449615572484798193e+09 -3.479003906250000000e-03 4.531860351562500000e-03 -7.324218750000000000e-04
1.449615572509914160e+09 -1.342773437500000000e-03 2.593994140625000000e-04 -7.324218750000000000e-04
1.449615572535213232e+09 -2.746582031250000000e-04 -2.944946289062500000e-03 3.356933593750000000e-04
1.449615572561031103e+09 -2.410888671875000000e-03 1.327514648437500000e-03 1.403808593750000000e-03
1.449615572585475922e+09 7.934570312500000000e-04 2.593994140625000000e-04 -1.800537109375000000e-03
1.449615572610713959e+09 1.861572265625000000e-03 2.593994140625000000e-04 -1.800537109375000000e-03
1.449615572635890722e+09 1.861572265625000000e-03 2.593994140625000000e-04 1.403808593750000000e-03
1.449615572661342382e+09 2.929687500000000000e-03 -8.087158203125000000e-04 5.676269531250000000e-03
1.449615572686214209e+09 1.861572265625000000e-03 2.593994140625000000e-04 6.744384765625000000e-03
1.449615572711360693e+09 7.934570312500000000e-04 -2.944946289062500000e-03 5.676269531250000000e-03
1.449615572736629248e+09 -1.342773437500000000e-03 1.327514648437500000e-03 3.356933593750000000e-04
1.449615572762080908e+09 -2.746582031250000000e-04 2.593994140625000000e-04 -7.141113281250000000e-03
1.449615572786891699e+09 -4.547119140625000000e-03 -1.876831054687500000e-03 -8.209228515625000000e-03
1.449615572812099218e+09 -3.479003906250000000e-03 1.327514648437500000e-03 -2.868652343750000000e-03
1.449615572837306976e+09 7.934570312500000000e-04 -8.087158203125000000e-04 2.471923828125000000e-03
1.449615572862788916e+09 3.997802734375000000e-03 -8.087158203125000000e-04 1.403808593750000000e-03
1.449615572887630224e+09 -2.746582031250000000e-04 -1.876831054687500000e-03 3.540039062500000000e-03
1.449615572912776709e+09 2.929687500000000000e-03 2.395629882812500000e-03 6.744384765625000000e-03
1.449615572938014746e+09 7.934570312500000000e-04 2.593994140625000000e-04 -2.868652343750000000e-03
1.449615572963496923e+09 -2.746582031250000000e-04 2.593994140625000000e-04 -5.004882812500000000e-03
1.449615572988368988e+09 -2.746582031250000000e-04 2.593994140625000000e-04 -3.936767578125000000e-03
1.449615573013484716e+09 -2.410888671875000000e-03 2.593994140625000000e-04 -5.004882812500000000e-03
1.449615573038783789e+09 -1.342773437500000000e-03 2.395629882812500000e-03 -3.936767578125000000e-03
1.449615573064174652e+09 5.065917968750000000e-03 2.593994140625000000e-04 3.540039062500000000e-03
1.449615573089046240e+09 2.929687500000000000e-03 2.593994140625000000e-04 5.676269531250000000e-03
1.449615573114192963e+09 3.997802734375000000e-03 -8.087158203125000000e-04 1.403808593750000000e-03
1.449615573140498877e+09 -2.746582031250000000e-04 2.593994140625000000e-04 2.471923828125000000e-03
1.449615573164973974e+09 -2.410888671875000000e-03 2.593994140625000000e-04 2.471923828125000000e-03
1.449615573189780474e+09 -2.410888671875000000e-03 1.327514648437500000e-03 -3.936767578125000000e-03
1.449615573214926958e+09 -2.410888671875000000e-03 2.395629882812500000e-03 -5.004882812500000000e-03
1.449615573240195513e+09 3.997802734375000000e-03 -8.087158203125000000e-04 2.471923828125000000e-03
1.449615573265830517e+09 -1.342773437500000000e-03 1.327514648437500000e-03 5.676269531250000000e-03
1.449615573290427446e+09 7.934570312500000000e-04 -8.087158203125000000e-04 1.403808593750000000e-03
1.449615573315665483e+09 -2.746582031250000000e-04 1.327514648437500000e-03 3.356933593750000000e-04
1.449615573340903521e+09 -2.746582031250000000e-04 -8.087158203125000000e-04 -3.936767578125000000e-03
1.449615573366355181e+09 7.934570312500000000e-04 2.593994140625000000e-04 -3.936767578125000000e-03
1.449615573391165972e+09 7.934570312500000000e-04 1.327514648437500000e-03 -2.868652343750000000e-03
1.449615573416312695e+09 7.934570312500000000e-04 -1.876831054687500000e-03 -1.800537109375000000e-03
1.449615573441550493e+09 -2.746582031250000000e-04 -2.944946289062500000e-03 -2.868652343750000000e-03
1.449615573467032671e+09 -2.410888671875000000e-03 1.327514648437500000e-03 1.403808593750000000e-03
1.449615573491873980e+09 7.934570312500000000e-04 2.593994140625000000e-04 4.608154296875000000e-03
1.449615573518393755e+09 7.934570312500000000e-04 -1.876831054687500000e-03 1.403808593750000000e-03
1.449615573542258501e+09 -1.342773437500000000e-03 1.327514648437500000e-03 -7.324218750000000000e-04
1.449615573567740679e+09 1.861572265625000000e-03 1.327514648437500000e-03 -3.936767578125000000e-03
1.449615573592612505e+09 7.934570312500000000e-04 -8.087158203125000000e-04 -7.324218750000000000e-04
1.449615573617728472e+09 1.861572265625000000e-03 2.593994140625000000e-04 2.471923828125000000e-03
1.449615573642935991e+09 -2.746582031250000000e-04 1.327514648437500000e-03 2.471923828125000000e-03
1.449615573668448687e+09 -2.746582031250000000e-04 -8.087158203125000000e-04 3.356933593750000000e-04
1.449615573693320513e+09 1.861572265625000000e-03 2.593994140625000000e-04 3.356933593750000000e-04
1.449615573718436718e+09 -1.342773437500000000e-03 2.395629882812500000e-03 -7.324218750000000000e-04
1.449615573743705034e+09 7.934570312500000000e-04 -8.087158203125000000e-04 -7.324218750000000000e-04
1.449615573769126177e+09 1.861572265625000000e-03 -1.876831054687500000e-03 -2.868652343750000000e-03
1.449615573794028521e+09 -2.410888671875000000e-03 -8.087158203125000000e-04 -2.868652343750000000e-03
1.449615573819144487e+09 2.929687500000000000e-03 1.327514648437500000e-03 -7.324218750000000000e-04
1.449615573845114946e+09 7.934570312500000000e-04 1.327514648437500000e-03 1.403808593750000000e-03
1.449615573869895220e+09 1.861572265625000000e-03 -1.876831054687500000e-03 -2.868652343750000000e-03
1.449615573894767046e+09 -2.746582031250000000e-04 -8.087158203125000000e-04 -1.800537109375000000e-03
1.449615573919913530e+09 -4.547119140625000000e-03 -1.876831054687500000e-03 -3.936767578125000000e-03
1.449615573945151567e+09 -2.410888671875000000e-03 -8.087158203125000000e-04 1.403808593750000000e-03
1.449615573970664263e+09 -1.342773437500000000e-03 2.593994140625000000e-04 3.540039062500000000e-03
1.449615573995414019e+09 1.861572265625000000e-03 -8.087158203125000000e-04 2.471923828125000000e-03
1.449615574020652056e+09 7.934570312500000000e-04 2.593994140625000000e-04 3.356933593750000000e-04
1.449615574045859575e+09 2.929687500000000000e-03 2.395629882812500000e-03 -2.868652343750000000e-03
1.449615574071311474e+09 1.861572265625000000e-03 -1.876831054687500000e-03 -1.800537109375000000e-03
1.449615574096152544e+09 -1.342773437500000000e-03 2.593994140625000000e-04 -7.324218750000000000e-04
1.449615574121299028e+09 -2.410888671875000000e-03 2.593994140625000000e-04 1.403808593750000000e-03
1.449615574146567583e+09 -1.342773437500000000e-03 2.395629882812500000e-03 3.356933593750000000e-04
1.449615574172049761e+09 -2.410888671875000000e-03 -8.087158203125000000e-04 3.356933593750000000e-04
1.449615574196830034e+09 -2.410888671875000000e-03 -8.087158203125000000e-04 3.356933593750000000e-04
1.449615574222007036e+09 7.934570312500000000e-04 2.593994140625000000e-04 1.403808593750000000e-03
1.449615574247275591e+09 -2.746582031250000000e-04 1.327514648437500000e-03 3.356933593750000000e-04
1.449615574272727251e+09 -1.342773437500000000e-03 2.593994140625000000e-04 -7.324218750000000000e-04
1.449615574297538042e+09 -2.746582031250000000e-04 1.327514648437500000e-03 -2.868652343750000000e-03
1.449615574322715044e+09 -2.746582031250000000e-04 -1.876831054687500000e-03 3.356933593750000000e-04
1.449615574347922802e+09 7.934570312500000000e-04 3.463745117187500000e-03 1.403808593750000000e-03
1.449615574373435497e+09 2.929687500000000000e-03 -8.087158203125000000e-04 2.471923828125000000e-03
1.449615574398307085e+09 -2.410888671875000000e-03 -8.087158203125000000e-04 3.356933593750000000e-04
1.449615574423423052e+09 7.934570312500000000e-04 -8.087158203125000000e-04 -2.868652343750000000e-03
1.449615574448691607e+09 -2.410888671875000000e-03 2.593994140625000000e-04 -1.800537109375000000e-03
1.449615574474051952e+09 7.934570312500000000e-04 -1.876831054687500000e-03 1.403808593750000000e-03
1.449615574498954058e+09 -1.342773437500000000e-03 2.593994140625000000e-04 3.356933593750000000e-04
1.449615574524100542e+09 -1.342773437500000000e-03 2.593994140625000000e-04 -2.868652343750000000e-03
1.449615574549796343e+09 -2.746582031250000000e-04 1.327514648437500000e-03 3.356933593750000000e-04
1.449615574574851274e+09 -1.342773437500000000e-03 3.463745117187500000e-03 3.356933593750000000e-04
1.449615574599662066e+09 -2.746582031250000000e-04 -1.876831054687500000e-03 1.403808593750000000e-03
1.449615574624839067e+09 -1.342773437500000000e-03 2.593994140625000000e-04 3.356933593750000000e-04
1.449615574650138140e+09 -2.746582031250000000e-04 1.327514648437500000e-03 3.356933593750000000e-04
1.449615574675559521e+09 7.934570312500000000e-04 2.593994140625000000e-04 3.356933593750000000e-04
1.449615574700370073e+09 1.861572265625000000e-03 2.395629882812500000e-03 -1.800537109375000000e-03
1.449615574725577831e+09 1.861572265625000000e-03 -8.087158203125000000e-04 3.356933593750000000e-04
1.449615574750815630e+09 -2.746582031250000000e-04 -8.087158203125000000e-04 -1.800537109375000000e-03
1.449615574776267290e+09 -1.342773437500000000e-03 1.327514648437500000e-03 -2.868652343750000000e-03
1.449615574801108837e+09 -3.479003906250000000e-03 1.327514648437500000e-03 1.403808593750000000e-03
1.449615574826285601e+09 1.861572265625000000e-03 -8.087158203125000000e-04 1.403808593750000000e-03
1.449615574851523638e+09 -2.410888671875000000e-03 -8.087158203125000000e-04 -7.324218750000000000e-04
1.449615574877005816e+09 1.861572265625000000e-03 1.327514648437500000e-03 -7.324218750000000000e-04
1.449615574901786089e+09 -2.746582031250000000e-04 1.327514648437500000e-03 1.403808593750000000e-03
1.449615574926963091e+09 -2.746582031250000000e-04 -8.087158203125000000e-04 3.540039062500000000e-03
1.449615574952231646e+09 -2.746582031250000000e-04 -1.876831054687500000e-03 1.403808593750000000e-03
1.449615574977652788e+09 1.861572265625000000e-03 1.327514648437500000e-03 -7.324218750000000000e-04
1.449615575002494097e+09 2.929687500000000000e-03 2.593994140625000000e-04 -1.800537109375000000e-03
1.449615575027671099e+09 -1.342773437500000000e-03 2.395629882812500000e-03 -1.800537109375000000e-03
1.449615575052878618e+09 -2.746582031250000000e-04 2.593994140625000000e-04 3.356933593750000000e-04
1.449615575078391314e+09 -3.479003906250000000e-03 2.593994140625000000e-04 3.356933593750000000e-04
1.449615575103202105e+09 -2.746582031250000000e-04 -8.087158203125000000e-04 -1.800537109375000000e-03
1.449615575129233599e+09 7.934570312500000000e-04 2.593994140625000000e-04 -1.800537109375000000e-03
1.449615575153617144e+09 -3.479003906250000000e-03 2.593994140625000000e-04 3.356933593750000000e-04
1.449615575179069042e+09 -2.746582031250000000e-04 2.395629882812500000e-03 1.403808593750000000e-03
1.449615575203910112e+09 1.861572265625000000e-03 2.593994140625000000e-04 1.403808593750000000e-03
1.449615575229087114e+09 -2.746582031250000000e-04 1.327514648437500000e-03 -1.800537109375000000e-03
1.449615575254538774e+09 7.934570312500000000e-04 2.593994140625000000e-04 -1.800537109375000000e-03
1.449615575279776812e+09 -1.342773437500000000e-03 2.395629882812500000e-03 -7.324218750000000000e-04
1.449615575304648638e+09 -2.410888671875000000e-03 -8.087158203125000000e-04 1.403808593750000000e-03
1.449615575329795122e+09 -3.479003906250000000e-03 -8.087158203125000000e-04 -7.324218750000000000e-04
1.449615575355033159e+09 1.861572265625000000e-03 2.395629882812500000e-03 1.403808593750000000e-03
1.449615575380484819e+09 -2.410888671875000000e-03 2.593994140625000000e-04 -1.800537109375000000e-03
1.449615575405326128e+09 2.929687500000000000e-03 2.593994140625000000e-04 -7.324218750000000000e-04
1.449615575430533648e+09 2.929687500000000000e-03 -8.087158203125000000e-04 3.356933593750000000e-04
1.449615575455741167e+09 -2.746582031250000000e-04 1.327514648437500000e-03 -7.324218750000000000e-04
1.449615575481193066e+09 -2.410888671875000000e-03 -1.876831054687500000e-03 -2.868652343750000000e-03
1.449615575506064653e+09 -2.746582031250000000e-04 1.327514648437500000e-03 3.356933593750000000e-04
1.449615575531211376e+09 -1.342773437500000000e-03 2.593994140625000000e-04 3.540039062500000000e-03
1.449615575556479692e+09 -1.342773437500000000e-03 2.593994140625000000e-04 3.356933593750000000e-04
1.449615575581656933e+09 1.861572265625000000e-03 -8.087158203125000000e-04 -1.800537109375000000e-03
1.449615575606803179e+09 -1.342773437500000000e-03 -8.087158203125000000e-04 -7.324218750000000000e-04
1.449615575631949663e+09 -1.342773437500000000e-03 2.593994140625000000e-04 -2.868652343750000000e-03
1.449615575657187939e+09 -2.410888671875000000e-03 1.327514648437500000e-03 3.356933593750000000e-04
1.449615575682334185e+09 -2.410888671875000000e-03 1.327514648437500000e-03 4.608154296875000000e-03
1.449615575707541704e+09 -2.746582031250000000e-04 1.327514648437500000e-03 3.540039062500000000e-03
1.449615575732718945e+09 7.934570312500000000e-04 -8.087158203125000000e-04 -2.868652343750000000e-03
1.449615575757834673e+09 -2.410888671875000000e-03 2.593994140625000000e-04 -3.936767578125000000e-03
1.449615575783042192e+09 7.934570312500000000e-04 2.593994140625000000e-04 -1.800537109375000000e-03
1.449615575808249950e+09 -2.410888671875000000e-03 1.327514648437500000e-03 1.403808593750000000e-03
1.449615575834128618e+09 -2.746582031250000000e-04 -8.087158203125000000e-04 3.540039062500000000e-03
1.449615575858603716e+09 2.929687500000000000e-03 2.395629882812500000e-03 -1.800537109375000000e-03
1.449615575883719683e+09 7.934570312500000000e-04 2.593994140625000000e-04 -5.004882812500000000e-03
1.449615575908927202e+09 1.861572265625000000e-03 -8.087158203125000000e-04 -2.868652343750000000e-03
1.449615575934104204e+09 7.934570312500000000e-04 -8.087158203125000000e-04 2.471923828125000000e-03
1.449615575959403276e+09 -2.746582031250000000e-04 -1.876831054687500000e-03 5.676269531250000000e-03
1.449615575984458208e+09 1.861572265625000000e-03 2.593994140625000000e-04 1.403808593750000000e-03
1.449615576009604692e+09 -2.746582031250000000e-04 3.463745117187500000e-03 -3.936767578125000000e-03
1.449615576034812212e+09 1.861572265625000000e-03 1.327514648437500000e-03 -5.004882812500000000e-03
1.449615576059989214e+09 7.934570312500000000e-04 -8.087158203125000000e-04 -7.324218750000000000e-04
1.449615576085166454e+09 7.934570312500000000e-04 -1.876831054687500000e-03 2.471923828125000000e-03
1.449615576110404253e+09 -1.342773437500000000e-03 2.593994140625000000e-04 3.356933593750000000e-04
1.449615576135520220e+09 1.861572265625000000e-03 -8.087158203125000000e-04 1.403808593750000000e-03
1.449615576160758257e+09 -2.746582031250000000e-04 2.593994140625000000e-04 1.403808593750000000e-03
1.449615576185935259e+09 -1.342773437500000000e-03 -4.013061523437500000e-03 3.356933593750000000e-04
1.449615576211051226e+09 1.861572265625000000e-03 2.593994140625000000e-04 1.403808593750000000e-03
1.449615576236258745e+09 -2.410888671875000000e-03 2.593994140625000000e-04 3.540039062500000000e-03
1.449615576261405230e+09 -2.746582031250000000e-04 -2.944946289062500000e-03 2.471923828125000000e-03
1.449615576286612749e+09 -1.342773437500000000e-03 2.593994140625000000e-04 2.471923828125000000e-03
1.449615576311789751e+09 1.861572265625000000e-03 -8.087158203125000000e-04 2.471923828125000000e-03
1.449615576336936235e+09 -1.342773437500000000e-03 2.593994140625000000e-04 -7.324218750000000000e-04
1.449615576362143755e+09 3.997802734375000000e-03 1.327514648437500000e-03 -1.800537109375000000e-03
1.449615576387290478e+09 -3.479003906250000000e-03 1.327514648437500000e-03 3.356933593750000000e-04
1.449615576412467241e+09 1.861572265625000000e-03 2.593994140625000000e-04 3.540039062500000000e-03
1.449615576437644243e+09 -2.410888671875000000e-03 3.463745117187500000e-03 -1.800537109375000000e-03
1.449615576462790728e+09 2.929687500000000000e-03 2.593994140625000000e-04 -8.209228515625000000e-03
1.449615576487998247e+09 1.861572265625000000e-03 1.327514648437500000e-03 -1.141357421875000000e-02
1.449615576513175249e+09 -2.746582031250000000e-04 1.327514648437500000e-03 -1.034545898437500000e-02
1.449615576539176226e+09 -2.746582031250000000e-04 1.327514648437500000e-03 -1.800537109375000000e-03
1.449615576563468218e+09 -2.410888671875000000e-03 -1.876831054687500000e-03 4.608154296875000000e-03
1.449615576588980913e+09 -2.746582031250000000e-04 1.327514648437500000e-03 4.608154296875000000e-03
1.449615576613852739e+09 -2.746582031250000000e-04 -1.876831054687500000e-03 -7.324218750000000000e-04
1.449615576638968945e+09 1.861572265625000000e-03 -8.087158203125000000e-04 -7.324218750000000000e-04
1.449615576664206743e+09 1.861572265625000000e-03 1.327514648437500000e-03 3.356933593750000000e-04
1.449615576689688921e+09 7.934570312500000000e-04 -8.087158203125000000e-04 3.540039062500000000e-03
1.449615576714560747e+09 1.861572265625000000e-03 -1.876831054687500000e-03 1.403808593750000000e-03
1.449615576739707232e+09 2.929687500000000000e-03 -8.087158203125000000e-04 2.471923828125000000e-03
1.449615576764975786e+09 1.861572265625000000e-03 -8.087158203125000000e-04 1.403808593750000000e-03
1.449615576790396929e+09 -2.746582031250000000e-04 2.593994140625000000e-04 -2.868652343750000000e-03
1.449615576815238237e+09 1.861572265625000000e-03 -8.087158203125000000e-04 2.471923828125000000e-03
1.449615576840415239e+09 1.861572265625000000e-03 -8.087158203125000000e-04 3.540039062500000000e-03
1.449615576865683794e+09 7.934570312500000000e-04 1.327514648437500000e-03 1.403808593750000000e-03
1.449615576891104937e+09 -2.410888671875000000e-03 1.327514648437500000e-03 -2.868652343750000000e-03
1.449615576916007519e+09 -2.410888671875000000e-03 2.593994140625000000e-04 -8.209228515625000000e-03
1.449615576941153765e+09 -1.342773437500000000e-03 -1.876831054687500000e-03 -3.936767578125000000e-03
1.449615576966361284e+09 3.997802734375000000e-03 -1.876831054687500000e-03 6.744384765625000000e-03
1.449615576991843700e+09 2.929687500000000000e-03 1.327514648437500000e-03 6.744384765625000000e-03
1.449615577016654253e+09 -2.410888671875000000e-03 -1.876831054687500000e-03 -7.324218750000000000e-04
1.449615577041831255e+09 1.861572265625000000e-03 2.593994140625000000e-04 -1.800537109375000000e-03
1.449615577067069292e+09 7.934570312500000000e-04 1.327514648437500000e-03 3.356933593750000000e-04
1.449615577092551470e+09 2.929687500000000000e-03 -1.876831054687500000e-03 3.356933593750000000e-04
1.449615577118400097e+09 -2.746582031250000000e-04 1.327514648437500000e-03 -7.324218750000000000e-04
1.449615577142539263e+09 7.934570312500000000e-04 2.593994140625000000e-04 -5.004882812500000000e-03
1.449615577167777300e+09 -2.410888671875000000e-03 2.593994140625000000e-04 -5.004882812500000000e-03
1.449615577193259478e+09 -2.746582031250000000e-04 2.593994140625000000e-04 3.356933593750000000e-04
1.449615577218070269e+09 -2.746582031250000000e-04 -8.087158203125000000e-04 6.744384765625000000e-03
1.449615577243827105e+09 -2.410888671875000000e-03 2.395629882812500000e-03 2.471923828125000000e-03
1.449615577268485308e+09 -1.342773437500000000e-03 -1.876831054687500000e-03 3.356933593750000000e-04
1.449615577293967724e+09 5.065917968750000000e-03 2.593994140625000000e-04 1.403808593750000000e-03
1.449615577318778276e+09 1.861572265625000000e-03 -8.087158203125000000e-04 1.403808593750000000e-03
1.449615577343924761e+09 -2.746582031250000000e-04 1.327514648437500000e-03 1.403808593750000000e-03
1.449615577369132280e+09 7.934570312500000000e-04 1.327514648437500000e-03 2.471923828125000000e-03
1.449615577394644976e+09 7.934570312500000000e-04 3.463745117187500000e-03 2.471923828125000000e-03
1.449615577419486284e+09 7.934570312500000000e-04 2.593994140625000000e-04 4.608154296875000000e-03
1.449615577444632769e+09 -2.746582031250000000e-04 -8.087158203125000000e-04 2.471923828125000000e-03
1.449615577469901323e+09 -1.342773437500000000e-03 2.593994140625000000e-04 3.356933593750000000e-04
1.449615577495352983e+09 -2.746582031250000000e-04 2.593994140625000000e-04 -3.936767578125000000e-03
1.449615577520194292e+09 2.929687500000000000e-03 2.593994140625000000e-04 -8.209228515625000000e-03
1.449615577545890093e+09 -2.746582031250000000e-04 2.395629882812500000e-03 -3.936767578125000000e-03
1.449615577570639849e+09 -3.479003906250000000e-03 1.327514648437500000e-03 1.403808593750000000e-03
1.449615577596091747e+09 1.861572265625000000e-03 2.593994140625000000e-04 5.676269531250000000e-03
1.449615577620932817e+09 -2.746582031250000000e-04 -8.087158203125000000e-04 1.403808593750000000e-03
1.449615577646048784e+09 1.861572265625000000e-03 1.327514648437500000e-03 -7.324218750000000000e-04
1.449615577671317339e+09 -2.746582031250000000e-04 -2.944946289062500000e-03 -7.324218750000000000e-04
1.449615577696768999e+09 -2.746582031250000000e-04 -1.876831054687500000e-03 -2.868652343750000000e-03
1.449615577721610308e+09 1.861572265625000000e-03 2.593994140625000000e-04 3.356933593750000000e-04
1.449615577746756792e+09 -3.479003906250000000e-03 -8.087158203125000000e-04 1.403808593750000000e-03
1.449615577771994829e+09 -1.342773437500000000e-03 -8.087158203125000000e-04 -7.324218750000000000e-04
1.449615577797446489e+09 2.929687500000000000e-03 -8.087158203125000000e-04 3.356933593750000000e-04
1.449615577823142290e+09 7.934570312500000000e-04 -8.087158203125000000e-04 2.471923828125000000e-03
1.449615577847464800e+09 -1.342773437500000000e-03 2.593994140625000000e-04 2.471923828125000000e-03
1.449615577872733355e+09 1.861572265625000000e-03 -1.876831054687500000e-03 3.356933593750000000e-04
1.449615577898185015e+09 7.934570312500000000e-04 2.395629882812500000e-03 -7.324218750000000000e-04
1.449615577923026323e+09 7.934570312500000000e-04 -8.087158203125000000e-04 3.356933593750000000e-04
1.449615577948142290e+09 1.861572265625000000e-03 2.593994140625000000e-04 3.356933593750000000e-04
1.449615577973410845e+09 1.861572265625000000e-03 2.593994140625000000e-04 3.356933593750000000e-04
1.449615577998893023e+09 -2.410888671875000000e-03 1.327514648437500000e-03 -7.324218750000000000e-04
1.449615578023765087e+09 7.934570312500000000e-04 -8.087158203125000000e-04 -2.868652343750000000e-03
1.449615578048880816e+09 1.861572265625000000e-03 1.327514648437500000e-03 -2.868652343750000000e-03
1.449615578074118853e+09 -2.746582031250000000e-04 2.593994140625000000e-04 -3.936767578125000000e-03
1.449615578099570513e+09 -2.746582031250000000e-04 1.327514648437500000e-03 2.471923828125000000e-03
1.449615578124472857e+09 1.861572265625000000e-03 2.593994140625000000e-04 1.403808593750000000e-03
1.449615578149588823e+09 2.929687500000000000e-03 -1.876831054687500000e-03 2.471923828125000000e-03
1.449615578174826860e+09 7.934570312500000000e-04 2.593994140625000000e-04 1.403808593750000000e-03
1.449615578200309038e+09 -2.410888671875000000e-03 2.395629882812500000e-03 3.356933593750000000e-04
1.449615578225150347e+09 -1.342773437500000000e-03 1.327514648437500000e-03 3.356933593750000000e-04
1.449615578250327349e+09 -2.746582031250000000e-04 -8.087158203125000000e-04 -1.800537109375000000e-03
1.449615578275534868e+09 -1.342773437500000000e-03 1.327514648437500000e-03 -2.868652343750000000e-03
1.449615578301047564e+09 7.934570312500000000e-04 -1.876831054687500000e-03 3.356933593750000000e-04
1.449615578325858355e+09 -2.746582031250000000e-04 1.327514648437500000e-03 1.403808593750000000e-03
1.449615578351004839e+09 7.934570312500000000e-04 -1.876831054687500000e-03 3.356933593750000000e-04
1.449615578376242876e+09 -3.479003906250000000e-03 2.395629882812500000e-03 -7.324218750000000000e-04
1.449615578401755571e+09 1.861572265625000000e-03 -1.876831054687500000e-03 -1.800537109375000000e-03
1.449615578426535845e+09 -3.479003906250000000e-03 -8.087158203125000000e-04 3.356933593750000000e-04
1.449615578451712847e+09 -1.342773437500000000e-03 -8.087158203125000000e-04 1.403808593750000000e-03
1.449615578476950884e+09 -2.410888671875000000e-03 1.327514648437500000e-03 -7.324218750000000000e-04
1.449615578502402544e+09 -2.746582031250000000e-04 2.395629882812500000e-03 -2.868652343750000000e-03
1.449615578527884722e+09 2.929687500000000000e-03 1.327514648437500000e-03 -7.324218750000000000e-04
1.449615578552817583e+09 -1.342773437500000000e-03 -1.876831054687500000e-03 1.403808593750000000e-03
1.449615578577689409e+09 -3.479003906250000000e-03 -1.876831054687500000e-03 -7.324218750000000000e-04
1.449615578603141069e+09 -1.342773437500000000e-03 -1.876831054687500000e-03 -2.868652343750000000e-03
1.449615578627982378e+09 1.861572265625000000e-03 2.593994140625000000e-04 -1.800537109375000000e-03
1.449615578653739214e+09 -5.615234375000000000e-03 -8.087158203125000000e-04 -1.800537109375000000e-03
1.449615578678397417e+09 1.861572265625000000e-03 1.327514648437500000e-03 1.403808593750000000e-03
1.449615578703879595e+09 7.934570312500000000e-04 -1.876831054687500000e-03 -7.324218750000000000e-04
1.449615578728690386e+09 1.861572265625000000e-03 1.327514648437500000e-03 3.356933593750000000e-04
1.449615578753836870e+09 2.929687500000000000e-03 1.327514648437500000e-03 -7.324218750000000000e-04
1.449615578779044390e+09 7.934570312500000000e-04 2.593994140625000000e-04 1.403808593750000000e-03
1.449615578804587603e+09 7.934570312500000000e-04 1.327514648437500000e-03 3.356933593750000000e-04
1.449615578829459429e+09 1.861572265625000000e-03 1.327514648437500000e-03 3.356933593750000000e-04
1.449615578854575396e+09 7.934570312500000000e-04 2.395629882812500000e-03 -1.800537109375000000e-03
1.449615578879844189e+09 -1.342773437500000000e-03 -8.087158203125000000e-04 -7.324218750000000000e-04
1.449615578905265093e+09 -1.342773437500000000e-03 2.593994140625000000e-04 3.356933593750000000e-04
1.449615578930136919e+09 -3.479003906250000000e-03 -1.876831054687500000e-03 -1.800537109375000000e-03
1.449615578955313921e+09 7.934570312500000000e-04 2.593994140625000000e-04 3.356933593750000000e-04
1.449615578980551958e+09 -1.342773437500000000e-03 1.327514648437500000e-03 3.356933593750000000e-04
1.449615579006003618e+09 -2.746582031250000000e-04 1.327514648437500000e-03 3.356933593750000000e-04
1.449615579030875444e+09 -2.746582031250000000e-04 -8.087158203125000000e-04 -7.324218750000000000e-04
1.449615579056021929e+09 -2.746582031250000000e-04 -8.087158203125000000e-04 1.403808593750000000e-03
1.449615579081229687e+09 -2.746582031250000000e-04 -8.087158203125000000e-04 -7.324218750000000000e-04
1.449615579106681108e+09 2.929687500000000000e-03 -8.087158203125000000e-04 2.471923828125000000e-03
1.449615579131491899e+09 7.934570312500000000e-04 1.327514648437500000e-03 3.356933593750000000e-04
1.449615579156760693e+09 2.929687500000000000e-03 -8.087158203125000000e-04 -2.868652343750000000e-03
1.449615579181967974e+09 7.934570312500000000e-04 1.327514648437500000e-03 -2.868652343750000000e-03
1.449615579207389116e+09 -5.615234375000000000e-03 1.327514648437500000e-03 -1.800537109375000000e-03
1.449615579232688189e+09 -2.746582031250000000e-04 -8.087158203125000000e-04 1.403808593750000000e-03
1.449615579257376909e+09 -2.746582031250000000e-04 -8.087158203125000000e-04 1.403808593750000000e-03
1.449615579282614946e+09 7.934570312500000000e-04 -8.087158203125000000e-04 3.356933593750000000e-04
1.449615579308097124e+09 7.934570312500000000e-04 -8.087158203125000000e-04 3.356933593750000000e-04
1.449615579332907915e+09 -1.342773437500000000e-03 2.593994140625000000e-04 -7.324218750000000000e-04
1.449615579358573198e+09 7.934570312500000000e-04 1.327514648437500000e-03 3.356933593750000000e-04
1.449615579383353710e+09 2.929687500000000000e-03 -1.876831054687500000e-03 -2.868652343750000000e-03
1.449615579408774614e+09 7.934570312500000000e-04 2.593994140625000000e-04 3.356933593750000000e-04
1.449615579433646441e+09 -2.410888671875000000e-03 2.593994140625000000e-04 -7.324218750000000000e-04
1.449615579458792925e+09 1.861572265625000000e-03 2.593994140625000000e-04 3.356933593750000000e-04
1.449615579484000444e+09 2.929687500000000000e-03 1.327514648437500000e-03 3.356933593750000000e-04
1.449615579509513140e+09 -2.410888671875000000e-03 -8.087158203125000000e-04 3.356933593750000000e-04
1.449615579534323931e+09 -1.342773437500000000e-03 1.327514648437500000e-03 -2.868652343750000000e-03
1.449615579559928417e+09 -1.342773437500000000e-03 -8.087158203125000000e-04 -7.324218750000000000e-04
