1.449314181508183718e+09 1.081848144531250000e-02 4.699707031250000000e-03 -5.889892578125000000e-03
1.449314181532689333e+09 -1.998901367187500000e-03 -6.408691406250000000e-04 2.655029296875000000e-03
1.449314181557927370e+09 1.205444335937500000e-03 4.272460937500000000e-04 5.187988281250000000e-04
1.449314181583012819e+09 1.373291015625000000e-04 -6.408691406250000000e-04 5.187988281250000000e-04
1.449314181608250856e+09 1.373291015625000000e-04 2.563476562500000000e-03 5.187988281250000000e-04
1.449314181633458376e+09 -9.307861328125000000e-04 2.563476562500000000e-03 1.586914062500000000e-03
1.449314181658605099e+09 3.341674804687500000e-03 -1.708984375000000000e-03 5.187988281250000000e-04
1.449314181683721066e+09 -3.067016601562500000e-03 2.563476562500000000e-03 5.187988281250000000e-04
1.449314181708958864e+09 1.373291015625000000e-04 4.272460937500000000e-04 1.586914062500000000e-03
1.449314181734105349e+09 -9.307861328125000000e-04 -6.408691406250000000e-04 1.586914062500000000e-03
1.449314181759282351e+09 -9.307861328125000000e-04 -1.708984375000000000e-03 5.187988281250000000e-04
1.449314181784489870e+09 -9.307861328125000000e-04 -1.708984375000000000e-03 -5.493164062500000000e-04
1.449314181809636354e+09 -9.307861328125000000e-04 4.272460937500000000e-04 5.187988281250000000e-04
1.449314181834935665e+09 1.373291015625000000e-04 1.495361328125000000e-03 5.187988281250000000e-04
1.449314181860020876e+09 1.205444335937500000e-03 1.495361328125000000e-03 1.586914062500000000e-03
1.449314181885258913e+09 -1.998901367187500000e-03 4.272460937500000000e-04 -5.493164062500000000e-04
1.449314181910374880e+09 -3.067016601562500000e-03 -6.408691406250000000e-04 -5.493164062500000000e-04
1.449314181935521603e+09 -9.307861328125000000e-04 -6.408691406250000000e-04 5.187988281250000000e-04
1.449314181960759640e+09 1.205444335937500000e-03 -6.408691406250000000e-04 5.187988281250000000e-04
1.449314181985936642e+09 -1.998901367187500000e-03 1.495361328125000000e-03 5.187988281250000000e-04
1.449314182011998415e+09 1.205444335937500000e-03 1.495361328125000000e-03 -5.493164062500000000e-04
1.449314182036260128e+09 -9.307861328125000000e-04 1.495361328125000000e-03 -5.493164062500000000e-04
1.449314182061436892e+09 -4.135131835937500000e-03 1.495361328125000000e-03 -5.493164062500000000e-04
1.449314182086644411e+09 1.373291015625000000e-04 -1.708984375000000000e-03 -5.493164062500000000e-04
1.449314182111791134e+09 1.373291015625000000e-04 -6.408691406250000000e-04 5.187988281250000000e-04
1.449314182137181759e+09 -9.307861328125000000e-04 -6.408691406250000000e-04 -5.493164062500000000e-04
1.449314182162175417e+09 -1.998901367187500000e-03 -1.708984375000000000e-03 -1.617431640625000000e-03
1.449314182187322140e+09 3.341674804687500000e-03 -6.408691406250000000e-04 -5.493164062500000000e-04
1.449314182212498903e+09 -1.998901367187500000e-03 -6.408691406250000000e-04 -5.493164062500000000e-04
1.449314182237676144e+09 1.205444335937500000e-03 1.495361328125000000e-03 5.187988281250000000e-04
1.449314182262822390e+09 1.373291015625000000e-04 1.495361328125000000e-03 5.187988281250000000e-04
1.449314182288029909e+09 -9.307861328125000000e-04 -6.408691406250000000e-04 5.187988281250000000e-04
1.449314182313207150e+09 2.273559570312500000e-03 1.495361328125000000e-03 -5.493164062500000000e-04
1.449314182338384151e+09 1.373291015625000000e-04 1.495361328125000000e-03 5.187988281250000000e-04
1.449314182363530397e+09 1.373291015625000000e-04 1.495361328125000000e-03 1.586914062500000000e-03
1.449314182388707638e+09 -1.998901367187500000e-03 -1.708984375000000000e-03 5.187988281250000000e-04
1.449314182413915157e+09 1.373291015625000000e-04 -1.708984375000000000e-03 -5.493164062500000000e-04
1.449314182439091921e+09 1.205444335937500000e-03 2.563476562500000000e-03 5.187988281250000000e-04
1.449314182464329958e+09 -1.998901367187500000e-03 1.495361328125000000e-03 5.187988281250000000e-04
1.449314182489446163e+09 -9.307861328125000000e-04 -1.708984375000000000e-03 5.187988281250000000e-04
1.449314182514622927e+09 -3.067016601562500000e-03 -6.408691406250000000e-04 5.187988281250000000e-04
1.449314182539830446e+09 -9.307861328125000000e-04 4.272460937500000000e-04 -5.493164062500000000e-04
1.449314182564977169e+09 1.205444335937500000e-03 -1.708984375000000000e-03 -5.493164062500000000e-04
1.449314182591374874e+09 1.373291015625000000e-04 4.272460937500000000e-04 5.187988281250000000e-04
1.449314182615391970e+09 1.373291015625000000e-04 1.495361328125000000e-03 5.187988281250000000e-04
1.449314182640508175e+09 1.373291015625000000e-04 2.563476562500000000e-03 -5.493164062500000000e-04
1.449314182665715456e+09 2.273559570312500000e-03 4.272460937500000000e-04 1.586914062500000000e-03
1.449314182690922976e+09 -9.307861328125000000e-04 1.495361328125000000e-03 5.187988281250000000e-04
1.449314182716527462e+09 -4.135131835937500000e-03 -6.408691406250000000e-04 5.187988281250000000e-04
1.449314182741215944e+09 1.373291015625000000e-04 -1.708984375000000000e-03 5.187988281250000000e-04
1.449314182766393185e+09 2.273559570312500000e-03 -1.708984375000000000e-03 -5.493164062500000000e-04
1.449314182791600704e+09 -1.998901367187500000e-03 -6.408691406250000000e-04 -5.493164062500000000e-04
1.449314182816777468e+09 3.341674804687500000e-03 -1.708984375000000000e-03 1.586914062500000000e-03
1.449314182841924191e+09 -9.307861328125000000e-04 4.272460937500000000e-04 -5.493164062500000000e-04
1.449314182867192507e+09 2.273559570312500000e-03 -6.408691406250000000e-04 2.655029296875000000e-03
1.449314182892277956e+09 3.341674804687500000e-03 4.272460937500000000e-04 -5.493164062500000000e-04
1.449314182917485476e+09 -9.307861328125000000e-04 -6.408691406250000000e-04 -5.493164062500000000e-04
1.449314182942662716e+09 1.373291015625000000e-04 1.495361328125000000e-03 5.187988281250000000e-04
1.449314182967717648e+09 4.409790039062500000e-03 -1.708984375000000000e-03 1.586914062500000000e-03
1.449314182992955685e+09 -1.998901367187500000e-03 -6.408691406250000000e-04 -5.493164062500000000e-04
1.449314183018132448e+09 -9.307861328125000000e-04 -6.408691406250000000e-04 5.187988281250000000e-04
1.449314183043279171e+09 1.373291015625000000e-04 1.495361328125000000e-03 -5.493164062500000000e-04
1.449314183068517208e+09 -9.307861328125000000e-04 -6.408691406250000000e-04 -5.493164062500000000e-04
1.449314183093602657e+09 1.373291015625000000e-04 2.563476562500000000e-03 1.586914062500000000e-03
1.449314183118840694e+09 -9.307861328125000000e-04 -6.408691406250000000e-04 -5.493164062500000000e-04
1.449314183144017696e+09 1.373291015625000000e-04 4.272460937500000000e-04 5.187988281250000000e-04
1.449314183170262814e+09 1.373291015625000000e-04 -1.708984375000000000e-03 -5.493164062500000000e-04
1.449314183194401979e+09 1.373291015625000000e-04 4.272460937500000000e-04 1.586914062500000000e-03
1.449314183219548702e+09 -3.067016601562500000e-03 -1.708984375000000000e-03 5.187988281250000000e-04
1.449314183244756222e+09 1.373291015625000000e-04 -1.708984375000000000e-03 -5.493164062500000000e-04
1.449314183269932985e+09 1.205444335937500000e-03 -6.408691406250000000e-04 5.187988281250000000e-04
1.449314183295323610e+09 -1.998901367187500000e-03 -6.408691406250000000e-04 -5.493164062500000000e-04
1.449314183320286989e+09 1.205444335937500000e-03 -6.408691406250000000e-04 -5.493164062500000000e-04
1.449314183345433712e+09 -1.998901367187500000e-03 2.563476562500000000e-03 5.187988281250000000e-04
1.449314183370671511e+09 -1.998901367187500000e-03 -6.408691406250000000e-04 -5.493164062500000000e-04
1.449314183395909548e+09 -1.998901367187500000e-03 -1.708984375000000000e-03 1.586914062500000000e-03
1.449314183420994997e+09 1.373291015625000000e-04 -6.408691406250000000e-04 5.187988281250000000e-04
1.449314183446172237e+09 -9.307861328125000000e-04 1.495361328125000000e-03 5.187988281250000000e-04
1.449314183471318483e+09 -9.307861328125000000e-04 4.272460937500000000e-04 -5.493164062500000000e-04
1.449314183496526003e+09 1.373291015625000000e-04 4.272460937500000000e-04 5.187988281250000000e-04
1.449314183521703243e+09 1.205444335937500000e-03 -3.845214843750000000e-03 5.187988281250000000e-04
1.449314183546849489e+09 1.205444335937500000e-03 -6.408691406250000000e-04 -5.493164062500000000e-04
1.449314183572087526e+09 -1.998901367187500000e-03 4.272460937500000000e-04 5.187988281250000000e-04
1.449314183597234249e+09 -1.998901367187500000e-03 4.272460937500000000e-04 -5.493164062500000000e-04
1.449314183622411013e+09 3.341674804687500000e-03 4.272460937500000000e-04 5.187988281250000000e-04
1.449314183647588015e+09 1.373291015625000000e-04 -6.408691406250000000e-04 5.187988281250000000e-04
1.449314183672734737e+09 1.373291015625000000e-04 -1.708984375000000000e-03 -5.493164062500000000e-04
1.449314183697942019e+09 1.373291015625000000e-04 -6.408691406250000000e-04 -1.617431640625000000e-03
1.449314183723119020e+09 2.273559570312500000e-03 4.272460937500000000e-04 1.586914062500000000e-03
1.449314183749364138e+09 1.373291015625000000e-04 -1.708984375000000000e-03 5.187988281250000000e-04
1.449314183773473024e+09 -4.135131835937500000e-03 -6.408691406250000000e-04 5.187988281250000000e-04
1.449314183798619747e+09 4.409790039062500000e-03 -3.845214843750000000e-03 -5.493164062500000000e-04
1.449314183823857546e+09 -3.067016601562500000e-03 2.563476562500000000e-03 1.586914062500000000e-03
1.449314183849004030e+09 1.373291015625000000e-04 4.272460937500000000e-04 5.187988281250000000e-04
1.449314183874577999e+09 -9.307861328125000000e-04 4.272460937500000000e-04 -5.493164062500000000e-04
1.449314183899358273e+09 1.205444335937500000e-03 -6.408691406250000000e-04 1.586914062500000000e-03
1.449314183924504519e+09 1.373291015625000000e-04 -6.408691406250000000e-04 -5.493164062500000000e-04
1.449314183949712038e+09 -9.307861328125000000e-04 -1.708984375000000000e-03 5.187988281250000000e-04
1.449314183974889278e+09 3.341674804687500000e-03 -6.408691406250000000e-04 5.187988281250000000e-04
1.449314184000005007e+09 1.205444335937500000e-03 -1.708984375000000000e-03 -5.493164062500000000e-04
1.449314184025212765e+09 1.205444335937500000e-03 -6.408691406250000000e-04 5.187988281250000000e-04
1.449314184050389767e+09 -9.307861328125000000e-04 4.272460937500000000e-04 -5.493164062500000000e-04
1.449314184075627804e+09 1.373291015625000000e-04 -1.708984375000000000e-03 1.586914062500000000e-03
1.449314184100804567e+09 -4.135131835937500000e-03 -1.708984375000000000e-03 -5.493164062500000000e-04
1.449314184125951290e+09 1.205444335937500000e-03 -6.408691406250000000e-04 5.187988281250000000e-04
1.449314184151097536e+09 -1.998901367187500000e-03 -6.408691406250000000e-04 -5.493164062500000000e-04
1.449314184176305056e+09 1.373291015625000000e-04 -2.777099609375000000e-03 -1.617431640625000000e-03
1.449314184201482296e+09 -1.998901367187500000e-03 -6.408691406250000000e-04 -5.493164062500000000e-04
1.449314184226689816e+09 1.373291015625000000e-04 -1.708984375000000000e-03 -5.493164062500000000e-04
1.449314184251866579e+09 -1.998901367187500000e-03 -2.777099609375000000e-03 5.187988281250000000e-04
1.449314184277013302e+09 -9.307861328125000000e-04 -6.408691406250000000e-04 -5.493164062500000000e-04
1.449314184302190065e+09 1.373291015625000000e-04 -6.408691406250000000e-04 -5.493164062500000000e-04
1.449314184327367067e+09 -9.307861328125000000e-04 4.272460937500000000e-04 -5.493164062500000000e-04
1.449314184352574825e+09 1.373291015625000000e-04 1.495361328125000000e-03 1.586914062500000000e-03
1.449314184377721071e+09 1.205444335937500000e-03 -6.408691406250000000e-04 5.187988281250000000e-04
1.449314184402898073e+09 -9.307861328125000000e-04 1.495361328125000000e-03 1.586914062500000000e-03
1.449314184428075314e+09 1.373291015625000000e-04 -1.708984375000000000e-03 -5.493164062500000000e-04
1.449314184453710079e+09 -3.067016601562500000e-03 2.563476562500000000e-03 5.187988281250000000e-04
1.449314184478429079e+09 1.205444335937500000e-03 4.272460937500000000e-04 5.187988281250000000e-04
1.449314184503606319e+09 1.205444335937500000e-03 1.495361328125000000e-03 -5.493164062500000000e-04
1.449314184528783083e+09 -1.998901367187500000e-03 4.272460937500000000e-04 -5.493164062500000000e-04
1.449314184553960085e+09 1.205444335937500000e-03 -6.408691406250000000e-04 5.187988281250000000e-04
1.449314184579076052e+09 -1.998901367187500000e-03 -6.408691406250000000e-04 -5.493164062500000000e-04
1.449314184604314089e+09 -3.067016601562500000e-03 1.495361328125000000e-03 5.187988281250000000e-04
1.449314184629460812e+09 4.409790039062500000e-03 -1.708984375000000000e-03 5.187988281250000000e-04
1.449314184654668331e+09 1.373291015625000000e-04 -6.408691406250000000e-04 5.187988281250000000e-04
1.449314184679845095e+09 -1.998901367187500000e-03 1.495361328125000000e-03 5.187988281250000000e-04
1.449314184704961300e+09 1.373291015625000000e-04 2.563476562500000000e-03 -5.493164062500000000e-04
1.449314184730260134e+09 1.205444335937500000e-03 1.495361328125000000e-03 5.187988281250000000e-04
1.449314184755406857e+09 1.205444335937500000e-03 -6.408691406250000000e-04 1.586914062500000000e-03
1.449314184780553102e+09 -1.998901367187500000e-03 -1.708984375000000000e-03 1.586914062500000000e-03
1.449314184805760860e+09 -4.135131835937500000e-03 3.631591796875000000e-03 -5.493164062500000000e-04
1.449314184830907106e+09 2.273559570312500000e-03 -6.408691406250000000e-04 5.187988281250000000e-04
1.449314184856084108e+09 1.373291015625000000e-04 -2.777099609375000000e-03 -1.617431640625000000e-03
1.449314184881261349e+09 1.373291015625000000e-04 -6.408691406250000000e-04 1.586914062500000000e-03
1.449314184906468868e+09 -9.307861328125000000e-04 -6.408691406250000000e-04 -5.493164062500000000e-04
1.449314184931615114e+09 -9.307861328125000000e-04 4.272460937500000000e-04 5.187988281250000000e-04
1.449314184956761599e+09 1.205444335937500000e-03 -6.408691406250000000e-04 -5.493164062500000000e-04
1.449314184981938601e+09 2.273559570312500000e-03 1.495361328125000000e-03 5.187988281250000000e-04
1.449314185007115841e+09 1.373291015625000000e-04 -1.708984375000000000e-03 -5.493164062500000000e-04
1.449314185032750607e+09 1.373291015625000000e-04 1.495361328125000000e-03 5.187988281250000000e-04
1.449314185057469606e+09 -9.307861328125000000e-04 1.495361328125000000e-03 5.187988281250000000e-04
1.449314185082677364e+09 -1.998901367187500000e-03 3.631591796875000000e-03 -1.617431640625000000e-03
1.449314185107854366e+09 3.341674804687500000e-03 4.272460937500000000e-04 1.586914062500000000e-03
1.449314185133000612e+09 1.205444335937500000e-03 4.272460937500000000e-04 -5.493164062500000000e-04
1.449314185158147335e+09 1.373291015625000000e-04 1.495361328125000000e-03 5.187988281250000000e-04
1.449314185183415890e+09 1.373291015625000000e-04 -6.408691406250000000e-04 1.586914062500000000e-03
1.449314185208562136e+09 -3.067016601562500000e-03 -6.408691406250000000e-04 5.187988281250000000e-04
1.449314185233739376e+09 1.373291015625000000e-04 4.272460937500000000e-04 5.187988281250000000e-04
1.449314185258916378e+09 -9.307861328125000000e-04 -6.408691406250000000e-04 -5.493164062500000000e-04
1.449314185284062624e+09 2.273559570312500000e-03 -6.408691406250000000e-04 5.187988281250000000e-04
1.449314185309300661e+09 2.273559570312500000e-03 2.563476562500000000e-03 2.655029296875000000e-03
1.449314185334477901e+09 -1.998901367187500000e-03 4.272460937500000000e-04 5.187988281250000000e-04
1.449314185359624147e+09 1.205444335937500000e-03 1.495361328125000000e-03 1.586914062500000000e-03
1.449314185384801388e+09 1.205444335937500000e-03 4.272460937500000000e-04 5.187988281250000000e-04
1.449314185409947634e+09 -9.307861328125000000e-04 -2.777099609375000000e-03 5.187988281250000000e-04
1.449314185435216427e+09 -3.067016601562500000e-03 2.563476562500000000e-03 5.187988281250000000e-04
1.449314185460362673e+09 -9.307861328125000000e-04 4.272460937500000000e-04 5.187988281250000000e-04
1.449314185485722780e+09 1.373291015625000000e-04 -1.708984375000000000e-03 -5.493164062500000000e-04
1.449314185510747433e+09 -1.998901367187500000e-03 4.272460937500000000e-04 -5.493164062500000000e-04
1.449314185535893679e+09 -9.307861328125000000e-04 -6.408691406250000000e-04 5.187988281250000000e-04
1.449314185561040401e+09 -1.998901367187500000e-03 4.272460937500000000e-04 1.586914062500000000e-03
1.449314185586217165e+09 -9.307861328125000000e-04 4.699707031250000000e-03 -5.493164062500000000e-04
1.449314185612004519e+09 -1.998901367187500000e-03 -6.408691406250000000e-04 5.187988281250000000e-04
1.449314185636601925e+09 1.373291015625000000e-04 -6.408691406250000000e-04 1.586914062500000000e-03
1.449314185661748171e+09 -1.998901367187500000e-03 4.272460937500000000e-04 -5.493164062500000000e-04
1.449314185686925411e+09 1.373291015625000000e-04 4.272460937500000000e-04 5.187988281250000000e-04
1.449314185712102413e+09 -9.307861328125000000e-04 1.495361328125000000e-03 -5.493164062500000000e-04
1.449314185737248659e+09 2.273559570312500000e-03 -6.408691406250000000e-04 -5.493164062500000000e-04
1.449314185762456417e+09 -9.307861328125000000e-04 1.495361328125000000e-03 5.187988281250000000e-04
1.449314185787633419e+09 2.273559570312500000e-03 -6.408691406250000000e-04 -5.493164062500000000e-04
1.449314185812840700e+09 1.373291015625000000e-04 -1.708984375000000000e-03 5.187988281250000000e-04
1.449314185837956905e+09 -1.998901367187500000e-03 2.563476562500000000e-03 5.187988281250000000e-04
1.449314185863072872e+09 2.273559570312500000e-03 -6.408691406250000000e-04 5.187988281250000000e-04
1.449314185888341188e+09 1.373291015625000000e-04 -6.408691406250000000e-04 5.187988281250000000e-04
1.449314185913518429e+09 -1.998901367187500000e-03 1.495361328125000000e-03 -5.493164062500000000e-04
1.449314185938695431e+09 1.205444335937500000e-03 1.495361328125000000e-03 1.586914062500000000e-03
1.449314185963841677e+09 2.273559570312500000e-03 -6.408691406250000000e-04 5.187988281250000000e-04
1.449314185988957644e+09 2.273559570312500000e-03 4.272460937500000000e-04 5.187988281250000000e-04
1.449314186014195681e+09 2.441406250000000000e-03 -1.602172851562500000e-03 -7.171630859375000000e-04
1.449314186039372683e+09 1.373291015625000000e-03 2.670288085937500000e-03 1.419067382812500000e-03
1.449314186064580441e+09 -1.831054687500000000e-03 -1.602172851562500000e-03 -7.171630859375000000e-04
1.449314186089757442e+09 3.051757812500000000e-04 -5.340576171875000000e-04 -7.171630859375000000e-04
1.449314186114873409e+09 3.051757812500000000e-04 5.340576171875000000e-04 3.509521484375000000e-04
1.449314186140080929e+09 3.051757812500000000e-04 2.670288085937500000e-03 3.509521484375000000e-04
1.449314186165257692e+09 1.373291015625000000e-03 5.340576171875000000e-04 -7.171630859375000000e-04
1.449314186191106319e+09 -7.629394531250000000e-04 -1.602172851562500000e-03 -7.171630859375000000e-04
1.449314186215642452e+09 2.441406250000000000e-03 2.670288085937500000e-03 -7.171630859375000000e-04
1.449314186240819454e+09 -7.629394531250000000e-04 3.738403320312500000e-03 -7.171630859375000000e-04
1.449314186265996218e+09 -7.629394531250000000e-04 5.340576171875000000e-04 3.509521484375000000e-04
1.449314186291173458e+09 -1.831054687500000000e-03 5.340576171875000000e-04 3.509521484375000000e-04
1.449314186316350222e+09 -7.629394531250000000e-04 -5.340576171875000000e-04 3.509521484375000000e-04
1.449314186341527224e+09 2.441406250000000000e-03 2.670288085937500000e-03 3.509521484375000000e-04
1.449314186366704464e+09 -7.629394531250000000e-04 -5.340576171875000000e-04 1.419067382812500000e-03
1.449314186391881227e+09 3.051757812500000000e-04 -1.602172851562500000e-03 3.509521484375000000e-04
1.449314186417058229e+09 -7.629394531250000000e-04 -5.340576171875000000e-04 -7.171630859375000000e-04
1.449314186442204952e+09 2.441406250000000000e-03 -5.340576171875000000e-04 -7.171630859375000000e-04
1.449314186467412233e+09 3.051757812500000000e-04 1.602172851562500000e-03 -1.785278320312500000e-03
1.449314186492589235e+09 3.051757812500000000e-04 1.602172851562500000e-03 3.509521484375000000e-04
1.449314186517766476e+09 3.509521484375000000e-03 1.602172851562500000e-03 -7.171630859375000000e-04
1.449314186542973995e+09 -2.899169921875000000e-03 -1.602172851562500000e-03 3.509521484375000000e-04
1.449314186568089962e+09 2.441406250000000000e-03 5.340576171875000000e-04 3.509521484375000000e-04
1.449314186593327761e+09 3.051757812500000000e-04 5.340576171875000000e-04 3.509521484375000000e-04
1.449314186618474245e+09 2.441406250000000000e-03 -1.602172851562500000e-03 3.509521484375000000e-04
1.449314186643651247e+09 -1.831054687500000000e-03 -1.602172851562500000e-03 3.509521484375000000e-04
1.449314186668858767e+09 2.441406250000000000e-03 5.340576171875000000e-04 3.509521484375000000e-04
1.449314186693944216e+09 3.051757812500000000e-04 -5.340576171875000000e-04 3.509521484375000000e-04
1.449314186719182253e+09 -7.629394531250000000e-04 -5.340576171875000000e-04 3.509521484375000000e-04
1.449314186744359493e+09 3.051757812500000000e-04 -5.340576171875000000e-04 -7.171630859375000000e-04
1.449314186770390749e+09 -1.831054687500000000e-03 -5.340576171875000000e-04 -7.171630859375000000e-04
1.449314186794713259e+09 2.441406250000000000e-03 5.340576171875000000e-04 3.509521484375000000e-04
1.449314186819859982e+09 -7.629394531250000000e-04 -1.602172851562500000e-03 -7.171630859375000000e-04
1.449314186845067263e+09 1.373291015625000000e-03 5.340576171875000000e-04 3.509521484375000000e-04
1.449314186870274782e+09 3.051757812500000000e-04 5.340576171875000000e-04 3.509521484375000000e-04
1.449314186895634890e+09 -1.831054687500000000e-03 1.602172851562500000e-03 -1.785278320312500000e-03
1.449314186920659542e+09 -7.629394531250000000e-04 -5.340576171875000000e-04 3.509521484375000000e-04
1.449314186945805788e+09 -1.831054687500000000e-03 -1.602172851562500000e-03 -7.171630859375000000e-04
1.449314186971013308e+09 -1.831054687500000000e-03 1.602172851562500000e-03 3.509521484375000000e-04
1.449314186996220827e+09 2.441406250000000000e-03 -2.670288085937500000e-03 3.509521484375000000e-04
1.449314187021336794e+09 -2.899169921875000000e-03 5.340576171875000000e-04 1.419067382812500000e-03
1.449314187046514034e+09 3.051757812500000000e-04 -5.340576171875000000e-04 -1.785278320312500000e-03
1.449314187071691036e+09 -7.629394531250000000e-04 -1.602172851562500000e-03 -7.171630859375000000e-04
1.449314187096898317e+09 -2.899169921875000000e-03 -5.340576171875000000e-04 3.509521484375000000e-04
1.449314187122075319e+09 1.373291015625000000e-03 -5.340576171875000000e-04 1.419067382812500000e-03
1.449314187147191286e+09 3.051757812500000000e-04 5.340576171875000000e-04 3.509521484375000000e-04
1.449314187172368288e+09 -1.831054687500000000e-03 -5.340576171875000000e-04 3.509521484375000000e-04
1.449314187197545528e+09 3.051757812500000000e-04 -1.602172851562500000e-03 -7.171630859375000000e-04
1.449314187222722292e+09 3.051757812500000000e-04 5.340576171875000000e-04 -7.171630859375000000e-04
1.449314187247899294e+09 3.051757812500000000e-04 5.340576171875000000e-04 3.509521484375000000e-04
1.449314187273046017e+09 1.373291015625000000e-03 -2.670288085937500000e-03 3.509521484375000000e-04
1.449314187298314571e+09 -7.629394531250000000e-04 2.670288085937500000e-03 3.509521484375000000e-04
1.449314187323430300e+09 3.051757812500000000e-04 5.340576171875000000e-04 3.509521484375000000e-04
1.449314187349492550e+09 1.373291015625000000e-03 5.340576171875000000e-04 3.509521484375000000e-04
1.449314187373815060e+09 2.441406250000000000e-03 1.602172851562500000e-03 1.419067382812500000e-03
1.449314187398961306e+09 3.051757812500000000e-04 -1.602172851562500000e-03 3.509521484375000000e-04
1.449314187424199343e+09 1.373291015625000000e-03 -5.340576171875000000e-04 3.509521484375000000e-04
1.449314187449346066e+09 1.373291015625000000e-03 5.340576171875000000e-04 -7.171630859375000000e-04
1.449314187474644899e+09 1.373291015625000000e-03 5.340576171875000000e-04 2.487182617187500000e-03
1.449314187499760866e+09 3.509521484375000000e-03 -5.340576171875000000e-04 -1.785278320312500000e-03
1.449314187524846315e+09 1.373291015625000000e-03 -5.340576171875000000e-04 3.509521484375000000e-04
1.449314187550023317e+09 -2.899169921875000000e-03 -1.602172851562500000e-03 3.509521484375000000e-04
1.449314187575261354e+09 3.509521484375000000e-03 -5.340576171875000000e-04 1.419067382812500000e-03
1.449314187600468874e+09 -7.629394531250000000e-04 5.340576171875000000e-04 -1.785278320312500000e-03
1.449314187625615358e+09 3.509521484375000000e-03 -1.602172851562500000e-03 3.509521484375000000e-04
1.449314187650762081e+09 -1.831054687500000000e-03 5.340576171875000000e-04 -7.171630859375000000e-04
1.449314187676000118e+09 3.051757812500000000e-04 -5.340576171875000000e-04 -1.785278320312500000e-03
1.449314187701115847e+09 -7.629394531250000000e-04 -5.340576171875000000e-04 1.419067382812500000e-03
1.449314187726293087e+09 -1.831054687500000000e-03 5.340576171875000000e-04 -1.785278320312500000e-03
1.449314187751439333e+09 2.441406250000000000e-03 -5.340576171875000000e-04 3.509521484375000000e-04
1.449314187776677370e+09 -7.629394531250000000e-04 -5.340576171875000000e-04 3.509521484375000000e-04
1.449314187801854372e+09 2.441406250000000000e-03 5.340576171875000000e-04 3.509521484375000000e-04
1.449314187827031612e+09 1.373291015625000000e-03 -5.340576171875000000e-04 1.419067382812500000e-03
1.449314187852147341e+09 -1.831054687500000000e-03 5.340576171875000000e-04 3.509521484375000000e-04
1.449314187877324581e+09 -3.967285156250000000e-03 5.340576171875000000e-04 -7.171630859375000000e-04
1.449314187902501345e+09 -1.831054687500000000e-03 1.602172851562500000e-03 3.509521484375000000e-04
1.449314187928838253e+09 -1.831054687500000000e-03 5.340576171875000000e-04 3.509521484375000000e-04
1.449314187952886105e+09 -7.629394531250000000e-04 5.340576171875000000e-04 -7.171630859375000000e-04
1.449314187977941036e+09 3.051757812500000000e-04 -5.340576171875000000e-04 1.419067382812500000e-03
1.449314188003179073e+09 3.051757812500000000e-04 1.602172851562500000e-03 -7.171630859375000000e-04
1.449314188028355837e+09 3.051757812500000000e-04 -5.340576171875000000e-04 -7.171630859375000000e-04
1.449314188053929806e+09 3.051757812500000000e-04 -1.602172851562500000e-03 3.509521484375000000e-04
1.449314188078740597e+09 2.441406250000000000e-03 -1.602172851562500000e-03 3.509521484375000000e-04
1.449314188103886843e+09 -7.629394531250000000e-04 3.738403320312500000e-03 3.509521484375000000e-04
1.449314188129125118e+09 2.441406250000000000e-03 -5.340576171875000000e-04 3.509521484375000000e-04
1.449314188154301882e+09 1.373291015625000000e-03 -2.670288085937500000e-03 -7.171630859375000000e-04
1.449314188179387331e+09 1.373291015625000000e-03 -5.340576171875000000e-04 3.509521484375000000e-04
1.449314188204625368e+09 3.051757812500000000e-04 1.602172851562500000e-03 -7.171630859375000000e-04
1.449314188229772091e+09 -7.629394531250000000e-04 -5.340576171875000000e-04 -1.785278320312500000e-03
1.449314188255010128e+09 -7.629394531250000000e-04 -3.738403320312500000e-03 -7.171630859375000000e-04
1.449314188280217648e+09 -7.629394531250000000e-04 2.670288085937500000e-03 3.509521484375000000e-04
1.449314188305363894e+09 -1.831054687500000000e-03 -1.602172851562500000e-03 3.509521484375000000e-04
1.449314188330541134e+09 -2.899169921875000000e-03 1.602172851562500000e-03 3.509521484375000000e-04
1.449314188355687380e+09 -7.629394531250000000e-04 -5.340576171875000000e-04 3.509521484375000000e-04
1.449314188380894899e+09 -1.831054687500000000e-03 5.340576171875000000e-04 3.509521484375000000e-04
1.449314188406041622e+09 2.441406250000000000e-03 1.602172851562500000e-03 3.509521484375000000e-04
1.449314188431248903e+09 3.051757812500000000e-04 -1.602172851562500000e-03 3.509521484375000000e-04
1.449314188456425905e+09 3.051757812500000000e-04 2.670288085937500000e-03 3.509521484375000000e-04
1.449314188481603146e+09 -7.629394531250000000e-04 1.602172851562500000e-03 3.509521484375000000e-04
1.449314188506841183e+09 -1.831054687500000000e-03 5.340576171875000000e-04 3.509521484375000000e-04
1.449314188531987429e+09 -1.831054687500000000e-03 5.340576171875000000e-04 3.509521484375000000e-04
1.449314188557164431e+09 -7.629394531250000000e-04 1.602172851562500000e-03 1.419067382812500000e-03
1.449314188582341671e+09 3.051757812500000000e-04 -1.602172851562500000e-03 -1.785278320312500000e-03
1.449314188607487917e+09 1.373291015625000000e-03 5.340576171875000000e-04 3.509521484375000000e-04
1.449314188633122921e+09 1.373291015625000000e-03 5.340576171875000000e-04 3.509521484375000000e-04
1.449314188657841921e+09 -1.831054687500000000e-03 -5.340576171875000000e-04 -7.171630859375000000e-04
1.449314188682988644e+09 1.373291015625000000e-03 -1.602172851562500000e-03 3.509521484375000000e-04
1.449314188708165646e+09 1.373291015625000000e-03 -1.602172851562500000e-03 -7.171630859375000000e-04
1.449314188733311892e+09 -7.629394531250000000e-04 5.340576171875000000e-04 -7.171630859375000000e-04
1.449314188758458376e+09 -7.629394531250000000e-04 1.602172851562500000e-03 3.509521484375000000e-04
1.449314188783727169e+09 -5.035400390625000000e-03 -5.340576171875000000e-04 -7.171630859375000000e-04
1.449314188808903933e+09 1.373291015625000000e-03 1.602172851562500000e-03 -7.171630859375000000e-04
1.449314188834080935e+09 -1.831054687500000000e-03 1.602172851562500000e-03 1.419067382812500000e-03
1.449314188859227657e+09 1.373291015625000000e-03 5.340576171875000000e-04 -7.171630859375000000e-04
1.449314188884373903e+09 3.051757812500000000e-04 5.340576171875000000e-04 1.419067382812500000e-03
1.449314188909611940e+09 -2.899169921875000000e-03 -1.602172851562500000e-03 -7.171630859375000000e-04
1.449314188934819698e+09 -7.629394531250000000e-04 1.602172851562500000e-03 -7.171630859375000000e-04
1.449314188959965944e+09 1.373291015625000000e-03 5.340576171875000000e-04 -7.171630859375000000e-04
1.449314188985203981e+09 1.373291015625000000e-03 -1.602172851562500000e-03 3.509521484375000000e-04
1.449314189010350704e+09 2.441406250000000000e-03 -1.602172851562500000e-03 3.509521484375000000e-04
1.449314189035558224e+09 3.051757812500000000e-04 5.340576171875000000e-04 3.509521484375000000e-04
1.449314189060734987e+09 -1.831054687500000000e-03 -5.340576171875000000e-04 3.509521484375000000e-04
1.449314189085881710e+09 1.373291015625000000e-03 -1.602172851562500000e-03 3.509521484375000000e-04
1.449314189111058712e+09 1.373291015625000000e-03 2.670288085937500000e-03 3.509521484375000000e-04
1.449314189136204958e+09 1.373291015625000000e-03 -1.602172851562500000e-03 1.419067382812500000e-03
1.449314189161412716e+09 -7.629394531250000000e-04 -5.340576171875000000e-04 -1.785278320312500000e-03
1.449314189186528444e+09 2.441406250000000000e-03 -1.602172851562500000e-03 3.509521484375000000e-04
1.449314189212315798e+09 2.441406250000000000e-03 -5.340576171875000000e-04 1.419067382812500000e-03
1.449314189236913204e+09 -1.831054687500000000e-03 -1.602172851562500000e-03 3.509521484375000000e-04
1.449314189262029171e+09 1.373291015625000000e-03 -5.340576171875000000e-04 -7.171630859375000000e-04
1.449314189287266970e+09 3.051757812500000000e-04 5.340576171875000000e-04 3.509521484375000000e-04
1.449314189312474728e+09 -1.831054687500000000e-03 -5.340576171875000000e-04 -1.785278320312500000e-03
1.449314189337620974e+09 1.373291015625000000e-03 5.340576171875000000e-04 -7.171630859375000000e-04
1.449314189362797976e+09 -7.629394531250000000e-04 -5.340576171875000000e-04 3.509521484375000000e-04
1.449314189387975216e+09 1.373291015625000000e-03 -1.602172851562500000e-03 3.509521484375000000e-04
1.449314189413213253e+09 3.051757812500000000e-04 5.340576171875000000e-04 -1.785278320312500000e-03
1.449314189438298702e+09 -1.831054687500000000e-03 -5.340576171875000000e-04 1.419067382812500000e-03
1.449314189463444948e+09 2.441406250000000000e-03 -5.340576171875000000e-04 1.419067382812500000e-03
1.449314189488652468e+09 3.051757812500000000e-04 -5.340576171875000000e-04 -7.171630859375000000e-04
1.449314189513890505e+09 3.051757812500000000e-04 2.670288085937500000e-03 1.419067382812500000e-03
1.449314189539067745e+09 -7.629394531250000000e-04 1.602172851562500000e-03 -7.171630859375000000e-04
1.449314189564183474e+09 -7.629394531250000000e-04 1.602172851562500000e-03 3.509521484375000000e-04
1.449314189589360714e+09 2.441406250000000000e-03 5.340576171875000000e-04 3.509521484375000000e-04
1.449314189614629030e+09 2.441406250000000000e-03 -5.340576171875000000e-04 -7.171630859375000000e-04
1.449314189639775753e+09 3.051757812500000000e-04 -5.340576171875000000e-04 1.419067382812500000e-03
1.449314189664983034e+09 -7.629394531250000000e-04 -5.340576171875000000e-04 -7.171630859375000000e-04
1.449314189690129757e+09 -2.899169921875000000e-03 1.602172851562500000e-03 3.509521484375000000e-04
1.449314189715276003e+09 -3.967285156250000000e-03 -3.738403320312500000e-03 -7.171630859375000000e-04
1.449314189740514040e+09 2.441406250000000000e-03 -1.602172851562500000e-03 -7.171630859375000000e-04
1.449314189765660763e+09 3.051757812500000000e-04 1.602172851562500000e-03 1.419067382812500000e-03
1.449314189791905880e+09 3.509521484375000000e-03 -5.340576171875000000e-04 3.509521484375000000e-04
1.449314189816014528e+09 1.373291015625000000e-03 -2.670288085937500000e-03 3.509521484375000000e-04
1.449314189841222048e+09 3.509521484375000000e-03 5.340576171875000000e-04 1.419067382812500000e-03
1.449314189866338015e+09 -7.629394531250000000e-04 5.340576171875000000e-04 -7.171630859375000000e-04
1.449314189891484737e+09 -1.831054687500000000e-03 5.340576171875000000e-04 3.509521484375000000e-04
1.449314189916875362e+09 3.051757812500000000e-04 -2.670288085937500000e-03 3.509521484375000000e-04
1.449314189941808224e+09 3.051757812500000000e-04 -5.340576171875000000e-04 3.509521484375000000e-04
1.449314189966985226e+09 1.373291015625000000e-03 5.340576171875000000e-04 3.509521484375000000e-04
1.449314189992161989e+09 -2.899169921875000000e-03 1.602172851562500000e-03 -7.171630859375000000e-04
1.449314190017339230e+09 2.441406250000000000e-03 -1.602172851562500000e-03 3.509521484375000000e-04
1.449314190042485476e+09 3.051757812500000000e-04 -5.340576171875000000e-04 3.509521484375000000e-04
1.449314190067754269e+09 -7.629394531250000000e-04 5.340576171875000000e-04 1.419067382812500000e-03
1.449314190092900515e+09 -1.831054687500000000e-03 -5.340576171875000000e-04 -7.171630859375000000e-04
1.449314190118077755e+09 4.577636718750000000e-03 3.738403320312500000e-03 3.509521484375000000e-04
1.449314190143254519e+09 -7.629394531250000000e-04 5.340576171875000000e-04 3.509521484375000000e-04
1.449314190168401241e+09 3.051757812500000000e-04 1.602172851562500000e-03 -7.171630859375000000e-04
1.449314190193608761e+09 -7.629394531250000000e-04 1.602172851562500000e-03 -7.171630859375000000e-04
1.449314190218785524e+09 3.509521484375000000e-03 1.602172851562500000e-03 1.419067382812500000e-03
1.449314190243962526e+09 3.509521484375000000e-03 -1.602172851562500000e-03 3.509521484375000000e-04
1.449314190269139767e+09 -7.629394531250000000e-04 1.602172851562500000e-03 1.419067382812500000e-03
1.449314190294286013e+09 2.441406250000000000e-03 1.602172851562500000e-03 2.487182617187500000e-03
1.449314190319524050e+09 3.051757812500000000e-04 -1.602172851562500000e-03 3.509521484375000000e-04
1.449314190344701290e+09 3.051757812500000000e-04 1.602172851562500000e-03 3.509521484375000000e-04
1.449314190370915890e+09 -7.629394531250000000e-04 -1.602172851562500000e-03 3.509521484375000000e-04
1.449314190395024538e+09 3.051757812500000000e-04 -1.602172851562500000e-03 3.509521484375000000e-04
1.449314190420171261e+09 3.051757812500000000e-04 1.602172851562500000e-03 1.419067382812500000e-03
1.449314190445409298e+09 3.051757812500000000e-04 5.340576171875000000e-04 -1.785278320312500000e-03
1.449314190470555544e+09 3.051757812500000000e-04 1.602172851562500000e-03 3.509521484375000000e-04
1.449314190496098757e+09 1.373291015625000000e-03 5.340576171875000000e-04 -7.171630859375000000e-04
1.449314190520940304e+09 1.373291015625000000e-03 5.340576171875000000e-04 3.509521484375000000e-04
1.449314190546086550e+09 1.373291015625000000e-03 -5.340576171875000000e-04 3.509521484375000000e-04
1.449314190571294308e+09 -1.831054687500000000e-03 -1.602172851562500000e-03 1.419067382812500000e-03
1.449314190596440554e+09 -7.629394531250000000e-04 -5.340576171875000000e-04 3.509521484375000000e-04
1.449314190621556759e+09 -7.629394531250000000e-04 2.670288085937500000e-03 -7.171630859375000000e-04
1.449314190646794796e+09 -1.831054687500000000e-03 5.340576171875000000e-04 -7.171630859375000000e-04
1.449314190671971560e+09 -2.899169921875000000e-03 -1.602172851562500000e-03 -7.171630859375000000e-04
1.449314190697148561e+09 -1.831054687500000000e-03 5.340576171875000000e-04 3.509521484375000000e-04
1.449314190722356319e+09 3.051757812500000000e-04 -1.602172851562500000e-03 3.509521484375000000e-04
1.449314190747472048e+09 2.441406250000000000e-03 5.340576171875000000e-04 3.509521484375000000e-04
1.449314190772679567e+09 -2.899169921875000000e-03 -1.602172851562500000e-03 3.509521484375000000e-04
1.449314190797856808e+09 3.509521484375000000e-03 5.340576171875000000e-04 3.509521484375000000e-04
1.449314190823033571e+09 3.509521484375000000e-03 2.670288085937500000e-03 3.509521484375000000e-04
1.449314190848210573e+09 1.373291015625000000e-03 -1.602172851562500000e-03 1.419067382812500000e-03
1.449314190873357058e+09 2.441406250000000000e-03 1.602172851562500000e-03 3.509521484375000000e-04
1.449314190898564577e+09 1.373291015625000000e-03 -5.340576171875000000e-04 -7.171630859375000000e-04
1.449314190923741579e+09 1.373291015625000000e-03 1.602172851562500000e-03 3.509521484375000000e-04
1.449314190948949337e+09 3.051757812500000000e-04 -5.340576171875000000e-04 -7.171630859375000000e-04
1.449314190974095583e+09 3.051757812500000000e-04 -2.670288085937500000e-03 3.509521484375000000e-04
1.449314190999242306e+09 1.373291015625000000e-03 -5.340576171875000000e-04 3.509521484375000000e-04
1.449314191024449825e+09 1.373291015625000000e-03 -2.670288085937500000e-03 -7.171630859375000000e-04
1.449314191049626589e+09 3.509521484375000000e-03 -5.340576171875000000e-04 -7.171630859375000000e-04
1.449314191075169802e+09 3.051757812500000000e-04 2.670288085937500000e-03 3.509521484375000000e-04
1.449314191100011349e+09 -2.899169921875000000e-03 1.602172851562500000e-03 1.419067382812500000e-03
1.449314191125157595e+09 2.441406250000000000e-03 -5.340576171875000000e-04 -7.171630859375000000e-04
1.449314191150365114e+09 3.509521484375000000e-03 1.602172851562500000e-03 1.419067382812500000e-03
1.449314191175511837e+09 3.051757812500000000e-04 2.670288085937500000e-03 3.509521484375000000e-04
1.449314191200719357e+09 -7.629394531250000000e-04 5.340576171875000000e-04 -7.171630859375000000e-04
1.449314191225926638e+09 -7.629394531250000000e-04 5.340576171875000000e-04 3.509521484375000000e-04
1.449314191251012087e+09 2.441406250000000000e-03 -5.340576171875000000e-04 1.419067382812500000e-03
1.449314191276219606e+09 3.051757812500000000e-04 -1.602172851562500000e-03 -7.171630859375000000e-04
1.449314191301396847e+09 3.051757812500000000e-04 1.602172851562500000e-03 3.509521484375000000e-04
1.449314191326544285e+09 3.051757812500000000e-04 -1.602172851562500000e-03 3.509521484375000000e-04
1.449314191351721525e+09 2.441406250000000000e-03 1.602172851562500000e-03 3.509521484375000000e-04
1.449314191376898289e+09 -7.629394531250000000e-04 -5.340576171875000000e-04 3.509521484375000000e-04
1.449314191402075291e+09 1.373291015625000000e-03 5.340576171875000000e-04 -1.785278320312500000e-03
1.449314191427252531e+09 1.373291015625000000e-03 -5.340576171875000000e-04 -7.171630859375000000e-04
1.449314191452429295e+09 3.051757812500000000e-04 -5.340576171875000000e-04 -7.171630859375000000e-04
1.449314191477636814e+09 3.051757812500000000e-04 5.340576171875000000e-04 3.509521484375000000e-04
1.449314191502783537e+09 -7.629394531250000000e-04 1.602172851562500000e-03 3.509521484375000000e-04
1.449314191527991056e+09 -2.899169921875000000e-03 -5.340576171875000000e-04 1.419067382812500000e-03
1.449314191553167820e+09 3.051757812500000000e-04 -5.340576171875000000e-04 -7.171630859375000000e-04
1.449314191578284025e+09 -1.831054687500000000e-03 -5.340576171875000000e-04 3.509521484375000000e-04
1.449314191603522062e+09 3.051757812500000000e-04 -5.340576171875000000e-04 3.509521484375000000e-04
1.449314191628698826e+09 2.441406250000000000e-03 -1.602172851562500000e-03 3.509521484375000000e-04
1.449314191654242039e+09 -1.831054687500000000e-03 5.340576171875000000e-04 -7.171630859375000000e-04
1.449314191679083586e+09 -7.629394531250000000e-04 -1.602172851562500000e-03 3.509521484375000000e-04
1.449314191704199314e+09 -7.629394531250000000e-04 -5.340576171875000000e-04 3.509521484375000000e-04
1.449314191729437351e+09 1.373291015625000000e-03 1.602172851562500000e-03 3.509521484375000000e-04
1.449314191754614592e+09 -7.629394531250000000e-04 5.340576171875000000e-04 -7.171630859375000000e-04
1.449314191779700041e+09 -7.629394531250000000e-04 5.340576171875000000e-04 1.419067382812500000e-03
1.449314191804938078e+09 3.051757812500000000e-04 5.340576171875000000e-04 3.509521484375000000e-04
1.449314191830084324e+09 -1.831054687500000000e-03 -5.340576171875000000e-04 -7.171630859375000000e-04
1.449314191855353117e+09 -1.831054687500000000e-03 5.874633789062500000e-03 3.509521484375000000e-04
1.449314191880499363e+09 1.373291015625000000e-03 -5.340576171875000000e-04 -7.171630859375000000e-04
1.449314191905676603e+09 4.577636718750000000e-03 -2.670288085937500000e-03 1.419067382812500000e-03
1.449314191930822849e+09 1.373291015625000000e-03 1.602172851562500000e-03 -1.785278320312500000e-03
1.449314191955969572e+09 -1.831054687500000000e-03 1.602172851562500000e-03 3.509521484375000000e-04
1.449314191981146336e+09 2.441406250000000000e-03 5.340576171875000000e-04 1.419067382812500000e-03
1.449314192006353855e+09 3.051757812500000000e-04 -5.340576171875000000e-04 3.509521484375000000e-04
1.449314192031500578e+09 -1.831054687500000000e-03 5.340576171875000000e-04 3.509521484375000000e-04
1.449314192056708097e+09 1.373291015625000000e-03 1.602172851562500000e-03 -7.171630859375000000e-04
1.449314192081884861e+09 3.051757812500000000e-04 -5.340576171875000000e-04 1.419067382812500000e-03
1.449314192107062101e+09 1.373291015625000000e-03 5.340576171875000000e-04 3.509521484375000000e-04
1.449314192132239103e+09 -2.899169921875000000e-03 1.602172851562500000e-03 3.509521484375000000e-04
1.449314192157415867e+09 -7.629394531250000000e-04 -2.670288085937500000e-03 -7.171630859375000000e-04
1.449314192182623386e+09 3.051757812500000000e-04 -1.602172851562500000e-03 -7.171630859375000000e-04
1.449314192207770109e+09 -7.629394531250000000e-04 -5.340576171875000000e-04 3.509521484375000000e-04
1.449314192233282566e+09 -7.629394531250000000e-04 5.340576171875000000e-04 2.487182617187500000e-03
1.449314192258124113e+09 3.051757812500000000e-04 1.602172851562500000e-03 -7.171630859375000000e-04
1.449314192283301115e+09 2.441406250000000000e-03 2.670288085937500000e-03 3.509521484375000000e-04
1.449314192308477879e+09 -5.035400390625000000e-03 5.340576171875000000e-04 -7.171630859375000000e-04
1.449314192333655119e+09 -1.831054687500000000e-03 -1.602172851562500000e-03 -1.785278320312500000e-03
1.449314192358770847e+09 1.373291015625000000e-03 -5.340576171875000000e-04 3.509521484375000000e-04
1.449314192384008884e+09 -7.629394531250000000e-04 -5.340576171875000000e-04 3.509521484375000000e-04
1.449314192409155607e+09 -1.831054687500000000e-03 -5.340576171875000000e-04 -1.785278320312500000e-03
1.449314192434363127e+09 1.373291015625000000e-03 5.340576171875000000e-04 3.509521484375000000e-04
1.449314192459539890e+09 -7.629394531250000000e-04 -5.340576171875000000e-04 -7.171630859375000000e-04
1.449314192484686613e+09 -7.629394531250000000e-04 1.602172851562500000e-03 3.509521484375000000e-04
1.449314192509924650e+09 3.051757812500000000e-04 3.738403320312500000e-03 3.509521484375000000e-04
1.449314192535101414e+09 3.051757812500000000e-04 -1.602172851562500000e-03 -7.171630859375000000e-04
1.449314192560308933e+09 1.373291015625000000e-03 2.670288085937500000e-03 -7.171630859375000000e-04
1.449314192585424900e+09 1.373291015625000000e-03 2.670288085937500000e-03 1.419067382812500000e-03
1.449314192610541105e+09 3.051757812500000000e-04 5.340576171875000000e-04 -7.171630859375000000e-04
1.449314192635779142e+09 -7.629394531250000000e-04 -5.340576171875000000e-04 3.509521484375000000e-04
1.449314192660925388e+09 1.373291015625000000e-03 1.602172851562500000e-03 3.509521484375000000e-04
1.449314192686163425e+09 -7.629394531250000000e-04 5.340576171875000000e-04 -7.171630859375000000e-04
1.449314192711310148e+09 -1.831054687500000000e-03 1.602172851562500000e-03 3.509521484375000000e-04
1.449314192736456394e+09 -7.629394531250000000e-04 -1.602172851562500000e-03 3.509521484375000000e-04
1.449314192761694431e+09 -2.899169921875000000e-03 1.602172851562500000e-03 -7.171630859375000000e-04
1.449314192786841154e+09 -7.629394531250000000e-04 -2.670288085937500000e-03 -1.785278320312500000e-03
1.449314192812628508e+09 -7.629394531250000000e-04 -5.340576171875000000e-04 -7.171630859375000000e-04
1.449314192837194920e+09 -7.629394531250000000e-04 -3.738403320312500000e-03 3.509521484375000000e-04
1.449314192862372160e+09 1.373291015625000000e-03 -5.340576171875000000e-04 -7.171630859375000000e-04
1.449314192887548923e+09 -1.831054687500000000e-03 1.602172851562500000e-03 -1.785278320312500000e-03
1.449314192912695646e+09 2.441406250000000000e-03 1.602172851562500000e-03 -7.171630859375000000e-04
1.449314192937841892e+09 3.051757812500000000e-04 -5.340576171875000000e-04 3.509521484375000000e-04
1.449314192963049412e+09 -3.967285156250000000e-03 2.670288085937500000e-03 -7.171630859375000000e-04
1.449314192988226652e+09 -7.629394531250000000e-04 5.340576171875000000e-04 -7.171630859375000000e-04
1.449314193013434172e+09 1.373291015625000000e-03 -2.670288085937500000e-03 3.509521484375000000e-04
1.449314193038610935e+09 -7.629394531250000000e-04 5.340576171875000000e-04 3.509521484375000000e-04
1.449314193063696384e+09 3.509521484375000000e-03 -1.602172851562500000e-03 2.487182617187500000e-03
1.449314193088965178e+09 3.051757812500000000e-04 -5.340576171875000000e-04 -7.171630859375000000e-04
1.449314193114111423e+09 -7.629394531250000000e-04 1.602172851562500000e-03 1.419067382812500000e-03
1.449314193139318943e+09 4.577636718750000000e-03 -5.340576171875000000e-04 3.509521484375000000e-04
1.449314193164496183e+09 -7.629394531250000000e-04 -5.340576171875000000e-04 -7.171630859375000000e-04
1.449314193189642429e+09 -7.629394531250000000e-04 1.602172851562500000e-03 -7.171630859375000000e-04
1.449314193214880466e+09 1.373291015625000000e-03 5.340576171875000000e-04 1.419067382812500000e-03
1.449314193240027189e+09 1.373291015625000000e-03 -5.340576171875000000e-04 -7.171630859375000000e-04
1.449314193265265226e+09 -7.629394531250000000e-04 -3.738403320312500000e-03 -1.785278320312500000e-03
1.449314193290380955e+09 -7.629394531250000000e-04 5.340576171875000000e-04 -7.171630859375000000e-04
1.449314193315558195e+09 -2.899169921875000000e-03 -5.340576171875000000e-04 -7.171630859375000000e-04
1.449314193340734959e+09 1.373291015625000000e-03 1.602172851562500000e-03 1.419067382812500000e-03
1.449314193365942478e+09 3.051757812500000000e-04 5.340576171875000000e-04 -7.171630859375000000e-04
1.449314193391974211e+09 -2.899169921875000000e-03 -2.670288085937500000e-03 -1.785278320312500000e-03
1.449314193416265965e+09 3.051757812500000000e-04 -2.670288085937500000e-03 3.509521484375000000e-04
1.449314193441412687e+09 -3.967285156250000000e-03 5.340576171875000000e-04 3.509521484375000000e-04
1.449314193466620207e+09 1.373291015625000000e-03 -1.602172851562500000e-03 1.419067382812500000e-03
1.449314193491796970e+09 3.051757812500000000e-04 -5.340576171875000000e-04 -1.785278320312500000e-03
1.449314193517035007e+09 3.051757812500000000e-04 -5.340576171875000000e-04 1.419067382812500000e-03
1.449314193542151213e+09 -7.629394531250000000e-04 1.602172851562500000e-03 3.509521484375000000e-04
1.449314193567327976e+09 3.051757812500000000e-04 -5.340576171875000000e-04 2.487182617187500000e-03
1.449314193592504978e+09 2.441406250000000000e-03 -5.340576171875000000e-04 -7.171630859375000000e-04
1.449314193617682219e+09 -7.629394531250000000e-04 -5.340576171875000000e-04 3.509521484375000000e-04
1.449314193642828465e+09 3.051757812500000000e-04 -2.670288085937500000e-03 2.487182617187500000e-03
1.449314193668035984e+09 1.373291015625000000e-03 1.602172851562500000e-03 -7.171630859375000000e-04
1.449314193693213224e+09 1.373291015625000000e-03 1.602172851562500000e-03 3.509521484375000000e-04
1.449314193718389988e+09 -1.831054687500000000e-03 -2.670288085937500000e-03 -1.785278320312500000e-03
1.449314193743566990e+09 2.441406250000000000e-03 -5.340576171875000000e-04 1.419067382812500000e-03
1.449314193768682957e+09 3.509521484375000000e-03 5.340576171875000000e-04 -7.171630859375000000e-04
1.449314193793951750e+09 3.051757812500000000e-04 -5.340576171875000000e-04 -1.785278320312500000e-03
1.449314193819097996e+09 -2.899169921875000000e-03 5.340576171875000000e-04 1.419067382812500000e-03
1.449314193844305754e+09 3.051757812500000000e-04 1.602172851562500000e-03 -2.853393554687500000e-03
1.449314193869452000e+09 1.373291015625000000e-03 5.340576171875000000e-04 -7.171630859375000000e-04
1.449314193894598722e+09 2.441406250000000000e-03 -5.340576171875000000e-04 3.509521484375000000e-04
1.449314193919806242e+09 -7.629394531250000000e-04 5.340576171875000000e-04 -7.171630859375000000e-04
1.449314193944983006e+09 1.373291015625000000e-03 5.340576171875000000e-04 3.509521484375000000e-04
1.449314193971258879e+09 -7.629394531250000000e-04 1.602172851562500000e-03 3.509521484375000000e-04
1.449314193995306492e+09 1.373291015625000000e-03 -5.340576171875000000e-04 -7.171630859375000000e-04
1.449314194020544767e+09 -7.629394531250000000e-04 -5.340576171875000000e-04 -7.171630859375000000e-04
1.449314194045721531e+09 1.373291015625000000e-03 -1.602172851562500000e-03 1.419067382812500000e-03
1.449314194070929050e+09 -1.831054687500000000e-03 1.602172851562500000e-03 -7.171630859375000000e-04
1.449314194096289396e+09 1.373291015625000000e-03 1.602172851562500000e-03 3.509521484375000000e-04
1.449314194121222258e+09 -2.899169921875000000e-03 5.340576171875000000e-04 -7.171630859375000000e-04
1.449314194146399260e+09 -1.831054687500000000e-03 5.340576171875000000e-04 -1.785278320312500000e-03
1.449314194171576023e+09 3.051757812500000000e-04 -1.602172851562500000e-03 -7.171630859375000000e-04
1.449314194196753263e+09 -7.629394531250000000e-04 5.340576171875000000e-04 1.419067382812500000e-03
1.449314194221899509e+09 3.509521484375000000e-03 5.340576171875000000e-04 -7.171630859375000000e-04
1.449314194247137785e+09 3.051757812500000000e-04 -1.602172851562500000e-03 3.509521484375000000e-04
1.449314194272314548e+09 3.051757812500000000e-04 -1.602172851562500000e-03 -7.171630859375000000e-04
1.449314194297461271e+09 -2.899169921875000000e-03 5.340576171875000000e-04 2.487182617187500000e-03
1.449314194322638035e+09 1.373291015625000000e-03 1.602172851562500000e-03 -7.171630859375000000e-04
1.449314194347784758e+09 -3.967285156250000000e-03 1.602172851562500000e-03 -7.171630859375000000e-04
1.449314194372992277e+09 1.373291015625000000e-03 5.340576171875000000e-04 3.509521484375000000e-04
1.449314194398138523e+09 3.509521484375000000e-03 1.602172851562500000e-03 1.419067382812500000e-03
1.449314194423346281e+09 -1.831054687500000000e-03 -1.602172851562500000e-03 -1.785278320312500000e-03
1.449314194448523283e+09 3.051757812500000000e-04 1.602172851562500000e-03 3.509521484375000000e-04
1.449314194473669529e+09 -7.629394531250000000e-04 -1.602172851562500000e-03 -1.785278320312500000e-03
1.449314194498907566e+09 -7.629394531250000000e-04 -5.340576171875000000e-04 3.509521484375000000e-04
1.449314194524084806e+09 3.051757812500000000e-04 5.340576171875000000e-04 3.509521484375000000e-04
1.449314194550177336e+09 3.051757812500000000e-04 -2.670288085937500000e-03 3.509521484375000000e-04
1.449314194574469090e+09 1.373291015625000000e-03 -5.340576171875000000e-04 -7.171630859375000000e-04
1.449314194599554539e+09 1.373291015625000000e-03 -5.340576171875000000e-04 -7.171630859375000000e-04
1.449314194624823332e+09 2.441406250000000000e-03 -5.340576171875000000e-04 -7.171630859375000000e-04
1.449314194649969578e+09 3.051757812500000000e-04 -1.602172851562500000e-03 1.419067382812500000e-03
1.449314194675268888e+09 3.051757812500000000e-04 -1.602172851562500000e-03 3.509521484375000000e-04
1.449314194700323582e+09 3.051757812500000000e-04 5.340576171875000000e-04 3.509521484375000000e-04
1.449314194725470304e+09 2.441406250000000000e-03 -5.340576171875000000e-04 1.419067382812500000e-03
1.449314194750708342e+09 3.051757812500000000e-04 -5.340576171875000000e-04 3.509521484375000000e-04
1.449314194775854588e+09 -7.629394531250000000e-04 2.670288085937500000e-03 -7.171630859375000000e-04
1.449314194801001310e+09 -1.831054687500000000e-03 -5.340576171875000000e-04 3.509521484375000000e-04
1.449314194826178312e+09 -7.629394531250000000e-04 -1.602172851562500000e-03 -7.171630859375000000e-04
1.449314194851355076e+09 -7.629394531250000000e-04 5.340576171875000000e-04 3.509521484375000000e-04
1.449314194876532316e+09 2.441406250000000000e-03 5.340576171875000000e-04 -7.171630859375000000e-04
1.449314194901709318e+09 -1.831054687500000000e-03 5.340576171875000000e-04 3.509521484375000000e-04
1.449314194926825285e+09 -7.629394531250000000e-04 1.602172851562500000e-03 -7.171630859375000000e-04
1.449314194952032804e+09 -1.831054687500000000e-03 2.670288085937500000e-03 1.419067382812500000e-03
1.449314194977209568e+09 3.509521484375000000e-03 1.602172851562500000e-03 -7.171630859375000000e-04
1.449314195002386570e+09 3.051757812500000000e-04 -1.602172851562500000e-03 -1.785278320312500000e-03
1.449314195027594328e+09 -7.629394531250000000e-04 -5.340576171875000000e-04 3.509521484375000000e-04
1.449314195052679777e+09 -2.899169921875000000e-03 -5.340576171875000000e-04 -7.171630859375000000e-04
1.449314195077948093e+09 3.051757812500000000e-04 -1.602172851562500000e-03 -7.171630859375000000e-04
1.449314195103125334e+09 -7.629394531250000000e-04 -1.602172851562500000e-03 3.509521484375000000e-04
1.449314195129370451e+09 3.051757812500000000e-04 -1.602172851562500000e-03 -7.171630859375000000e-04
1.449314195153479099e+09 -2.899169921875000000e-03 1.602172851562500000e-03 3.509521484375000000e-04
1.449314195178595066e+09 -7.629394531250000000e-04 -1.602172851562500000e-03 1.419067382812500000e-03
1.449314195203833342e+09 3.051757812500000000e-04 3.738403320312500000e-03 -7.171630859375000000e-04
1.449314195228979826e+09 -7.629394531250000000e-04 1.602172851562500000e-03 3.509521484375000000e-04
1.449314195254522800e+09 1.373291015625000000e-03 -1.602172851562500000e-03 3.509521484375000000e-04
1.449314195279364347e+09 2.441406250000000000e-03 -5.340576171875000000e-04 -7.171630859375000000e-04
1.449314195304510832e+09 2.441406250000000000e-03 5.340576171875000000e-04 1.419067382812500000e-03
1.449314195329718351e+09 -7.629394531250000000e-04 1.602172851562500000e-03 -7.171630859375000000e-04
1.449314195354895353e+09 3.509521484375000000e-03 5.340576171875000000e-04 3.509521484375000000e-04
1.449314195380011320e+09 -1.831054687500000000e-03 2.670288085937500000e-03 3.509521484375000000e-04
1.449314195405279636e+09 -7.629394531250000000e-04 -5.340576171875000000e-04 3.509521484375000000e-04
1.449314195430426359e+09 -7.629394531250000000e-04 3.738403320312500000e-03 1.419067382812500000e-03
1.449314195455633640e+09 -7.629394531250000000e-04 -5.340576171875000000e-04 -7.171630859375000000e-04
1.449314195480780363e+09 -1.831054687500000000e-03 -1.602172851562500000e-03 3.509521484375000000e-04
1.449314195505957365e+09 -1.831054687500000000e-03 -5.340576171875000000e-04 -7.171630859375000000e-04
1.449314195531164646e+09 1.373291015625000000e-03 5.340576171875000000e-04 -7.171630859375000000e-04
1.449314195556311369e+09 1.373291015625000000e-03 1.602172851562500000e-03 3.509521484375000000e-04
1.449314195581488132e+09 1.373291015625000000e-03 1.602172851562500000e-03 1.419067382812500000e-03
1.449314195606695652e+09 1.373291015625000000e-03 5.340576171875000000e-04 3.509521484375000000e-04
1.449314195631872654e+09 -7.629394531250000000e-04 -5.340576171875000000e-04 -7.171630859375000000e-04
1.449314195657019138e+09 2.441406250000000000e-03 1.602172851562500000e-03 3.509521484375000000e-04
1.449314195682196140e+09 -1.831054687500000000e-03 -1.602172851562500000e-03 3.509521484375000000e-04
1.449314195707373381e+09 -7.629394531250000000e-04 -5.340576171875000000e-04 3.509521484375000000e-04
1.449314195732550144e+09 1.373291015625000000e-03 -5.340576171875000000e-04 1.419067382812500000e-03
1.449314195757727146e+09 3.051757812500000000e-04 5.340576171875000000e-04 -7.171630859375000000e-04
1.449314195782904387e+09 -7.629394531250000000e-04 -5.340576171875000000e-04 1.419067382812500000e-03
1.449314195808142424e+09 -2.899169921875000000e-03 1.602172851562500000e-03 1.419067382812500000e-03
1.449314195833807707e+09 1.373291015625000000e-03 2.670288085937500000e-03 3.509521484375000000e-04
1.449314195858435392e+09 3.051757812500000000e-04 -1.602172851562500000e-03 -7.171630859375000000e-04
1.449314195883612156e+09 3.051757812500000000e-04 1.602172851562500000e-03 1.419067382812500000e-03
1.449314195908789158e+09 -2.899169921875000000e-03 -5.340576171875000000e-04 3.509521484375000000e-04
1.449314195933966398e+09 1.373291015625000000e-03 -1.602172851562500000e-03 3.509521484375000000e-04
1.449314195959021330e+09 1.373291015625000000e-03 2.670288085937500000e-03 3.509521484375000000e-04
1.449314195984320164e+09 4.577636718750000000e-03 5.340576171875000000e-04 -7.171630859375000000e-04
1.449314196009436131e+09 1.373291015625000000e-03 5.340576171875000000e-04 -7.171630859375000000e-04
1.449314196034643650e+09 3.509521484375000000e-03 1.602172851562500000e-03 3.509521484375000000e-04
1.449314196059881687e+09 2.441406250000000000e-03 -1.602172851562500000e-03 3.509521484375000000e-04
1.449314196084997892e+09 -1.831054687500000000e-03 1.602172851562500000e-03 -7.171630859375000000e-04
1.449314196110266447e+09 3.051757812500000000e-04 5.340576171875000000e-04 3.509521484375000000e-04
1.449314196135382175e+09 -1.831054687500000000e-03 -5.340576171875000000e-04 3.509521484375000000e-04
1.449314196160589933e+09 -2.899169921875000000e-03 2.670288085937500000e-03 3.509521484375000000e-04
1.449314196185766935e+09 -7.629394531250000000e-04 -5.340576171875000000e-04 3.509521484375000000e-04
1.449314196210943699e+09 3.509521484375000000e-03 1.602172851562500000e-03 3.509521484375000000e-04
1.449314196236090422e+09 3.051757812500000000e-04 -2.670288085937500000e-03 3.509521484375000000e-04
1.449314196261267185e+09 -7.629394531250000000e-04 -2.670288085937500000e-03 -7.171630859375000000e-04
1.449314196286474705e+09 3.509521484375000000e-03 1.602172851562500000e-03 1.419067382812500000e-03
1.449314196311651945e+09 3.051757812500000000e-04 -5.340576171875000000e-04 -7.171630859375000000e-04
1.449314196336798191e+09 1.373291015625000000e-03 -5.340576171875000000e-04 3.509521484375000000e-04
1.449314196361975193e+09 3.051757812500000000e-04 -5.340576171875000000e-04 -1.785278320312500000e-03
1.449314196387121916e+09 -7.629394531250000000e-04 2.670288085937500000e-03 3.509521484375000000e-04
1.449314196412756443e+09 3.051757812500000000e-04 2.670288085937500000e-03 3.509521484375000000e-04
1.449314196437475920e+09 -1.831054687500000000e-03 -1.602172851562500000e-03 -7.171630859375000000e-04
1.449314196462652922e+09 -1.831054687500000000e-03 1.602172851562500000e-03 1.419067382812500000e-03
1.449314196487829685e+09 3.051757812500000000e-04 2.670288085937500000e-03 3.509521484375000000e-04
1.449314196513037205e+09 2.441406250000000000e-03 -5.340576171875000000e-04 3.509521484375000000e-04
1.449314196538183928e+09 -1.831054687500000000e-03 -5.340576171875000000e-04 -7.171630859375000000e-04
1.449314196563421965e+09 3.051757812500000000e-04 5.340576171875000000e-04 1.419067382812500000e-03
1.449314196588568211e+09 2.441406250000000000e-03 1.602172851562500000e-03 3.509521484375000000e-04
1.449314196613775969e+09 2.441406250000000000e-03 -5.340576171875000000e-04 -7.171630859375000000e-04
1.449314196638952971e+09 1.373291015625000000e-03 -5.340576171875000000e-04 3.509521484375000000e-04
1.449314196664038420e+09 1.373291015625000000e-03 -1.602172851562500000e-03 -7.171630859375000000e-04
1.449314196689306974e+09 3.509521484375000000e-03 -1.602172851562500000e-03 3.509521484375000000e-04
1.449314196714453220e+09 -1.831054687500000000e-03 -5.340576171875000000e-04 1.419067382812500000e-03
1.449314196739691257e+09 -7.629394531250000000e-04 1.602172851562500000e-03 3.509521484375000000e-04
1.449314196764837980e+09 3.509521484375000000e-03 1.602172851562500000e-03 3.509521484375000000e-04
1.449314196789953709e+09 -1.831054687500000000e-03 -5.340576171875000000e-04 -7.171630859375000000e-04
1.449314196815222263e+09 -7.629394531250000000e-04 2.670288085937500000e-03 3.509521484375000000e-04
1.449314196840399265e+09 1.373291015625000000e-03 5.340576171875000000e-04 3.509521484375000000e-04
1.449314196865789890e+09 3.051757812500000000e-04 -5.340576171875000000e-04 3.509521484375000000e-04
1.449314196890722752e+09 3.051757812500000000e-04 -5.340576171875000000e-04 1.419067382812500000e-03
1.449314196915930271e+09 2.441406250000000000e-03 1.602172851562500000e-03 1.419067382812500000e-03
1.449314196941107512e+09 -2.899169921875000000e-03 5.340576171875000000e-04 3.509521484375000000e-04
1.449314196966223478e+09 -7.629394531250000000e-04 1.602172851562500000e-03 3.509521484375000000e-04
1.449314196991858244e+09 3.509521484375000000e-03 5.340576171875000000e-04 -7.171630859375000000e-04
1.449314197016546726e+09 -1.831054687500000000e-03 -5.340576171875000000e-04 -7.171630859375000000e-04
1.449314197041754484e+09 3.051757812500000000e-04 1.602172851562500000e-03 -7.171630859375000000e-04
1.449314197066900730e+09 -7.629394531250000000e-04 -5.340576171875000000e-04 3.509521484375000000e-04
1.449314197092077732e+09 3.509521484375000000e-03 5.340576171875000000e-04 1.419067382812500000e-03
1.449314197117193699e+09 3.509521484375000000e-03 5.340576171875000000e-04 -7.171630859375000000e-04
1.449314197142431736e+09 3.051757812500000000e-04 5.340576171875000000e-04 -1.785278320312500000e-03
1.449314197167608738e+09 -7.629394531250000000e-04 5.340576171875000000e-04 -1.785278320312500000e-03
1.449314197192816496e+09 3.051757812500000000e-04 -5.340576171875000000e-04 3.509521484375000000e-04
1.449314197217993498e+09 -1.831054687500000000e-03 1.602172851562500000e-03 -7.171630859375000000e-04
1.449314197243109465e+09 2.441406250000000000e-03 -5.340576171875000000e-04 3.509521484375000000e-04
1.449314197268377781e+09 -7.629394531250000000e-04 -5.340576171875000000e-04 3.509521484375000000e-04
1.449314197293524504e+09 3.051757812500000000e-04 -1.602172851562500000e-03 -7.171630859375000000e-04
1.449314197318701267e+09 -1.831054687500000000e-03 -5.340576171875000000e-04 3.509521484375000000e-04
1.449314197343908787e+09 -7.629394531250000000e-04 5.340576171875000000e-04 3.509521484375000000e-04
1.449314197368994236e+09 1.373291015625000000e-03 -5.340576171875000000e-04 3.509521484375000000e-04
1.449314197394232273e+09 1.373291015625000000e-03 2.670288085937500000e-03 3.509521484375000000e-04
1.449314197419409513e+09 -7.629394531250000000e-04 1.602172851562500000e-03 3.509521484375000000e-04
1.449314197444647312e+09 -1.831054687500000000e-03 -1.602172851562500000e-03 -7.171630859375000000e-04
1.449314197469793797e+09 -1.831054687500000000e-03 -5.340576171875000000e-04 -7.171630859375000000e-04
1.449314197494910002e+09 3.051757812500000000e-04 1.602172851562500000e-03 -7.171630859375000000e-04
1.449314197520178318e+09 1.373291015625000000e-03 5.340576171875000000e-04 -7.171630859375000000e-04
1.449314197545324802e+09 -7.629394531250000000e-04 5.340576171875000000e-04 3.509521484375000000e-04
