1.449669197919410706e+09 -2.334136962890625000e-01 6.575012207031250000e-02 9.961318969726562500e+00
1.449669197939552307e+09 -2.484893798828125000e-01 9.466552734375000000e-02 9.976699829101562500e+00
1.449669197959693909e+09 -2.418518066406250000e-01 8.340454101562500000e-02 9.929656982421875000e+00
1.449669197979835510e+09 -2.293395996093750000e-01 8.395385742187500000e-02 9.954147338867187500e+00
1.449669197999977112e+09 -2.460479736328125000e-01 7.676696777343750000e-02 9.961318969726562500e+00
1.449669198020118713e+09 -2.332763671875000000e-01 7.676696777343750000e-02 9.961318969726562500e+00
1.449669198040260315e+09 -2.484893798828125000e-01 7.676696777343750000e-02 9.961318969726562500e+00
1.449669198060401917e+09 -2.484893798828125000e-01 7.676696777343750000e-02 9.961318969726562500e+00
1.449669198080543518e+09 -2.307586669921875000e-01 9.593200683593750000e-02 9.961318969726562500e+00
1.449669198100685120e+09 -2.484893798828125000e-01 8.946228027343750000e-02 9.954879760742187500e+00
1.449669198120826721e+09 -2.366027832031250000e-01 7.676696777343750000e-02 9.954071044921875000e+00
1.449669198140968561e+09 -2.471618652343750000e-01 7.676696777343750000e-02 9.943511962890625000e+00
1.449669198161109924e+09 -2.443695068359375000e-01 7.676696777343750000e-02 9.976364135742187500e+00
1.449669198181251526e+09 -2.388610839843750000e-01 7.676696777343750000e-02 9.961318969726562500e+00
1.449669198201393127e+09 -2.484893798828125000e-01 7.676696777343750000e-02 9.961318969726562500e+00
1.449669198221534729e+09 -2.293395996093750000e-01 9.593200683593750000e-02 9.959869384765625000e+00
1.449669198241676331e+09 -2.362518310546875000e-01 8.901977539062500000e-02 9.942169189453125000e+00
1.449669198261817932e+09 -2.484893798828125000e-01 7.676696777343750000e-02 9.966918945312500000e+00
1.449669198281959534e+09 -2.484893798828125000e-01 7.676696777343750000e-02 9.962631225585937500e+00
1.449669198302101135e+09 -2.484893798828125000e-01 9.173583984375000000e-02 9.965515136718750000e+00
1.449669198322242737e+09 -2.484893798828125000e-01 7.676696777343750000e-02 9.970947265625000000e+00
1.449669198342384338e+09 -2.484893798828125000e-01 7.676696777343750000e-02 9.946258544921875000e+00
1.449669198362525940e+09 -2.484893798828125000e-01 9.593200683593750000e-02 9.980484008789062500e+00
1.449669198382667542e+09 -2.484893798828125000e-01 8.897399902343750000e-02 9.973541259765625000e+00
1.449669198402809143e+09 -2.484893798828125000e-01 8.920288085937500000e-02 9.948898315429687500e+00
1.449669198422950745e+09 -2.484893798828125000e-01 7.803344726562500000e-02 9.960052490234375000e+00
1.449669198443092585e+09 -2.335662841796875000e-01 9.170532226562500000e-02 9.950622558593750000e+00
1.449669198463233948e+09 -2.484893798828125000e-01 7.676696777343750000e-02 9.970794677734375000e+00
1.449669198483375549e+09 -2.484893798828125000e-01 9.193420410156250000e-02 9.946166992187500000e+00
1.449669198503517151e+09 -2.293395996093750000e-01 9.593200683593750000e-02 9.961318969726562500e+00
1.449669198523658752e+09 -2.363281250000000000e-01 9.593200683593750000e-02 9.961318969726562500e+00
1.449669198543800354e+09 -2.484893798828125000e-01 8.346557617187500000e-02 9.973785400390625000e+00
1.449669198563941956e+09 -2.484893798828125000e-01 7.676696777343750000e-02 9.962554931640625000e+00
1.449669198584083557e+09 -2.484893798828125000e-01 7.676696777343750000e-02 9.958099365234375000e+00
1.449669198604225397e+09 -2.387847900390625000e-01 7.676696777343750000e-02 9.942169189453125000e+00
1.449669198624366760e+09 -2.445373535156250000e-01 9.196472167968750000e-02 9.957366943359375000e+00
1.449669198644508362e+09 -2.308502197265625000e-01 9.593200683593750000e-02 9.943679809570312500e+00
1.449669198664649963e+09 -2.414855957031250000e-01 9.593200683593750000e-02 9.961318969726562500e+00
1.449669198684791565e+09 -2.293395996093750000e-01 9.593200683593750000e-02 9.949172973632812500e+00
1.449669198704933167e+09 -2.293395996093750000e-01 7.965087890625000000e-02 9.958435058593750000e+00
1.449669198725074768e+09 -2.335968017578125000e-01 9.165954589843750000e-02 9.961318969726562500e+00
1.449669198745216370e+09 -2.387542724609375000e-01 7.676696777343750000e-02 9.961318969726562500e+00
1.449669198765357971e+09 -2.293395996093750000e-01 9.199523925781250000e-02 9.961318969726562500e+00
1.449669198785499573e+09 -2.484893798828125000e-01 9.593200683593750000e-02 9.961318969726562500e+00
1.449669198805641174e+09 -2.484893798828125000e-01 8.930969238281250000e-02 9.961318969726562500e+00
1.449669198825782776e+09 -2.484893798828125000e-01 8.883666992187500000e-02 9.949264526367187500e+00
1.449669198845924377e+09 -2.305450439453125000e-01 9.593200683593750000e-02 9.942169189453125000e+00
1.449669198866065979e+09 -2.293395996093750000e-01 7.676696777343750000e-02 9.946456909179687500e+00
1.449669198886207581e+09 -2.293395996093750000e-01 8.651733398437500000e-02 9.961318969726562500e+00
1.449669198906349421e+09 -2.445831298828125000e-01 8.068847656250000000e-02 9.961318969726562500e+00
1.449669198926490784e+09 -2.469635009765625000e-01 9.439086914062500000e-02 9.942169189453125000e+00
1.449669198946632385e+09 -2.293395996093750000e-01 7.676696777343750000e-02 9.942169189453125000e+00
1.449669198966773987e+09 -2.293395996093750000e-01 8.924865722656250000e-02 9.954650878906250000e+00
1.449669198986915588e+09 -2.472991943359375000e-01 7.795715332031250000e-02 9.943374633789062500e+00
1.449669199007057190e+09 -2.484893798828125000e-01 9.162902832031250000e-02 9.942169189453125000e+00
1.449669199027198792e+09 -2.484893798828125000e-01 8.653259277343750000e-02 9.942169189453125000e+00
1.449669199047340393e+09 -2.484893798828125000e-01 9.593200683593750000e-02 9.957412719726562500e+00
1.449669199067481995e+09 -2.469329833984375000e-01 9.436035156250000000e-02 9.961318969726562500e+00
1.449669199087623596e+09 -2.364044189453125000e-01 7.676696777343750000e-02 9.961318969726562500e+00
1.449669199107765198e+09 -2.484893798828125000e-01 8.929443359375000000e-02 9.961318969726562500e+00
1.449669199127906799e+09 -2.484893798828125000e-01 7.791137695312500000e-02 9.961318969726562500e+00
1.449669199148048401e+09 -2.442779541015625000e-01 7.676696777343750000e-02 9.942169189453125000e+00
1.449669199168190002e+09 -2.389068603515625000e-01 8.631896972656250000e-02 9.951736450195312500e+00
1.449669199188331604e+09 -2.484893798828125000e-01 9.593200683593750000e-02 9.961318969726562500e+00
1.449669199208473206e+09 -2.484893798828125000e-01 9.431457519531250000e-02 9.943786621093750000e+00
1.449669199228614807e+09 -2.414093017578125000e-01 8.386230468750000000e-02 9.961318969726562500e+00
1.449669199248756409e+09 -2.418975830078125000e-01 8.335876464843750000e-02 9.961318969726562500e+00
1.449669199268898010e+09 -2.304687500000000000e-01 7.676696777343750000e-02 9.979370117187500000e+00
1.449669199289039612e+09 -2.327270507812500000e-01 8.013916015625000000e-02 9.961318969726562500e+00
1.449669199309181213e+09 -2.386779785156250000e-01 9.593200683593750000e-02 9.951507568359375000e+00
1.449669199329322815e+09 -2.293395996093750000e-01 8.061218261718750000e-02 9.942169189453125000e+00
1.449669199349464417e+09 -2.293395996093750000e-01 6.089782714843750000e-02 9.961318969726562500e+00
1.449669199369606256e+09 -2.364654541015625000e-01 9.593200683593750000e-02 9.961318969726562500e+00
1.449669199389747620e+09 -2.484893798828125000e-01 8.409118652343750000e-02 9.961318969726562500e+00
1.449669199409889221e+09 -2.322387695312500000e-01 9.303283691406250000e-02 9.961318969726562500e+00
1.449669199430030823e+09 -2.441253662109375000e-01 8.113098144531250000e-02 9.927383422851562500e+00
1.449669199450172424e+09 -2.391967773437500000e-01 8.605957031250000000e-02 9.932312011718750000e+00
1.449669199470314026e+09 -2.484893798828125000e-01 9.211730957031250000e-02 9.953704833984375000e+00
1.449669199490455627e+09 -2.484893798828125000e-01 7.839965820312500000e-02 9.962966918945312500e+00
1.449669199510597229e+09 -2.413635253906250000e-01 8.879089355468750000e-02 9.966232299804687500e+00
1.449669199530738831e+09 -2.293395996093750000e-01 7.676696777343750000e-02 9.954772949218750000e+00
1.449669199550880432e+09 -2.293395996093750000e-01 7.676696777343750000e-02 9.961318969726562500e+00
1.449669199571022034e+09 -2.440948486328125000e-01 9.593200683593750000e-02 9.946578979492187500e+00
1.449669199591163635e+09 -2.293395996093750000e-01 8.604431152343750000e-02 9.961318969726562500e+00
1.449669199611305237e+09 -2.293395996093750000e-01 9.211730957031250000e-02 9.961318969726562500e+00
1.449669199631446838e+09 -2.293395996093750000e-01 9.425354003906250000e-02 9.959655761718750000e+00
1.449669199651588440e+09 -2.293395996093750000e-01 8.390808105468750000e-02 9.942169189453125000e+00
1.449669199671730280e+09 -2.419738769531250000e-01 9.593200683593750000e-02 9.942169189453125000e+00
1.449669199691871643e+09 -2.303924560546875000e-01 9.593200683593750000e-02 9.960281372070312500e+00
1.449669199712013245e+09 -2.587738037109375000e-01 9.147644042968750000e-02 9.961318969726562500e+00
1.449669199732154846e+09 -2.392578125000000000e-01 7.676696777343750000e-02 9.961318969726562500e+00
1.449669199752296448e+09 -2.331237792968750000e-01 7.676696777343750000e-02 9.976715087890625000e+00
1.449669199772438049e+09 -2.468109130859375000e-01 7.844543457031250000e-02 9.943862915039062500e+00
1.449669199792579651e+09 -2.365417480468750000e-01 9.593200683593750000e-02 9.954132080078125000e+00
1.449669199812721252e+09 -2.611541748046875000e-01 8.326721191406250000e-02 9.954833984375000000e+00
1.449669199832863092e+09 -2.495117187500000000e-01 9.490966796875000000e-02 9.943191528320312500e+00
1.449669199853004456e+09 -2.440795898437500000e-01 9.593200683593750000e-02 9.965744018554687500e+00
1.449669199873146057e+09 -2.293395996093750000e-01 9.593200683593750000e-02 9.980484008789062500e+00
1.449669199893287659e+09 -2.447662353515625000e-01 8.049011230468750000e-02 9.949645996093750000e+00
1.449669199913429260e+09 -2.484893798828125000e-01 9.593200683593750000e-02 9.978729248046875000e+00
1.449669199933570862e+09 -2.484893798828125000e-01 9.593200683593750000e-02 9.961318969726562500e+00
1.449669199953712463e+09 -2.357940673828125000e-01 9.593200683593750000e-02 9.948623657226562500e+00
1.449669199973854065e+09 -2.475280761718750000e-01 9.593200683593750000e-02 9.960357666015625000e+00
1.449669199993995667e+09 -2.451477050781250000e-01 9.257507324218750000e-02 9.945526123046875000e+00
1.449669200014137268e+09 -2.393493652343750000e-01 8.677673339843750000e-02 9.951324462890625000e+00
1.449669200034278870e+09 -2.484893798828125000e-01 8.041381835937500000e-02 9.942169189453125000e+00
1.449669200054420471e+09 -2.484893798828125000e-01 7.676696777343750000e-02 9.961318969726562500e+00
1.449669200074562073e+09 -2.484893798828125000e-01 8.404541015625000000e-02 9.961318969726562500e+00
1.449669200094703674e+09 -2.361907958984375000e-01 9.593200683593750000e-02 9.961318969726562500e+00
1.449669200114845276e+09 -2.475738525390625000e-01 9.593200683593750000e-02 9.943099975585937500e+00
1.449669200134987116e+09 -2.484893798828125000e-01 9.593200683593750000e-02 9.956771850585937500e+00
1.449669200155128479e+09 -2.384490966796875000e-01 8.587646484375000000e-02 9.952224731445312500e+00
1.449669200175270081e+09 -2.293395996093750000e-01 9.230041503906250000e-02 9.976867675781250000e+00
1.449669200195411682e+09 -2.484893798828125000e-01 7.862854003906250000e-02 9.961318969726562500e+00
1.449669200215553284e+09 -2.484893798828125000e-01 9.593200683593750000e-02 9.954010009765625000e+00
1.449669200235694885e+09 -2.356872558593750000e-01 8.311462402343750000e-02 9.942169189453125000e+00
1.449669200255836487e+09 -2.476348876953125000e-01 7.676696777343750000e-02 9.942169189453125000e+00
1.449669200275978088e+09 -2.484893798828125000e-01 7.676696777343750000e-02 9.942169189453125000e+00
1.449669200296119690e+09 -2.384033203125000000e-01 7.676696777343750000e-02 9.952270507812500000e+00
1.449669200316261292e+09 -2.293395996093750000e-01 7.676696777343750000e-02 9.961318969726562500e+00
1.449669200336402893e+09 -2.484893798828125000e-01 7.676696777343750000e-02 9.959457397460937500e+00
1.449669200356544495e+09 -2.411499023437500000e-01 7.676696777343750000e-02 9.942169189453125000e+00
1.449669200376686096e+09 -2.421875000000000000e-01 7.676696777343750000e-02 9.942169189453125000e+00
1.449669200396827698e+09 -2.301635742187500000e-01 9.510803222656250000e-02 9.960510253906250000e+00
1.449669200416969299e+09 -2.438659667968750000e-01 7.676696777343750000e-02 9.942169189453125000e+00
1.449669200437110901e+09 -2.293395996093750000e-01 8.688354492187500000e-02 9.952285766601562500e+00
1.449669200457252502e+09 -2.293395996093750000e-01 8.033752441406250000e-02 9.961318969726562500e+00
1.449669200477394104e+09 -2.293395996093750000e-01 7.865905761718750000e-02 9.961318969726562500e+00
1.449669200497535706e+09 -2.367248535156250000e-01 8.854675292968750000e-02 9.953948974609375000e+00
1.449669200517677307e+09 -2.484893798828125000e-01 7.676696777343750000e-02 9.955017089843750000e+00
1.449669200537818909e+09 -2.484893798828125000e-01 9.510803222656250000e-02 9.942993164062500000e+00
1.449669200557960510e+09 -2.293395996093750000e-01 9.140014648437500000e-02 9.965850830078125000e+00
1.449669200578102112e+09 -2.392425537109375000e-01 8.666992187500000000e-02 9.970581054687500000e+00
1.449669200598243952e+09 -2.484893798828125000e-01 9.593200683593750000e-02 9.961318969726562500e+00
1.449669200618385315e+09 -2.312774658203125000e-01 7.870483398437500000e-02 9.944107055664062500e+00
1.449669200638526917e+09 -2.484893798828125000e-01 8.853149414062500000e-02 9.953933715820312500e+00
1.449669200658668518e+09 -2.613677978515625000e-01 8.963012695312500000e-02 9.942169189453125000e+00
1.449669200678810120e+09 -2.309875488281250000e-01 7.757568359375000000e-02 9.942169189453125000e+00
1.449669200698951721e+09 -2.484893798828125000e-01 7.676696777343750000e-02 9.958053588867187500e+00
1.449669200719093323e+09 -2.484893798828125000e-01 8.689880371093750000e-02 9.952316284179687500e+00
1.449669200739234924e+09 -2.484893798828125000e-01 9.593200683593750000e-02 9.945724487304687500e+00
1.449669200759376526e+09 -2.293395996093750000e-01 1.112060546875000000e-01 9.961318969726562500e+00
1.449669200779518127e+09 -2.293395996093750000e-01 8.418273925781250000e-02 9.953918457031250000e+00
1.449669200799659729e+09 -2.293395996093750000e-01 9.593200683593750000e-02 9.966751098632812500e+00
1.449669200819801331e+09 -2.293395996093750000e-01 7.759094238281250000e-02 9.962158203125000000e+00
1.449669200839942932e+09 -2.340087890625000000e-01 8.143615722656250000e-02 9.942169189453125000e+00
1.449669200860084534e+09 -2.484893798828125000e-01 8.576965332031250000e-02 9.952331542968750000e+00
1.449669200880226135e+09 -2.328491210937500000e-01 7.676696777343750000e-02 9.945678710937500000e+00
1.449669200900367975e+09 -2.293395996093750000e-01 9.394836425781250000e-02 9.959350585937500000e+00
1.449669200920509338e+09 -2.367706298828125000e-01 7.676696777343750000e-02 9.949600219726562500e+00
1.449669200940650940e+09 -2.484893798828125000e-01 7.676696777343750000e-02 9.948440551757812500e+00
1.449669200960792542e+09 -2.301330566406250000e-01 9.513854980468750000e-02 9.960540771484375000e+00
1.449669200980934143e+09 -2.340393066406250000e-01 9.593200683593750000e-02 9.961318969726562500e+00
1.449669201001075745e+09 -2.484893798828125000e-01 8.576965332031250000e-02 9.961318969726562500e+00
1.449669201021217346e+09 -2.484893798828125000e-01 7.676696777343750000e-02 9.945678710937500000e+00
1.449669201041358948e+09 -2.312927246093750000e-01 9.593200683593750000e-02 9.978546142578125000e+00
1.449669201061500788e+09 -2.410736083984375000e-01 9.593200683593750000e-02 9.961318969726562500e+00
1.449669201081642151e+09 -2.293395996093750000e-01 8.302307128906250000e-02 9.974227905273437500e+00
1.449669201101783752e+09 -2.477111816406250000e-01 9.513854980468750000e-02 9.943740844726562500e+00
1.449669201121925354e+09 -2.484893798828125000e-01 9.121704101562500000e-02 9.961318969726562500e+00
1.449669201142066956e+09 -2.484893798828125000e-01 7.676696777343750000e-02 9.961318969726562500e+00
1.449669201162208557e+09 -2.484893798828125000e-01 9.245300292968750000e-02 9.961318969726562500e+00
1.449669201182350159e+09 -2.313232421875000000e-01 9.593200683593750000e-02 9.942169189453125000e+00
1.449669201202491760e+09 -2.410278320312500000e-01 8.845520019531250000e-02 9.949645996093750000e+00
1.449669201222633362e+09 -2.422943115234375000e-01 8.972167968750000000e-02 9.961318969726562500e+00
1.449669201242774963e+09 -2.484893798828125000e-01 9.593200683593750000e-02 9.961318969726562500e+00
1.449669201262916565e+09 -2.339172363281250000e-01 7.676696777343750000e-02 9.961318969726562500e+00
1.449669201283058167e+09 -2.385253906250000000e-01 8.674621582031250000e-02 9.951354980468750000e+00
1.449669201303199768e+09 -2.450256347656250000e-01 8.023071289062500000e-02 9.957855224609375000e+00
1.449669201323341370e+09 -2.293395996093750000e-01 7.676696777343750000e-02 9.963333129882812500e+00
1.449669201343482971e+09 -2.368164062500000000e-01 7.676696777343750000e-02 9.973022460937500000e+00
1.449669201363624811e+09 -2.355499267578125000e-01 7.676696777343750000e-02 9.948379516601562500e+00
1.449669201383766174e+09 -2.293395996093750000e-01 9.518432617187500000e-02 9.942169189453125000e+00
1.449669201403907776e+09 -2.484893798828125000e-01 9.593200683593750000e-02 9.961318969726562500e+00
1.449669201424049377e+09 -2.382965087890625000e-01 9.593200683593750000e-02 9.961318969726562500e+00
1.449669201444190979e+09 -2.450256347656250000e-01 8.023071289062500000e-02 9.961318969726562500e+00
1.449669201464332581e+09 -2.313690185546875000e-01 9.593200683593750000e-02 9.961318969726562500e+00
1.449669201484474182e+09 -2.409973144531250000e-01 9.593200683593750000e-02 9.961318969726562500e+00
1.449669201504615784e+09 -2.415771484375000000e-01 8.369445800781250000e-02 9.961318969726562500e+00
1.449669201524757385e+09 -2.484893798828125000e-01 9.516906738281250000e-02 9.961318969726562500e+00
1.449669201544898987e+09 -2.437591552734375000e-01 7.676696777343750000e-02 9.946914672851562500e+00
1.449669201565040588e+09 -2.293395996093750000e-01 7.676696777343750000e-02 9.951095581054687500e+00
1.449669201585182190e+09 -2.293395996093750000e-01 7.676696777343750000e-02 9.942169189453125000e+00
1.449669201605323792e+09 -2.484893798828125000e-01 7.881164550781250000e-02 9.959274291992187500e+00
1.449669201625465393e+09 -2.484893798828125000e-01 1.034393310546875000e-01 9.942169189453125000e+00
1.449669201645606995e+09 -2.484893798828125000e-01 1.021118164062500000e-01 9.929199218750000000e+00
1.449669201665748596e+09 -2.484893798828125000e-01 7.746887207031250000e-02 9.959899902343750000e+00
1.449669201685890198e+09 -2.484893798828125000e-01 7.676696777343750000e-02 9.942169189453125000e+00
1.449669201706031799e+09 -2.484893798828125000e-01 7.676696777343750000e-02 9.952423095703125000e+00
1.449669201726173401e+09 -2.327880859375000000e-01 9.248352050781250000e-02 9.945617675781250000e+00
1.449669201746315002e+09 -2.313690185546875000e-01 9.390258789062500000e-02 9.959304809570312500e+00
1.449669201766456604e+09 -2.484893798828125000e-01 7.676696777343750000e-02 9.949676513671875000e+00
1.449669201786598206e+09 -2.484893798828125000e-01 7.676696777343750000e-02 9.961318969726562500e+00
1.449669201806739807e+09 -2.115936279296875000e-01 1.136779785156250000e-01 9.961318969726562500e+00
1.449669201826881647e+09 -2.437133789062500000e-01 8.154296875000000000e-02 9.942169189453125000e+00
1.449669201847023010e+09 -2.396087646484375000e-01 9.593200683593750000e-02 9.952438354492187500e+00
1.449669201867164612e+09 -2.327728271484375000e-01 8.018493652343750000e-02 9.961318969726562500e+00
1.449669201887306213e+09 -2.293395996093750000e-01 7.676696777343750000e-02 9.942169189453125000e+00
1.449669201907447815e+09 -2.293395996093750000e-01 8.428955078125000000e-02 9.942169189453125000e+00
1.449669201927589417e+09 -2.423400878906250000e-01 9.593200683593750000e-02 9.942169189453125000e+00
1.449669201947731018e+09 -2.300262451171875000e-01 9.593200683593750000e-02 9.960647583007812500e+00
1.449669201967872620e+09 -2.293395996093750000e-01 9.127807617187500000e-02 9.961318969726562500e+00
1.449669201988014221e+09 -2.293395996093750000e-01 7.676696777343750000e-02 9.951385498046875000e+00
1.449669202008155823e+09 -2.451019287109375000e-01 9.252929687500000000e-02 9.957931518554687500e+00
1.449669202028297424e+09 -2.314300537109375000e-01 9.593200683593750000e-02 9.942169189453125000e+00
1.449669202048439026e+09 -2.484893798828125000e-01 9.593200683593750000e-02 9.949737548828125000e+00
1.449669202068580627e+09 -2.354736328125000000e-01 9.593200683593750000e-02 9.961318969726562500e+00
1.449669202088722229e+09 -2.293395996093750000e-01 9.593200683593750000e-02 9.961318969726562500e+00
1.449669202108863831e+09 -2.484893798828125000e-01 7.676696777343750000e-02 9.957855224609375000e+00
1.449669202129005671e+09 -2.484893798828125000e-01 7.676696777343750000e-02 9.952484130859375000e+00
1.449669202149147034e+09 -2.327117919921875000e-01 9.255981445312500000e-02 9.977127075195312500e+00
1.449669202169288635e+09 -2.293395996093750000e-01 9.382629394531250000e-02 9.961318969726562500e+00
1.449669202189430237e+09 -2.369079589843750000e-01 7.676696777343750000e-02 9.961318969726562500e+00
1.449669202209571838e+09 -2.484893798828125000e-01 8.903503417968750000e-02 9.961318969726562500e+00
1.449669202229713440e+09 -2.484893798828125000e-01 7.746887207031250000e-02 9.961318969726562500e+00
1.449669202249855042e+09 -2.293395996093750000e-01 8.157348632812500000e-02 9.966140747070312500e+00
1.449669202269996643e+09 -2.396545410156250000e-01 8.561706542968750000e-02 9.970184326171875000e+00
1.449669202290138483e+09 -2.327117919921875000e-01 9.255981445312500000e-02 9.977127075195312500e+00
1.449669202310279846e+09 -2.293395996093750000e-01 9.593200683593750000e-02 9.961318969726562500e+00
1.449669202330421448e+09 -2.369232177734375000e-01 1.035156250000000000e-01 9.961318969726562500e+00
1.449669202350563049e+09 -2.484893798828125000e-01 8.898925781250000000e-02 9.961318969726562500e+00
1.449669202370704651e+09 -2.484893798828125000e-01 9.524536132812500000e-02 9.961318969726562500e+00
1.449669202390846252e+09 -2.484893798828125000e-01 8.157348632812500000e-02 9.956512451171875000e+00
1.449669202410987854e+09 -2.484893798828125000e-01 8.561706542968750000e-02 9.942169189453125000e+00
1.449669202431129456e+09 -2.327117919921875000e-01 7.676696777343750000e-02 9.942169189453125000e+00
1.449669202451271057e+09 -2.293395996093750000e-01 7.885742187500000000e-02 9.961318969726562500e+00
1.449669202471412659e+09 -2.293395996093750000e-01 9.593200683593750000e-02 9.961318969726562500e+00
1.449669202491554260e+09 -2.293395996093750000e-01 9.593200683593750000e-02 9.961318969726562500e+00
1.449669202511695862e+09 -2.663879394531250000e-01 7.739257812500000000e-02 9.961318969726562500e+00
1.449669202531837463e+09 -2.484893798828125000e-01 7.676696777343750000e-02 9.946990966796875000e+00
1.449669202551979065e+09 -2.484893798828125000e-01 7.676696777343750000e-02 9.971633911132812500e+00
1.449669202572120667e+09 -2.327423095703125000e-01 7.676696777343750000e-02 9.964721679687500000e+00
1.449669202592262506e+09 -2.464141845703125000e-01 9.593200683593750000e-02 9.961318969726562500e+00
1.449669202612403870e+09 -2.293395996093750000e-01 8.837890625000000000e-02 9.968872070312500000e+00
1.449669202632545471e+09 -2.293395996093750000e-01 8.979797363281250000e-02 9.980484008789062500e+00
1.449669202652687073e+09 -2.478637695312500000e-01 9.593200683593750000e-02 9.961959838867187500e+00
1.449669202672828674e+09 -2.484893798828125000e-01 9.118652343750000000e-02 9.961318969726562500e+00
1.449669202692970276e+09 -2.384033203125000000e-01 7.676696777343750000e-02 9.951232910156250000e+00
1.449669202713111877e+09 -2.451019287109375000e-01 1.083068847656250000e-01 9.942169189453125000e+00
1.449669202733253479e+09 -2.484893798828125000e-01 7.885742187500000000e-02 9.961318969726562500e+00
1.449669202753395319e+09 -2.409210205078125000e-01 9.593200683593750000e-02 9.961318969726562500e+00
1.449669202773536682e+09 -2.423858642578125000e-01 8.287048339843750000e-02 9.961318969726562500e+00
1.449669202793678284e+09 -2.484893798828125000e-01 7.676696777343750000e-02 9.943054199218750000e+00
1.449669202813819885e+09 -2.484893798828125000e-01 7.676696777343750000e-02 9.961318969726562500e+00
1.449669202833961487e+09 -2.484893798828125000e-01 8.706665039062500000e-02 9.961318969726562500e+00
1.449669202854103088e+09 -2.327117919921875000e-01 9.593200683593750000e-02 9.961318969726562500e+00
1.449669202874244690e+09 -2.314758300781250000e-01 7.676696777343750000e-02 9.944305419921875000e+00
1.449669202894386292e+09 -2.484893798828125000e-01 8.435058593750000000e-02 9.953750610351562500e+00
1.449669202914527893e+09 -2.363281250000000000e-01 8.375549316406250000e-02 9.954345703125000000e+00
1.449669202934669495e+09 -2.478179931640625000e-01 1.137237548828125000e-01 9.961318969726562500e+00
1.449669202954811096e+09 -2.436370849609375000e-01 8.161926269531250000e-02 9.961318969726562500e+00
1.449669202974952698e+09 -2.396697998046875000e-01 8.560180664062500000e-02 9.961318969726562500e+00
1.449669202995094299e+09 -2.484893798828125000e-01 7.676696777343750000e-02 9.961318969726562500e+00
1.449669203015235901e+09 -2.463684082031250000e-01 7.888793945312500000e-02 9.961318969726562500e+00
1.449669203035377502e+09 -2.293395996093750000e-01 9.593200683593750000e-02 9.961318969726562500e+00
1.449669203055519342e+09 -2.293395996093750000e-01 8.285522460937500000e-02 9.961318969726562500e+00
1.449669203075660706e+09 -2.478637695312500000e-01 7.676696777343750000e-02 9.942810058593750000e+00
1.449669203095802307e+09 -2.436370849609375000e-01 9.106445312500000000e-02 9.947036743164062500e+00
1.449669203115943909e+09 -2.293395996093750000e-01 8.711242675781250000e-02 9.961318969726562500e+00
1.449669203136085510e+09 -2.451477050781250000e-01 9.593200683593750000e-02 9.961318969726562500e+00
1.449669203156227112e+09 -2.314758300781250000e-01 9.593200683593750000e-02 9.978363037109375000e+00
1.449669203176368713e+09 -2.484893798828125000e-01 8.076477050781250000e-02 9.953750610351562500e+00
1.449669203196510315e+09 -2.354278564453125000e-01 7.067871093750000000e-02 9.942169189453125000e+00
1.449669203216651917e+09 -2.293395996093750000e-01 7.676696777343750000e-02 9.942169189453125000e+00
1.449669203236793518e+09 -2.342224121093750000e-01 8.164978027343750000e-02 9.961318969726562500e+00
1.449669203256935120e+09 -2.381591796875000000e-01 9.593200683593750000e-02 9.950988769531250000e+00
1.449669203277076721e+09 -2.451782226562500000e-01 8.007812500000000000e-02 9.973846435546875000e+00
1.449669203297218323e+09 -2.463684082031250000e-01 9.593200683593750000e-02 9.959197998046875000e+00
1.449669203317359924e+09 -2.369232177734375000e-01 8.833312988281250000e-02 9.942169189453125000e+00
1.449669203337501526e+09 -2.484893798828125000e-01 7.676696777343750000e-02 9.955245971679687500e+00
1.449669203357643366e+09 -2.484893798828125000e-01 7.676696777343750000e-02 9.961318969726562500e+00
1.449669203377784729e+09 -2.437744140625000000e-01 8.148193359375000000e-02 9.946899414062500000e+00
1.449669203397926331e+09 -2.293395996093750000e-01 9.593200683593750000e-02 9.971359252929687500e+00
1.449669203418067932e+09 -2.293395996093750000e-01 8.007812500000000000e-02 9.964645385742187500e+00
1.449669203438209534e+09 -2.484893798828125000e-01 7.891845703125000000e-02 9.942169189453125000e+00
1.449669203458351135e+09 -2.408752441406250000e-01 8.830261230468750000e-02 9.949798583984375000e+00
1.449669203478492737e+09 -2.424316406250000000e-01 8.984375000000000000e-02 9.948242187500000000e+00
1.449669203498634338e+09 -2.304077148437500000e-01 9.593200683593750000e-02 9.960266113281250000e+00
1.449669203518776178e+09 -2.484893798828125000e-01 7.676696777343750000e-02 9.957809448242187500e+00
1.449669203538917542e+09 -2.484893798828125000e-01 7.676696777343750000e-02 9.962860107421875000e+00
1.449669203559059143e+09 -2.484893798828125000e-01 9.260559082031250000e-02 9.980484008789062500e+00
1.449669203579200745e+09 -2.463684082031250000e-01 9.379577636718750000e-02 9.961318969726562500e+00
1.449669203599342346e+09 -2.369537353515625000e-01 7.676696777343750000e-02 9.961318969726562500e+00
1.449669203619483948e+09 -2.361755371093750000e-01 8.909606933593750000e-02 9.961318969726562500e+00
1.449669203639625549e+09 -2.293395996093750000e-01 9.593200683593750000e-02 9.961318969726562500e+00
1.449669203659767151e+09 -2.293395996093750000e-01 7.676696777343750000e-02 9.956466674804687500e+00
1.449669203679908752e+09 -2.396850585937500000e-01 8.711242675781250000e-02 9.952514648437500000e+00
1.449669203700050354e+09 -2.484893798828125000e-01 9.593200683593750000e-02 9.961318969726562500e+00
1.449669203720191956e+09 -2.463378906250000000e-01 9.593200683593750000e-02 9.946502685546875000e+00
1.449669203740333557e+09 -2.369689941406250000e-01 8.830261230468750000e-02 9.965255737304687500e+00
1.449669203760475159e+09 -2.353973388671875000e-01 7.676696777343750000e-02 9.955276489257812500e+00
1.449669203780616760e+09 -2.293395996093750000e-01 7.676696777343750000e-02 9.961318969726562500e+00
1.449669203800758362e+09 -2.342376708984375000e-01 8.164978027343750000e-02 9.956436157226562500e+00
1.449669203820900202e+09 -2.484893798828125000e-01 9.593200683593750000e-02 9.942169189453125000e+00
1.449669203841041565e+09 -2.326660156250000000e-01 6.423950195312500000e-02 9.958007812500000000e+00
1.449669203861183167e+09 -2.463378906250000000e-01 9.593200683593750000e-02 9.959167480468750000e+00
1.449669203881324768e+09 -2.369995117187500000e-01 8.827209472656250000e-02 9.957489013671875000e+00
1.449669203901466370e+09 -2.484893798828125000e-01 6.364440917968750000e-02 9.954254150390625000e+00
1.449669203921607971e+09 -2.484893798828125000e-01 7.620239257812500000e-02 9.942169189453125000e+00
1.449669203941749573e+09 -2.484893798828125000e-01 7.676696777343750000e-02 9.956405639648437500e+00
1.449669203961891174e+09 -2.484893798828125000e-01 7.676696777343750000e-02 9.942169189453125000e+00
1.449669203982033014e+09 -2.326354980468750000e-01 9.263610839843750000e-02 9.958038330078125000e+00
1.449669204002174377e+09 -2.293395996093750000e-01 9.371948242187500000e-02 9.961318969726562500e+00
1.449669204022315979e+09 -2.369995117187500000e-01 7.676696777343750000e-02 9.953674316406250000e+00
1.449669204042457581e+09 -2.484893798828125000e-01 7.676696777343750000e-02 9.955322265625000000e+00
1.449669204062599182e+09 -2.484893798828125000e-01 7.676696777343750000e-02 9.942703247070312500e+00
1.449669204082740784e+09 -2.341308593750000000e-01 9.593200683593750000e-02 9.961318969726562500e+00
1.449669204102882385e+09 -2.484893798828125000e-01 9.593200683593750000e-02 9.961318969726562500e+00
1.449669204123023987e+09 -2.484893798828125000e-01 8.000183105468750000e-02 9.945419311523437500e+00
1.449669204143165588e+09 -2.462615966796875000e-01 7.899475097656250000e-02 9.961318969726562500e+00
1.449669204163307190e+09 -2.370758056640625000e-01 8.819580078125000000e-02 9.961318969726562500e+00
1.449669204183448792e+09 -2.484893798828125000e-01 8.998107910156250000e-02 9.961318969726562500e+00
1.449669204203590393e+09 -2.302856445312500000e-01 9.593200683593750000e-02 9.943115234375000000e+00
1.449669204223731995e+09 -2.484893798828125000e-01 8.175659179687500000e-02 9.961318969726562500e+00
1.449669204243873596e+09 -2.380523681640625000e-01 8.546447753906250000e-02 9.961318969726562500e+00
1.449669204264015198e+09 -2.293395996093750000e-01 9.271240234375000000e-02 9.961318969726562500e+00
1.449669204284157038e+09 -2.293395996093750000e-01 7.904052734375000000e-02 9.961318969726562500e+00
1.449669204304298401e+09 -2.371063232421875000e-01 9.593200683593750000e-02 9.969100952148437500e+00
1.449669204324440002e+09 -2.484893798828125000e-01 8.268737792968750000e-02 9.967254638671875000e+00
1.449669204344581604e+09 -2.297973632812500000e-01 7.676696777343750000e-02 9.961318969726562500e+00
1.449669204364723206e+09 -2.293395996093750000e-01 7.676696777343750000e-02 9.956359863281250000e+00
1.449669204384864807e+09 -2.293395996093750000e-01 8.717346191406250000e-02 9.952590942382812500e+00
1.449669204405006409e+09 -2.453613281250000000e-01 7.989501953125000000e-02 9.961318969726562500e+00
1.449669204425148010e+09 -2.484893798828125000e-01 7.910156250000000000e-02 9.944519042968750000e+00
1.449669204445289612e+09 -2.484893798828125000e-01 8.811950683593750000e-02 9.961318969726562500e+00
1.449669204465431213e+09 -2.352142333984375000e-01 9.005737304687500000e-02 9.961318969726562500e+00
1.449669204485572815e+09 -2.481231689453125000e-01 7.713317871093750000e-02 9.961318969726562500e+00
1.449669204505714417e+09 -2.344665527343750000e-01 8.187866210937500000e-02 9.947296142578125000e+00
1.449669204525856018e+09 -2.484893798828125000e-01 8.534240722656250000e-02 9.961318969726562500e+00
1.449669204545997620e+09 -2.324523925781250000e-01 7.676696777343750000e-02 9.945281982421875000e+00
1.449669204566139221e+09 -2.461090087890625000e-01 7.914733886718750000e-02 9.963714599609375000e+00
1.449669204586280823e+09 -2.293395996093750000e-01 9.593200683593750000e-02 9.972640991210937500e+00
1.449669204606422424e+09 -2.293395996093750000e-01 6.925964355468750000e-02 9.947998046875000000e+00
1.449669204626564026e+09 -2.481536865234375000e-01 7.641601562500000000e-02 9.979812622070312500e+00
1.449669204646705627e+09 -2.344818115234375000e-01 8.190917968750000000e-02 9.961318969726562500e+00
1.449669204666847229e+09 -2.484893798828125000e-01 8.543395996093750000e-02 9.950851440429687500e+00
1.449669204686988831e+09 -2.484893798828125000e-01 6.069946289062500000e-02 9.958236694335937500e+00
1.449669204707130432e+09 -2.460784912109375000e-01 7.676696777343750000e-02 9.958908081054687500e+00
1.449669204727272034e+09 -2.293395996093750000e-01 8.464050292968750000e-02 9.950057983398437500e+00
1.449669204747413874e+09 -2.427062988281250000e-01 9.593200683593750000e-02 9.947967529296875000e+00
1.449669204767555237e+09 -2.296447753906250000e-01 9.593200683593750000e-02 9.942169189453125000e+00
1.449669204787696838e+09 -2.342681884765625000e-01 9.100341796875000000e-02 9.966247558593750000e+00
1.449669204807838440e+09 -2.484893798828125000e-01 7.676696777343750000e-02 9.970260620117187500e+00
1.449669204827980042e+09 -2.484893798828125000e-01 9.289550781250000000e-02 9.977462768554687500e+00
1.449669204848121643e+09 -2.460632324218750000e-01 9.593200683593750000e-02 9.961318969726562500e+00
1.449669204868263245e+09 -2.372894287109375000e-01 9.593200683593750000e-02 9.961318969726562500e+00
1.449669204888404846e+09 -2.350921630859375000e-01 8.251953125000000000e-02 9.947921752929687500e+00
1.449669204908546448e+09 -2.475585937500000000e-01 9.498596191406250000e-02 9.960388183593750000e+00
1.449669204928688049e+09 -2.484893798828125000e-01 9.593200683593750000e-02 9.961318969726562500e+00
1.449669204948829651e+09 -2.484893798828125000e-01 9.593200683593750000e-02 9.961318969726562500e+00
1.449669204968971252e+09 -2.323303222656250000e-01 7.974243164062500000e-02 9.961318969726562500e+00
1.449669204989112854e+09 -2.484893798828125000e-01 7.922363281250000000e-02 9.963790893554687500e+00
1.449669205009254456e+09 -2.484893798828125000e-01 9.593200683593750000e-02 9.964508056640625000e+00
1.449669205029396057e+09 -2.484893798828125000e-01 8.245849609375000000e-02 9.928710937500000000e+00
1.449669205049537897e+09 -2.484893798828125000e-01 9.570312500000000000e-02 9.960876464843750000e+00
1.449669205069679260e+09 -2.484893798828125000e-01 8.203125000000000000e-02 9.961318969726562500e+00
1.449669205089820862e+09 -2.484893798828125000e-01 9.593200683593750000e-02 9.972091674804687500e+00
1.449669205109962463e+09 -2.322540283203125000e-01 9.593200683593750000e-02 9.964233398437500000e+00
1.449669205130104065e+09 -2.293395996093750000e-01 9.593200683593750000e-02 9.944717407226562500e+00
1.449669205150245667e+09 -2.373657226562500000e-01 8.789062500000000000e-02 9.961318969726562500e+00
1.449669205170387268e+09 -2.349853515625000000e-01 9.028625488281250000e-02 9.961318969726562500e+00
1.449669205190528870e+09 -2.483062744140625000e-01 9.593200683593750000e-02 9.980300903320312500e+00
1.449669205210670710e+09 -2.346801757812500000e-01 9.593200683593750000e-02 9.961318969726562500e+00
1.449669205230812073e+09 -2.484893798828125000e-01 9.593200683593750000e-02 9.961318969726562500e+00
1.449669205250953674e+09 -2.484893798828125000e-01 9.593200683593750000e-02 9.961318969726562500e+00
1.449669205271095276e+09 -2.319641113281250000e-01 9.330749511718750000e-02 9.958709716796875000e+00
1.449669205291236877e+09 -2.484893798828125000e-01 8.485412597656250000e-02 9.950256347656250000e+00
1.449669205311378479e+09 -2.484893798828125000e-01 8.236694335937500000e-02 9.961318969726562500e+00
1.449669205331520081e+09 -2.294616699218750000e-01 7.676696777343750000e-02 9.942291259765625000e+00
1.449669205351661682e+09 -2.431335449218750000e-01 9.593200683593750000e-02 9.942169189453125000e+00
1.449669205371803284e+09 -2.399291992187500000e-01 8.534240722656250000e-02 9.942169189453125000e+00
1.449669205391944885e+09 -2.322540283203125000e-01 9.301757812500000000e-02 9.958419799804687500e+00
1.449669205412086487e+09 -2.484893798828125000e-01 7.940673828125000000e-02 9.963973999023437500e+00
1.449669205432228088e+09 -2.403564453125000000e-01 8.778381347656250000e-02 9.964202880859375000e+00
1.449669205452369690e+09 -2.429656982421875000e-01 7.676696777343750000e-02 9.942169189453125000e+00
1.449669205472511292e+09 -2.484893798828125000e-01 7.676696777343750000e-02 9.961288452148437500e+00
1.449669205492652893e+09 -2.344512939453125000e-01 9.593200683593750000e-02 9.961318969726562500e+00
1.449669205512794733e+09 -2.381286621093750000e-01 9.593200683593750000e-02 9.961318969726562500e+00
1.449669205532936096e+09 -2.456970214843750000e-01 9.593200683593750000e-02 9.961318969726562500e+00
1.449669205553077698e+09 -2.458038330078125000e-01 9.593200683593750000e-02 9.977798461914062500e+00
1.449669205573219299e+09 -2.293395996093750000e-01 9.593200683593750000e-02 9.953155517578125000e+00
1.449669205593360901e+09 -2.293395996093750000e-01 9.593200683593750000e-02 9.955841064453125000e+00
1.449669205613502502e+09 -2.476043701171875000e-01 7.765197753906250000e-02 9.961318969726562500e+00
1.449669205633628845e+09 -2.348022460937500000e-01 8.221435546875000000e-02 9.966781616210937500e+00
1.449669205653770447e+09 -2.484893798828125000e-01 9.593200683593750000e-02 9.969543457031250000e+00
1.449669205673912048e+09 -2.484893798828125000e-01 7.951354980468750000e-02 9.944931030273437500e+00
1.449669205694053650e+09 -2.484893798828125000e-01 7.948303222656250000e-02 9.961318969726562500e+00
1.449669205714195251e+09 -2.402801513671875000e-01 7.949829101562500000e-02 9.961318969726562500e+00
1.449669205734337091e+09 -2.293395996093750000e-01 7.130432128906250000e-02 9.961318969726562500e+00
1.449669205754478693e+09 -2.675933837890625000e-01 9.588623046875000000e-02 9.942214965820312500e+00
1.449669205774620056e+09 -2.348327636718750000e-01 8.224487304687500000e-02 9.955841064453125000e+00
1.449669205794761658e+09 -2.594757080078125000e-01 9.593200683593750000e-02 9.953155517578125000e+00
1.449669205814903259e+09 -2.512207031250000000e-01 9.593200683593750000e-02 9.944900512695312500e+00
1.449669205835044861e+09 -2.457275390625000000e-01 9.593200683593750000e-02 9.958557128906250000e+00
1.449669205855186462e+09 -2.375946044921875000e-01 9.593200683593750000e-02 9.950424194335937500e+00
1.449669205875328064e+09 -2.484893798828125000e-01 8.218383789062500000e-02 9.961318969726562500e+00
1.449669205895469904e+09 -2.293395996093750000e-01 9.593200683593750000e-02 9.980422973632812500e+00
1.449669205915611506e+09 -2.293395996093750000e-01 9.039306640625000000e-02 9.950271606445312500e+00
1.449669205935752869e+09 -2.293395996093750000e-01 9.880065917968750000e-02 9.923004150390625000e+00
1.449669205955894470e+09 -2.458496093750000000e-01 8.206176757812500000e-02 9.956024169921875000e+00
1.449669205976036072e+09 -2.321472167968750000e-01 7.676696777343750000e-02 9.961318969726562500e+00
1.449669205996177673e+09 -2.402038574218750000e-01 7.676696777343750000e-02 9.961318969726562500e+00
1.449669206016319275e+09 -2.431182861328125000e-01 7.676696777343750000e-02 9.961318969726562500e+00
1.449669206036460876e+09 -2.485656738281250000e-01 9.585571289062500000e-02 9.980422973632812500e+00
1.449669206056602716e+09 -2.621002197265625000e-01 7.676696777343750000e-02 9.955764770507812500e+00
1.449669206076744080e+09 -2.484893798828125000e-01 7.676696777343750000e-02 9.952835083007812500e+00
1.449669206096885681e+09 -2.484893798828125000e-01 9.317016601562500000e-02 9.961318969726562500e+00
1.449669206117027283e+09 -2.321777343750000000e-01 9.307861328125000000e-02 9.964172363281250000e+00
1.449669206137168884e+09 -2.401885986328125000e-01 8.506774902343750000e-02 9.972183227539062500e+00
1.449669206157310486e+09 -2.431182861328125000e-01 9.593200683593750000e-02 9.961318969726562500e+00
1.449669206177452087e+09 -2.483825683593750000e-01 7.676696777343750000e-02 9.942169189453125000e+00
1.449669206197593927e+09 -2.342376708984375000e-01 7.676696777343750000e-02 9.947067260742187500e+00
1.449669206217735529e+09 -2.380523681640625000e-01 7.676696777343750000e-02 9.961318969726562500e+00
1.449669206237876892e+09 -2.458801269531250000e-01 7.676696777343750000e-02 9.944793701171875000e+00
1.449669206258018494e+09 -2.322082519531250000e-01 9.304809570312500000e-02 9.961318969726562500e+00
1.449669206278160095e+09 -2.484893798828125000e-01 7.676696777343750000e-02 9.969650268554687500e+00
1.449669206298301697e+09 -2.346801757812500000e-01 9.057617187500000000e-02 9.966674804687500000e+00
1.449669206318443298e+09 -2.475433349609375000e-01 7.771301269531250000e-02 9.979537963867187500e+00
1.449669206338584900e+09 -2.428741455078125000e-01 9.593200683593750000e-02 9.961318969726562500e+00
1.449669206358726740e+09 -2.404327392578125000e-01 9.593200683593750000e-02 9.961318969726562500e+00
1.449669206378868341e+09 -2.484893798828125000e-01 7.955932617187500000e-02 9.961318969726562500e+00
1.449669206399009705e+09 -2.484893798828125000e-01 7.963562011718750000e-02 9.942169189453125000e+00
1.449669206419151306e+09 -2.484893798828125000e-01 9.593200683593750000e-02 9.950531005859375000e+00
1.449669206439292908e+09 -2.346496582031250000e-01 8.206176757812500000e-02 9.961318969726562500e+00
1.449669206459434509e+09 -2.484893798828125000e-01 7.676696777343750000e-02 9.961318969726562500e+00
1.449669206479576111e+09 -2.428588867187500000e-01 8.239746093750000000e-02 9.961318969726562500e+00
1.449669206499717951e+09 -2.293395996093750000e-01 9.593200683593750000e-02 9.961318969726562500e+00
1.449669206519859552e+09 -2.459564208984375000e-01 7.929992675781250000e-02 9.961318969726562500e+00
1.449669206540000916e+09 -2.322540283203125000e-01 7.966613769531250000e-02 9.945083618164062500e+00
1.449669206560142517e+09 -2.484893798828125000e-01 9.593200683593750000e-02 9.961318969726562500e+00
1.449669206580284119e+09 -2.346038818359375000e-01 8.203125000000000000e-02 9.961318969726562500e+00
1.449669206600425720e+09 -2.293395996093750000e-01 9.593200683593750000e-02 9.942367553710937500e+00
1.449669206620567322e+09 -2.350158691406250000e-01 9.024047851562500000e-02 9.961318969726562500e+00
1.449669206640708923e+09 -2.484893798828125000e-01 7.676696777343750000e-02 9.961318969726562500e+00
1.449669206660850763e+09 -2.484893798828125000e-01 9.338378906250000000e-02 9.944717407226562500e+00
1.449669206680992365e+09 -2.455444335937500000e-01 9.593200683593750000e-02 9.942169189453125000e+00
1.449669206701133728e+09 -2.293395996093750000e-01 9.593200683593750000e-02 9.942169189453125000e+00
1.449669206721275330e+09 -2.432403564453125000e-01 8.203125000000000000e-02 9.969955444335937500e+00
1.449669206741416931e+09 -2.295379638671875000e-01 9.573364257812500000e-02 9.961318969726562500e+00
1.449669206761558533e+09 -2.427825927734375000e-01 8.247375488281250000e-02 9.955612182617187500e+00
1.449669206781700134e+09 -2.401428222656250000e-01 9.593200683593750000e-02 9.942169189453125000e+00
1.449669206801841736e+09 -2.319335937500000000e-01 9.593200683593750000e-02 9.942169189453125000e+00
1.449669206821983576e+09 -2.293395996093750000e-01 9.593200683593750000e-02 9.961318969726562500e+00
1.449669206842124939e+09 -2.377777099609375000e-01 8.747863769531250000e-02 9.952896118164062500e+00
1.449669206862266541e+09 -2.624359130859375000e-01 7.676696777343750000e-02 9.956100463867187500e+00
1.449669206882408142e+09 -2.295989990234375000e-01 7.676696777343750000e-02 9.961318969726562500e+00
1.449669206902549744e+09 -2.484893798828125000e-01 8.215332031250000000e-02 9.955932617187500000e+00
1.449669206922691345e+09 -2.484893798828125000e-01 8.471679687500000000e-02 9.953369140625000000e+00
1.449669206942832947e+09 -2.484893798828125000e-01 7.676696777343750000e-02 9.944641113281250000e+00
1.449669206962974787e+09 -2.455139160156250000e-01 7.974243164062500000e-02 9.945159912109375000e+00
1.449669206983116388e+09 -2.293395996093750000e-01 9.593200683593750000e-02 9.961318969726562500e+00
1.449669207003257751e+09 -2.433013916015625000e-01 8.195495605468750000e-02 9.961318969726562500e+00
1.449669207023399353e+09 -2.484893798828125000e-01 7.676696777343750000e-02 9.942993164062500000e+00
1.449669207043540955e+09 -2.351226806640625000e-01 1.035308837890625000e-01 9.955551147460937500e+00
1.449669207063682556e+09 -2.484893798828125000e-01 8.799743652343750000e-02 9.942169189453125000e+00
1.449669207083824158e+09 -2.484893798828125000e-01 9.593200683593750000e-02 9.942169189453125000e+00
1.449669207103965759e+09 -2.484893798828125000e-01 9.289550781250000000e-02 9.945205688476562500e+00
1.449669207124107599e+09 -2.484893798828125000e-01 8.528137207031250000e-02 9.961318969726562500e+00
1.449669207144249201e+09 -2.484893798828125000e-01 9.593200683593750000e-02 9.961318969726562500e+00
1.449669207164390564e+09 -2.293395996093750000e-01 9.593200683593750000e-02 9.979812622070312500e+00
1.449669207184532166e+09 -2.351531982421875000e-01 9.010314941406250000e-02 9.942169189453125000e+00
1.449669207204673767e+09 -2.484893798828125000e-01 7.676696777343750000e-02 9.953445434570312500e+00
1.449669207224815369e+09 -2.484893798828125000e-01 9.353637695312500000e-02 9.978103637695312500e+00
1.449669207244956970e+09 -2.454071044921875000e-01 1.119995117187500000e-01 9.964416503906250000e+00
1.449669207265098572e+09 -2.464447021484375000e-01 8.737182617187500000e-02 9.971939086914062500e+00
1.449669207285240412e+09 -2.395782470703125000e-01 9.080505371093750000e-02 9.961318969726562500e+00
1.449669207305381775e+09 -2.484893798828125000e-01 9.593200683593750000e-02 9.961700439453125000e+00
1.449669207325523376e+09 -2.484893798828125000e-01 9.005737304687500000e-02 9.974624633789062500e+00
1.449669207345664978e+09 -2.371673583984375000e-01 7.676696777343750000e-02 9.961318969726562500e+00
1.449669207365806580e+09 -2.459259033203125000e-01 9.333801269531250000e-02 9.961318969726562500e+00
1.449669207385948181e+09 -2.484893798828125000e-01 7.676696777343750000e-02 9.961318969726562500e+00
1.449669207406089783e+09 -2.484893798828125000e-01 7.676696777343750000e-02 9.961318969726562500e+00
1.449669207426231623e+09 -2.484893798828125000e-01 9.085083007812500000e-02 9.961318969726562500e+00
1.449669207446373224e+09 -2.484893798828125000e-01 7.676696777343750000e-02 9.960922241210937500e+00
1.449669207466514587e+09 -2.484893798828125000e-01 8.265686035156250000e-02 9.948059082031250000e+00
1.449669207486656189e+09 -2.484893798828125000e-01 9.593200683593750000e-02 9.972152709960937500e+00
1.449669207506797791e+09 -2.484893798828125000e-01 9.593200683593750000e-02 9.963760375976562500e+00
1.449669207526939392e+09 -2.484893798828125000e-01 7.676696777343750000e-02 9.961318969726562500e+00
1.449669207547080994e+09 -2.484893798828125000e-01 7.676696777343750000e-02 9.961318969726562500e+00
1.449669207567222595e+09 -2.484893798828125000e-01 9.088134765625000000e-02 9.975448608398437500e+00
1.449669207587364435e+09 -2.301330566406250000e-01 7.676696777343750000e-02 9.942962646484375000e+00
1.449669207607506037e+09 -2.568206787109375000e-01 7.676696777343750000e-02 9.975067138671875000e+00
1.449669207627647400e+09 -2.407379150390625000e-01 7.676696777343750000e-02 9.972717285156250000e+00
1.449669207647789001e+09 -2.484893798828125000e-01 7.676696777343750000e-02 9.963607788085937500e+00
1.449669207667930603e+09 -2.453308105468750000e-01 1.087341308593750000e-01 9.945343017578125000e+00
1.449669207688072205e+09 -2.293395996093750000e-01 8.543395996093750000e-02 9.952667236328125000e+00
1.449669207708213806e+09 -2.293395996093750000e-01 1.100769042968750000e-01 9.956329345703125000e+00
1.449669207728355408e+09 -2.484893798828125000e-01 7.720947265625000000e-02 9.942626953125000000e+00
1.449669207748497248e+09 -2.425384521484375000e-01 9.593200683593750000e-02 9.955368041992187500e+00
1.449669207768638611e+09 -2.407684326171875000e-01 8.448791503906250000e-02 9.942169189453125000e+00
1.449669207788780212e+09 -2.315826416015625000e-01 9.368896484375000000e-02 9.942169189453125000e+00
1.449669207808921814e+09 -2.484893798828125000e-01 7.676696777343750000e-02 9.958114624023437500e+00
1.449669207829063416e+09 -2.484893798828125000e-01 8.546447753906250000e-02 9.950866699218750000e+00
1.449669207849205017e+09 -2.484893798828125000e-01 1.100921630859375000e-01 9.961318969726562500e+00
1.449669207869346619e+09 -2.484893798828125000e-01 7.676696777343750000e-02 9.961807250976562500e+00
1.449669207889488459e+09 -2.484893798828125000e-01 8.273315429687500000e-02 9.974517822265625000e+00
1.449669207909630060e+09 -2.484893798828125000e-01 9.593200683593750000e-02 9.961318969726562500e+00
1.449669207929771423e+09 -2.315826416015625000e-01 9.593200683593750000e-02 9.978256225585937500e+00
1.449669207949913025e+09 -2.293395996093750000e-01 7.676696777343750000e-02 9.942169189453125000e+00
1.449669207970054626e+09 -2.293395996093750000e-01 8.549499511718750000e-02 9.959655761718750000e+00
1.449669207990196228e+09 -2.435760498046875000e-01 9.593200683593750000e-02 9.952041625976562500e+00
1.449669208010337830e+09 -2.484893798828125000e-01 9.593200683593750000e-02 9.961853027343750000e+00
1.449669208030479431e+09 -2.424926757812500000e-01 8.990478515625000000e-02 9.980484008789062500e+00
1.449669208050621271e+09 -2.293395996093750000e-01 8.824157714843750000e-02 9.957534790039062500e+00
1.449669208070762634e+09 -2.293395996093750000e-01 9.593200683593750000e-02 9.958923339843750000e+00
1.449669208090904236e+09 -2.484893798828125000e-01 9.263610839843750000e-02 9.961318969726562500e+00
1.449669208111045837e+09 -2.484893798828125000e-01 7.676696777343750000e-02 9.961318969726562500e+00
1.449669208131187439e+09 -2.484893798828125000e-01 7.676696777343750000e-02 9.961318969726562500e+00
1.449669208151329041e+09 -2.298736572265625000e-01 1.145629882812500000e-01 9.980484008789062500e+00
1.449669208171470642e+09 -2.484893798828125000e-01 8.990478515625000000e-02 9.980484008789062500e+00
1.449669208191612482e+09 -2.376556396484375000e-01 7.676696777343750000e-02 9.969635009765625000e+00
1.449669208211754084e+09 -2.461547851562500000e-01 7.676696777343750000e-02 9.961318969726562500e+00
1.449669208231895447e+09 -2.484893798828125000e-01 7.676696777343750000e-02 9.961318969726562500e+00
1.449669208252037048e+09 -2.484893798828125000e-01 8.552551269531250000e-02 9.970092773437500000e+00
1.449669208272178650e+09 -2.484893798828125000e-01 8.169555664062500000e-02 9.966262817382812500e+00
1.449669208292320251e+09 -2.484893798828125000e-01 7.730102539062500000e-02 9.961318969726562500e+00
1.449669208312461853e+09 -2.484893798828125000e-01 9.593200683593750000e-02 9.966705322265625000e+00
1.449669208332603455e+09 -2.369689941406250000e-01 9.593200683593750000e-02 9.957412719726562500e+00
1.449669208352745295e+09 -2.463378906250000000e-01 9.593200683593750000e-02 9.959167480468750000e+00
1.449669208372886896e+09 -2.326660156250000000e-01 1.117706298828125000e-01 9.961318969726562500e+00
1.449669208393028259e+09 -2.484893798828125000e-01 8.711242675781250000e-02 9.961318969726562500e+00
1.449669208413169861e+09 -2.484893798828125000e-01 7.676696777343750000e-02 9.975631713867187500e+00
1.449669208433311462e+09 -2.478942871093750000e-01 7.676696777343750000e-02 9.961318969726562500e+00
1.449669208453453064e+09 -2.293395996093750000e-01 7.676696777343750000e-02 9.967422485351562500e+00
1.449669208473594666e+09 -2.293395996093750000e-01 7.676696777343750000e-02 9.980484008789062500e+00
1.449669208493736267e+09 -2.293395996093750000e-01 7.676696777343750000e-02 9.963424682617187500e+00
1.449669208513878107e+09 -2.293395996093750000e-01 9.255981445312500000e-02 9.980484008789062500e+00
1.449669208534019470e+09 -2.293395996093750000e-01 8.561706542968750000e-02 9.971633911132812500e+00
1.449669208554161072e+09 -2.436828613281250000e-01 9.593200683593750000e-02 9.961318969726562500e+00
1.449669208574302673e+09 -2.478332519531250000e-01 9.593200683593750000e-02 9.961990356445312500e+00
1.449669208594444275e+09 -2.354736328125000000e-01 8.979797363281250000e-02 9.980484008789062500e+00
1.449669208614585876e+09 -2.368927001953125000e-01 9.999084472656250000e-02 9.968872070312500000e+00
1.449669208634727478e+09 -2.464141845703125000e-01 8.093261718750000000e-02 9.961318969726562500e+00
1.449669208654869318e+09 -2.259521484375000000e-01 8.015441894531250000e-02 9.964721679687500000e+00
1.449669208675010920e+09 -2.279510498046875000e-01 9.593200683593750000e-02 9.962722778320312500e+00
1.449669208695152283e+09 -2.484893798828125000e-01 9.593200683593750000e-02 9.956542968750000000e+00
1.449669208715293884e+09 -2.293395996093750000e-01 7.676696777343750000e-02 9.961318969726562500e+00
1.449669208735435486e+09 -2.354278564453125000e-01 7.676696777343750000e-02 9.955245971679687500e+00
1.449669208755577087e+09 -2.484893798828125000e-01 7.676696777343750000e-02 9.953735351562500000e+00
1.449669208775718689e+09 -2.319793701171875000e-01 9.329223632812500000e-02 9.961318969726562500e+00
1.449669208795860291e+09 -2.328186035156250000e-01 9.245300292968750000e-02 9.961318969726562500e+00
1.449669208816002131e+09 -2.484893798828125000e-01 8.572387695312500000e-02 9.961318969726562500e+00
1.449669208836143732e+09 -2.340545654296875000e-01 9.593200683593750000e-02 9.961318969726562500e+00
1.449669208856285095e+09 -2.300872802734375000e-01 7.676696777343750000e-02 9.979751586914062500e+00
1.449669208876426697e+09 -2.546539306640625000e-01 7.676696777343750000e-02 9.961318969726562500e+00
1.449669208896568298e+09 -2.568206787109375000e-01 7.676696777343750000e-02 9.961318969726562500e+00
1.449669208916709900e+09 -2.655639648437500000e-01 7.676696777343750000e-02 9.961318969726562500e+00
1.449669208936851501e+09 -2.484893798828125000e-01 9.237670898437500000e-02 9.976943969726562500e+00
1.449669208956993103e+09 -2.394561767578125000e-01 7.676696777343750000e-02 9.970367431640625000e+00
1.449669208977134943e+09 -2.438354492187500000e-01 7.676696777343750000e-02 9.980484008789062500e+00
1.449669208997276306e+09 -2.484893798828125000e-01 7.752990722656250000e-02 9.979721069335937500e+00
1.449669209017417908e+09 -2.484893798828125000e-01 9.593200683593750000e-02 9.961318969726562500e+00
1.449669209037559509e+09 -2.602996826171875000e-01 9.593200683593750000e-02 9.961318969726562500e+00
1.449669209057701111e+09 -2.503662109375000000e-01 9.593200683593750000e-02 9.961318969726562500e+00
1.449669209077842712e+09 -2.484893798828125000e-01 9.593200683593750000e-02 9.976867675781250000e+00
1.449669209097984314e+09 -2.484893798828125000e-01 9.593200683593750000e-02 9.961318969726562500e+00
1.449669209118126154e+09 -2.339324951171875000e-01 8.135986328125000000e-02 9.961318969726562500e+00
1.449669209138267756e+09 -2.493896484375000000e-01 7.765197753906250000e-02 9.962219238281250000e+00
1.449669209158409119e+09 -2.549133300781250000e-01 9.593200683593750000e-02 9.980484008789062500e+00
1.449669209178550720e+09 -2.293395996093750000e-01 9.593200683593750000e-02 9.956817626953125000e+00
1.449669209198692322e+09 -2.466735839843750000e-01 9.593200683593750000e-02 9.959503173828125000e+00
1.449669209218833923e+09 -2.484893798828125000e-01 8.041381835937500000e-02 9.961318969726562500e+00
1.449669209238975525e+09 -2.484893798828125000e-01 9.593200683593750000e-02 9.952224731445312500e+00
1.449669209259117126e+09 -2.484893798828125000e-01 8.131408691406250000e-02 9.956771850585937500e+00
1.449669209279258966e+09 -2.484893798828125000e-01 9.498596191406250000e-02 9.960388183593750000e+00
1.449669209299400330e+09 -2.484893798828125000e-01 8.319091796875000000e-02 9.948593139648437500e+00
1.449669209319541931e+09 -2.366180419921875000e-01 8.403015136718750000e-02 9.949447631835937500e+00
1.449669209339683533e+09 -2.467041015625000000e-01 9.413146972656250000e-02 9.959533691406250000e+00
1.449669209359825134e+09 -2.484893798828125000e-01 9.240722656250000000e-02 9.964843750000000000e+00
1.449669209379966736e+09 -2.439117431640625000e-01 8.134460449218750000e-02 9.980484008789062500e+00
1.449669209400108337e+09 -2.315979003906250000e-01 9.367370605468750000e-02 9.980484008789062500e+00
1.449669209420250177e+09 -2.475280761718750000e-01 9.495544433593750000e-02 9.943145751953125000e+00
1.449669209440391779e+09 -2.293395996093750000e-01 7.676696777343750000e-02 9.967788696289062500e+00
1.449669209460533142e+09 -2.412719726562500000e-01 7.676696777343750000e-02 9.980484008789062500e+00
1.449669209480674744e+09 -2.484893798828125000e-01 7.676696777343750000e-02 9.947235107421875000e+00
1.449669209500816345e+09 -2.330780029296875000e-01 8.049011230468750000e-02 9.949645996093750000e+00
1.449669209520957947e+09 -2.484893798828125000e-01 9.593200683593750000e-02 9.971267700195312500e+00
1.449669209541099548e+09 -2.337951660156250000e-01 9.593200683593750000e-02 9.961318969726562500e+00
1.449669209561241150e+09 -2.303619384765625000e-01 7.676696777343750000e-02 9.978469848632812500e+00
1.449669209581382990e+09 -2.452545166015625000e-01 7.676696777343750000e-02 9.945419311523437500e+00
1.449669209601524591e+09 -2.329254150390625000e-01 7.676696777343750000e-02 9.957748413085937500e+00
1.449669209621665955e+09 -2.467803955078125000e-01 9.420776367187500000e-02 9.978775024414062500e+00
1.449669209641807556e+09 -2.331237792968750000e-01 9.214782714843750000e-02 9.965103149414062500e+00
1.449669209661949158e+09 -2.484893798828125000e-01 8.599853515625000000e-02 9.971252441406250000e+00
1.449669209682090759e+09 -2.337951660156250000e-01 9.593200683593750000e-02 9.961318969726562500e+00
1.449669209702232361e+09 -2.666168212890625000e-01 9.487915039062500000e-02 9.943222045898437500e+00
1.449669209722373962e+09 -2.484893798828125000e-01 8.329772949218750000e-02 9.961318969726562500e+00
1.449669209742515802e+09 -2.484893798828125000e-01 8.392333984375000000e-02 9.961318969726562500e+00
1.449669209762657166e+09 -2.310333251953125000e-01 7.676696777343750000e-02 9.961318969726562500e+00
1.449669209782798767e+09 -2.293395996093750000e-01 9.211730957031250000e-02 9.965133666992187500e+00
1.449669209802940369e+09 -2.386016845703125000e-01 8.602905273437500000e-02 9.989761352539062500e+00
1.449669209823081970e+09 -2.337493896484375000e-01 9.593200683593750000e-02 9.955398559570312500e+00
1.449669209843223572e+09 -2.484893798828125000e-01 9.484863281250000000e-02 9.960250854492187500e+00
1.449669209863365173e+09 -2.419433593750000000e-01 7.676696777343750000e-02 9.948730468750000000e+00
1.449669209883507013e+09 -2.293395996093750000e-01 7.676696777343750000e-02 9.973358154296875000e+00
1.449669209903648615e+09 -2.468566894531250000e-01 9.428405761718750000e-02 9.962966918945312500e+00
1.449669209923789978e+09 -2.484893798828125000e-01 9.593200683593750000e-02 9.961318969726562500e+00
1.449669209943931580e+09 -2.391967773437500000e-01 9.593200683593750000e-02 9.970626831054687500e+00
1.449669209964073181e+09 -2.441253662109375000e-01 9.593200683593750000e-02 9.965698242187500000e+00
1.449669209984214783e+09 -2.473754882812500000e-01 9.480285644531250000e-02 9.961318969726562500e+00
1.449669210004356384e+09 -2.293395996093750000e-01 8.332824707031250000e-02 9.961318969726562500e+00
1.449669210024497986e+09 -2.414093017578125000e-01 9.593200683593750000e-02 9.949264526367187500e+00
1.449669210044639826e+09 -2.311859130859375000e-01 9.593200683593750000e-02 9.942169189453125000e+00
1.449669210064781427e+09 -2.328186035156250000e-01 9.593200683593750000e-02 9.945648193359375000e+00
1.449669210084922791e+09 -2.484893798828125000e-01 8.657836914062500000e-02 9.961318969726562500e+00
1.449669210105064392e+09 -2.484893798828125000e-01 7.676696777343750000e-02 9.961318969726562500e+00
1.449669210125205994e+09 -2.484893798828125000e-01 9.477233886718750000e-02 9.943328857421875000e+00
1.449669210145347595e+09 -2.484893798828125000e-01 7.676696777343750000e-02 9.961318969726562500e+00
1.449669210165489197e+09 -2.365722656250000000e-01 7.676696777343750000e-02 9.949401855468750000e+00
1.449669210185630798e+09 -2.293395996093750000e-01 9.332275390625000000e-02 9.942169189453125000e+00
1.449669210205772638e+09 -2.598419189453125000e-01 9.201049804687500000e-02 9.942169189453125000e+00
1.449669210225914001e+09 -2.293395996093750000e-01 8.613586425781250000e-02 9.951553344726562500e+00
1.449669210246055603e+09 -2.590789794921875000e-01 8.105468750000000000e-02 9.961318969726562500e+00
1.449669210266197205e+09 -2.484893798828125000e-01 9.593200683593750000e-02 9.961318969726562500e+00
1.449669210286338806e+09 -2.484893798828125000e-01 8.958435058593750000e-02 9.961318969726562500e+00
1.449669210306480408e+09 -2.367248535156250000e-01 8.854675292968750000e-02 9.973114013671875000e+00
1.449669210326622009e+09 -2.469635009765625000e-01 9.593200683593750000e-02 9.962860107421875000e+00
1.449669210346763849e+09 -2.484893798828125000e-01 9.593200683593750000e-02 9.961318969726562500e+00
1.449669210366905451e+09 -2.390594482421875000e-01 9.593200683593750000e-02 9.961318969726562500e+00
1.449669210387046814e+09 -2.442474365234375000e-01 9.593200683593750000e-02 9.946426391601562500e+00
1.449669210407188416e+09 -2.484893798828125000e-01 7.676696777343750000e-02 9.979263305664062500e+00
1.449669210427330017e+09 -2.484893798828125000e-01 8.348083496093750000e-02 9.968048095703125000e+00
1.449669210447471619e+09 -2.484893798828125000e-01 8.370971679687500000e-02 9.968276977539062500e+00
1.449669210467613220e+09 -2.308044433593750000e-01 7.676696777343750000e-02 9.961318969726562500e+00
1.449669210487754822e+09 -2.484893798828125000e-01 9.593200683593750000e-02 9.957336425781250000e+00
1.449669210507896662e+09 -2.390136718750000000e-01 9.593200683593750000e-02 9.951660156250000000e+00
1.449669210528038025e+09 -2.443389892578125000e-01 8.091735839843750000e-02 9.961318969726562500e+00
1.449669210548179626e+09 -2.306518554687500000e-01 9.593200683593750000e-02 9.961318969726562500e+00
1.449669210568321228e+09 -2.416992187500000000e-01 8.912658691406250000e-02 9.954528808593750000e+00
1.449669210588462830e+09 -2.293395996093750000e-01 7.676696777343750000e-02 9.954437255859375000e+00
1.449669210608604431e+09 -2.470855712890625000e-01 9.449768066406250000e-02 9.961318969726562500e+00
1.449669210628746033e+09 -2.293395996093750000e-01 9.593200683593750000e-02 9.961318969726562500e+00
1.449669210648887873e+09 -2.293395996093750000e-01 9.593200683593750000e-02 9.961318969726562500e+00
1.449669210669029474e+09 -2.443847656250000000e-01 8.087158203125000000e-02 9.961318969726562500e+00
1.449669210689170837e+09 -2.498474121093750000e-01 7.810974121093750000e-02 9.962677001953125000e+00
1.449669210709312439e+09 -2.608184814453125000e-01 9.593200683593750000e-02 9.973648071289062500e+00
1.449669210729454041e+09 -2.484893798828125000e-01 8.360290527343750000e-02 9.961318969726562500e+00
1.449669210749595642e+09 -2.484893798828125000e-01 9.457397460937500000e-02 9.979141235351562500e+00
1.449669210769737244e+09 -2.329101562500000000e-01 7.676696777343750000e-02 9.964889526367187500e+00
1.449669210789878845e+09 -2.484893798828125000e-01 8.636474609375000000e-02 9.970886230468750000e+00
1.449669210810020685e+09 -2.484893798828125000e-01 9.593200683593750000e-02 9.961318969726562500e+00
1.449669210830162287e+09 -2.307586669921875000e-01 7.818603515625000000e-02 9.979064941406250000e+00
1.449669210850303650e+09 -2.416076660156250000e-01 9.593200683593750000e-02 9.961318969726562500e+00
1.449669210870445251e+09 -2.412567138671875000e-01 8.399963378906250000e-02 9.961318969726562500e+00
1.449669210890586853e+09 -2.484893798828125000e-01 7.676696777343750000e-02 9.977890014648437500e+00
1.449669210910728455e+09 -2.484893798828125000e-01 9.175109863281250000e-02 9.961318969726562500e+00
1.449669210930870056e+09 -2.388610839843750000e-01 8.639526367187500000e-02 9.961318969726562500e+00
1.449669210951011658e+09 -2.293395996093750000e-01 8.079528808593750000e-02 9.946212768554687500e+00
1.449669210971153498e+09 -2.484893798828125000e-01 9.593200683593750000e-02 9.979034423828125000e+00
1.449669210991294861e+09 -2.484893798828125000e-01 9.593200683593750000e-02 9.961318969726562500e+00
1.449669211011436462e+09 -2.484893798828125000e-01 9.593200683593750000e-02 9.961318969726562500e+00
1.449669211031578064e+09 -2.306213378906250000e-01 7.803344726562500000e-02 9.961318969726562500e+00
1.449669211051719666e+09 -2.335662841796875000e-01 1.066436767578125000e-01 9.961318969726562500e+00
1.449669211071861267e+09 -2.484893798828125000e-01 8.647155761718750000e-02 9.961318969726562500e+00
1.449669211092002869e+09 -2.484893798828125000e-01 9.593200683593750000e-02 9.946136474609375000e+00
1.449669211112144709e+09 -2.308349609375000000e-01 7.676696777343750000e-02 9.980484008789062500e+00
1.449669211132286310e+09 -2.484893798828125000e-01 7.676696777343750000e-02 9.973510742187500000e+00
1.449669211152427673e+09 -2.360229492187500000e-01 7.676696777343750000e-02 9.961318969726562500e+00
1.449669211172569275e+09 -2.472991943359375000e-01 7.676696777343750000e-02 9.961318969726562500e+00
1.449669211192710876e+09 -2.484893798828125000e-01 8.103942871093750000e-02 9.961318969726562500e+00
1.449669211212852478e+09 -2.484893798828125000e-01 8.616638183593750000e-02 9.961318969726562500e+00
1.449669211232994080e+09 -2.484893798828125000e-01 9.199523925781250000e-02 9.961318969726562500e+00
1.449669211253135681e+09 -2.484893798828125000e-01 9.436035156250000000e-02 9.980484008789062500e+00
1.449669211273277521e+09 -2.484893798828125000e-01 8.380126953125000000e-02 9.966400146484375000e+00
1.449669211293419123e+09 -2.484893798828125000e-01 8.340454101562500000e-02 9.942169189453125000e+00
1.449669211313560486e+09 -2.304992675781250000e-01 9.477233886718750000e-02 9.960174560546875000e+00
1.449669211333702087e+09 -2.335662841796875000e-01 9.593200683593750000e-02 9.961318969726562500e+00
1.449669211353843689e+09 -2.389221191406250000e-01 9.593200683593750000e-02 9.961318969726562500e+00
1.449669211373985291e+09 -2.446289062500000000e-01 8.064270019531250000e-02 9.946044921875000000e+00
1.449669211394126892e+09 -2.309570312500000000e-01 7.676696777343750000e-02 9.961318969726562500e+00
1.449669211414268494e+09 -2.414093017578125000e-01 8.386230468750000000e-02 9.954238891601562500e+00
1.449669211434410334e+09 -2.293395996093750000e-01 9.593200683593750000e-02 9.954757690429687500e+00
1.449669211454551697e+09 -2.473754882812500000e-01 9.593200683593750000e-02 9.961318969726562500e+00
1.449669211474693298e+09 -2.484893798828125000e-01 9.593200683593750000e-02 9.945785522460937500e+00
1.449669211494834900e+09 -2.386474609375000000e-01 9.593200683593750000e-02 9.961318969726562500e+00
1.449669211514976501e+09 -2.293395996093750000e-01 9.593200683593750000e-02 9.976684570312500000e+00
1.449669211535118103e+09 -2.484893798828125000e-01 9.425354003906250000e-02 9.980484008789062500e+00
1.449669211555259705e+09 -2.484893798828125000e-01 7.676696777343750000e-02 9.973358154296875000e+00
1.449669211575401545e+09 -2.484893798828125000e-01 7.676696777343750000e-02 9.949325561523437500e+00
1.449669211595543146e+09 -2.304534912109375000e-01 7.676696777343750000e-02 9.960220336914062500e+00
1.449669211615684509e+09 -2.337951660156250000e-01 9.147644042968750000e-02 9.961318969726562500e+00
1.449669211635826111e+09 -2.484893798828125000e-01 7.676696777343750000e-02 9.961318969726562500e+00
1.449669211655967712e+09 -2.331237792968750000e-01 7.676696777343750000e-02 9.961318969726562500e+00
1.449669211676109314e+09 -2.642211914062500000e-01 9.593200683593750000e-02 9.961318969726562500e+00
1.449669211696250916e+09 -2.365570068359375000e-01 1.031341552734375000e-01 9.968536376953125000e+00
1.449669211716392517e+09 -2.484893798828125000e-01 1.023864746093750000e-01 9.967788696289062500e+00
1.449669211736534357e+09 -2.484893798828125000e-01 9.593200683593750000e-02 9.979492187500000000e+00
1.449669211756675959e+09 -2.338256835937500000e-01 9.593200683593750000e-02 9.965805053710937500e+00
1.449669211776817322e+09 -2.484893798828125000e-01 8.595275878906250000e-02 9.970520019531250000e+00
1.449669211796958923e+09 -2.484893798828125000e-01 9.222412109375000000e-02 9.961318969726562500e+00
1.449669211817100525e+09 -2.311401367187500000e-01 9.593200683593750000e-02 9.959533691406250000e+00
1.449669211837242126e+09 -2.484893798828125000e-01 9.593200683593750000e-02 9.942169189453125000e+00
1.449669211857383728e+09 -2.357482910156250000e-01 8.317565917968750000e-02 9.954925537109375000e+00
1.449669211877525568e+09 -2.293395996093750000e-01 9.498596191406250000e-02 9.979553222656250000e+00
1.449669211897667170e+09 -2.293395996093750000e-01 9.593200683593750000e-02 9.961318969726562500e+00
1.449669211917808533e+09 -2.293395996093750000e-01 9.593200683593750000e-02 9.971237182617187500e+00
1.449669211937950134e+09 -2.293395996093750000e-01 9.593200683593750000e-02 9.949584960937500000e+00
1.449669211958091736e+09 -2.466583251953125000e-01 9.593200683593750000e-02 9.963165283203125000e+00
1.449669211978233337e+09 -2.293395996093750000e-01 8.857727050781250000e-02 9.973144531250000000e+00
1.449669211998374939e+09 -2.421569824218750000e-01 8.956909179687500000e-02 9.974136352539062500e+00
1.449669212018516541e+09 -2.484893798828125000e-01 9.593200683593750000e-02 9.962188720703125000e+00
1.449669212038658381e+09 -2.440490722656250000e-01 8.122253417968750000e-02 9.961318969726562500e+00
1.449669212058799982e+09 -2.390747070312500000e-01 9.593200683593750000e-02 9.961318969726562500e+00
1.449669212078941345e+09 -2.484893798828125000e-01 9.593200683593750000e-02 9.961318969726562500e+00
1.449669212099082947e+09 -2.293395996093750000e-01 7.676696777343750000e-02 9.963272094726562500e+00
1.449669212119224548e+09 -2.293395996093750000e-01 8.415222167968750000e-02 9.973098754882812500e+00
1.449669212139366150e+09 -2.551116943359375000e-01 9.593200683593750000e-02 9.948455810546875000e+00
1.449669212159507751e+09 -2.497406005859375000e-01 9.593200683593750000e-02 9.960083007812500000e+00
1.449669212179649353e+09 -2.484893798828125000e-01 9.593200683593750000e-02 9.973175048828125000e+00
1.449669212199791193e+09 -2.484893798828125000e-01 9.593200683593750000e-02 9.970306396484375000e+00
1.449669212219932556e+09 -2.641448974609375000e-01 8.027648925781250000e-02 9.961318969726562500e+00
1.449669212240074158e+09 -2.313232421875000000e-01 9.593200683593750000e-02 9.963302612304687500e+00
1.449669212260215759e+09 -2.484893798828125000e-01 8.847045898437500000e-02 9.973037719726562500e+00
1.449669212280357361e+09 -2.484893798828125000e-01 8.322143554687500000e-02 9.954864501953125000e+00
1.449669212300498962e+09 -2.484893798828125000e-01 9.555053710937500000e-02 9.942550659179687500e+00
1.449669212320640564e+09 -2.293395996093750000e-01 8.149719238281250000e-02 9.966064453125000000e+00
1.449669212340782404e+09 -2.293395996093750000e-01 9.593200683593750000e-02 9.970260620117187500e+00
1.449669212360924006e+09 -2.450561523437500000e-01 8.020019531250000000e-02 9.945617675781250000e+00
1.449669212381065369e+09 -2.293395996093750000e-01 9.387207031250000000e-02 9.944229125976562500e+00
1.449669212401206970e+09 -2.443542480468750000e-01 8.427429199218750000e-02 9.961318969726562500e+00
1.449669212421348572e+09 -2.416687011718750000e-01 8.291625976562500000e-02 9.974334716796875000e+00
1.449669212441490173e+09 -2.663116455078125000e-01 9.524536132812500000e-02 9.980484008789062500e+00
1.449669212461631775e+09 -2.341613769531250000e-01 9.593200683593750000e-02 9.966140747070312500e+00
1.449669212481773376e+09 -2.381896972656250000e-01 8.561706542968750000e-02 9.970184326171875000e+00
1.449669212501915216e+09 -2.293395996093750000e-01 9.255981445312500000e-02 9.977127075195312500e+00
1.449669212522056818e+09 -2.484893798828125000e-01 7.676696777343750000e-02 9.978393554687500000e+00
1.449669212542198181e+09 -2.484893798828125000e-01 8.435058593750000000e-02 9.968917846679687500e+00
1.449669212562339783e+09 -2.484893798828125000e-01 8.285522460937500000e-02 9.980484008789062500e+00
1.449669212582481384e+09 -2.484893798828125000e-01 7.676696777343750000e-02 9.961929321289062500e+00
1.449669212602622986e+09 -2.293395996093750000e-01 7.676696777343750000e-02 9.956451416015625000e+00
1.449669212622764587e+09 -2.293395996093750000e-01 8.711242675781250000e-02 9.962860107421875000e+00
1.449669212642906189e+09 -2.293395996093750000e-01 9.593200683593750000e-02 9.964645385742187500e+00
1.449669212663048029e+09 -2.315063476562500000e-01 9.376525878906250000e-02 9.959167480468750000e+00
1.449669212683189392e+09 -2.484893798828125000e-01 7.676696777343750000e-02 9.949829101562500000e+00
1.449669212703330994e+09 -2.484893798828125000e-01 1.030578613281250000e-01 9.961318969726562500e+00
1.449669212723472595e+09 -2.484893798828125000e-01 7.788085937500000000e-02 9.979934692382812500e+00
1.449669212743614197e+09 -2.438049316406250000e-01 8.145141601562500000e-02 9.961318969726562500e+00
1.449669212763755798e+09 -2.293395996093750000e-01 9.593200683593750000e-02 9.961318969726562500e+00
1.449669212783897400e+09 -2.293395996093750000e-01 8.001708984375000000e-02 9.945419311523437500e+00
1.449669212804039240e+09 -2.484893798828125000e-01 9.368896484375000000e-02 9.961318969726562500e+00
1.449669212824180841e+09 -2.408142089843750000e-01 7.676696777343750000e-02 9.961318969726562500e+00
1.449669212844322205e+09 -2.293395996093750000e-01 7.676696777343750000e-02 9.961318969726562500e+00
1.449669212864463806e+09 -2.293395996093750000e-01 9.477233886718750000e-02 9.961318969726562500e+00
1.449669212884605408e+09 -2.484893798828125000e-01 9.228515625000000000e-02 9.957687377929687500e+00
1.449669212904747009e+09 -2.380065917968750000e-01 8.724975585937500000e-02 9.973663330078125000e+00
1.449669212924888611e+09 -2.453308105468750000e-01 9.593200683593750000e-02 9.967681884765625000e+00
1.449669212945030212e+09 -2.316284179687500000e-01 9.593200683593750000e-02 9.963607788085937500e+00
1.449669212965172052e+09 -2.484893798828125000e-01 8.815002441406250000e-02 9.964950561523437500e+00
1.449669212985313654e+09 -2.352447509765625000e-01 9.002685546875000000e-02 9.968688964843750000e+00
1.449669213005455017e+09 -2.480926513671875000e-01 9.593200683593750000e-02 9.980484008789062500e+00
1.449669213025596619e+09 -2.484893798828125000e-01 9.593200683593750000e-02 9.970413208007812500e+00
1.449669213045738220e+09 -2.484893798828125000e-01 8.538818359375000000e-02 9.942169189453125000e+00
1.449669213065879822e+09 -2.324829101562500000e-01 7.676696777343750000e-02 9.974212646484375000e+00
1.449669213086021423e+09 -2.484893798828125000e-01 7.676696777343750000e-02 9.978134155273437500e+00
1.449669213106163263e+09 -2.406768798828125000e-01 8.459472656250000000e-02 9.969161987304687500e+00
1.449669213126304865e+09 -2.426300048828125000e-01 8.262634277343750000e-02 9.980484008789062500e+00
1.449669213146446228e+09 -2.484893798828125000e-01 9.555053710937500000e-02 9.961700439453125000e+00
1.449669213166587830e+09 -2.344665527343750000e-01 9.080505371093750000e-02 9.961318969726562500e+00
1.449669213186729431e+09 -2.484893798828125000e-01 7.676696777343750000e-02 9.961318969726562500e+00
1.449669213206871033e+09 -2.324066162109375000e-01 7.676696777343750000e-02 9.977432250976562500e+00
1.449669213227012634e+09 -2.317352294921875000e-01 9.353637695312500000e-02 9.963714599609375000e+00
1.449669213247154236e+09 -2.406158447265625000e-01 7.676696777343750000e-02 9.972610473632812500e+00
1.449669213267296076e+09 -2.427062988281250000e-01 9.013366699218750000e-02 9.961318969726562500e+00
1.449669213287437677e+09 -2.673645019531250000e-01 7.705688476562500000e-02 9.961318969726562500e+00
1.449669213307579041e+09 -2.344970703125000000e-01 8.190917968750000000e-02 9.966476440429687500e+00
1.449669213327720642e+09 -2.379760742187500000e-01 8.540344238281250000e-02 9.980484008789062500e+00
1.449669213347862244e+09 -2.454376220703125000e-01 9.286499023437500000e-02 9.964385986328125000e+00
1.449669213368003845e+09 -2.317810058593750000e-01 7.919311523437500000e-02 9.961318969726562500e+00
1.449669213388145447e+09 -2.484893798828125000e-01 9.593200683593750000e-02 9.961318969726562500e+00
1.449669213408287048e+09 -2.484893798828125000e-01 9.593200683593750000e-02 9.974731445312500000e+00
1.449669213428428888e+09 -2.484893798828125000e-01 9.593200683593750000e-02 9.961593627929687500e+00
1.449669213448570251e+09 -2.293395996093750000e-01 9.593200683593750000e-02 9.980484008789062500e+00
1.449669213468711853e+09 -2.293395996093750000e-01 9.593200683593750000e-02 9.980484008789062500e+00
1.449669213488853455e+09 -2.293395996093750000e-01 9.593200683593750000e-02 9.964309692382812500e+00
1.449669213508995056e+09 -2.460021972656250000e-01 9.341430664062500000e-02 9.977981567382812500e+00
1.449669213529136658e+09 -2.293395996093750000e-01 8.474731445312500000e-02 9.969314575195312500e+00
1.449669213549278259e+09 -2.428283691406250000e-01 8.244323730468750000e-02 9.953536987304687500e+00
1.449669213569420099e+09 -2.484893798828125000e-01 7.676696777343750000e-02 9.960220336914062500e+00
1.449669213589561701e+09 -2.346038818359375000e-01 8.203125000000000000e-02 9.961318969726562500e+00
1.449669213609703064e+09 -2.377471923828125000e-01 8.515930175781250000e-02 9.972091674804687500e+00
1.449669213629844666e+09 -2.455902099609375000e-01 9.301757812500000000e-02 9.947998046875000000e+00
1.449669213649986267e+09 -2.319183349609375000e-01 9.335327148437500000e-02 9.963897705078125000e+00
1.449669213670127869e+09 -2.484893798828125000e-01 8.482360839843750000e-02 9.980484008789062500e+00
1.449669213690269470e+09 -2.484893798828125000e-01 8.236694335937500000e-02 9.980484008789062500e+00
1.449669213710411072e+09 -2.484893798828125000e-01 9.577941894531250000e-02 9.961471557617187500e+00
1.449669213730552912e+09 -2.484893798828125000e-01 9.057617187500000000e-02 9.961318969726562500e+00
1.449669213750694513e+09 -2.376708984375000000e-01 7.676696777343750000e-02 9.950500488281250000e+00
1.449669213770835876e+09 -2.293395996093750000e-01 7.676696777343750000e-02 9.958496093750000000e+00
1.449669213790977478e+09 -2.650146484375000000e-01 9.593200683593750000e-02 9.961318969726562500e+00
1.449669213811119080e+09 -2.484893798828125000e-01 9.593200683593750000e-02 9.961318969726562500e+00
1.449669213831260681e+09 -2.349090576171875000e-01 8.232116699218750000e-02 9.947738647460937500e+00
1.449669213851402283e+09 -2.484283447265625000e-01 9.585571289062500000e-02 9.961257934570312500e+00
1.449669213871543884e+09 -2.484893798828125000e-01 9.593200683593750000e-02 9.955917358398437500e+00
1.449669213891685724e+09 -2.484893798828125000e-01 9.593200683593750000e-02 9.963989257812500000e+00
1.449669213911827087e+09 -2.484893798828125000e-01 9.593200683593750000e-02 9.964126586914062500e+00
1.449669213931968689e+09 -2.293395996093750000e-01 9.323120117187500000e-02 9.975112915039062500e+00
1.449669213952110291e+09 -2.375183105468750000e-01 7.676696777343750000e-02 9.942169189453125000e+00
1.449669213972251892e+09 -2.348327636718750000e-01 7.676696777343750000e-02 9.969512939453125000e+00
1.449669213992393494e+09 -2.484893798828125000e-01 7.676696777343750000e-02 9.942169189453125000e+00
1.449669214012535095e+09 -2.484893798828125000e-01 9.593200683593750000e-02 9.961318969726562500e+00
