1.449181328150853157e+09 -6.532592773437500000e-01 3.452178955078125000e+00 9.693145751953125000e+00
1.449181328170994759e+09 -6.557922363281250000e-01 3.746688842773437500e+00 9.305465698242187500e+00
1.449181328191136599e+09 -1.178573608398437500e+00 3.671569824218750000e+00 8.935394287109375000e+00
1.449181328211277962e+09 -1.171813964843750000e+00 3.730422973632812500e+00 8.952072143554687500e+00
1.449181328231419563e+09 -1.049118041992187500e+00 3.793487548828125000e+00 9.075103759765625000e+00
1.449181328251561165e+09 -9.575042724609375000e-01 3.812606811523437500e+00 9.309875488281250000e+00
1.449181328271702766e+09 -8.355712890625000000e-01 3.786636352539062500e+00 9.182708740234375000e+00
1.449181328291844368e+09 -1.024536132812500000e+00 3.779846191406250000e+00 8.821533203125000000e+00
1.449181328311985970e+09 -1.135131835937500000e+00 3.837127685546875000e+00 8.952850341796875000e+00
1.449181328332127571e+09 -1.123016357421875000e+00 3.812637329101562500e+00 8.803909301757812500e+00
1.449181328352269411e+09 -1.236068725585937500e+00 3.777206420898437500e+00 8.538894653320312500e+00
1.449181328372410774e+09 -1.165863037109375000e+00 3.821090698242187500e+00 8.721984863281250000e+00
1.449181328392552376e+09 -1.245071411132812500e+00 3.811965942382812500e+00 8.994674682617187500e+00
1.449181328412693977e+09 -1.096282958984375000e+00 3.804794311523437500e+00 9.270294189453125000e+00
1.449181328432835579e+09 -1.010131835937500000e+00 3.814239501953125000e+00 9.150161743164062500e+00
1.449181328452977180e+09 -1.246154785156250000e+00 3.867279052734375000e+00 8.947372436523437500e+00
1.449181328473118782e+09 -1.366821289062500000e+00 4.035797119140625000e+00 8.731399536132812500e+00
1.449181328493260384e+09 -1.522216796875000000e+00 3.991653442382812500e+00 8.723114013671875000e+00
1.449181328513402224e+09 -1.047317504882812500e+00 3.999771118164062500e+00 8.877899169921875000e+00
1.449181328533543587e+09 -1.230819702148437500e+00 3.995010375976562500e+00 8.596603393554687500e+00
1.449181328553685188e+09 -1.436981201171875000e+00 4.050598144531250000e+00 8.702590942382812500e+00
1.449181328573826790e+09 -1.230377197265625000e+00 3.985946655273437500e+00 8.913589477539062500e+00
1.449181328593968391e+09 -1.033004760742187500e+00 3.998291015625000000e+00 9.258987426757812500e+00
1.449181328614109993e+09 -1.075881958007812500e+00 3.979187011718750000e+00 9.324768066406250000e+00
1.449181328634251595e+09 -1.148941040039062500e+00 3.947616577148437500e+00 9.034011840820312500e+00
1.449181328654393435e+09 -1.063018798828125000e+00 3.894500732421875000e+00 9.013290405273437500e+00
1.449181328674534798e+09 -1.044143676757812500e+00 3.871261596679687500e+00 8.953781127929687500e+00
1.449181328694676399e+09 -1.100082397460937500e+00 3.857971191406250000e+00 8.817245483398437500e+00
1.449181328714818001e+09 -1.042053222656250000e+00 3.870117187500000000e+00 8.802749633789062500e+00
1.449181328734959602e+09 -1.095947265625000000e+00 3.877441406250000000e+00 8.939804077148437500e+00
1.449181328755101204e+09 -1.098007202148437500e+00 3.914962768554687500e+00 9.125366210937500000e+00
1.449181328775242805e+09 -1.129150390625000000e+00 3.927597045898437500e+00 9.268447875976562500e+00
1.449181328795384407e+09 -1.129776000976562500e+00 3.946441650390625000e+00 9.170669555664062500e+00
1.449181328815526247e+09 -1.098632812500000000e+00 3.858123779296875000e+00 8.995391845703125000e+00
1.449181328835667610e+09 -1.104049682617187500e+00 3.831802368164062500e+00 8.986984252929687500e+00
1.449181328855809212e+09 -1.055389404296875000e+00 3.872344970703125000e+00 8.983261108398437500e+00
1.449181328875950813e+09 -1.079696655273437500e+00 3.852340698242187500e+00 8.860534667968750000e+00
1.449181328896092415e+09 -1.078506469726562500e+00 3.845291137695312500e+00 8.933532714843750000e+00
1.449181328916234016e+09 -1.109359741210937500e+00 3.888626098632812500e+00 9.038604736328125000e+00
1.449181328936375618e+09 -1.037887573242187500e+00 3.922500610351562500e+00 9.151596069335937500e+00
1.449181328956517220e+09 -9.532470703125000000e-01 3.908432006835937500e+00 9.116302490234375000e+00
1.449181328976659060e+09 -9.351348876953125000e-01 3.876235961914062500e+00 9.002639770507812500e+00
1.449181328996800423e+09 -1.093902587890625000e+00 3.846389770507812500e+00 8.936218261718750000e+00
1.449181329016942024e+09 -1.118301391601562500e+00 3.939056396484375000e+00 8.953842163085937500e+00
1.449181329037083626e+09 -1.010406494140625000e+00 3.927597045898437500e+00 9.093307495117187500e+00
1.449181329057225227e+09 -9.573516845703125000e-01 3.892120361328125000e+00 8.992843627929687500e+00
1.449181329077366829e+09 -9.818420410156250000e-01 3.831802368164062500e+00 8.874633789062500000e+00
1.449181329097508430e+09 -1.017333984375000000e+00 3.875106811523437500e+00 9.018432617187500000e+00
1.449181329117650270e+09 -9.687194824218750000e-01 3.924743652343750000e+00 9.069412231445312500e+00
1.449181329137791634e+09 -1.039871215820312500e+00 3.883941650390625000e+00 8.976287841796875000e+00
1.449181329157933235e+09 -9.496154785156250000e-01 3.866424560546875000e+00 8.857116699218750000e+00
1.449181329178074837e+09 -9.515686035156250000e-01 3.916000366210937500e+00 8.888031005859375000e+00
1.449181329198216438e+09 -9.191894531250000000e-01 3.908279418945312500e+00 9.003616333007812500e+00
1.449181329218358040e+09 -9.735717773437500000e-01 3.837326049804687500e+00 9.104736328125000000e+00
1.449181329238499641e+09 -9.521636962890625000e-01 3.873016357421875000e+00 9.063171386718750000e+00
1.449181329258641243e+09 -8.937988281250000000e-01 3.889266967773437500e+00 9.006042480468750000e+00
1.449181329278783083e+09 -9.544830322265625000e-01 3.870117187500000000e+00 8.883728027343750000e+00
1.449181329298924446e+09 -9.045867919921875000e-01 3.861709594726562500e+00 8.973495483398437500e+00
1.449181329319066048e+09 -8.894042968750000000e-01 3.934463500976562500e+00 9.123458862304687500e+00
1.449181329339207649e+09 -8.809967041015625000e-01 4.002914428710937500e+00 9.231750488281250000e+00
1.449181329359349251e+09 -9.113769531250000000e-01 3.896926879882812500e+00 9.141372680664062500e+00
1.449181329379490852e+09 -9.156646728515625000e-01 3.892639160156250000e+00 9.059844970703125000e+00
1.449181329399632454e+09 -9.334106445312500000e-01 3.858123779296875000e+00 9.032180786132812500e+00
1.449181329419774294e+09 -9.221801757812500000e-01 3.838073730468750000e+00 9.076919555664062500e+00
1.449181329439915657e+09 -9.209442138671875000e-01 3.861480712890625000e+00 8.974624633789062500e+00
1.449181329460057259e+09 -8.715972900390625000e-01 3.836807250976562500e+00 8.897598266601562500e+00
1.449181329480198860e+09 -8.998718261718750000e-01 3.907943725585937500e+00 9.155715942382812500e+00
1.449181329500340462e+09 -9.176330566406250000e-01 3.883346557617187500e+00 9.124282836914062500e+00
1.449181329520482063e+09 -9.231262207031250000e-01 3.858688354492187500e+00 9.046234130859375000e+00
1.449181329540623665e+09 -8.828887939453125000e-01 3.799972534179687500e+00 8.933273315429687500e+00
1.449181329560765266e+09 -8.807220458984375000e-01 3.841873168945312500e+00 8.923416137695312500e+00
1.449181329580907106e+09 -8.984680175781250000e-01 3.880401611328125000e+00 8.996307373046875000e+00
1.449181329601048470e+09 -9.190368652343750000e-01 3.826965332031250000e+00 8.969802856445312500e+00
1.449181329621190071e+09 -7.310028076171875000e-01 3.794189453125000000e+00 9.095657348632812500e+00
1.449181329641331673e+09 -8.729400634765625000e-01 3.806427001953125000e+00 8.910247802734375000e+00
1.449181329661473274e+09 -9.999694824218750000e-01 3.828659057617187500e+00 8.915390014648437500e+00
1.449181329681614876e+09 -9.287567138671875000e-01 3.833740234375000000e+00 9.282760620117187500e+00
1.449181329701756477e+09 -8.963012695312500000e-01 3.835372924804687500e+00 9.342437744140625000e+00
1.449181329721898079e+09 -8.988800048828125000e-01 3.832794189453125000e+00 9.047790527343750000e+00
1.449181329742039919e+09 -8.462219238281250000e-01 3.725250244140625000e+00 9.322280883789062500e+00
1.449181329762181282e+09 -7.895965576171875000e-01 3.701416015625000000e+00 8.979598999023437500e+00
1.449181329782322884e+09 -8.678894042968750000e-01 3.774322509765625000e+00 8.959121704101562500e+00
1.449181329802464485e+09 -8.662872314453125000e-01 3.774322509765625000e+00 9.087280273437500000e+00
1.449181329822606087e+09 -9.156036376953125000e-01 3.774322509765625000e+00 9.080047607421875000e+00
1.449181329842747688e+09 -8.769531250000000000e-01 3.785934448242187500e+00 9.141006469726562500e+00
1.449181329862889290e+09 -8.430023193359375000e-01 3.708770751953125000e+00 9.196197509765625000e+00
1.449181329883031130e+09 -8.676147460937500000e-01 3.718521118164062500e+00 9.067962646484375000e+00
1.449181329903172493e+09 -8.795776367187500000e-01 3.792327880859375000e+00 9.083526611328125000e+00
1.449181329923314095e+09 -8.615570068359375000e-01 3.767669677734375000e+00 9.157470703125000000e+00
1.449181329943455696e+09 -8.615570068359375000e-01 3.730834960937500000e+00 9.073394775390625000e+00
1.449181329963597298e+09 -8.964233398437500000e-01 3.751693725585937500e+00 9.073135375976562500e+00
1.449181329983738899e+09 -9.037017822265625000e-01 3.758987426757812500e+00 9.079971313476562500e+00
1.449181330003880501e+09 -9.095306396484375000e-01 3.764816284179687500e+00 9.185195922851562500e+00
1.449181330024022102e+09 -8.698577880859375000e-01 3.740142822265625000e+00 9.079055786132812500e+00
1.449181330044163942e+09 -8.410644531250000000e-01 3.737350463867187500e+00 9.112976074218750000e+00
1.449181330064305305e+09 -8.438720703125000000e-01 3.748291015625000000e+00 9.076095581054687500e+00
1.449181330084446907e+09 -9.165496826171875000e-01 3.747940063476562500e+00 9.125579833984375000e+00
1.449181330104588509e+09 -9.203643798828125000e-01 3.737319946289062500e+00 8.993484497070312500e+00
1.449181330124730110e+09 -9.063568115234375000e-01 3.733749389648437500e+00 9.118362426757812500e+00
1.449181330144871712e+09 -8.615570068359375000e-01 3.773986816406250000e+00 9.157348632812500000e+00
1.449181330165013313e+09 -8.463287353515625000e-01 3.694213867187500000e+00 9.164520263671875000e+00
1.449181330185154915e+09 -9.030151367187500000e-01 3.696105957031250000e+00 9.022567749023437500e+00
1.449181330205296755e+09 -9.381866455078125000e-01 3.692703247070312500e+00 9.036758422851562500e+00
1.449181330225438118e+09 -9.633789062500000000e-01 3.767181396484375000e+00 9.186752319335937500e+00
1.449181330245579720e+09 -8.678588867187500000e-01 3.757263183593750000e+00 9.252471923828125000e+00
1.449181330265721321e+09 -8.748931884765625000e-01 3.707946777343750000e+00 9.091705322265625000e+00
1.449181330285862923e+09 -9.090881347656250000e-01 3.698425292968750000e+00 8.973556518554687500e+00
1.449181330306004524e+09 -9.462585449218750000e-01 3.778686523437500000e+00 9.085098266601562500e+00
1.449181330326146126e+09 -9.172515869140625000e-01 3.770721435546875000e+00 9.129150390625000000e+00
1.449181330346287966e+09 -8.852386474609375000e-01 3.699401855468750000e+00 9.182083129882812500e+00
1.449181330366429329e+09 -9.127960205078125000e-01 3.691436767578125000e+00 9.086395263671875000e+00
1.449181330386570930e+09 -9.381866455078125000e-01 3.753524780273437500e+00 9.061706542968750000e+00
1.449181330406712532e+09 -9.097137451171875000e-01 3.711685180664062500e+00 9.208526611328125000e+00
1.449181330426854134e+09 -8.603820800781250000e-01 3.734802246093750000e+00 9.218338012695312500e+00
1.449181330446995735e+09 -8.580932617187500000e-01 3.716842651367187500e+00 8.949310302734375000e+00
1.449181330467137337e+09 -8.848419189453125000e-01 3.827011108398437500e+00 8.685943603515625000e+00
1.449181330487278938e+09 -9.116668701171875000e-01 3.990966796875000000e+00 8.842819213867187500e+00
1.449181330507420778e+09 -8.353271484375000000e-01 4.152069091796875000e+00 8.971343994140625000e+00
1.449181330527562141e+09 -7.855377197265625000e-01 4.270050048828125000e+00 8.946548461914062500e+00
1.449181330547703743e+09 -8.807220458984375000e-01 4.234115600585937500e+00 8.721542358398437500e+00
1.449181330567845345e+09 -8.598937988281250000e-01 4.202850341796875000e+00 8.792663574218750000e+00
1.449181330587986946e+09 -7.946777343750000000e-01 4.144821166992187500e+00 8.713134765625000000e+00
1.449181330608128548e+09 -8.378601074218750000e-01 4.096786499023437500e+00 8.510803222656250000e+00
1.449181330628270149e+09 -7.969360351562500000e-01 4.293792724609375000e+00 8.560012817382812500e+00
1.449181330648411989e+09 -8.485260009765625000e-01 4.425704956054687500e+00 8.875427246093750000e+00
1.449181330668553591e+09 -8.629760742187500000e-01 4.443450927734375000e+00 8.818908691406250000e+00
1.449181330688694954e+09 -7.989807128906250000e-01 4.441040039062500000e+00 8.542312622070312500e+00
1.449181330708836555e+09 -8.274383544921875000e-01 4.515045166015625000e+00 8.624298095703125000e+00
1.449181330728978157e+09 -8.777008056640625000e-01 4.508377075195312500e+00 8.783599853515625000e+00
1.449181330749119759e+09 -8.831939697265625000e-01 4.519027709960937500e+00 8.751342773437500000e+00
1.449181330769261360e+09 -8.998718261718750000e-01 4.479492187500000000e+00 8.563034057617187500e+00
1.449181330789402962e+09 -8.470764160156250000e-01 4.471267700195312500e+00 8.624130249023437500e+00
1.449181330809544802e+09 -8.232421875000000000e-01 4.483184814453125000e+00 8.696273803710937500e+00
1.449181330829686165e+09 -9.243621826171875000e-01 4.575744628906250000e+00 9.065078735351562500e+00
1.449181330849827766e+09 -9.057159423828125000e-01 4.660598754882812500e+00 9.024230957031250000e+00
1.449181330869969368e+09 -8.807220458984375000e-01 4.677597045898437500e+00 8.744430541992187500e+00
1.449181330890110970e+09 -9.217071533203125000e-01 4.718383789062500000e+00 8.589355468750000000e+00
1.449181330910252571e+09 -9.381866455078125000e-01 4.743499755859375000e+00 8.778060913085937500e+00
1.449181330930394173e+09 -9.381866455078125000e-01 4.718765258789062500e+00 8.731033325195312500e+00
1.449181330950535774e+09 -9.567108154296875000e-01 4.713073730468750000e+00 8.715393066406250000e+00
1.449181330970677614e+09 -9.054107666015625000e-01 4.693923950195312500e+00 8.781997680664062500e+00
1.449181330990818977e+09 -9.300537109375000000e-01 4.627822875976562500e+00 8.762023925781250000e+00
1.449181331010960579e+09 -9.216613769531250000e-01 4.628585815429687500e+00 8.663803100585937500e+00
1.449181331031102180e+09 -9.276885986328125000e-01 4.661361694335937500e+00 8.664321899414062500e+00
1.449181331051243782e+09 -9.597167968750000000e-01 4.702316284179687500e+00 8.688491821289062500e+00
1.449181331071385384e+09 -8.965301513671875000e-01 4.685287475585937500e+00 8.566589355468750000e+00
1.449181331091526985e+09 -9.197235107421875000e-01 4.731781005859375000e+00 8.562774658203125000e+00
1.449181331111668825e+09 -9.879760742187500000e-01 4.699645996093750000e+00 8.574234008789062500e+00
1.449181331131810188e+09 -1.014831542968750000e+00 4.679351806640625000e+00 8.533645629882812500e+00
1.449181331151951790e+09 -1.014831542968750000e+00 4.605407714843750000e+00 8.369033813476562500e+00
1.449181331172093391e+09 -9.481506347656250000e-01 4.639511108398437500e+00 8.482330322265625000e+00
1.449181331192234993e+09 -9.170532226562500000e-01 4.672775268554687500e+00 8.622909545898437500e+00
1.449181331212376595e+09 -9.663696289062500000e-01 4.651672363281250000e+00 8.584259033203125000e+00
1.449181331232518196e+09 -9.582214355468750000e-01 4.618576049804687500e+00 8.429534912109375000e+00
1.449181331252659798e+09 -9.903717041015625000e-01 4.664154052734375000e+00 8.440490722656250000e+00
1.449181331272801638e+09 -9.650573730468750000e-01 4.670837402343750000e+00 8.462921142578125000e+00
1.449181331292943001e+09 -1.076049804687500000e+00 4.643051147460937500e+00 8.490539550781250000e+00
1.449181331313084602e+09 -1.168090820312500000e+00 4.671463012695312500e+00 8.514587402343750000e+00
1.449181331333226204e+09 -1.124023437500000000e+00 4.664413452148437500e+00 8.458175659179687500e+00
1.449181331353367805e+09 -9.576568603515625000e-01 4.760742187500000000e+00 8.562484741210937500e+00
1.449181331373509407e+09 -8.430938720703125000e-01 4.767852783203125000e+00 8.543609619140625000e+00
1.449181331393651009e+09 -9.046936035156250000e-01 4.663101196289062500e+00 8.543609619140625000e+00
1.449181331413792610e+09 -1.182464599609375000e+00 4.831619262695312500e+00 8.473571777343750000e+00
1.449181331433934450e+09 -1.285018920898437500e+00 4.878219604492187500e+00 8.325592041015625000e+00
1.449181331454075813e+09 -6.806335449218750000e-01 4.807449340820312500e+00 7.941909790039062500e+00
1.449181331474217415e+09 -7.364959716796875000e-01 4.858383178710937500e+00 8.467727661132812500e+00
1.449181331494359016e+09 -7.466125488281250000e-01 4.784439086914062500e+00 8.768249511718750000e+00
1.449181331514500618e+09 -1.001052856445312500e+00 4.813339233398437500e+00 8.340393066406250000e+00
1.449181331534642220e+09 -1.091461181640625000e+00 4.828018188476562500e+00 8.141296386718750000e+00
1.449181331554783821e+09 -9.817504882812500000e-01 4.686660766601562500e+00 8.455917358398437500e+00
1.449181331574925661e+09 -9.033966064453125000e-01 4.902755737304687500e+00 9.053558349609375000e+00
1.449181331595067024e+09 -8.732452392578125000e-01 4.947158813476562500e+00 9.227630615234375000e+00
1.449181331615208626e+09 -8.701934814453125000e-01 4.820663452148437500e+00 8.693969726562500000e+00
1.449181331635350227e+09 -8.851318359375000000e-01 4.766143798828125000e+00 8.309127807617187500e+00
1.449181331655491829e+09 -8.965148925781250000e-01 4.846054077148437500e+00 8.579589843750000000e+00
1.449181331675633430e+09 -8.424072265625000000e-01 4.841247558593750000e+00 8.830322265625000000e+00
1.449181331695775032e+09 -8.181762695312500000e-01 4.902709960937500000e+00 8.816909790039062500e+00
1.449181331715916634e+09 -8.040924072265625000e-01 4.923828125000000000e+00 8.901504516601562500e+00
1.449181331736058474e+09 -8.311767578125000000e-01 4.865661621093750000e+00 8.904327392578125000e+00
1.449181331756199837e+09 -8.236236572265625000e-01 4.751770019531250000e+00 8.841781616210937500e+00
1.449181331776341438e+09 -8.298645019531250000e-01 4.638198852539062500e+00 8.416534423828125000e+00
1.449181331796483040e+09 -8.576354980468750000e-01 4.667388916015625000e+00 8.401321411132812500e+00
1.449181331816624641e+09 -8.246002197265625000e-01 4.841690063476562500e+00 8.811828613281250000e+00
1.449181331836766243e+09 -8.121795654296875000e-01 4.767547607421875000e+00 8.910614013671875000e+00
1.449181331856907845e+09 -9.098968505859375000e-01 4.677368164062500000e+00 8.786590576171875000e+00
1.449181331877049685e+09 -9.232177734375000000e-01 4.566421508789062500e+00 8.354461669921875000e+00
1.449181331897191286e+09 -9.672698974609375000e-01 4.569946289062500000e+00 8.488388061523437500e+00
1.449181331917332649e+09 -9.196777343750000000e-01 4.708480834960937500e+00 8.814529418945312500e+00
1.449181331937474251e+09 -8.791961669921875000e-01 4.683181762695312500e+00 8.759719848632812500e+00
1.449181331957615852e+09 -8.545074462890625000e-01 4.531570434570312500e+00 8.558746337890625000e+00
1.449181331977757454e+09 -8.926086425781250000e-01 4.495712280273437500e+00 8.435943603515625000e+00
1.449181331997899055e+09 -9.913330078125000000e-01 4.502334594726562500e+00 8.373367309570312500e+00
1.449181332018040657e+09 -9.780426025390625000e-01 4.493515014648437500e+00 8.618728637695312500e+00
1.449181332038182497e+09 -9.289398193359375000e-01 4.444213867187500000e+00 8.657928466796875000e+00
1.449181332058323860e+09 -9.381866455078125000e-01 4.425704956054687500e+00 8.670181274414062500e+00
1.449181332078465462e+09 -9.434661865234375000e-01 4.380355834960937500e+00 8.691619873046875000e+00
1.449181332098607063e+09 -9.884338378906250000e-01 4.296264648437500000e+00 8.632171630859375000e+00
1.449181332118748665e+09 -9.509887695312500000e-01 4.259674072265625000e+00 8.671295166015625000e+00
1.449181332138890266e+09 -1.011245727539062500e+00 4.271545410156250000e+00 8.861251831054687500e+00
1.449181332159031868e+09 -9.588623046875000000e-01 4.239471435546875000e+00 8.844787597656250000e+00
1.449181332179173470e+09 -8.019256591796875000e-01 4.185684204101562500e+00 8.999786376953125000e+00
1.449181332199315310e+09 -8.438262939453125000e-01 4.145431518554687500e+00 8.865051269531250000e+00
1.449181332219456673e+09 -9.381866455078125000e-01 4.121109008789062500e+00 8.771865844726562500e+00
1.449181332239598274e+09 -9.160461425781250000e-01 4.123565673828125000e+00 8.934158325195312500e+00
1.449181332259739876e+09 -8.936157226562500000e-01 4.048461914062500000e+00 8.894409179687500000e+00
1.449181332279881477e+09 -8.998718261718750000e-01 4.130310058593750000e+00 8.851486206054687500e+00
1.449181332300023079e+09 -9.286651611328125000e-01 4.162216186523437500e+00 8.864501953125000000e+00
1.449181332320164680e+09 -9.882354736328125000e-01 4.129455566406250000e+00 8.870727539062500000e+00
1.449181332340306520e+09 -1.030654907226562500e+00 4.185806274414062500e+00 8.935958862304687500e+00
1.449181332360447884e+09 -1.016998291015625000e+00 4.189300537109375000e+00 8.926773071289062500e+00
1.449181332380589485e+09 -1.026687622070312500e+00 4.131027221679687500e+00 8.904891967773437500e+00
1.449181332400731087e+09 -1.014831542968750000e+00 4.080642700195312500e+00 8.702423095703125000e+00
1.449181332420872688e+09 -1.033508300781250000e+00 4.099044799804687500e+00 8.508224487304687500e+00
1.449181332441014290e+09 -1.049026489257812500e+00 4.079956054687500000e+00 8.762069702148437500e+00
1.449181332461155891e+09 -1.091461181640625000e+00 4.033905029296875000e+00 9.009124755859375000e+00
1.449181332481297493e+09 -1.059432983398437500e+00 3.946411132812500000e+00 8.932723999023437500e+00
1.449181332501439333e+09 -1.036346435546875000e+00 3.934661865234375000e+00 8.818908691406250000e+00
1.449181332521580696e+09 -1.053146362304687500e+00 4.016204833984375000e+00 8.900466918945312500e+00
1.449181332541722298e+09 -9.999542236328125000e-01 4.088302612304687500e+00 8.945938110351562500e+00
1.449181332561863899e+09 -9.578399658203125000e-01 4.043975830078125000e+00 8.908599853515625000e+00
1.449181332582005501e+09 -9.033508300781250000e-01 4.052993774414062500e+00 8.810119628906250000e+00
1.449181332602147102e+09 -8.937225341796875000e-01 4.091567993164062500e+00 8.939773559570312500e+00
1.449181332622288704e+09 -8.540954589843750000e-01 4.100021362304687500e+00 8.997589111328125000e+00
1.449181332642430305e+09 -7.734985351562500000e-01 4.097442626953125000e+00 8.995697021484375000e+00
1.449181332662572145e+09 -8.192138671875000000e-01 4.097000122070312500e+00 8.982284545898437500e+00
1.449181332682713509e+09 -8.068847656250000000e-01 4.146331787109375000e+00 9.093307495117187500e+00
1.449181332702855110e+09 -8.040924072265625000e-01 4.119308471679687500e+00 8.965698242187500000e+00
1.449181332722996712e+09 -7.794799804687500000e-01 4.113708496093750000e+00 8.970550537109375000e+00
1.449181332743138313e+09 -7.876586914062500000e-01 4.067184448242187500e+00 9.049911499023437500e+00
1.449181332763279915e+09 -7.876586914062500000e-01 4.009674072265625000e+00 9.049911499023437500e+00
1.449181332783421516e+09 -7.358551025390625000e-01 4.028976440429687500e+00 8.850143432617187500e+00
1.449181332803563356e+09 -7.932281494140625000e-01 4.086563110351562500e+00 8.949645996093750000e+00
1.449181332823704720e+09 -8.179016113281250000e-01 4.036315917968750000e+00 9.024826049804687500e+00
1.449181332843846321e+09 -6.325225830078125000e-01 4.061401367187500000e+00 9.268890380859375000e+00
1.449181332863987923e+09 -7.620697021484375000e-01 4.018218994140625000e+00 8.871597290039062500e+00
1.449181332884129524e+09 -8.375396728515625000e-01 4.026519775390625000e+00 8.907333374023437500e+00
1.449181332904271126e+09 -8.948822021484375000e-01 4.075851440429687500e+00 9.203292846679687500e+00
1.449181332924412727e+09 -8.292388916015625000e-01 4.005401611328125000e+00 9.072265625000000000e+00
1.449181332944554329e+09 -8.871154785156250000e-01 3.916946411132812500e+00 8.892730712890625000e+00
1.449181332964696169e+09 -9.470520019531250000e-01 3.955596923828125000e+00 8.892166137695312500e+00
1.449181332984837532e+09 -1.032638549804687500e+00 3.984375000000000000e+00 8.985275268554687500e+00
1.449181333004979134e+09 -9.456329345703125000e-01 3.923294067382812500e+00 9.018280029296875000e+00
1.449181333025120735e+09 -9.417877197265625000e-01 3.835983276367187500e+00 8.862716674804687500e+00
1.449181333045262337e+09 -9.911193847656250000e-01 3.795761108398437500e+00 8.742034912109375000e+00
1.449181333065403938e+09 -9.700927734375000000e-01 3.854156494140625000e+00 8.936737060546875000e+00
1.449181333085545540e+09 -9.207153320312500000e-01 3.870117187500000000e+00 9.210800170898437500e+00
1.449181333105687380e+09 -9.141082763671875000e-01 3.827423095703125000e+00 9.067520141601562500e+00
1.449181333125828981e+09 -9.196472167968750000e-01 3.774917602539062500e+00 8.910614013671875000e+00
1.449181333145970345e+09 -9.321136474609375000e-01 3.836090087890625000e+00 9.046035766601562500e+00
1.449181333166111946e+09 -9.190368652343750000e-01 3.962387084960937500e+00 9.149124145507812500e+00
1.449181333186253548e+09 -9.190368652343750000e-01 3.899536132812500000e+00 9.019851684570312500e+00
1.449181333206395149e+09 -8.286437988281250000e-01 3.828353881835937500e+00 8.930679321289062500e+00
1.449181333226536751e+09 -8.285064697265625000e-01 3.848480224609375000e+00 8.836257934570312500e+00
1.449181333246678352e+09 -9.143371582031250000e-01 3.947082519531250000e+00 9.211120605468750000e+00
1.449181333266820192e+09 -9.565429687500000000e-01 3.834259033203125000e+00 9.539291381835937500e+00
1.449181333286961555e+09 -9.255676269531250000e-01 3.838775634765625000e+00 8.935119628906250000e+00
1.449181333307103157e+09 -8.762359619140625000e-01 3.854248046875000000e+00 8.565628051757812500e+00
1.449181333327244759e+09 -9.135589599609375000e-01 4.014221191406250000e+00 8.976821899414062500e+00
1.449181333347386360e+09 -7.556610107421875000e-01 3.913803100585937500e+00 9.321563720703125000e+00
1.449181333367527962e+09 -6.775054931640625000e-01 3.728469848632812500e+00 8.653396606445312500e+00
1.449181333387669563e+09 -8.595428466796875000e-01 3.707870483398437500e+00 8.255004882812500000e+00
1.449181333407811165e+09 -9.129791259765625000e-01 3.812637329101562500e+00 8.677764892578125000e+00
1.449181333427953005e+09 -7.942962646484375000e-01 3.806091308593750000e+00 9.032379150390625000e+00
1.449181333448094368e+09 -7.573242187500000000e-01 3.781448364257812500e+00 9.069351196289062500e+00
1.449181333468235970e+09 -7.115173339843750000e-01 3.809417724609375000e+00 9.360839843750000000e+00
1.449181333488377571e+09 -7.696533203125000000e-01 3.919815063476562500e+00 9.443283081054687500e+00
1.449181333508519173e+09 -7.379760742187500000e-01 3.851699829101562500e+00 9.092056274414062500e+00
1.449181333528660774e+09 -7.040405273437500000e-01 3.812637329101562500e+00 8.860794067382812500e+00
1.449181333548802376e+09 -7.429199218750000000e-01 3.835494995117187500e+00 9.032440185546875000e+00
1.449181333568944216e+09 -7.160797119140625000e-01 3.882522583007812500e+00 9.175842285156250000e+00
1.449181333589085579e+09 -7.780303955078125000e-01 3.845611572265625000e+00 9.188095092773437500e+00
1.449181333609227180e+09 -7.316131591796875000e-01 3.778472900390625000e+00 9.301635742187500000e+00
1.449181333629368782e+09 -6.658782958984375000e-01 3.716842651367187500e+00 9.277084350585937500e+00
1.449181333649510384e+09 -6.700592041015625000e-01 3.736068725585937500e+00 9.060516357421875000e+00
1.449181333669651985e+09 -6.740264892578125000e-01 3.830780029296875000e+00 9.070968627929687500e+00
1.449181333689793587e+09 -6.522827148437500000e-01 3.977767944335937500e+00 9.264343261718750000e+00
1.449181333709935188e+09 -6.838836669921875000e-01 3.847579956054687500e+00 9.092498779296875000e+00
1.449181333730077028e+09 -7.207641601562500000e-01 3.811706542968750000e+00 8.871170043945312500e+00
1.449181333750218391e+09 -7.454223632812500000e-01 3.813827514648437500e+00 8.992660522460937500e+00
1.449181333770359993e+09 -7.743835449218750000e-01 3.789169311523437500e+00 9.175842285156250000e+00
1.449181333790501595e+09 -8.139190673828125000e-01 3.774322509765625000e+00 9.097274780273437500e+00
1.449181333810643196e+09 -7.620086669921875000e-01 3.804931640625000000e+00 8.976638793945312500e+00
1.449181333830784798e+09 -7.933349609375000000e-01 3.870117187500000000e+00 9.010147094726562500e+00
1.449181333850926399e+09 -8.523864746093750000e-01 3.848846435546875000e+00 9.009185791015625000e+00
1.449181333871068001e+09 -8.040924072265625000e-01 3.787414550781250000e+00 8.787612915039062500e+00
1.449181333891209841e+09 -8.218688964843750000e-01 3.792098999023437500e+00 8.681884765625000000e+00
1.449181333911351204e+09 -7.916259765625000000e-01 3.888183593750000000e+00 8.967453002929687500e+00
1.449181333931492805e+09 -6.590576171875000000e-01 3.916656494140625000e+00 9.029006958007812500e+00
1.449181333951634407e+09 -6.316528320312500000e-01 3.873733520507812500e+00 8.840820312500000000e+00
1.449181333971776009e+09 -7.578430175781250000e-01 3.912170410156250000e+00 8.727264404296875000e+00
1.449181333991917610e+09 -8.542633056640625000e-01 3.968673706054687500e+00 8.845611572265625000e+00
1.449181334012059212e+09 -8.056488037109375000e-01 3.955200195312500000e+00 8.832550048828125000e+00
1.449181334032201052e+09 -7.298126220703125000e-01 3.927597045898437500e+00 8.756713867187500000e+00
1.449181334052342415e+09 -7.464294433593750000e-01 3.932144165039062500e+00 9.007781982421875000e+00
1.449181334072484016e+09 -7.733459472656250000e-01 4.004226684570312500e+00 9.086257934570312500e+00
1.449181334092625618e+09 -7.151031494140625000e-01 3.862380981445312500e+00 8.836853027343750000e+00
1.449181334112767220e+09 -6.996002197265625000e-01 3.878479003906250000e+00 8.488571166992187500e+00
1.449181334132908821e+09 -8.381042480468750000e-01 4.015106201171875000e+00 8.458389282226562500e+00
1.449181334153050423e+09 -8.666076660156250000e-01 4.224029541015625000e+00 8.790664672851562500e+00
1.449181334173192024e+09 -7.678680419921875000e-01 4.216537475585937500e+00 8.850677490234375000e+00
1.449181334193333864e+09 -8.679504394531250000e-01 4.137619018554687500e+00 8.208709716796875000e+00
1.449181334213475227e+09 -1.058410644531250000e+00 4.028564453125000000e+00 7.916656494140625000e+00
1.449181334233616829e+09 -1.110610961914062500e+00 3.985061645507812500e+00 8.512100219726562500e+00
1.449181334253758430e+09 -1.244720458984375000e+00 4.047164916992187500e+00 9.500259399414062500e+00
1.449181334273900032e+09 -1.093627929687500000e+00 4.005294799804687500e+00 9.626205444335937500e+00
1.449181334294041634e+09 -6.909942626953125000e-01 3.653091430664062500e+00 9.090850830078125000e+00
1.449181334314183235e+09 -7.427368164062500000e-01 3.674636840820312500e+00 8.890121459960937500e+00
1.449181334334324837e+09 -9.205322265625000000e-01 4.344726562500000000e+00 9.388900756835937500e+00
1.449181334354466677e+09 -9.444732666015625000e-01 4.455200195312500000e+00 9.505264282226562500e+00
1.449181334374608040e+09 -8.058471679687500000e-01 4.144836425781250000e+00 8.820617675781250000e+00
1.449181334394749641e+09 -8.818817138671875000e-01 4.323226928710937500e+00 8.476470947265625000e+00
1.449181334414891243e+09 -9.947509765625000000e-01 4.587280273437500000e+00 9.387237548828125000e+00
1.449181334435032845e+09 -9.330596923828125000e-01 4.377563476562500000e+00 9.683303833007812500e+00
1.449181334455174446e+09 -7.332916259765625000e-01 3.902664184570312500e+00 8.338867187500000000e+00
1.449181334475316048e+09 -8.424072265625000000e-01 3.891006469726562500e+00 7.887008666992187500e+00
1.449181334495457888e+09 -1.061096191406250000e+00 4.296295166015625000e+00 9.566329956054687500e+00
1.449181334515599251e+09 -9.794616699218750000e-01 4.280914306640625000e+00 1.010392761230468750e+01
1.449181334535740852e+09 -7.192840576171875000e-01 3.840042114257812500e+00 8.445571899414062500e+00
1.449181334555882454e+09 -7.313995361328125000e-01 3.881790161132812500e+00 7.992324829101562500e+00
1.449181334576024055e+09 -9.165039062500000000e-01 4.255691528320312500e+00 9.250457763671875000e+00
1.449181334596165657e+09 -7.844085693359375000e-01 4.309631347656250000e+00 9.861724853515625000e+00
1.449181334616307259e+09 -6.396179199218750000e-01 3.972961425781250000e+00 8.653198242187500000e+00
1.449181334636448860e+09 -6.790618896484375000e-01 3.906402587890625000e+00 8.216918945312500000e+00
1.449181334656590700e+09 -7.939147949218750000e-01 4.129486083984375000e+00 9.028106689453125000e+00
1.449181334676732063e+09 -7.068023681640625000e-01 4.092605590820312500e+00 9.330490112304687500e+00
1.449181334696873665e+09 -6.271820068359375000e-01 3.895996093750000000e+00 8.558135986328125000e+00
1.449181334717015266e+09 -7.398223876953125000e-01 3.901626586914062500e+00 8.404693603515625000e+00
1.449181334737156868e+09 -8.612670898437500000e-01 4.101516723632812500e+00 9.005813598632812500e+00
1.449181334757298470e+09 -8.307647705078125000e-01 4.155014038085937500e+00 9.069305419921875000e+00
1.449181334777440071e+09 -7.247314453125000000e-01 4.005004882812500000e+00 8.755935668945312500e+00
1.449181334797581911e+09 -6.531372070312500000e-01 3.982742309570312500e+00 8.745101928710937500e+00
1.449181334817723274e+09 -7.402648925781250000e-01 4.016937255859375000e+00 8.996902465820312500e+00
1.449181334837864876e+09 -7.257080078125000000e-01 4.072143554687500000e+00 9.191482543945312500e+00
1.449181334858006477e+09 -6.330871582031250000e-01 4.090072631835937500e+00 9.275894165039062500e+00
1.449181334878148079e+09 -5.184020996093750000e-01 4.120849609375000000e+00 9.236679077148437500e+00
1.449181334898289680e+09 -5.560455322265625000e-01 4.182693481445312500e+00 9.384567260742187500e+00
1.449181334918431282e+09 -5.167083740234375000e-01 4.172668457031250000e+00 9.440093994140625000e+00
1.449181334938572884e+09 -3.972473144531250000e-01 4.174545288085937500e+00 9.237167358398437500e+00
1.449181334958714724e+09 -4.209136962890625000e-01 4.164276123046875000e+00 9.010223388671875000e+00
1.449181334978856087e+09 -4.209136962890625000e-01 4.231414794921875000e+00 9.095169067382812500e+00
1.449181334998997688e+09 -4.065093994140625000e-01 4.229187011718750000e+00 9.228759765625000000e+00
1.449181335019139290e+09 -3.044128417968750000e-01 4.116806030273437500e+00 9.112884521484375000e+00
1.449181335039280891e+09 -2.676544189453125000e-01 4.037155151367187500e+00 8.941345214843750000e+00
1.449181335059422493e+09 -3.257141113281250000e-01 3.915405273437500000e+00 8.838531494140625000e+00
1.449181335079564095e+09 -4.671936035156250000e-01 3.818237304687500000e+00 8.588928222656250000e+00
1.449181335099705696e+09 -6.078643798828125000e-01 3.712203979492187500e+00 8.668441772460937500e+00
1.449181335119847536e+09 -7.248840332031250000e-01 3.792617797851562500e+00 8.756072998046875000e+00
1.449181335139988899e+09 -8.289489746093750000e-01 3.753967285156250000e+00 8.730712890625000000e+00
1.449181335160130501e+09 -8.030853271484375000e-01 3.677505493164062500e+00 8.753341674804687500e+00
1.449181335180272102e+09 -7.784271240234375000e-01 3.665863037109375000e+00 8.709213256835937500e+00
1.449181335200413704e+09 -7.657623291015625000e-01 3.702545166015625000e+00 8.658554077148437500e+00
1.449181335220555305e+09 -7.832946777343750000e-01 3.716842651367187500e+00 8.711105346679687500e+00
1.449181335240696907e+09 -8.003540039062500000e-01 3.766601562500000000e+00 8.635330200195312500e+00
1.449181335260838747e+09 -8.521881103515625000e-01 3.754745483398437500e+00 8.448242187500000000e+00
1.449181335280980110e+09 -8.424072265625000000e-01 3.848632812500000000e+00 8.621887207031250000e+00
1.449181335301121712e+09 -8.615570068359375000e-01 3.904830932617187500e+00 9.014205932617187500e+00
1.449181335321263313e+09 -8.548431396484375000e-01 3.830780029296875000e+00 9.169128417968750000e+00
1.449181335341404915e+09 -8.057708740234375000e-01 3.793487548828125000e+00 9.120040893554687500e+00
1.449181335361546516e+09 -8.204040527343750000e-01 3.864425659179687500e+00 9.134674072265625000e+00
1.449181335381688118e+09 -7.454223632812500000e-01 3.982177734375000000e+00 9.245529174804687500e+00
1.449181335401829720e+09 -6.412506103515625000e-01 4.109588623046875000e+00 9.338684082031250000e+00
1.449181335421971560e+09 -5.370635986328125000e-01 4.206817626953125000e+00 9.341323852539062500e+00
1.449181335442112923e+09 -5.209808349609375000e-01 4.260360717773437500e+00 9.449737548828125000e+00
1.449181335462254524e+09 -6.018829345703125000e-01 4.328292846679687500e+00 9.513778686523437500e+00
1.449181335482396126e+09 -5.762176513671875000e-01 4.204528808593750000e+00 9.389617919921875000e+00
1.449181335502537727e+09 -4.827270507812500000e-01 4.033447265625000000e+00 9.063339233398437500e+00
1.449181335522679329e+09 -6.062316894531250000e-01 4.068298339843750000e+00 9.099548339843750000e+00
1.449181335542820930e+09 -6.900329589843750000e-01 4.157485961914062500e+00 9.311752319335937500e+00
1.449181335562962532e+09 -7.580718994140625000e-01 4.111557006835937500e+00 9.279403686523437500e+00
1.449181335583104372e+09 -7.323913574218750000e-01 3.994338989257812500e+00 8.804641723632812500e+00
1.449181335603245735e+09 -8.136138916015625000e-01 3.860580444335937500e+00 8.553146362304687500e+00
1.449181335623387337e+09 -8.738250732421875000e-01 3.861648559570312500e+00 8.797164916992187500e+00
1.449181335643528938e+09 -8.988800048828125000e-01 3.943725585937500000e+00 9.034698486328125000e+00
1.449181335663670540e+09 -8.232421875000000000e-01 3.867752075195312500e+00 9.025833129882812500e+00
1.449181335683812141e+09 -8.733978271484375000e-01 3.736007690429687500e+00 8.669647216796875000e+00
1.449181335703953743e+09 -1.089935302734375000e+00 3.736007690429687500e+00 8.365478515625000000e+00
1.449181335724095583e+09 -1.225570678710937500e+00 3.707214355468750000e+00 8.707977294921875000e+00
1.449181335744236946e+09 -1.203353881835937500e+00 3.808303833007812500e+00 9.425430297851562500e+00
1.449181335764378548e+09 -1.013046264648437500e+00 3.922241210937500000e+00 9.616928100585937500e+00
1.449181335784520149e+09 -7.356719970703125000e-01 4.113189697265625000e+00 9.561996459960937500e+00
1.449181335804661751e+09 -6.077575683593750000e-01 4.128768920898437500e+00 9.377136230468750000e+00
1.449181335824803352e+09 -5.975036621093750000e-01 4.079467773437500000e+00 9.021789550781250000e+00
1.449181335844944954e+09 -7.297821044921875000e-01 4.030105590820312500e+00 8.777923583984375000e+00
1.449181335865086555e+09 -5.635528564453125000e-01 4.065948486328125000e+00 9.256729125976562500e+00
1.449181335885228395e+09 -2.736206054687500000e-01 4.275360107421875000e+00 1.001426696777343750e+01
1.449181335905369759e+09 -1.265869140625000000e-01 4.156097412109375000e+00 9.907699584960937500e+00
1.449181335925511360e+09 -2.070617675781250000e-02 3.913131713867187500e+00 9.117538452148437500e+00
1.449181335945652962e+09 -1.017150878906250000e-01 3.952468872070312500e+00 8.792663574218750000e+00
1.449181335965794563e+09 -3.028106689453125000e-01 4.033859252929687500e+00 9.023544311523437500e+00
1.449181335985936165e+09 -4.593505859375000000e-01 4.010574340820312500e+00 9.517852783203125000e+00
1.449181336006077766e+09 -5.073089599609375000e-01 3.884902954101562500e+00 9.514633178710937500e+00
1.449181336026219606e+09 -4.754028320312500000e-01 3.720764160156250000e+00 9.025573730468750000e+00
1.449181336046360970e+09 -5.864410400390625000e-01 3.733108520507812500e+00 8.914535522460937500e+00
1.449181336066502571e+09 -7.616424560546875000e-01 3.791931152343750000e+00 8.944396972656250000e+00
1.449181336086644173e+09 -4.625396728515625000e-01 3.791824340820312500e+00 9.453079223632812500e+00
1.449181336106785774e+09 -5.956268310546875000e-01 3.671691894531250000e+00 9.025115966796875000e+00
1.449181336126927376e+09 -6.287078857421875000e-01 3.637252807617187500e+00 8.668914794921875000e+00
1.449181336147068977e+09 -8.105316162109375000e-01 3.752624511718750000e+00 9.109237670898437500e+00
1.449181336167210579e+09 -6.628570556640625000e-01 3.655258178710937500e+00 9.227081298828125000e+00
1.449181336187352419e+09 -4.654846191406250000e-01 3.408538818359375000e+00 8.622604370117187500e+00
1.449181336207493782e+09 -4.385681152343750000e-01 3.335189819335937500e+00 8.380310058593750000e+00
1.449181336227635384e+09 -6.204223632812500000e-01 3.491943359375000000e+00 8.750610351562500000e+00
1.449181336247776985e+09 -6.891326904296875000e-01 3.634674072265625000e+00 9.038894653320312500e+00
1.449181336267918587e+09 -6.891326904296875000e-01 3.577209472656250000e+00 8.965026855468750000e+00
1.449181336288060188e+09 -6.125030517578125000e-01 3.569107055664062500e+00 8.759887695312500000e+00
1.449181336308201790e+09 -5.959777832031250000e-01 3.668045043945312500e+00 8.916717529296875000e+00
1.449181336328343391e+09 -5.741882324218750000e-01 3.768936157226562500e+00 9.052490234375000000e+00
1.449181336348485231e+09 -5.552520751953125000e-01 3.774093627929687500e+00 8.887237548828125000e+00
1.449181336368626595e+09 -6.214141845703125000e-01 3.752838134765625000e+00 8.683334350585937500e+00
1.449181336388768196e+09 -7.225341796875000000e-01 3.826858520507812500e+00 8.774780273437500000e+00
1.449181336408909798e+09 -7.632293701171875000e-01 3.884185791015625000e+00 8.897476196289062500e+00
1.449181336429051399e+09 -8.040924072265625000e-01 3.890502929687500000e+00 8.751373291015625000e+00
1.449181336449193001e+09 -7.956085205078125000e-01 3.801971435546875000e+00 8.811645507812500000e+00
1.449181336469334602e+09 -8.269500732421875000e-01 3.812637329101562500e+00 8.991653442382812500e+00
1.449181336489476442e+09 -9.580383300781250000e-01 3.774658203125000000e+00 9.001739501953125000e+00
1.449181336509617805e+09 -1.013183593750000000e+00 3.816833496093750000e+00 8.890121459960937500e+00
1.449181336529759407e+09 -1.064498901367187500e+00 3.960922241210937500e+00 8.929626464843750000e+00
1.449181336549901009e+09 -1.122833251953125000e+00 4.073898315429687500e+00 9.102157592773437500e+00
1.449181336570042610e+09 -1.161682128906250000e+00 4.074432373046875000e+00 9.115036010742187500e+00
1.449181336590184212e+09 -1.138504028320312500e+00 4.059967041015625000e+00 8.942398071289062500e+00
1.449181336610325813e+09 -1.120483398437500000e+00 4.166213989257812500e+00 8.997375488281250000e+00
1.449181336630467415e+09 -9.923095703125000000e-01 4.311309814453125000e+00 9.354995727539062500e+00
1.449181336650609255e+09 -8.507690429687500000e-01 4.335891723632812500e+00 9.590148925781250000e+00
1.449181336670750618e+09 -7.734375000000000000e-01 4.372039794921875000e+00 9.501617431640625000e+00
1.449181336690892220e+09 -7.657623291015625000e-01 4.353256225585937500e+00 9.288360595703125000e+00
1.449181336711033821e+09 -7.623291015625000000e-01 4.340209960937500000e+00 9.223007202148437500e+00
1.449181336731175423e+09 -7.555541992187500000e-01 4.387390136718750000e+00 9.202667236328125000e+00
1.449181336751317024e+09 -8.091278076171875000e-01 4.416290283203125000e+00 9.276672363281250000e+00
1.449181336771458626e+09 -8.631286621093750000e-01 4.427261352539062500e+00 9.217300415039062500e+00
1.449181336791600227e+09 -9.125061035156250000e-01 4.464019775390625000e+00 9.309722900390625000e+00
1.449181336811742067e+09 -9.972076416015625000e-01 4.428619384765625000e+00 9.348266601562500000e+00
1.449181336831883430e+09 -1.016677856445312500e+00 4.354568481445312500e+00 9.227005004882812500e+00
1.449181336852025032e+09 -9.875183105468750000e-01 4.256942749023437500e+00 8.943099975585937500e+00
1.449181336872166634e+09 -1.006439208984375000e+00 4.263244628906250000e+00 8.840957641601562500e+00
1.449181336892308235e+09 -9.031372070312500000e-01 4.209243774414062500e+00 8.904373168945312500e+00
1.449181336912449837e+09 -8.392791748046875000e-01 4.178741455078125000e+00 9.023620605468750000e+00
1.449181336932591438e+09 -7.522583007812500000e-01 4.234573364257812500e+00 9.041732788085937500e+00
1.449181336952733278e+09 -6.650390625000000000e-01 4.272445678710937500e+00 8.921249389648437500e+00
1.449181336972874641e+09 -7.034912109375000000e-01 4.307540893554687500e+00 8.534210205078125000e+00
1.449181336993016243e+09 -6.816558837890625000e-01 4.406555175781250000e+00 8.440338134765625000e+00
1.449181337013157845e+09 -7.462768554687500000e-01 4.425369262695312500e+00 8.523788452148437500e+00
1.449181337033299446e+09 -7.508392333984375000e-01 4.400070190429687500e+00 8.532928466796875000e+00
1.449181337053441048e+09 -7.070312500000000000e-01 4.304397583007812500e+00 8.551239013671875000e+00
1.449181337073582649e+09 -6.891326904296875000e-01 4.174316406250000000e+00 8.645019531250000000e+00
1.449181337093724251e+09 -6.891326904296875000e-01 4.087722778320312500e+00 8.546524047851562500e+00
1.449181337113866091e+09 -7.424774169921875000e-01 4.027511596679687500e+00 8.380859375000000000e+00
1.449181337134007454e+09 -8.315429687500000000e-01 4.142471313476562500e+00 8.478408813476562500e+00
1.449181337154149055e+09 -8.615570068359375000e-01 4.186447143554687500e+00 8.668212890625000000e+00
1.449181337174290657e+09 -8.615570068359375000e-01 4.214965820312500000e+00 8.510940551757812500e+00
1.449181337194432259e+09 -8.837280273437500000e-01 4.216461181640625000e+00 8.232589721679687500e+00
1.449181337214573860e+09 -9.401092529296875000e-01 4.262191772460937500e+00 8.277908325195312500e+00
1.449181337234715462e+09 -9.167633056640625000e-01 4.298797607421875000e+00 8.651000976562500000e+00
1.449181337254857302e+09 -8.088073730468750000e-01 4.309570312500000000e+00 9.025253295898437500e+00
1.449181337274998665e+09 -7.335052490234375000e-01 4.278472900390625000e+00 9.008453369140625000e+00
1.449181337295140266e+09 -6.693878173828125000e-01 4.243988037109375000e+00 8.781600952148437500e+00
1.449181337315281868e+09 -6.969909667968750000e-01 4.314819335937500000e+00 8.812133789062500000e+00
1.449181337335423470e+09 -6.856994628906250000e-01 4.387390136718750000e+00 8.952819824218750000e+00
1.449181337355565071e+09 -6.363830566406250000e-01 4.416275024414062500e+00 9.044235229492187500e+00
1.449181337375706673e+09 -6.125030517578125000e-01 4.502212524414062500e+00 9.054580688476562500e+00
1.449181337395848274e+09 -6.125030517578125000e-01 4.576171875000000000e+00 9.005294799804687500e+00
1.449181337415990114e+09 -6.270751953125000000e-01 4.617294311523437500e+00 8.847122192382812500e+00
1.449181337436131477e+09 -6.326751708984375000e-01 4.637451171875000000e+00 8.726135253906250000e+00
1.449181337456273079e+09 -6.508178710937500000e-01 4.671203613281250000e+00 9.000457763671875000e+00
1.449181337476414680e+09 -5.836334228515625000e-01 4.582580566406250000e+00 9.217773437500000000e+00
1.449181337496556282e+09 -4.828643798828125000e-01 4.437515258789062500e+00 8.940490722656250000e+00
1.449181337516697884e+09 -4.721069335937500000e-01 4.464324951171875000e+00 8.651672363281250000e+00
1.449181337536839485e+09 -5.706481933593750000e-01 4.593856811523437500e+00 8.896987915039062500e+00
1.449181337556981087e+09 -6.029815673828125000e-01 4.770660400390625000e+00 9.089691162109375000e+00
1.449181337577122927e+09 -6.522827148437500000e-01 4.828033447265625000e+00 9.066833496093750000e+00
1.449181337597264290e+09 -7.331695556640625000e-01 4.654266357421875000e+00 8.785629272460937500e+00
1.449181337617405891e+09 -7.379608154296875000e-01 4.478851318359375000e+00 8.451828002929687500e+00
1.449181337637547493e+09 -6.625061035156250000e-01 4.437377929687500000e+00 8.385238647460937500e+00
1.449181337657689095e+09 -6.638641357421875000e-01 4.503860473632812500e+00 8.701477050781250000e+00
1.449181337677830696e+09 -7.446746826171875000e-01 4.540649414062500000e+00 8.867858886718750000e+00
1.449181337697972298e+09 -6.258087158203125000e-01 4.578109741210937500e+00 8.515167236328125000e+00
1.449181337718114138e+09 -5.760650634765625000e-01 4.542526245117187500e+00 8.281021118164062500e+00
1.449181337738255501e+09 -6.575622558593750000e-01 4.543746948242187500e+00 8.573654174804687500e+00
1.449181337758397102e+09 -7.609863281250000000e-01 4.564590454101562500e+00 8.783111572265625000e+00
1.449181337778538704e+09 -7.198333740234375000e-01 4.567611694335937500e+00 8.655029296875000000e+00
1.449181337798680305e+09 -6.555023193359375000e-01 4.468704223632812500e+00 8.496795654296875000e+00
1.449181337818821907e+09 -6.316528320312500000e-01 4.409927368164062500e+00 8.501922607421875000e+00
1.449181337838963509e+09 -7.048339843750000000e-01 4.465774536132812500e+00 8.663833618164062500e+00
1.449181337859105110e+09 -8.003234863281250000e-01 4.478530883789062500e+00 8.981338500976562500e+00
1.449181337879246950e+09 -8.099212646484375000e-01 4.331146240234375000e+00 8.985488891601562500e+00
1.449181337899388313e+09 -8.475799560546875000e-01 4.261016845703125000e+00 8.843902587890625000e+00
1.449181337919529915e+09 -9.039459228515625000e-01 4.341720581054687500e+00 9.050643920898437500e+00
1.449181337939671516e+09 -1.004928588867187500e+00 4.374023437500000000e+00 9.340103149414062500e+00
1.449181337959813118e+09 -9.780578613281250000e-01 4.312286376953125000e+00 9.386581420898437500e+00
1.449181337979954720e+09 -9.956665039062500000e-01 4.261505126953125000e+00 9.145828247070312500e+00
1.449181338000096321e+09 -9.956665039062500000e-01 4.267044067382812500e+00 9.055511474609375000e+00
1.449181338020245790e+09 -1.012145996093750000e+00 4.341003417968750000e+00 9.145935058593750000e+00
1.449181338040387392e+09 -1.011993408203125000e+00 4.332748413085937500e+00 9.053085327148437500e+00
1.449181338060528994e+09 -1.003997802734375000e+00 4.332412719726562500e+00 9.135025024414062500e+00
1.449181338080670834e+09 -9.733886718750000000e-01 4.269302368164062500e+00 9.142868041992187500e+00
1.449181338100812197e+09 -8.608245849609375000e-01 4.215515136718750000e+00 8.866149902343750000e+00
1.449181338120953798e+09 -8.019714355468750000e-01 4.317840576171875000e+00 8.537948608398437500e+00
1.449181338141095400e+09 -8.424072265625000000e-01 4.548522949218750000e+00 8.647293090820312500e+00
1.449181338161237001e+09 -9.091644287109375000e-01 4.769958496093750000e+00 8.785263061523437500e+00
1.449181338181378603e+09 -1.090454101562500000e+00 4.682815551757812500e+00 8.378250122070312500e+00
1.449181338201520205e+09 -1.221313476562500000e+00 4.444854736328125000e+00 7.956100463867187500e+00
1.449181338221661806e+09 -1.235824584960937500e+00 4.320999145507812500e+00 8.229003906250000000e+00
1.449181338241803408e+09 -1.089599609375000000e+00 4.291213989257812500e+00 8.870056152343750000e+00
1.449181338261945009e+09 -9.721832275390625000e-01 4.254806518554687500e+00 8.778381347656250000e+00
1.449181338282086611e+09 -9.076538085937500000e-01 4.237731933593750000e+00 8.144439697265625000e+00
1.449181338302228212e+09 -8.830108642578125000e-01 4.303924560546875000e+00 7.776351928710937500e+00
1.449181338322369814e+09 -8.518218994140625000e-01 4.329910278320312500e+00 7.866912841796875000e+00
1.449181338342511415e+09 -7.691345214843750000e-01 4.356124877929687500e+00 7.921813964843750000e+00
1.449181338362653017e+09 -7.274475097656250000e-01 4.501434326171875000e+00 7.897140502929687500e+00
1.449181338382794380e+09 -8.621368408203125000e-01 4.758819580078125000e+00 8.135833740234375000e+00
1.449181338402936220e+09 -8.861694335937500000e-01 5.005889892578125000e+00 8.636383056640625000e+00
1.449181338423077822e+09 -9.230804443359375000e-01 4.961608886718750000e+00 8.750320434570312500e+00
1.449181338443219423e+09 -1.006622314453125000e+00 4.615951538085937500e+00 8.376022338867187500e+00
1.449181338463361025e+09 -9.887847900390625000e-01 4.110794067382812500e+00 7.814102172851562500e+00
1.449181338483502626e+09 -9.663238525390625000e-01 4.164306640625000000e+00 8.078323364257812500e+00
1.449181338503644228e+09 -9.909667968750000000e-01 4.772888183593750000e+00 9.367752075195312500e+00
1.449181338523785830e+09 -9.516143798828125000e-01 5.059555053710937500e+00 1.021147155761718750e+01
1.449181338543927670e+09 -8.232421875000000000e-01 5.108871459960937500e+00 9.517745971679687500e+00
1.449181338564069033e+09 -8.468933105468750000e-01 5.146377563476562500e+00 8.725769042968750000e+00
1.449181338584210634e+09 -1.000198364257812500e+00 5.084396362304687500e+00 8.791702270507812500e+00
1.449181338604352236e+09 -1.115142822265625000e+00 4.741271972656250000e+00 8.690429687500000000e+00
1.449181338624493837e+09 -9.889831542968750000e-01 4.617294311523437500e+00 8.728607177734375000e+00
1.449181338644635439e+09 -9.630737304687500000e-01 4.793395996093750000e+00 9.607620239257812500e+00
1.449181338664777040e+09 -9.311218261718750000e-01 4.904663085937500000e+00 1.042214965820312500e+01
1.449181338684918642e+09 -8.498382568359375000e-01 4.878509521484375000e+00 1.019848632812500000e+01
1.449181338705060244e+09 -9.983215332031250000e-01 4.719802856445312500e+00 9.190307617187500000e+00
1.449181338725201845e+09 -1.086532592773437500e+00 4.497970581054687500e+00 8.431442260742187500e+00
1.449181338745343447e+09 -1.163955688476562500e+00 4.483184814453125000e+00 8.498840332031250000e+00
1.449181338765485048e+09 -9.689941406250000000e-01 4.473785400390625000e+00 9.094345092773437500e+00
1.449181338785626650e+09 -8.317718505859375000e-01 4.374618530273437500e+00 9.080062866210937500e+00
1.449181338805768251e+09 -7.008972167968750000e-01 4.135864257812500000e+00 8.180892944335937500e+00
1.449181338825909853e+09 -6.001129150390625000e-01 4.147323608398437500e+00 7.575592041015625000e+00
1.449181338846051216e+09 -6.609344482421875000e-01 4.330978393554687500e+00 7.657424926757812500e+00
1.449181338866193056e+09 -7.246551513671875000e-01 4.369613647460937500e+00 8.079147338867187500e+00
1.449181338886334658e+09 -6.850280761718750000e-01 4.093139648437500000e+00 7.900421142578125000e+00
1.449181338906476259e+09 -7.180633544921875000e-01 3.898742675781250000e+00 7.710205078125000000e+00
1.449181338926617861e+09 -7.355194091796875000e-01 3.915481567382812500e+00 8.003158569335937500e+00
1.449181338946759462e+09 -7.451629638671875000e-01 4.058761596679687500e+00 8.492355346679687500e+00
1.449181338966901064e+09 -7.065124511718750000e-01 3.974487304687500000e+00 7.844589233398437500e+00
1.449181338987042665e+09 -6.824645996093750000e-01 3.926681518554687500e+00 7.306808471679687500e+00
1.449181339007184267e+09 -7.431335449218750000e-01 4.180709838867187500e+00 7.709976196289062500e+00
1.449181339027325869e+09 -8.702239990234375000e-01 4.475189208984375000e+00 8.660583496093750000e+00
1.449181339047467470e+09 -8.605194091796875000e-01 4.549438476562500000e+00 9.001846313476562500e+00
1.449181339067609072e+09 -7.311553955078125000e-01 4.398696899414062500e+00 8.838500976562500000e+00
1.449181339087750673e+09 -7.325134277343750000e-01 4.196441650390625000e+00 8.699203491210937500e+00
1.449181339107892275e+09 -7.489013671875000000e-01 4.018630981445312500e+00 8.517257690429687500e+00
1.449181339128033876e+09 -6.129608154296875000e-01 4.207595825195312500e+00 8.657669067382812500e+00
1.449181339148175478e+09 -6.835327148437500000e-01 4.674270629882812500e+00 9.300109863281250000e+00
1.449181339168317080e+09 -1.013900756835937500e+00 5.219360351562500000e+00 1.022674560546875000e+01
1.449181339188458681e+09 -1.072296142578125000e+00 5.075469970703125000e+00 1.010000610351562500e+01
1.449181339208600283e+09 -1.041152954101562500e+00 4.586029052734375000e+00 9.001861572265625000e+00
1.449181339228741884e+09 -1.047317504882812500e+00 4.515655517578125000e+00 8.518188476562500000e+00
1.449181339248883486e+09 -1.168090820312500000e+00 4.702346801757812500e+00 9.658645629882812500e+00
1.449181339269025087e+09 -1.013916015625000000e+00 4.667541503906250000e+00 9.754409790039062500e+00
1.449181339289166689e+09 -9.381866455078125000e-01 4.395599365234375000e+00 8.195831298828125000e+00
1.449181339309308529e+09 -1.359497070312500000e+00 4.526077270507812500e+00 7.168853759765625000e+00
1.449181339329449892e+09 -1.636764526367187500e+00 4.920639038085937500e+00 8.401123046875000000e+00
1.449181339349591494e+09 -1.738479614257812500e+00 4.858276367187500000e+00 1.056362915039062500e+01
1.449181339369733095e+09 -1.866302490234375000e+00 4.598037719726562500e+00 1.119573974609375000e+01
1.449181339389874697e+09 -1.699813842773437500e+00 4.032714843750000000e+00 9.532958984375000000e+00
1.449181339410016298e+09 -1.531646728515625000e+00 3.362503051757812500e+00 7.723464965820312500e+00
1.449181339430157900e+09 -1.721908569335937500e+00 3.255294799804687500e+00 6.850814819335937500e+00
1.449181339450299501e+09 -1.849502563476562500e+00 3.679519653320312500e+00 7.332794189453125000e+00
1.449181339470441103e+09 -2.029052734375000000e+00 4.198379516601562500e+00 8.446929931640625000e+00
1.449181339490582705e+09 -2.010726928710937500e+00 4.262680053710937500e+00 9.177185058593750000e+00
1.449181339510724306e+09 -1.836288452148437500e+00 4.485183715820312500e+00 9.491775512695312500e+00
1.449181339530865908e+09 -1.767044067382812500e+00 4.546539306640625000e+00 9.566497802734375000e+00
1.449181339551007509e+09 -1.554641723632812500e+00 4.315032958984375000e+00 9.264419555664062500e+00
1.449181339571149111e+09 -1.437866210937500000e+00 3.992813110351562500e+00 7.813476562500000000e+00
1.449181339591290712e+09 -1.465927124023437500e+00 3.723861694335937500e+00 6.807235717773437500e+00
1.449181339611432076e+09 -1.375656127929687500e+00 4.419265747070312500e+00 8.104034423828125000e+00
1.449181339631573915e+09 -1.136840820312500000e+00 5.260818481445312500e+00 1.040800476074218750e+01
1.449181339651715517e+09 -9.057159423828125000e-01 5.192703247070312500e+00 1.116081237792968750e+01
1.449181339671857119e+09 -5.255737304687500000e-01 4.734832763671875000e+00 9.914321899414062500e+00
1.449181339691998720e+09 -3.776855468750000000e-01 4.451385498046875000e+00 8.139648437500000000e+00
1.449181339712140322e+09 -3.442840576171875000e-01 4.463867187500000000e+00 7.872817993164062500e+00
1.449181339732281923e+09 -2.319946289062500000e-01 4.661056518554687500e+00 8.411849975585937500e+00
1.449181339752423525e+09 -3.526000976562500000e-01 4.619934082031250000e+00 8.680496215820312500e+00
1.449181339772565365e+09 -4.511718750000000000e-01 4.546020507812500000e+00 8.795700073242187500e+00
1.449181339792706728e+09 -7.363739013671875000e-01 4.497207641601562500e+00 8.938507080078125000e+00
1.449181339812848330e+09 -8.415832519531250000e-01 4.562316894531250000e+00 9.309921264648437500e+00
1.449181339832989931e+09 -7.795867919921875000e-01 4.250473022460937500e+00 8.978668212890625000e+00
1.449181339853131533e+09 -1.172012329101562500e+00 3.733016967773437500e+00 7.329193115234375000e+00
1.449181339873273134e+09 -1.610168457031250000e+00 3.474884033203125000e+00 6.649780273437500000e+00
1.449181339893414736e+09 -1.816406250000000000e+00 3.817687988281250000e+00 7.800704956054687500e+00
1.449181339913556337e+09 -1.912811279296875000e+00 4.335617065429687500e+00 1.020556640625000000e+01
1.449181339933697939e+09 -2.040176391601562500e+00 4.374176025390625000e+00 1.063760375976562500e+01
1.449181339953839540e+09 -1.608398437500000000e+00 3.706619262695312500e+00 8.929611206054687500e+00
1.449181339973981142e+09 -1.583297729492187500e+00 2.951400756835937500e+00 6.743637084960937500e+00
1.449181339994122744e+09 -1.797195434570312500e+00 2.961105346679687500e+00 6.089141845703125000e+00
1.449181340014264345e+09 -1.668090820312500000e+00 3.678207397460937500e+00 8.410049438476562500e+00
1.449181340034405947e+09 -1.723678588867187500e+00 4.302673339843750000e+00 1.049473571777343750e+01
1.449181340054547548e+09 -1.198226928710937500e+00 3.891403198242187500e+00 9.808624267578125000e+00
1.449181340074688911e+09 -7.942352294921875000e-01 3.237884521484375000e+00 6.937454223632812500e+00
1.449181340094830751e+09 -8.697357177734375000e-01 3.431335449218750000e+00 5.807113647460937500e+00
1.449181340114972353e+09 -9.719238281250000000e-01 3.974044799804687500e+00 6.995742797851562500e+00
1.449181340135113955e+09 -9.375610351562500000e-01 4.278793334960937500e+00 9.081253051757812500e+00
1.449181340155255556e+09 -1.011474609375000000e+00 4.537948608398437500e+00 9.569213867187500000e+00
1.449181340175397158e+09 -1.451110839843750000e+00 4.822082519531250000e+00 9.161849975585937500e+00
1.449181340195538759e+09 -1.711791992187500000e+00 4.939010620117187500e+00 9.247833251953125000e+00
1.449181340215680361e+09 -1.734222412109375000e+00 4.576766967773437500e+00 9.025192260742187500e+00
1.449181340235821962e+09 -1.844161987304687500e+00 4.391754150390625000e+00 8.533462524414062500e+00
1.449181340255963564e+09 -2.089492797851562500e+00 4.802581787109375000e+00 9.443756103515625000e+00
1.449181340276105165e+09 -2.297576904296875000e+00 4.766525268554687500e+00 1.082345581054687500e+01
1.449181340296246767e+09 -2.253829956054687500e+00 4.113403320312500000e+00 1.042907714843750000e+01
1.449181340316388369e+09 -2.083892822265625000e+00 3.769729614257812500e+00 9.136856079101562500e+00
1.449181340336529970e+09 -2.045806884765625000e+00 4.154556274414062500e+00 9.334594726562500000e+00
1.449181340356671572e+09 -2.122283935546875000e+00 4.735000610351562500e+00 1.034677124023437500e+01
1.449181340376813173e+09 -2.088409423828125000e+00 4.923095703125000000e+00 1.034449768066406250e+01
1.449181340396954775e+09 -1.965332031250000000e+00 4.942977905273437500e+00 9.457077026367187500e+00
1.449181340417096376e+09 -1.878036499023437500e+00 4.608627319335937500e+00 8.386764526367187500e+00
1.449181340437237978e+09 -2.007858276367187500e+00 4.529739379882812500e+00 8.105789184570312500e+00
1.449181340457379580e+09 -2.354751586914062500e+00 4.788543701171875000e+00 8.790100097656250000e+00
1.449181340477521181e+09 -2.379776000976562500e+00 4.690444946289062500e+00 9.343887329101562500e+00
1.449181340497662783e+09 -2.021392822265625000e+00 4.406555175781250000e+00 8.859008789062500000e+00
1.449181340517804384e+09 -2.027603149414062500e+00 4.359298706054687500e+00 8.060440063476562500e+00
1.449181340537946224e+09 -2.386123657226562500e+00 4.265930175781250000e+00 7.707153320312500000e+00
1.449181340558087587e+09 -2.295974731445312500e+00 4.064315795898437500e+00 7.936904907226562500e+00
1.449181340578229189e+09 -1.964721679687500000e+00 3.797805786132812500e+00 7.958374023437500000e+00
1.449181340598370790e+09 -2.087631225585937500e+00 3.920654296875000000e+00 8.044036865234375000e+00
1.449181340618512392e+09 -2.272552490234375000e+00 4.254959106445312500e+00 8.837371826171875000e+00
1.449181340638653994e+09 -1.787185668945312500e+00 4.111785888671875000e+00 9.184402465820312500e+00
1.449181340658795595e+09 -1.541778564453125000e+00 3.917724609375000000e+00 8.472747802734375000e+00
1.449181340678937197e+09 -1.763534545898437500e+00 4.086380004882812500e+00 8.189956665039062500e+00
1.449181340699078798e+09 -1.850936889648437500e+00 4.470932006835937500e+00 9.032516479492187500e+00
1.449181340719220400e+09 -1.424880981445312500e+00 4.280761718750000000e+00 9.276153564453125000e+00
1.449181340739362001e+09 -1.193878173828125000e+00 4.296081542968750000e+00 8.917800903320312500e+00
1.449181340759503603e+09 -1.475875854492187500e+00 4.727859497070312500e+00 8.793792724609375000e+00
1.449181340779645205e+09 -1.672805786132812500e+00 4.838989257812500000e+00 9.493865966796875000e+00
1.449181340799786806e+09 -1.317565917968750000e+00 4.419357299804687500e+00 9.201477050781250000e+00
1.449181340819928408e+09 -1.221801757812500000e+00 4.295669555664062500e+00 8.215530395507812500e+00
1.449181340840069771e+09 -1.370010375976562500e+00 4.571853637695312500e+00 8.554763793945312500e+00
1.449181340860211611e+09 -1.347198486328125000e+00 4.623123168945312500e+00 9.635192871093750000e+00
1.449181340880353212e+09 -8.530120849609375000e-01 4.175231933593750000e+00 9.609069824218750000e+00
1.449181340900494814e+09 -8.726501464843750000e-01 3.821609497070312500e+00 8.877090454101562500e+00
1.449181340920636415e+09 -1.525955200195312500e+00 3.797286987304687500e+00 8.601760864257812500e+00
1.449181340940778017e+09 -1.446044921875000000e+00 3.849899291992187500e+00 9.079376220703125000e+00
1.449181340960919619e+09 -1.298629760742187500e+00 3.816207885742187500e+00 8.937301635742187500e+00
1.449181340981061220e+09 -1.608734130859375000e+00 4.310607910156250000e+00 8.769409179687500000e+00
1.449181341001203060e+09 -1.623352050781250000e+00 4.765151977539062500e+00 9.928848266601562500e+00
1.449181341021344423e+09 -1.544586181640625000e+00 4.827682495117187500e+00 1.073400878906250000e+01
1.449181341041486025e+09 -1.423690795898437500e+00 4.244857788085937500e+00 9.098022460937500000e+00
1.449181341061627626e+09 -1.460296630859375000e+00 3.769042968750000000e+00 7.210845947265625000e+00
1.449181341081769228e+09 -1.464279174804687500e+00 3.510330200195312500e+00 7.054611206054687500e+00
1.449181341101910830e+09 -1.408065795898437500e+00 3.606658935546875000e+00 8.300659179687500000e+00
1.449181341122052431e+09 -1.417144775390625000e+00 4.076583862304687500e+00 9.348312377929687500e+00
1.449181341142194033e+09 -1.428634643554687500e+00 3.992767333984375000e+00 9.321624755859375000e+00
1.449181341162335634e+09 -1.465606689453125000e+00 3.832565307617187500e+00 8.742401123046875000e+00
1.449181341182477236e+09 -1.381454467773437500e+00 3.718933105468750000e+00 7.762512207031250000e+00
1.449181341202618837e+09 -1.495498657226562500e+00 3.576873779296875000e+00 7.200820922851562500e+00
1.449181341222760439e+09 -1.608734130859375000e+00 3.474624633789062500e+00 7.098083496093750000e+00
1.449181341242902040e+09 -1.608734130859375000e+00 3.400588989257812500e+00 7.234863281250000000e+00
1.449181341263043642e+09 -1.577499389648437500e+00 3.434173583984375000e+00 7.627838134765625000e+00
1.449181341283185244e+09 -1.627883911132812500e+00 3.444549560546875000e+00 8.258255004882812500e+00
1.449181341303326607e+09 -1.588104248046875000e+00 3.277648925781250000e+00 8.530349731445312500e+00
1.449181341323468447e+09 -1.551849365234375000e+00 2.995880126953125000e+00 8.060226440429687500e+00
1.449181341343610048e+09 -1.671478271484375000e+00 2.718856811523437500e+00 7.523010253906250000e+00
1.449181341363751650e+09 -1.945816040039062500e+00 2.802474975585937500e+00 7.916351318359375000e+00
1.449181341383893251e+09 -2.046493530273437500e+00 3.205078125000000000e+00 9.018112182617187500e+00
1.449181341404034853e+09 -1.837829589843750000e+00 3.431182861328125000e+00 9.594711303710937500e+00
1.449181341424176455e+09 -1.589569091796875000e+00 3.594284057617187500e+00 9.317123413085937500e+00
1.449181341444318056e+09 -1.616149902343750000e+00 3.773056030273437500e+00 8.714233398437500000e+00
1.449181341464459658e+09 -1.534133911132812500e+00 4.000579833984375000e+00 8.620239257812500000e+00
1.449181341484601259e+09 -1.299667358398437500e+00 4.080520629882812500e+00 8.871520996093750000e+00
1.449181341504742861e+09 -1.299438476562500000e+00 4.329833984375000000e+00 9.175765991210937500e+00
1.449181341524884462e+09 -1.521621704101562500e+00 4.625961303710937500e+00 9.570678710937500000e+00
1.449181341545026064e+09 -1.688171386718750000e+00 4.729431152343750000e+00 9.958526611328125000e+00
1.449181341565167665e+09 -1.662994384765625000e+00 4.713073730468750000e+00 9.983718872070312500e+00
1.449181341585309267e+09 -1.677825927734375000e+00 4.851242065429687500e+00 1.036959838867187500e+01
1.449181341605450869e+09 -1.721893310546875000e+00 4.978073120117187500e+00 1.087608337402343750e+01
1.449181341625592470e+09 -1.426116943359375000e+00 4.448135375976562500e+00 1.007501220703125000e+01
1.449181341645734072e+09 -1.208145141601562500e+00 4.034820556640625000e+00 9.434936523437500000e+00
1.449181341665875673e+09 -1.635391235351562500e+00 4.297210693359375000e+00 9.991714477539062500e+00
1.449181341686017275e+09 -2.000900268554687500e+00 4.765716552734375000e+00 1.151199340820312500e+01
1.449181341706158876e+09 -1.895141601562500000e+00 4.482192993164062500e+00 1.121478271484375000e+01
1.449181341726300478e+09 -1.620056152343750000e+00 4.038162231445312500e+00 9.798446655273437500e+00
1.449181341746442080e+09 -1.706970214843750000e+00 4.140197753906250000e+00 9.919921875000000000e+00
1.449181341766583920e+09 -1.867324829101562500e+00 4.263549804687500000e+00 1.098083496093750000e+01
1.449181341786725283e+09 -1.794128417968750000e+00 4.010986328125000000e+00 1.084527587890625000e+01
1.449181341806866884e+09 -1.702285766601562500e+00 3.286087036132812500e+00 8.926040649414062500e+00
1.449181341827008486e+09 -1.999404907226562500e+00 2.950515747070312500e+00 7.690917968750000000e+00
1.449181341847150087e+09 -2.387512207031250000e+00 3.116546630859375000e+00 8.272369384765625000e+00
1.449181341867291689e+09 -2.271270751953125000e+00 3.357284545898437500e+00 9.778167724609375000e+00
1.449181341887433290e+09 -1.969772338867187500e+00 2.860733032226562500e+00 9.765594482421875000e+00
1.449181341907574892e+09 -1.870864868164062500e+00 2.385299682617187500e+00 8.919754028320312500e+00
1.449181341927716494e+09 -1.857788085937500000e+00 2.079055786132812500e+00 8.437896728515625000e+00
1.449181341947858095e+09 -1.977523803710937500e+00 1.716873168945312500e+00 8.072219848632812500e+00
1.449181341967999697e+09 -2.045486450195312500e+00 1.769134521484375000e+00 8.363418579101562500e+00
1.449181341988141298e+09 -2.211608886718750000e+00 2.054107666015625000e+00 8.794235229492187500e+00
1.449181342008282900e+09 -2.105957031250000000e+00 2.116912841796875000e+00 8.724044799804687500e+00
1.449181342028424501e+09 -1.843200683593750000e+00 1.952560424804687500e+00 7.948516845703125000e+00
1.449181342048566103e+09 -1.500305175781250000e+00 1.903244018554687500e+00 6.884109497070312500e+00
1.449181342068707466e+09 -1.483825683593750000e+00 1.996398925781250000e+00 6.281829833984375000e+00
1.449181342088849306e+09 -1.460845947265625000e+00 2.451263427734375000e+00 6.621276855468750000e+00
1.449181342108990908e+09 -1.448699951171875000e+00 2.914627075195312500e+00 7.966842651367187500e+00
1.449181342129132509e+09 -1.312850952148437500e+00 3.010833740234375000e+00 8.760742187500000000e+00
1.449181342149274111e+09 -1.445220947265625000e+00 2.533294677734375000e+00 8.363647460937500000e+00
1.449181342169415712e+09 -1.430908203125000000e+00 2.021163940429687500e+00 7.504745483398437500e+00
1.449181342189557314e+09 -1.371566772460937500e+00 1.920578002929687500e+00 7.600097656250000000e+00
1.449181342209698915e+09 -1.471252441406250000e+00 2.282989501953125000e+00 8.345672607421875000e+00
1.449181342229840755e+09 -1.317901611328125000e+00 2.521179199218750000e+00 8.900115966796875000e+00
1.449181342249982119e+09 -1.214965820312500000e+00 2.499252319335937500e+00 8.829086303710937500e+00
1.449181342270123720e+09 -1.529235839843750000e+00 2.785171508789062500e+00 8.610534667968750000e+00
1.449181342290265322e+09 -1.922470092773437500e+00 3.269012451171875000e+00 9.054306030273437500e+00
1.449181342310406923e+09 -1.741546630859375000e+00 3.650222778320312500e+00 9.944793701171875000e+00
1.449181342330548525e+09 -1.818847656250000000e+00 3.457290649414062500e+00 9.661041259765625000e+00
1.449181342350690126e+09 -1.868804931640625000e+00 3.296752929687500000e+00 8.366027832031250000e+00
1.449181342370831728e+09 -1.675628662109375000e+00 3.240570068359375000e+00 8.182632446289062500e+00
1.449181342390973330e+09 -1.840911865234375000e+00 3.825500488281250000e+00 1.010176086425781250e+01
1.449181342411114931e+09 -2.019622802734375000e+00 4.715866088867187500e+00 1.235334777832031250e+01
1.449181342431256533e+09 -1.612030029296875000e+00 4.788177490234375000e+00 1.318226623535156250e+01
1.449181342451398134e+09 -1.969757080078125000e+00 3.709960937500000000e+00 1.078933715820312500e+01
1.449181342471539736e+09 -1.836135864257812500e+00 3.126037597656250000e+00 8.211624145507812500e+00
1.449181342491681337e+09 -1.903915405273437500e+00 4.255172729492187500e+00 1.005815124511718750e+01
1.449181342511822939e+09 -1.958221435546875000e+00 5.107925415039062500e+00 1.313034057617187500e+01
1.449181342531964302e+09 -1.237686157226562500e+00 4.445205688476562500e+00 1.182879638671875000e+01
1.449181342552106142e+09 -1.513732910156250000e+00 3.996597290039062500e+00 9.280151367187500000e+00
1.449181342572247744e+09 -2.257659912109375000e+00 4.369277954101562500e+00 1.051083374023437500e+01
1.449181342592389345e+09 -1.969848632812500000e+00 4.731033325195312500e+00 1.276492309570312500e+01
1.449181342612530947e+09 -1.507934570312500000e+00 3.939926147460937500e+00 1.083973693847656250e+01
1.449181342632672548e+09 -1.500000000000000000e+00 3.015197753906250000e+00 8.137908935546875000e+00
1.449181342652814150e+09 -1.725784301757812500e+00 3.067550659179687500e+00 7.694458007812500000e+00
1.449181342672955751e+09 -1.829513549804687500e+00 3.809036254882812500e+00 1.004373168945312500e+01
1.449181342693097353e+09 -1.749908447265625000e+00 3.780364990234375000e+00 1.095353698730468750e+01
1.449181342713238955e+09 -1.517654418945312500e+00 2.905929565429687500e+00 9.166793823242187500e+00
1.449181342733380556e+09 -1.472946166992187500e+00 2.256927490234375000e+00 7.571334838867187500e+00
1.449181342753522158e+09 -1.679306030273437500e+00 2.266571044921875000e+00 6.993087768554687500e+00
1.449181342773663759e+09 -1.774871826171875000e+00 2.427551269531250000e+00 7.396545410156250000e+00
1.449181342793805361e+09 -1.781158447265625000e+00 2.508438110351562500e+00 7.842559814453125000e+00
1.449181342813946962e+09 -1.733276367187500000e+00 2.447601318359375000e+00 8.040710449218750000e+00
1.449181342834088564e+09 -1.767944335937500000e+00 2.293304443359375000e+00 8.073516845703125000e+00
1.449181342854230165e+09 -1.502090454101562500e+00 2.143356323242187500e+00 8.033004760742187500e+00
1.449181342874371767e+09 -1.240402221679687500e+00 2.148025512695312500e+00 7.780944824218750000e+00
1.449181342894513369e+09 -1.236740112304687500e+00 2.202926635742187500e+00 7.569717407226562500e+00
1.449181342914654970e+09 -1.359024047851562500e+00 2.438095092773437500e+00 8.016891479492187500e+00
1.449181342934796572e+09 -1.304718017578125000e+00 2.696929931640625000e+00 8.609176635742187500e+00
1.449181342954938173e+09 -1.211456298828125000e+00 2.846649169921875000e+00 8.945938110351562500e+00
1.449181342975079775e+09 -1.193923950195312500e+00 2.941909790039062500e+00 8.903732299804687500e+00
1.449181342995221615e+09 -1.184158325195312500e+00 3.030807495117187500e+00 9.013839721679687500e+00
1.449181343015362978e+09 -1.237548828125000000e+00 3.204360961914062500e+00 9.475189208984375000e+00
1.449181343035504580e+09 -1.187255859375000000e+00 3.409317016601562500e+00 9.909362792968750000e+00
1.449181343055646181e+09 -1.174224853515625000e+00 3.441711425781250000e+00 9.933670043945312500e+00
1.449181343075787783e+09 -1.224243164062500000e+00 3.354614257812500000e+00 9.622695922851562500e+00
1.449181343095929384e+09 -1.605972290039062500e+00 3.445846557617187500e+00 9.861953735351562500e+00
1.449181343116070986e+09 -1.800323486328125000e+00 3.834472656250000000e+00 1.072709655761718750e+01
1.449181343136212587e+09 -1.637496948242187500e+00 3.952484130859375000e+00 1.106964111328125000e+01
1.449181343156354189e+09 -1.550674438476562500e+00 3.547668457031250000e+00 1.041496276855468750e+01
1.449181343176495790e+09 -1.767318725585937500e+00 3.526397705078125000e+00 1.011213684082031250e+01
1.449181343196637392e+09 -1.968826293945312500e+00 3.760681152343750000e+00 1.056999206542968750e+01
1.449181343216778994e+09 -1.896102905273437500e+00 3.831802368164062500e+00 1.067018127441406250e+01
1.449181343236920595e+09 -1.927734375000000000e+00 3.852478027343750000e+00 1.033721923828125000e+01
1.449181343257062197e+09 -1.703552246093750000e+00 3.842330932617187500e+00 1.059741210937500000e+01
1.449181343277203798e+09 -1.424194335937500000e+00 3.495773315429687500e+00 1.049612426757812500e+01
1.449181343297345161e+09 -1.694030761718750000e+00 3.426620483398437500e+00 1.027078247070312500e+01
1.449181343317487001e+09 -2.135589599609375000e+00 3.769531250000000000e+00 1.085578918457031250e+01
1.449181343337628603e+09 -1.985626220703125000e+00 3.423645019531250000e+00 1.084878540039062500e+01
1.449181343357770205e+09 -1.649673461914062500e+00 2.778091430664062500e+00 9.469818115234375000e+00
1.449181343377911806e+09 -1.976669311523437500e+00 2.864349365234375000e+00 8.706558227539062500e+00
1.449181343398053408e+09 -2.208343505859375000e+00 3.279449462890625000e+00 9.954040527343750000e+00
1.449181343418195009e+09 -1.692428588867187500e+00 3.127639770507812500e+00 1.049295043945312500e+01
1.449181343438336611e+09 -1.353469848632812500e+00 2.397018432617187500e+00 8.807754516601562500e+00
1.449181343458478451e+09 -1.399017333984375000e+00 2.003128051757812500e+00 7.623901367187500000e+00
1.449181343478619814e+09 -1.621093750000000000e+00 2.204757690429687500e+00 7.823455810546875000e+00
1.449181343498761415e+09 -1.524353027343750000e+00 2.412139892578125000e+00 8.683547973632812500e+00
1.449181343518903017e+09 -1.201629638671875000e+00 2.295532226562500000e+00 8.835784912109375000e+00
1.449181343539044619e+09 -1.160446166992187500e+00 2.168823242187500000e+00 8.482192993164062500e+00
1.449181343559186220e+09 -1.287048339843750000e+00 2.026916503906250000e+00 8.165115356445312500e+00
1.449181343579327822e+09 -1.212127685546875000e+00 1.905883789062500000e+00 8.033065795898437500e+00
1.449181343599469423e+09 -1.140075683593750000e+00 1.902832031250000000e+00 8.117874145507812500e+00
1.449181343619611025e+09 -1.216049194335937500e+00 2.141189575195312500e+00 8.481536865234375000e+00
1.449181343639752626e+09 -1.487411499023437500e+00 2.338150024414062500e+00 9.084304809570312500e+00
1.449181343659894228e+09 -1.315155029296875000e+00 2.331756591796875000e+00 9.021072387695312500e+00
1.449181343680035830e+09 -1.431198120117187500e+00 2.197891235351562500e+00 8.083969116210937500e+00
1.449181343700177431e+09 -1.650955200195312500e+00 2.111373901367187500e+00 7.599060058593750000e+00
1.449181343720319033e+09 -1.650650024414062500e+00 2.503707885742187500e+00 8.630661010742187500e+00
1.449181343740460634e+09 -1.611663818359375000e+00 2.965774536132812500e+00 9.534011840820312500e+00
1.449181343760601997e+09 -1.405242919921875000e+00 2.871078491210937500e+00 9.216735839843750000e+00
1.449181343780743837e+09 -1.359680175781250000e+00 2.529037475585937500e+00 8.376800537109375000e+00
1.449181343800885439e+09 -1.404953002929687500e+00 2.668075561523437500e+00 8.848281860351562500e+00
1.449181343821027040e+09 -1.577651977539062500e+00 3.198516845703125000e+00 1.022990417480468750e+01
1.449181343841168642e+09 -1.453125000000000000e+00 3.457702636718750000e+00 1.113871765136718750e+01
1.449181343861310244e+09 -1.417144775390625000e+00 3.031173706054687500e+00 1.011225891113281250e+01
1.449181343881451845e+09 -1.566223144531250000e+00 2.939620971679687500e+00 8.922180175781250000e+00
1.449181343901593447e+09 -1.827468872070312500e+00 2.959167480468750000e+00 9.061370849609375000e+00
1.449181343921735287e+09 -1.697570800781250000e+00 2.980667114257812500e+00 9.953170776367187500e+00
1.449181343941876650e+09 -1.629684448242187500e+00 3.595687866210937500e+00 1.060830688476562500e+01
1.449181343962018251e+09 -1.789764404296875000e+00 3.809234619140625000e+00 1.127409362792968750e+01
1.449181343982159853e+09 -1.537750244140625000e+00 3.526519775390625000e+00 1.140257263183593750e+01
1.449181344002301455e+09 -1.384979248046875000e+00 3.199569702148437500e+00 1.035841369628906250e+01
1.449181344022443056e+09 -1.665985107421875000e+00 3.352523803710937500e+00 1.032466125488281250e+01
1.449181344042584658e+09 -1.630661010742187500e+00 3.566299438476562500e+00 1.107653808593750000e+01
1.449181344062726259e+09 -1.137878417968750000e+00 3.151336669921875000e+00 1.046110534667968750e+01
1.449181344082867861e+09 -1.037124633789062500e+00 2.840255737304687500e+00 9.155761718750000000e+00
1.449181344103009462e+09 -1.210006713867187500e+00 3.211395263671875000e+00 9.642684936523437500e+00
1.449181344123151064e+09 -1.245956420898437500e+00 3.567947387695312500e+00 1.121859741210937500e+01
1.449181344143292665e+09 -1.191513061523437500e+00 3.403930664062500000e+00 1.103633117675781250e+01
1.449181344163434267e+09 -1.199264526367187500e+00 3.168029785156250000e+00 9.795715332031250000e+00
1.449181344183575869e+09 -1.367187500000000000e+00 2.920211791992187500e+00 8.793991088867187500e+00
1.449181344203717470e+09 -1.632873535156250000e+00 2.679077148437500000e+00 8.799270629882812500e+00
1.449181344223859310e+09 -1.931777954101562500e+00 2.708175659179687500e+00 9.343963623046875000e+00
1.449181344244000673e+09 -1.815185546875000000e+00 2.664932250976562500e+00 9.839401245117187500e+00
