1.449279453670190811e+09 6.298065185546875000e-01 -1.367990112304687500e+01 3.251876831054687500e+00
1.449279453690332413e+09 -2.075653076171875000e+00 -1.489295959472656250e+01 -9.883117675781250000e-02
1.449279453710474014e+09 -5.848999023437500000e-01 -1.494995117187500000e+01 -8.010391235351562500e+00
1.449279453730615616e+09 -6.071014404296875000e+00 -1.685649108886718750e+01 -3.167434692382812500e+00
1.449279453750757456e+09 -7.112228393554687500e+00 -1.482136535644531250e+01 -1.644409179687500000e+00
1.449279453770899057e+09 -2.429489135742187500e+00 -1.149464416503906250e+01 2.998718261718750000e+00
1.449279453791040421e+09 -8.204498291015625000e-01 -1.177209472656250000e+01 2.675552368164062500e+00
1.449279453811182022e+09 4.012390136718750000e+00 -8.688552856445312500e+00 -7.280838012695312500e+00
1.449279453831323624e+09 1.834457397460937500e+00 -6.743576049804687500e+00 -2.650711059570312500e+00
1.449279453851465225e+09 9.530639648437500000e-02 -6.174362182617187500e+00 -1.970397949218750000e+00
1.449279453871606827e+09 2.039962768554687500e+00 -5.079498291015625000e+00 -3.311325073242187500e+00
1.449279453891748428e+09 1.397781372070312500e+00 -5.608520507812500000e+00 -4.245697021484375000e+00
1.449279453911890268e+09 -9.246826171875000000e-01 -4.735824584960937500e+00 -4.910995483398437500e+00
1.449279453932031631e+09 -1.838638305664062500e+00 -2.356338500976562500e+00 -4.857604980468750000e+00
1.449279453952173233e+09 -9.014282226562500000e-01 -8.347320556640625000e-01 -4.096862792968750000e+00
1.449279453972314835e+09 -2.212829589843750000e-01 -8.243560791015625000e-01 -1.642532348632812500e+00
1.449279453992456436e+09 -1.902038574218750000e+00 -1.450302124023437500e+00 9.760894775390625000e-01
1.449279454012598038e+09 -5.004364013671875000e+00 -3.025070190429687500e+00 2.242980957031250000e+00
1.449279454032739639e+09 -6.739837646484375000e+00 -9.819412231445312500e+00 8.424545288085937500e+00
1.449279454052881241e+09 -4.321563720703125000e+00 -2.484046936035156250e+01 1.634104919433593750e+01
1.449279454073023081e+09 -5.119064331054687500e+00 -3.113069152832031250e+01 1.155677795410156250e+01
1.449279454093164444e+09 -8.277542114257812500e+00 -1.702262878417968750e+01 4.670196533203125000e+00
1.449279454113306046e+09 3.015792846679687500e+00 -6.376892089843750000e+00 -7.169204711914062500e+00
1.449279454133447647e+09 3.884582519531250000e-01 -1.265454101562500000e+01 -7.230621337890625000e+00
1.449279454153589249e+09 -5.206466674804687500e+00 -1.273123168945312500e+01 4.588500976562500000e+00
1.449279454173730850e+09 -2.160385131835937500e+00 -9.229583740234375000e-01 -7.556777954101562500e+00
1.449279454193872452e+09 -5.885925292968750000e-01 5.920410156250000000e-01 -1.168881225585937500e+01
1.449279454214014292e+09 1.666275024414062500e+00 -4.222991943359375000e+00 -6.826354980468750000e+00
1.449279454234155893e+09 2.656158447265625000e+00 -1.342224121093750000e+01 -3.165725708007812500e+00
1.449279454254297256e+09 1.048081970214843750e+01 -1.888624572753906250e+01 6.946762084960937500e+00
1.449279454274438858e+09 8.671554565429687500e+00 -1.266662597656250000e+01 2.652008056640625000e+00
1.449279454294580460e+09 1.234573364257812500e+00 -7.744079589843750000e+00 -3.974761962890625000e-01
1.449279454314722061e+09 -3.645858764648437500e+00 -5.934539794921875000e+00 -5.691986083984375000e-01
1.449279454334863663e+09 -3.105056762695312500e+00 -9.739120483398437500e+00 4.015548706054687500e+00
1.449279454355005264e+09 5.405578613281250000e-01 -1.112164306640625000e+01 7.100067138671875000e-01
1.449279454375147104e+09 2.232101440429687500e+00 -1.003334045410156250e+01 8.092651367187500000e-01
1.449279454395288467e+09 1.393371582031250000e+00 -7.199874877929687500e+00 -1.124816894531250000e+00
1.449279454415430069e+09 -9.449157714843750000e-01 -6.791763305664062500e+00 -1.644302368164062500e+00
1.449279454435571671e+09 -2.238723754882812500e+00 -7.444046020507812500e+00 -1.249328613281250000e+00
1.449279454455713272e+09 -2.758941650390625000e+00 -8.229415893554687500e+00 -2.059432983398437500e+00
1.449279454475854874e+09 -1.201934814453125000e+00 -9.185913085937500000e+00 -1.417068481445312500e+00
1.449279454495996475e+09 1.308685302734375000e+00 -1.025637817382812500e+01 9.509887695312500000e-01
1.449279454516138077e+09 1.686706542968750000e+00 -1.201708984375000000e+01 1.972320556640625000e+00
1.449279454536279917e+09 4.646759033203125000e-01 -1.315115356445312500e+01 4.271865844726562500e+00
1.449279454556421280e+09 1.208038330078125000e+00 -1.312365722656250000e+01 5.464675903320312500e+00
1.449279454576562881e+09 4.287811279296875000e+00 -1.369448852539062500e+01 2.577270507812500000e+00
1.449279454596704483e+09 1.904739379882812500e+00 -1.357228088378906250e+01 4.803909301757812500e+00
1.449279454616846085e+09 6.075592041015625000e-01 -1.622895812988281250e+01 9.095169067382812500e+00
1.449279454636987686e+09 3.688369750976562500e+00 -1.466494750976562500e+01 7.715393066406250000e+00
1.449279454657129288e+09 3.433807373046875000e+00 -1.328227233886718750e+01 3.426986694335937500e+00
1.449279454677271128e+09 2.651977539062500000e-01 -1.386413574218750000e+01 1.057739257812500000e-01
1.449279454697412491e+09 9.383087158203125000e-01 -1.435951232910156250e+01 -7.606491088867187500e+00
1.449279454717554092e+09 -4.705963134765625000e+00 -1.665043640136718750e+01 -4.304214477539062500e+00
1.449279454737695694e+09 -6.278549194335937500e+00 -1.558566284179687500e+01 -2.191650390625000000e+00
1.449279454757837296e+09 -2.864913940429687500e+00 -1.292681884765625000e+01 5.434371948242187500e+00
1.449279454777978897e+09 -1.375579833984375000e+00 -1.273457336425781250e+01 6.266632080078125000e-01
1.449279454798120499e+09 2.764816284179687500e+00 -9.927230834960937500e+00 -6.078811645507812500e+00
1.449279454818262100e+09 1.270156860351562500e+00 -8.005950927734375000e+00 -3.096343994140625000e+00
1.449279454838403940e+09 -5.200805664062500000e-01 -6.385299682617187500e+00 -2.327865600585937500e+00
1.449279454858545303e+09 1.064041137695312500e+00 -4.427642822265625000e+00 -3.135757446289062500e+00
1.449279454878686905e+09 7.156524658203125000e-01 -3.917861938476562500e+00 -4.069458007812500000e+00
1.449279454898828506e+09 -3.637695312500000000e-01 -3.578369140625000000e+00 -5.189697265625000000e+00
1.449279454918970108e+09 -1.408142089843750000e+00 -2.763809204101562500e+00 -5.240875244140625000e+00
1.449279454939111710e+09 -1.135604858398437500e+00 -1.645797729492187500e+00 -4.842788696289062500e+00
1.449279454959253311e+09 -3.849487304687500000e-01 -4.837493896484375000e-01 -2.466827392578125000e+00
1.449279454979395151e+09 -1.640716552734375000e+00 -8.238220214843750000e-01 9.649047851562500000e-01
1.449279454999536753e+09 -4.504562377929687500e+00 -3.659286499023437500e+00 3.922042846679687500e+00
1.449279455019678116e+09 -6.374786376953125000e+00 -1.256344604492187500e+01 1.189418029785156250e+01
1.449279455039819717e+09 -3.342834472656250000e+00 -2.880317687988281250e+01 1.703448486328125000e+01
1.449279455059961319e+09 -3.979660034179687500e+00 -2.557655334472656250e+01 9.433990478515625000e+00
1.449279455080102921e+09 -5.915100097656250000e+00 -6.541442871093750000e+00 1.167724609375000000e+00
1.449279455100244522e+09 -3.120010375976562500e+00 -4.781997680664062500e+00 -5.044647216796875000e+00
1.449279455120386124e+09 3.141677856445312500e+00 -1.084672546386718750e+01 -1.275216674804687500e+01
1.449279455140527964e+09 -1.661788940429687500e+00 -2.263006591796875000e+01 1.535447692871093750e+01
1.449279455160669327e+09 3.471832275390625000e-01 -1.221263122558593750e+01 1.624832153320312500e+00
1.449279455180810928e+09 -4.429168701171875000e-01 -1.427047729492187500e+00 -1.468862915039062500e+01
1.449279455200952530e+09 -1.574127197265625000e+00 -1.977874755859375000e+00 -7.337600708007812500e+00
1.449279455221094131e+09 -6.593475341796875000e-01 -6.019805908203125000e+00 -2.566085815429687500e+00
1.449279455241235733e+09 4.007919311523437500e+00 -1.322834777832031250e+01 9.041625976562500000e+00
1.449279455261377335e+09 6.367782592773437500e+00 -1.429032897949218750e+01 -5.655517578125000000e-01
1.449279455281518936e+09 4.221298217773437500e+00 -9.987945556640625000e+00 -2.316635131835937500e+00
1.449279455301660776e+09 -2.905120849609375000e-01 -7.134033203125000000e+00 -3.785491943359375000e+00
1.449279455321802139e+09 -1.575164794921875000e-01 -6.750503540039062500e+00 2.844116210937500000e+00
1.449279455341943741e+09 -8.093261718750000000e-02 -9.891647338867187500e+00 3.389587402343750000e-01
1.449279455362085342e+09 3.216247558593750000e-01 -9.876663208007812500e+00 3.029022216796875000e-01
1.449279455382226944e+09 -7.393035888671875000e-01 -7.955551147460937500e+00 -8.976745605468750000e-01
1.449279455402368546e+09 -2.024383544921875000e+00 -6.898864746093750000e+00 2.944488525390625000e-01
1.449279455422510147e+09 -2.364990234375000000e+00 -7.532104492187500000e+00 2.621917724609375000e-01
1.449279455442651987e+09 -1.474868774414062500e+00 -8.627136230468750000e+00 -1.585617065429687500e+00
1.449279455462793589e+09 6.269989013671875000e-01 -9.560943603515625000e+00 -1.058319091796875000e+00
1.449279455482934952e+09 2.470993041992187500e+00 -1.039248657226562500e+01 1.378723144531250000e+00
1.449279455503076553e+09 2.753417968750000000e+00 -1.227033996582031250e+01 1.994140625000000000e+00
1.449279455523218155e+09 1.083038330078125000e+00 -1.333538818359375000e+01 3.649398803710937500e+00
1.449279455543359756e+09 6.337585449218750000e-01 -1.291131591796875000e+01 4.888458251953125000e+00
1.449279455563501358e+09 2.463546752929687500e+00 -1.363467407226562500e+01 2.364746093750000000e+00
1.449279455583642960e+09 7.166748046875000000e-01 -1.341394042968750000e+01 5.221588134765625000e+00
1.449279455603784800e+09 -3.993835449218750000e-01 -1.419853210449218750e+01 9.437789916992187500e+00
1.449279455623926163e+09 2.845153808593750000e+00 -1.485694885253906250e+01 9.358535766601562500e+00
1.449279455644067764e+09 4.201705932617187500e+00 -1.227705383300781250e+01 5.229537963867187500e+00
1.449279455664209366e+09 3.396835327148437500e+00 -1.428286743164062500e+01 4.237060546875000000e-01
1.449279455684350967e+09 3.602111816406250000e+00 -1.438583374023437500e+01 -7.898529052734375000e+00
1.449279455704492569e+09 -8.856658935546875000e-01 -1.582885742187500000e+01 -5.116256713867187500e+00
1.449279455724634171e+09 -3.835235595703125000e+00 -1.779734802246093750e+01 -2.120513916015625000e-01
1.449279455744775772e+09 -1.723922729492187500e+00 -1.558815002441406250e+01 4.411483764648437500e+00
1.449279455764917612e+09 -7.640075683593750000e-01 -1.389038085937500000e+01 -7.579498291015625000e-01
1.449279455785058975e+09 1.660583496093750000e+00 -1.032736206054687500e+01 -4.828002929687500000e+00
1.449279455805200577e+09 -2.924194335937500000e-01 -7.723358154296875000e+00 -2.250213623046875000e+00
1.449279455825342178e+09 1.649475097656250000e-01 -5.906127929687500000e+00 -2.795288085937500000e+00
1.449279455845483780e+09 1.147216796875000000e+00 -4.278564453125000000e+00 -3.213897705078125000e+00
1.449279455865625381e+09 -2.915954589843750000e-02 -3.777374267578125000e+00 -4.264785766601562500e+00
1.449279455885766983e+09 -4.605865478515625000e-01 -3.363082885742187500e+00 -5.052124023437500000e+00
1.449279455905908823e+09 -1.273818969726562500e+00 -2.700103759765625000e+00 -5.440963745117187500e+00
1.449279455926050186e+09 -1.558105468750000000e+00 -1.748474121093750000e+00 -5.154083251953125000e+00
1.449279455946191788e+09 -6.235961914062500000e-01 -8.449554443359375000e-01 -3.370391845703125000e+00
1.449279455966333389e+09 -1.375015258789062500e+00 -1.590881347656250000e+00 -2.087249755859375000e-01
1.449279455986474991e+09 -3.384246826171875000e+00 -3.543167114257812500e+00 2.635803222656250000e+00
1.449279456006616592e+09 -6.693252563476562500e+00 -9.038574218750000000e+00 8.000823974609375000e+00
1.449279456026758194e+09 -5.034362792968750000e+00 -2.138580322265625000e+01 1.600173950195312500e+01
1.449279456046899796e+09 -1.794601440429687500e+00 -2.806106567382812500e+01 1.248640441894531250e+01
1.449279456067041636e+09 -4.174270629882812500e+00 -1.314802551269531250e+01 5.276336669921875000e+00
1.449279456087182999e+09 -5.669326782226562500e+00 -7.593704223632812500e+00 -6.887969970703125000e-01
1.449279456107324600e+09 3.178710937500000000e+00 -9.864547729492187500e+00 -1.506802368164062500e+01
1.449279456127466202e+09 -8.253479003906250000e-01 -2.097814941406250000e+01 7.752960205078125000e+00
1.449279456147607803e+09 -1.548446655273437500e+00 -1.556480407714843750e+01 9.279251098632812500e+00
1.449279456167749405e+09 -7.329711914062500000e-01 -1.560867309570312500e+00 -1.541804504394531250e+01
1.449279456187891006e+09 -2.330261230468750000e+00 -2.413940429687500000e-01 -8.016052246093750000e+00
1.449279456208032846e+09 -2.162658691406250000e+00 -4.170318603515625000e+00 -3.835662841796875000e+00
1.449279456228174448e+09 -1.593933105468750000e-01 -1.199610900878906250e+01 1.828460693359375000e+00
1.449279456248315811e+09 6.725708007812500000e+00 -1.588400268554687500e+01 2.707641601562500000e+00
1.449279456268457413e+09 6.645690917968750000e+00 -1.098588562011718750e+01 -2.655929565429687500e+00
1.449279456288599014e+09 1.918426513671875000e+00 -7.510177612304687500e+00 -3.095260620117187500e+00
1.449279456308740616e+09 1.072662353515625000e+00 -7.211853027343750000e+00 2.707763671875000000e+00
1.449279456328882217e+09 -6.381683349609375000e-01 -9.383270263671875000e+00 1.988357543945312500e+00
1.449279456349023819e+09 -3.185882568359375000e-01 -9.763061523437500000e+00 -2.435302734375000000e-02
1.449279456369165659e+09 -1.331192016601562500e+00 -8.303939819335937500e+00 -1.306579589843750000e+00
1.449279456389307022e+09 -3.012664794921875000e+00 -6.910186767578125000e+00 2.807617187500000000e-01
1.449279456409448624e+09 -3.058242797851562500e+00 -6.790679931640625000e+00 -6.421813964843750000e-01
1.449279456429590225e+09 -9.976959228515625000e-01 -8.515151977539062500e+00 -2.223510742187500000e+00
1.449279456449731827e+09 1.205947875976562500e+00 -1.036775207519531250e+01 -1.194976806640625000e+00
1.449279456469873428e+09 2.530960083007812500e+00 -1.085034179687500000e+01 1.320129394531250000e+00
1.449279456490015030e+09 2.148605346679687500e+00 -1.226687622070312500e+01 1.870223999023437500e+00
1.449279456510156631e+09 2.462615966796875000e-01 -1.368664550781250000e+01 4.070800781250000000e+00
1.449279456530298471e+09 -2.549438476562500000e-01 -1.287469482421875000e+01 5.890716552734375000e+00
1.449279456550439835e+09 2.608978271484375000e+00 -1.323660278320312500e+01 2.748870849609375000e+00
1.449279456570581436e+09 3.056137084960937500e+00 -1.461831665039062500e+01 4.133178710937500000e+00
1.449279456590723038e+09 3.383972167968750000e+00 -1.685574340820312500e+01 7.662551879882812500e+00
1.449279456610864639e+09 3.788558959960937500e+00 -1.375820922851562500e+01 7.103393554687500000e+00
1.449279456631006241e+09 2.766693115234375000e+00 -1.235148620605468750e+01 2.856704711914062500e+00
1.449279456651147842e+09 -2.282257080078125000e-01 -1.343820190429687500e+01 1.819030761718750000e+00
1.449279456671289682e+09 8.560791015625000000e-01 -1.394183349609375000e+01 -8.253692626953125000e+00
1.449279456691431284e+09 -4.234802246093750000e+00 -1.585954284667968750e+01 -5.055572509765625000e+00
1.449279456711572647e+09 -5.088165283203125000e+00 -1.508787536621093750e+01 -2.413238525390625000e+00
1.449279456731714249e+09 -1.221420288085937500e+00 -1.252041625976562500e+01 4.653793334960937500e+00
1.449279456751855850e+09 -1.065826416015625000e-01 -1.307591247558593750e+01 2.857101440429687500e+00
1.449279456771997452e+09 3.340179443359375000e+00 -9.828048706054687500e+00 -7.588394165039062500e+00
1.449279456792139053e+09 1.065399169921875000e+00 -7.575500488281250000e+00 -7.527313232421875000e-01
1.449279456812280655e+09 -4.173583984375000000e-01 -6.438980102539062500e+00 -1.741790771484375000e+00
1.449279456832422495e+09 1.237915039062500000e+00 -4.814544677734375000e+00 -2.917907714843750000e+00
1.449279456852563858e+09 8.531494140625000000e-01 -4.945800781250000000e+00 -3.701354980468750000e+00
1.449279456872705460e+09 -8.943023681640625000e-01 -4.641326904296875000e+00 -4.660247802734375000e+00
1.449279456892847061e+09 -1.837371826171875000e+00 -3.530334472656250000e+00 -4.666336059570312500e+00
1.449279456912988663e+09 -1.508178710937500000e+00 -2.504638671875000000e+00 -4.346664428710937500e+00
1.449279456933130264e+09 -8.709716796875000000e-01 -1.578842163085937500e+00 -3.107681274414062500e+00
1.449279456953271866e+09 -1.243118286132812500e+00 -1.262695312500000000e+00 -6.271972656250000000e-01
1.449279456973413467e+09 -2.391159057617187500e+00 -2.530761718750000000e+00 1.416641235351562500e+00
1.449279456993555307e+09 -4.999084472656250000e+00 -6.635879516601562500e+00 6.012710571289062500e+00
1.449279457013696671e+09 -5.368698120117187500e+00 -1.754418945312500000e+01 1.554920959472656250e+01
1.449279457033838272e+09 -2.816360473632812500e+00 -2.929957580566406250e+01 1.444038391113281250e+01
1.449279457053979874e+09 -4.242187500000000000e+00 -1.801982116699218750e+01 6.404388427734375000e+00
1.449279457074121475e+09 -5.860168457031250000e+00 -9.087051391601562500e+00 3.139190673828125000e-01
1.449279457094263077e+09 2.882461547851562500e+00 -7.681243896484375000e+00 -1.148109436035156250e+01
1.449279457114404678e+09 -1.316787719726562500e+00 -1.783741760253906250e+01 5.165100097656250000e-02
1.449279457134546518e+09 -3.682205200195312500e+00 -1.657652282714843750e+01 1.264045715332031250e+01
1.449279457154687881e+09 -1.514511108398437500e+00 -2.595275878906250000e+00 -1.162916564941406250e+01
1.449279457174829483e+09 -2.496734619140625000e+00 -4.963378906250000000e-01 -9.085708618164062500e+00
1.449279457194971085e+09 -1.901168823242187500e+00 -4.009704589843750000e+00 -4.230163574218750000e+00
1.449279457215112686e+09 2.134704589843750000e-02 -1.107775878906250000e+01 -6.101989746093750000e-01
1.449279457235254288e+09 7.847808837890625000e+00 -1.649468994140625000e+01 5.544845581054687500e+00
1.449279457255395889e+09 8.598510742187500000e+00 -1.198439025878906250e+01 -2.286727905273437500e+00
1.449279457275537491e+09 3.210433959960937500e+00 -7.555297851562500000e+00 -2.175613403320312500e+00
1.449279457295679331e+09 1.066558837890625000e+00 -6.488037109375000000e+00 5.842590332031250000e-01
1.449279457315820694e+09 -1.489257812500000000e-02 -9.160659790039062500e+00 2.398071289062500000e+00
1.449279457335962296e+09 -2.701721191406250000e-01 -1.074784851074218750e+01 5.216369628906250000e-01
1.449279457356103897e+09 4.858398437500000000e-02 -9.450393676757812500e+00 2.456207275390625000e-01
1.449279457376245499e+09 -1.665039062500000000e+00 -6.876846313476562500e+00 -1.607360839843750000e-01
1.449279457396387100e+09 -3.410385131835937500e+00 -6.518829345703125000e+00 1.927337646484375000e-01
1.449279457416528702e+09 -3.462387084960937500e+00 -7.666549682617187500e+00 -6.076507568359375000e-01
1.449279457436670542e+09 -6.098937988281250000e-01 -9.174591064453125000e+00 -1.912857055664062500e+00
1.449279457456812143e+09 2.426773071289062500e+00 -9.666824340820312500e+00 -4.943847656250000000e-03
1.449279457476953506e+09 2.884963989257812500e+00 -1.106015014648437500e+01 1.132186889648437500e+00
1.449279457497095108e+09 1.153640747070312500e+00 -1.335707092285156250e+01 2.526641845703125000e+00
1.449279457517236710e+09 3.599548339843750000e-01 -1.276579284667968750e+01 5.224533081054687500e+00
1.449279457537378311e+09 2.746658325195312500e+00 -1.342578125000000000e+01 3.410125732421875000e+00
1.449279457557519913e+09 2.435317993164062500e+00 -1.369088745117187500e+01 4.265106201171875000e+00
1.449279457577661514e+09 7.906188964843750000e-01 -1.521099853515625000e+01 8.624145507812500000e+00
1.449279457597803354e+09 3.603012084960937500e+00 -1.596369934082031250e+01 8.140609741210937500e+00
1.449279457617944717e+09 4.144393920898437500e+00 -1.401605224609375000e+01 3.760116577148437500e+00
1.449279457638086319e+09 -8.717346191406250000e-02 -1.453294372558593750e+01 1.842300415039062500e+00
1.449279457658227921e+09 4.635009765625000000e-01 -1.469905090332031250e+01 -7.695526123046875000e+00
1.449279457678369522e+09 -4.470443725585937500e+00 -1.684895324707031250e+01 -4.404083251953125000e+00
1.449279457698511124e+09 -8.002227783203125000e+00 -1.723957824707031250e+01 -1.613082885742187500e+00
1.449279457718652725e+09 -3.807037353515625000e+00 -1.258410644531250000e+01 3.884048461914062500e+00
1.449279457738794327e+09 -1.536972045898437500e+00 -1.149064636230468750e+01 2.847625732421875000e+00
1.449279457758936167e+09 2.965057373046875000e+00 -8.963150024414062500e+00 -5.870559692382812500e+00
1.449279457779077530e+09 2.714355468750000000e+00 -6.944229125976562500e+00 -3.992309570312500000e+00
1.449279457799219131e+09 -4.133453369140625000e-01 -6.345245361328125000e+00 -1.598037719726562500e+00
1.449279457819360733e+09 5.666046142578125000e-01 -4.440597534179687500e+00 -2.683319091796875000e+00
1.449279457839502335e+09 1.174362182617187500e+00 -4.839569091796875000e+00 -3.321914672851562500e+00
1.449279457859643936e+09 1.345214843750000000e-01 -4.796310424804687500e+00 -4.645858764648437500e+00
1.449279457879785538e+09 -1.298065185546875000e+00 -3.659790039062500000e+00 -4.949310302734375000e+00
1.449279457899927378e+09 -1.045318603515625000e+00 -1.972625732421875000e+00 -4.017166137695312500e+00
1.449279457920068979e+09 1.863250732421875000e-01 -1.208068847656250000e+00 -1.992340087890625000e+00
1.449279457940210342e+09 -4.386444091796875000e-01 -1.725418090820312500e+00 1.486236572265625000e+00
1.449279457960351944e+09 -2.848678588867187500e+00 -2.589416503906250000e+00 3.649719238281250000e+00
1.449279457980493546e+09 -5.052917480468750000e+00 -7.095626831054687500e+00 8.000610351562500000e+00
1.449279458000635147e+09 -4.044250488281250000e+00 -1.787658691406250000e+01 1.306314086914062500e+01
1.449279458020776749e+09 -3.841842651367187500e+00 -2.753663635253906250e+01 1.265742492675781250e+01
1.449279458040918350e+09 -5.223999023437500000e+00 -1.458154296875000000e+01 5.756530761718750000e+00
1.449279458061060190e+09 -4.936431884765625000e+00 -5.535095214843750000e+00 -1.042221069335937500e+00
1.449279458081201553e+09 -3.015136718750000000e-01 -9.401626586914062500e+00 -1.144018554687500000e+01
1.449279458101343155e+09 -7.934570312500000000e-04 -1.911221313476562500e+01 -7.420944213867187500e+00
1.449279458121484756e+09 -3.315917968750000000e+00 -2.148371887207031250e+01 2.078469848632812500e+01
1.449279458141626358e+09 -4.676208496093750000e-01 -5.118652343750000000e+00 -7.116851806640625000e+00
1.449279458161767960e+09 -1.481750488281250000e+00 1.011276245117187500e+00 -1.367805480957031250e+01
1.449279458181909561e+09 -8.415222167968750000e-01 -1.911560058593750000e+00 -6.839782714843750000e+00
1.449279458202051163e+09 7.833862304687500000e-02 -8.826812744140625000e+00 -2.342453002929687500e+00
1.449279458222193003e+09 5.454269409179687500e+00 -1.703158569335937500e+01 5.682693481445312500e+00
1.449279458242334366e+09 8.080184936523437500e+00 -1.319192504882812500e+01 -1.781463623046875000e+00
1.449279458262475967e+09 4.820556640625000000e+00 -7.536849975585937500e+00 -1.304199218750000000e+00
1.449279458282617569e+09 1.369415283203125000e+00 -6.551574707031250000e+00 -2.255294799804687500e+00
1.449279458302759171e+09 1.371170043945312500e+00 -8.941970825195312500e+00 2.169082641601562500e+00
1.449279458322900772e+09 8.700408935546875000e-01 -1.124870300292968750e+01 1.181884765625000000e+00
1.449279458343042374e+09 8.861999511718750000e-01 -9.725891113281250000e+00 4.960174560546875000e-01
1.449279458363184214e+09 -1.461853027343750000e+00 -7.139526367187500000e+00 -1.376342773437500000e-02
1.449279458383325815e+09 -3.061950683593750000e+00 -6.083007812500000000e+00 7.994079589843750000e-01
1.449279458403467178e+09 -3.328475952148437500e+00 -6.855987548828125000e+00 -1.007751464843750000e+00
1.449279458423608780e+09 -1.208587646484375000e+00 -8.685195922851562500e+00 -3.522308349609375000e+00
1.449279458443750381e+09 2.187210083007812500e+00 -1.024443054199218750e+01 -1.898773193359375000e+00
1.449279458463891983e+09 3.205490112304687500e+00 -1.110267639160156250e+01 2.658081054687500000e-01
1.449279458484033585e+09 1.627334594726562500e+00 -1.350186157226562500e+01 2.978866577148437500e+00
1.449279458504175186e+09 5.622558593750000000e-01 -1.448371887207031250e+01 4.450729370117187500e+00
1.449279458524317026e+09 1.405838012695312500e+00 -1.492176818847656250e+01 3.872329711914062500e+00
1.449279458544458389e+09 2.197647094726562500e+00 -1.483079528808593750e+01 5.214599609375000000e+00
1.449279458564599991e+09 2.336730957031250000e-01 -1.347422790527343750e+01 8.803909301757812500e+00
1.449279458584741592e+09 7.516479492187500000e-02 -1.271591186523437500e+01 9.269622802734375000e+00
1.449279458604883194e+09 2.792037963867187500e+00 -1.531628417968750000e+01 6.650222778320312500e+00
1.449279458625024796e+09 4.091629028320312500e+00 -1.544049072265625000e+01 4.346176147460937500e+00
1.449279458645166397e+09 4.148361206054687500e+00 -1.735739135742187500e+01 -3.590179443359375000e+00
1.449279458665308237e+09 5.418395996093750000e-01 -1.768524169921875000e+01 -8.357650756835937500e+00
1.449279458685449839e+09 -7.170379638671875000e+00 -1.967652893066406250e+01 -3.565460205078125000e+00
1.449279458705591202e+09 -1.121981811523437500e+01 -1.872996520996093750e+01 2.657653808593750000e+00
1.449279458725732803e+09 -8.800155639648437500e+00 -1.443110656738281250e+01 6.599594116210937500e+00
1.449279458745874405e+09 -2.371505737304687500e+00 -1.033950805664062500e+01 -1.539688110351562500e+00
1.449279458766016006e+09 4.152297973632812500e+00 -6.757247924804687500e+00 -4.551956176757812500e+00
1.449279458786157608e+09 1.169219970703125000e+00 -8.465591430664062500e+00 3.792572021484375000e-01
1.449279458806299210e+09 1.334106445312500000e+00 -7.790969848632812500e+00 -2.146652221679687500e+00
1.449279458826441050e+09 1.040603637695312500e+00 -5.470428466796875000e+00 -4.768020629882812500e+00
1.449279458846582413e+09 -8.774719238281250000e-01 -4.217605590820312500e+00 -5.147048950195312500e+00
1.449279458866724014e+09 -6.399383544921875000e-01 -2.748199462890625000e+00 -2.656997680664062500e+00
1.449279458886865616e+09 3.385528564453125000e+00 -2.874053955078125000e+00 -1.019485473632812500e+00
1.449279458907007217e+09 -4.981384277343750000e-01 -2.520263671875000000e+00 5.313323974609375000e+00
1.449279458927148819e+09 -1.357177734375000000e+00 -1.216308593750000000e+00 7.237670898437500000e+00
1.449279458947290421e+09 -4.113922119140625000e-01 -1.987686157226562500e+00 6.973968505859375000e+00
1.449279458967432022e+09 -6.642318725585937500e+00 -8.502960205078125000e+00 1.903924560546875000e+01
1.449279458987573862e+09 -1.335792541503906250e+01 -1.911447143554687500e+01 1.719815063476562500e+01
1.449279459007715225e+09 -1.778839111328125000e+00 -6.057678222656250000e+00 -1.274768066406250000e+01
1.449279459027856827e+09 -4.801986694335937500e+00 -8.781433105468750000e-02 -8.485458374023437500e+00
1.449279459047998428e+09 -2.009042358398437500e+01 -1.367919921875000000e+01 8.099761962890625000e+00
1.449279459068140030e+09 5.744796752929687500e+00 -1.684071350097656250e+01 -1.013174438476562500e+01
1.449279459088281631e+09 -2.049636840820312500e+00 -1.501470947265625000e+01 8.230895996093750000e-01
1.449279459108423233e+09 2.164947509765625000e+00 -9.584899902343750000e+00 -2.814849853515625000e+00
1.449279459128565073e+09 3.645477294921875000e+00 -1.050531005859375000e+01 -2.620666503906250000e+00
1.449279459148706675e+09 3.926574707031250000e+00 -1.093562316894531250e+01 -2.418228149414062500e+00
1.449279459168848038e+09 3.541229248046875000e+00 -1.070808410644531250e+01 -1.788742065429687500e+00
1.449279459188989639e+09 1.788223266601562500e+00 -1.189509582519531250e+01 3.747695922851562500e+00
1.449279459209131241e+09 4.644561767578125000e+00 -1.304551696777343750e+01 5.077987670898437500e+00
1.449279459229272842e+09 8.214263916015625000e+00 -1.021168518066406250e+01 4.287307739257812500e+00
1.449279459249414444e+09 5.505523681640625000e+00 -8.081649780273437500e+00 -1.119750976562500000e+00
1.449279459269556046e+09 1.438171386718750000e+00 -8.468643188476562500e+00 -5.184936523437500000e-01
1.449279459289697886e+09 -1.415664672851562500e+00 -8.934585571289062500e+00 5.011688232421875000e+00
1.449279459309839249e+09 -1.848510742187500000e+00 -7.892761230468750000e+00 4.979751586914062500e+00
1.449279459329980850e+09 -2.616668701171875000e+00 -6.389617919921875000e+00 1.070724487304687500e+00
1.449279459350122452e+09 -3.332305908203125000e+00 -6.101226806640625000e+00 1.303588867187500000e+00
1.449279459370264053e+09 -2.616271972656250000e-01 -8.714370727539062500e+00 1.278488159179687500e+00
1.449279459390405655e+09 4.595092773437500000e+00 -1.246749877929687500e+01 1.005493164062500000e+00
1.449279459410547256e+09 2.229522705078125000e+00 -1.368258666992187500e+01 -5.701293945312500000e-01
1.449279459430688858e+09 1.051834106445312500e+00 -1.378408813476562500e+01 1.083419799804687500e+00
1.449279459450830698e+09 -8.758544921875000000e-03 -1.556697082519531250e+01 2.422668457031250000e+00
1.449279459470972061e+09 -4.679412841796875000e-01 -1.927641296386718750e+01 1.354598999023437500e+00
1.449279459491113663e+09 4.052886962890625000e-01 -1.878416442871093750e+01 2.217590332031250000e+00
1.449279459511255264e+09 -2.893463134765625000e+00 -1.111903381347656250e+01 6.353271484375000000e+00
1.449279459531396866e+09 2.579025268554687500e+00 -9.734558105468750000e+00 7.977416992187500000e+00
1.449279459551538467e+09 4.863937377929687500e+00 -1.109675598144531250e+01 5.345626831054687500e+00
1.449279459571680069e+09 2.851837158203125000e+00 -1.351554870605468750e+01 -3.726959228515625000e-01
1.449279459591821909e+09 2.593536376953125000e-01 -1.409101867675781250e+01 -3.898971557617187500e+00
1.449279459611963511e+09 -3.215591430664062500e+00 -1.675109863281250000e+01 -3.043014526367187500e+00
1.449279459632104874e+09 -4.790603637695312500e+00 -1.890463256835937500e+01 -7.229156494140625000e-01
1.449279459652246475e+09 -6.309570312500000000e+00 -1.739830017089843750e+01 2.029464721679687500e+00
1.449279459672388077e+09 -7.320144653320312500e+00 -1.611166381835937500e+01 4.634735107421875000e+00
1.449279459692529678e+09 -5.185241699218750000e+00 -1.392616271972656250e+01 9.313201904296875000e-01
1.449279459712671280e+09 7.933959960937500000e-01 -1.105776977539062500e+01 -2.405807495117187500e+00
1.449279459732812881e+09 3.103561401367187500e+00 -8.396606445312500000e+00 8.551025390625000000e-01
1.449279459752954721e+09 5.127136230468750000e+00 -5.905609130859375000e+00 -2.013549804687500000e-01
1.449279459773096085e+09 6.740356445312500000e+00 -4.004180908203125000e+00 -5.195220947265625000e+00
1.449279459793237686e+09 7.757568359375000000e-02 -5.097656250000000000e-01 -6.810241699218750000e+00
1.449279459813379288e+09 -2.869659423828125000e+00 2.527709960937500000e+00 -6.152770996093750000e+00
1.449279459833520889e+09 6.882324218750000000e-01 -9.677581787109375000e-01 -2.192565917968750000e+00
1.449279459853662491e+09 2.805252075195312500e+00 -3.053619384765625000e+00 2.876495361328125000e+00
1.449279459873804092e+09 5.425872802734375000e-01 -1.953140258789062500e+00 6.222991943359375000e+00
1.449279459893945694e+09 -2.357315063476562500e+00 -1.545700073242187500e+00 4.708679199218750000e+00
1.449279459914087534e+09 -4.987457275390625000e+00 -3.903732299804687500e+00 5.233718872070312500e+00
1.449279459934228897e+09 -8.432281494140625000e+00 -5.956497192382812500e+00 6.142456054687500000e+00
1.449279459954370499e+09 -8.003021240234375000e+00 -5.134887695312500000e+00 3.003845214843750000e+00
1.449279459974512100e+09 -4.730621337890625000e+00 -2.879409790039062500e+00 1.934066772460937500e+00
1.449279459994653702e+09 -1.325645446777343750e+01 -2.055670166015625000e+01 1.110917663574218750e+01
1.449279460014795303e+09 -7.644714355468750000e+00 -3.166041564941406250e+01 6.682037353515625000e+00
1.449279460034936905e+09 1.675349426269531250e+01 2.063842773437500000e+00 -1.421276855468750000e+01
1.449279460055078745e+09 -4.579620361328125000e-01 6.273635864257812500e+00 1.232116699218750000e+00
1.449279460075220108e+09 -3.113845825195312500e+00 -3.314315795898437500e+00 -5.993041992187500000e+00
1.449279460095361710e+09 -7.210174560546875000e+00 -2.012443542480468750e+01 -2.024917602539062500e+00
1.449279460115503311e+09 -2.550949096679687500e+00 -2.024363708496093750e+01 7.655181884765625000e-01
1.449279460135644913e+09 2.750686645507812500e+00 -1.075947570800781250e+01 -2.603286743164062500e+00
1.449279460155786514e+09 2.607543945312500000e+00 -8.565521240234375000e+00 -6.000518798828125000e-01
1.449279460175928116e+09 3.570617675781250000e+00 -1.054597473144531250e+01 2.025695800781250000e+00
1.449279460196069717e+09 7.104919433593750000e+00 -1.049522399902343750e+01 1.902450561523437500e+00
1.449279460216211557e+09 6.113204956054687500e+00 -9.745773315429687500e+00 1.579101562500000000e+00
1.449279460236352921e+09 1.115371704101562500e+00 -8.839019775390625000e+00 1.347717285156250000e+00
1.449279460256494522e+09 -3.479980468750000000e+00 -8.990036010742187500e+00 2.670532226562500000e+00
1.449279460276636124e+09 -3.384857177734375000e+00 -8.406860351562500000e+00 4.159118652343750000e+00
1.449279460296777725e+09 -1.450225830078125000e+00 -7.335372924804687500e+00 -5.904693603515625000e-01
1.449279460316919327e+09 -1.772720336914062500e+00 -6.535583496093750000e+00 -6.974945068359375000e-01
1.449279460337060928e+09 -3.067474365234375000e+00 -6.490707397460937500e+00 1.107269287109375000e+00
1.449279460357202768e+09 -6.695709228515625000e-01 -8.916076660156250000e+00 1.997756958007812500e+00
1.449279460377344370e+09 3.211868286132812500e+00 -1.152102661132812500e+01 1.274124145507812500e+00
1.449279460397485733e+09 3.845794677734375000e+00 -1.296809387207031250e+01 5.164489746093750000e-01
1.449279460417627335e+09 1.446075439453125000e+00 -1.401072692871093750e+01 1.947036743164062500e+00
1.449279460437768936e+09 9.797210693359375000e-01 -1.447111511230468750e+01 2.327545166015625000e+00
1.449279460457910538e+09 1.030395507812500000e+00 -1.520875549316406250e+01 3.234420776367187500e+00
1.449279460478052139e+09 1.258956909179687500e+00 -1.439939880371093750e+01 3.405166625976562500e+00
1.449279460498193741e+09 3.342834472656250000e+00 -1.652302551269531250e+01 3.939575195312500000e+00
1.449279460518335581e+09 1.248046875000000000e+00 -1.686511230468750000e+01 6.917358398437500000e+00
1.449279460538476944e+09 -1.503158569335937500e+00 -9.379913330078125000e+00 7.492263793945312500e+00
1.449279460558618546e+09 -1.624145507812500000e-01 -9.907211303710937500e+00 -2.260284423828125000e-01
1.449279460578760147e+09 1.683792114257812500e+00 -1.231085205078125000e+01 -6.183715820312500000e+00
1.449279460598901749e+09 -7.953948974609375000e-01 -1.431007385253906250e+01 -2.717819213867187500e+00
1.449279460619043350e+09 -4.551788330078125000e+00 -1.790423583984375000e+01 1.143539428710937500e+00
1.449279460639184952e+09 -6.336608886718750000e+00 -1.873406982421875000e+01 1.262817382812500000e+00
1.449279460659326553e+09 -5.410690307617187500e+00 -1.518234252929687500e+01 -3.051757812500000000e-05
1.449279460679468393e+09 -2.138793945312500000e+00 -1.141537475585937500e+01 9.550476074218750000e-02
1.449279460699609756e+09 6.510925292968750000e-02 -1.013319396972656250e+01 7.403869628906250000e-01
1.449279460719751358e+09 3.065643310546875000e+00 -7.449951171875000000e+00 -1.544494628906250000e+00
1.449279460739892960e+09 4.658477783203125000e+00 -4.346862792968750000e+00 -2.855575561523437500e+00
1.449279460760034561e+09 4.123733520507812500e+00 -4.462188720703125000e+00 -3.614730834960937500e+00
1.449279460780176163e+09 1.127990722656250000e+00 -2.370086669921875000e+00 -5.291122436523437500e+00
1.449279460800317764e+09 -3.081115722656250000e+00 -4.859771728515625000e-01 -5.864562988281250000e+00
1.449279460820459604e+09 -3.099868774414062500e+00 -5.586090087890625000e-01 -3.670959472656250000e+00
1.449279460840601206e+09 1.769104003906250000e-01 -2.389587402343750000e+00 -4.193267822265625000e-01
1.449279460860742569e+09 7.190551757812500000e-01 -4.254653930664062500e+00 5.277694702148437500e+00
1.449279460880884171e+09 -1.870437622070312500e+00 -5.146148681640625000e+00 1.084196472167968750e+01
1.449279460901025772e+09 -3.309448242187500000e+00 -6.980880737304687500e+00 7.791412353515625000e+00
1.449279460921167374e+09 -4.845138549804687500e+00 -1.044709777832031250e+01 6.531951904296875000e+00
1.449279460941308975e+09 -8.579544067382812500e+00 -1.458843994140625000e+01 1.006736755371093750e+01
1.449279460961450577e+09 -1.255393981933593750e+01 -2.051420593261718750e+01 1.618365478515625000e+01
1.449279460981592417e+09 -7.678573608398437500e+00 -2.069389343261718750e+01 -1.667037963867187500e+00
1.449279461001733780e+09 1.268051147460937500e+00 -1.813232421875000000e+00 -8.660766601562500000e+00
1.449279461021875381e+09 2.436569213867187500e+00 7.234954833984375000e+00 -1.205096435546875000e+01
1.449279461042016983e+09 -4.520355224609375000e+00 -2.661178588867187500e+00 -1.955444335937500000e+00
1.449279461062158585e+09 -2.479614257812500000e+00 -1.668699645996093750e+01 -7.502975463867187500e+00
1.449279461082300186e+09 2.415161132812500000e-01 -2.038183593750000000e+01 1.542785644531250000e+00
1.449279461102441788e+09 3.933303833007812500e+00 -1.222636413574218750e+01 -2.198364257812500000e+00
1.449279461122583389e+09 3.318191528320312500e+00 -9.773132324218750000e+00 -2.994644165039062500e+00
1.449279461142725229e+09 4.492279052734375000e+00 -1.055842590332031250e+01 1.880432128906250000e+00
1.449279461162866592e+09 6.822845458984375000e+00 -1.034072875976562500e+01 4.229202270507812500e+00
1.449279461183008194e+09 5.258224487304687500e+00 -9.708526611328125000e+00 2.649154663085937500e+00
1.449279461203149796e+09 1.718414306640625000e+00 -8.690673828125000000e+00 -6.822509765625000000e-01
1.449279461223291397e+09 -3.405456542968750000e-01 -8.197402954101562500e+00 7.539062500000000000e-01
1.449279461243432999e+09 -2.124160766601562500e+00 -8.846145629882812500e+00 2.773025512695312500e+00
1.449279461263574600e+09 -9.085235595703125000e-01 -8.682540893554687500e+00 1.015808105468750000e+00
1.449279461283716440e+09 -8.191528320312500000e-01 -7.313079833984375000e+00 2.687988281250000000e-01
1.449279461303857803e+09 -2.998291015625000000e+00 -6.030364990234375000e+00 -2.073059082031250000e-01
1.449279461323999405e+09 -3.255004882812500000e+00 -7.324142456054687500e+00 2.029800415039062500e+00
1.449279461344141006e+09 1.956420898437500000e+00 -1.087031555175781250e+01 9.885559082031250000e-01
1.449279461364282608e+09 5.716522216796875000e+00 -1.315927124023437500e+01 1.688812255859375000e+00
1.449279461384424210e+09 9.690704345703125000e-01 -1.434643554687500000e+01 3.080749511718750000e+00
1.449279461404565811e+09 4.256744384765625000e-01 -1.528999328613281250e+01 3.657546997070312500e+00
1.449279461424707413e+09 1.015304565429687500e+00 -1.551217651367187500e+01 4.576187133789062500e+00
1.449279461444849253e+09 -1.134948730468750000e-01 -1.287892150878906250e+01 5.510559082031250000e+00
1.449279461464990616e+09 6.855773925781250000e-01 -1.263990783691406250e+01 6.854766845703125000e+00
1.449279461485132217e+09 6.057296752929687500e+00 -1.889987182617187500e+01 5.526626586914062500e+00
1.449279461505273819e+09 2.156112670898437500e+00 -1.247496032714843750e+01 2.086578369140625000e+00
1.449279461525415421e+09 -2.530807495117187500e+00 -1.043609619140625000e+01 -1.050537109375000000e+00
1.449279461545557022e+09 -1.822586059570312500e+00 -1.193865966796875000e+01 -3.775466918945312500e+00
1.449279461565698624e+09 -1.162841796875000000e+00 -1.458717346191406250e+01 -3.184509277343750000e-02
1.449279461585840464e+09 -3.172424316406250000e+00 -1.736433410644531250e+01 2.380981445312500000e-01
1.449279461605982065e+09 -7.227081298828125000e+00 -1.912501525878906250e+01 -2.263641357421875000e-01
1.449279461626123428e+09 -4.950668334960937500e+00 -1.571804809570312500e+01 2.714843750000000000e-01
1.449279461646265030e+09 -7.589721679687500000e-02 -1.203375244140625000e+01 1.520904541015625000e+00
1.449279461666406631e+09 9.532470703125000000e-01 -1.065031433105468750e+01 1.621231079101562500e+00
1.449279461686548233e+09 4.841491699218750000e+00 -6.402954101562500000e+00 -3.754577636718750000e+00
1.449279461706689835e+09 4.207000732421875000e+00 -3.277435302734375000e+00 -3.718688964843750000e+00
1.449279461726831436e+09 1.175857543945312500e+00 -2.168029785156250000e+00 -4.400238037109375000e+00
1.449279461746973276e+09 -5.885314941406250000e-01 -2.429611206054687500e+00 -5.115905761718750000e+00
1.449279461767114639e+09 -2.218109130859375000e+00 -2.686737060546875000e+00 -4.448730468750000000e+00
1.449279461787256241e+09 -1.313262939453125000e+00 -2.192108154296875000e+00 -2.265853881835937500e+00
1.449279461807397842e+09 1.082641601562500000e+00 -2.278289794921875000e+00 1.110885620117187500e+00
1.449279461827539444e+09 -1.003570556640625000e-01 -3.093521118164062500e+00 7.107910156250000000e+00
1.449279461847681046e+09 -3.135345458984375000e+00 -4.361221313476562500e+00 8.213684082031250000e+00
1.449279461867822647e+09 -4.181106567382812500e+00 -7.481216430664062500e+00 5.876220703125000000e+00
1.449279461887964249e+09 -6.232162475585937500e+00 -1.246205139160156250e+01 7.103500366210937500e+00
1.449279461908106089e+09 -1.020939636230468750e+01 -1.373149108886718750e+01 1.244474792480468750e+01
1.449279461928247452e+09 -1.076365661621093750e+01 -1.338703918457031250e+01 5.620193481445312500e+00
1.449279461948389053e+09 -5.199371337890625000e+00 -1.799693298339843750e+01 -5.151489257812500000e+00
1.449279461968530655e+09 4.106597900390625000e-01 -1.044377136230468750e+01 -2.735351562500000000e+00
1.449279461988672256e+09 5.209945678710937500e+00 1.022872924804687500e+00 -9.164382934570312500e+00
1.449279462008813858e+09 -3.495300292968750000e+00 -2.994705200195312500e+00 -2.815093994140625000e-01
1.449279462028955460e+09 -4.726684570312500000e+00 -1.383805847167968750e+01 -5.520919799804687500e+00
1.449279462049097300e+09 -8.924560546875000000e-01 -1.667602539062500000e+01 -1.858932495117187500e+00
1.449279462069238901e+09 2.772827148437500000e+00 -1.227107238769531250e+01 -3.728256225585937500e+00
1.449279462089380264e+09 2.562103271484375000e+00 -1.133949279785156250e+01 -3.273483276367187500e+00
1.449279462109521866e+09 4.523025512695312500e+00 -1.034736633300781250e+01 7.813720703125000000e-01
1.449279462129663467e+09 7.218170166015625000e+00 -8.726638793945312500e+00 3.184661865234375000e+00
1.449279462149805069e+09 6.694107055664062500e+00 -9.118057250976562500e+00 2.656051635742187500e+00
1.449279462169946671e+09 2.180694580078125000e+00 -9.540695190429687500e+00 -3.775024414062500000e-01
1.449279462190088272e+09 -1.068405151367187500e+00 -9.411956787109375000e+00 2.165298461914062500e+00
1.449279462210230112e+09 -1.800247192382812500e+00 -9.312774658203125000e+00 3.000854492187500000e+00
1.449279462230371475e+09 -3.111267089843750000e-01 -7.408218383789062500e+00 -2.586517333984375000e-01
1.449279462250513077e+09 -1.066253662109375000e+00 -5.680572509765625000e+00 -4.916992187500000000e-01
1.449279462270654678e+09 -2.002655029296875000e+00 -6.254531860351562500e+00 4.409942626953125000e-01
1.449279462290796280e+09 3.658752441406250000e-01 -9.485015869140625000e+00 5.106201171875000000e-01
1.449279462310937881e+09 3.020767211914062500e+00 -1.161738586425781250e+01 2.558471679687500000e+00
1.449279462331079483e+09 2.780838012695312500e+00 -1.301313781738281250e+01 3.272811889648437500e+00
1.449279462351221085e+09 2.641143798828125000e+00 -1.449951171875000000e+01 3.281036376953125000e+00
1.449279462371362925e+09 4.072174072265625000e+00 -1.620516967773437500e+01 2.530670166015625000e+00
1.449279462391504288e+09 2.986007690429687500e+00 -1.687831115722656250e+01 3.976654052734375000e+00
1.449279462411645889e+09 2.117660522460937500e+00 -1.683503723144531250e+01 5.582168579101562500e+00
1.449279462431787491e+09 1.824325561523437500e+00 -1.706260681152343750e+01 7.941955566406250000e+00
1.449279462451929092e+09 7.013397216796875000e-01 -1.365855407714843750e+01 3.388259887695312500e+00
1.449279462472070694e+09 -3.346511840820312500e+00 -1.353303527832031250e+01 5.466156005859375000e-01
1.449279462492212296e+09 -3.761413574218750000e+00 -1.276608276367187500e+01 -5.556961059570312500e+00
1.449279462512354136e+09 -5.763031005859375000e+00 -1.432754516601562500e+01 -3.499511718750000000e+00
1.449279462532495499e+09 -8.088943481445312500e+00 -1.531126403808593750e+01 2.288391113281250000e+00
1.449279462552637100e+09 -8.472152709960937500e+00 -1.355924987792968750e+01 9.029388427734375000e-01
1.449279462572778702e+09 -6.916259765625000000e+00 -1.189947509765625000e+01 -6.333465576171875000e-01
1.449279462592920303e+09 -2.498306274414062500e+00 -1.044393920898437500e+01 2.828353881835937500e+00
1.449279462613061905e+09 3.155242919921875000e+00 -9.431320190429687500e+00 -1.005905151367187500e+00
1.449279462633203506e+09 7.852157592773437500e+00 -6.578643798828125000e+00 -4.545684814453125000e+00
1.449279462653345108e+09 5.712554931640625000e+00 -5.641372680664062500e+00 -2.609863281250000000e-01
1.449279462673486948e+09 2.745803833007812500e+00 -4.173690795898437500e+00 -3.875320434570312500e+00
1.449279462693628311e+09 -1.672637939453125000e+00 -2.546356201171875000e+00 -6.570220947265625000e+00
1.449279462713769913e+09 -2.847244262695312500e+00 -2.543441772460937500e+00 -4.630798339843750000e+00
1.449279462733911514e+09 8.945159912109375000e-01 -2.383178710937500000e+00 -2.804077148437500000e+00
1.449279462754053116e+09 2.738571166992187500e+00 -2.076431274414062500e+00 6.837921142578125000e-01
1.449279462774194717e+09 1.154693603515625000e+00 -1.165039062500000000e+00 4.890777587890625000e+00
1.449279462794336319e+09 -2.705108642578125000e+00 -1.736740112304687500e+00 5.394256591796875000e+00
1.449279462814478159e+09 -4.747253417968750000e+00 -6.434692382812500000e+00 6.840240478515625000e+00
1.449279462834619761e+09 -6.253356933593750000e+00 -1.600167846679687500e+01 8.880020141601562500e+00
1.449279462854761124e+09 -5.477737426757812500e+00 -2.323559570312500000e+01 1.075170898437500000e+01
1.449279462874902725e+09 -7.251052856445312500e+00 -2.120954895019531250e+01 5.132827758789062500e+00
1.449279462895044327e+09 -7.702163696289062500e+00 -2.220359802246093750e+01 -2.121856689453125000e+00
1.449279462915185928e+09 -3.250549316406250000e+00 -1.532009887695312500e+01 -4.007110595703125000e+00
1.449279462935327530e+09 -4.606704711914062500e+00 -5.769729614257812500e+00 -3.541748046875000000e+00
1.449279462955469131e+09 -4.855468750000000000e+00 1.418624877929687500e+00 -5.301208496093750000e-01
1.449279462975610971e+09 5.487213134765625000e-01 3.146133422851562500e+00 -1.083239746093750000e+01
1.449279462995752335e+09 2.483932495117187500e+00 -4.961074829101562500e+00 -7.633102416992187500e+00
1.449279463015893936e+09 3.763900756835937500e+00 -1.620059204101562500e+01 -2.370254516601562500e+00
1.449279463036035538e+09 1.147605895996093750e+01 -2.190483093261718750e+01 5.315551757812500000e+00
1.449279463056177139e+09 1.267901611328125000e+01 -1.300036621093750000e+01 2.741149902343750000e+00
1.449279463076318741e+09 4.923065185546875000e+00 -4.981628417968750000e+00 -5.693817138671875000e-01
1.449279463096460342e+09 -6.762542724609375000e-01 -3.565322875976562500e+00 -8.216552734375000000e-01
1.449279463116601944e+09 -5.618362426757812500e+00 -9.661331176757812500e+00 2.011001586914062500e+00
1.449279463136743784e+09 -4.845153808593750000e+00 -1.383587646484375000e+01 2.032638549804687500e+00
1.449279463156885147e+09 1.463653564453125000e+00 -1.048263549804687500e+01 -2.240142822265625000e-01
1.449279463177026749e+09 3.684478759765625000e+00 -7.919189453125000000e+00 -8.099060058593750000e-01
1.449279463197168350e+09 6.704711914062500000e-01 -6.138427734375000000e+00 1.987915039062500000e-01
1.449279463217309952e+09 -3.046615600585937500e+00 -7.373321533203125000e+00 2.813568115234375000e-01
1.449279463237451553e+09 -3.584396362304687500e+00 -8.728988647460937500e+00 -6.463165283203125000e-01
1.449279463257593155e+09 -3.006591796875000000e-01 -9.249481201171875000e+00 -1.322677612304687500e+00
1.449279463277734995e+09 2.432174682617187500e+00 -1.025500488281250000e+01 2.505340576171875000e-01
1.449279463297876596e+09 1.856018066406250000e+00 -1.135235595703125000e+01 1.094467163085937500e+00
1.449279463318017960e+09 -5.104522705078125000e-01 -1.322941589355468750e+01 3.554214477539062500e+00
1.449279463338159561e+09 1.044509887695312500e+00 -1.387597656250000000e+01 3.580810546875000000e+00
1.449279463358301163e+09 4.583328247070312500e+00 -1.448139953613281250e+01 2.911956787109375000e+00
1.449279463378442764e+09 2.250717163085937500e+00 -1.423492431640625000e+01 4.859176635742187500e+00
1.449279463398584366e+09 -1.294265747070312500e+00 -1.317558288574218750e+01 6.718353271484375000e+00
1.449279463418725967e+09 4.773864746093750000e-01 -1.581434631347656250e+01 1.053381347656250000e+01
1.449279463438867807e+09 5.334960937500000000e+00 -1.290737915039062500e+01 6.782775878906250000e+00
1.449279463459009171e+09 4.635467529296875000e+00 -1.305754089355468750e+01 1.064636230468750000e+00
1.449279463479150772e+09 2.720870971679687500e+00 -1.327508544921875000e+01 -5.658020019531250000e+00
1.449279463499292374e+09 -7.441406250000000000e-01 -1.473989868164062500e+01 -6.528518676757812500e+00
1.449279463519433975e+09 -8.303604125976562500e+00 -1.811318969726562500e+01 -1.833007812500000000e+00
1.449279463539566994e+09 -8.748077392578125000e+00 -1.481597900390625000e+01 4.299514770507812500e+00
1.449279463559708595e+09 -5.937988281250000000e+00 -1.150965881347656250e+01 2.415969848632812500e+00
1.449279463579850197e+09 1.561737060546875000e-01 -9.240982055664062500e+00 -3.020568847656250000e+00
1.449279463599991798e+09 4.872879028320312500e+00 -7.477874755859375000e+00 -3.843673706054687500e+00
1.449279463620133400e+09 1.893371582031250000e+00 -8.567337036132812500e+00 6.149902343750000000e-01
1.449279463640275002e+09 2.288070678710937500e+00 -7.035736083984375000e+00 -1.981506347656250000e+00
1.449279463660416842e+09 2.181686401367187500e+00 -4.789321899414062500e+00 -2.955825805664062500e+00
1.449279463680558443e+09 2.812194824218750000e-01 -3.376785278320312500e+00 -4.569717407226562500e+00
1.449279463700699806e+09 -1.027267456054687500e+00 -2.306808471679687500e+00 -5.146347045898437500e+00
1.449279463720841408e+09 -5.316772460937500000e-01 -1.943511962890625000e+00 -4.340057373046875000e+00
1.449279463740983009e+09 1.888885498046875000e-01 -1.633850097656250000e+00 -1.238616943359375000e+00
1.449279463761124611e+09 -1.420700073242187500e+00 -1.500152587890625000e+00 2.380950927734375000e+00
1.449279463781266212e+09 -4.559768676757812500e+00 -1.853713989257812500e+00 3.929489135742187500e+00
1.449279463801407814e+09 -6.251464843750000000e+00 -6.137115478515625000e+00 6.406509399414062500e+00
1.449279463821549654e+09 -5.552932739257812500e+00 -1.776303100585937500e+01 1.139820861816406250e+01
1.449279463841691017e+09 -6.100418090820312500e+00 -3.318217468261718750e+01 1.146694946289062500e+01
1.449279463861832619e+09 -6.900878906250000000e+00 -1.490017700195312500e+01 6.661605834960937500e+00
1.449279463881974220e+09 -6.757080078125000000e+00 -3.025848388671875000e+00 -3.709045410156250000e+00
1.449279463902115822e+09 1.341430664062500000e+00 -7.441192626953125000e+00 -1.742649841308593750e+01
1.449279463922257423e+09 2.140716552734375000e+00 -1.884425354003906250e+01 -9.550094604492187500e+00
1.449279463942399025e+09 1.273330688476562500e+00 -2.212759399414062500e+01 2.149089050292968750e+01
1.449279463962540627e+09 4.282806396484375000e+00 -7.058883666992187500e+00 -7.240356445312500000e+00
1.449279463982682467e+09 1.376419067382812500e+00 -2.517547607421875000e-01 -1.424696350097656250e+01
1.449279464002823830e+09 -3.651580810546875000e-01 -2.941970825195312500e+00 -4.778518676757812500e+00
1.449279464022965431e+09 -1.874847412109375000e-01 -8.554153442382812500e+00 8.815155029296875000e-01
1.449279464043107033e+09 4.540023803710937500e+00 -1.620571899414062500e+01 1.187910461425781250e+01
1.449279464063248634e+09 7.178421020507812500e+00 -1.285392761230468750e+01 -2.249557495117187500e+00
1.449279464083390236e+09 2.793533325195312500e+00 -7.943359375000000000e+00 -3.907440185546875000e+00
1.449279464103531837e+09 -9.004974365234375000e-01 -5.770782470703125000e+00 -1.551193237304687500e+00
1.449279464123673677e+09 -1.726562500000000000e+00 -7.560150146484375000e+00 2.098052978515625000e+00
1.449279464143815279e+09 -8.092651367187500000e-01 -9.670196533203125000e+00 -3.680419921875000000e-02
1.449279464163956642e+09 3.079528808593750000e-01 -9.808914184570312500e+00 -1.009124755859375000e+00
1.449279464184098244e+09 -1.974182128906250000e-01 -7.656799316406250000e+00 -7.843322753906250000e-01
1.449279464204239845e+09 -1.345306396484375000e+00 -6.669342041015625000e+00 -5.911560058593750000e-01
1.449279464224381447e+09 -2.255599975585937500e+00 -7.574340820312500000e+00 5.046997070312500000e-01
1.449279464244523048e+09 -1.078918457031250000e+00 -9.204116821289062500e+00 -5.695037841796875000e-01
1.449279464264664650e+09 2.317886352539062500e+00 -1.062838745117187500e+01 2.226257324218750000e-02
1.449279464284806490e+09 3.892486572265625000e+00 -1.194532775878906250e+01 2.298126220703125000e+00
1.449279464304947853e+09 3.239883422851562500e+00 -1.344815063476562500e+01 3.208587646484375000e+00
1.449279464325089455e+09 8.525695800781250000e-01 -1.360980224609375000e+01 5.255767822265625000e+00
1.449279464345231056e+09 3.621826171875000000e-01 -1.395620727539062500e+01 3.978057861328125000e+00
1.449279464365372658e+09 5.298767089843750000e-01 -1.405612182617187500e+01 4.493347167968750000e+00
1.449279464385514259e+09 -3.636322021484375000e-01 -1.470927429199218750e+01 8.334320068359375000e+00
1.449279464405655861e+09 3.285522460937500000e+00 -1.576055908203125000e+01 1.020739746093750000e+01
1.449279464425797701e+09 5.558990478515625000e+00 -1.296939086914062500e+01 4.801223754882812500e+00
1.449279464445939302e+09 4.102386474609375000e+00 -1.425108337402343750e+01 9.878692626953125000e-01
1.449279464466080666e+09 4.146881103515625000e+00 -1.451095581054687500e+01 -7.197677612304687500e+00
1.449279464486222267e+09 -5.495910644531250000e-01 -1.530943298339843750e+01 -5.908401489257812500e+00
1.449279464506363869e+09 -4.842239379882812500e+00 -1.682115173339843750e+01 -1.444198608398437500e+00
1.449279464526505470e+09 -3.326507568359375000e+00 -1.466415405273437500e+01 1.622192382812500000e+00
1.449279464546647072e+09 -2.522079467773437500e+00 -1.326589965820312500e+01 4.735885620117187500e+00
1.449279464566788673e+09 4.224090576171875000e-01 -1.081388854980468750e+01 -2.544387817382812500e+00
1.449279464586930513e+09 2.707031250000000000e+00 -7.457382202148437500e+00 -4.728088378906250000e+00
1.449279464607072115e+09 7.391052246093750000e-01 -6.510848999023437500e+00 -1.709228515625000000e+00
1.449279464627213478e+09 3.008880615234375000e-01 -5.185012817382812500e+00 -2.836410522460937500e+00
1.449279464647355080e+09 8.763122558593750000e-01 -4.060821533203125000e+00 -3.378570556640625000e+00
1.449279464667496681e+09 4.849090576171875000e-01 -4.070816040039062500e+00 -4.736907958984375000e+00
1.449279464687638283e+09 -5.987091064453125000e-01 -3.880661010742187500e+00 -5.260406494140625000e+00
1.449279464707779884e+09 -6.853790283203125000e-01 -2.810317993164062500e+00 -5.488723754882812500e+00
1.449279464727921486e+09 -5.561828613281250000e-02 -1.576492309570312500e+00 -4.223022460937500000e+00
1.449279464748063326e+09 -1.759338378906250000e-01 -1.497604370117187500e+00 -1.279312133789062500e+00
1.449279464768204689e+09 -2.096267700195312500e+00 -2.668380737304687500e+00 1.412994384765625000e+00
1.449279464788346291e+09 -5.161148071289062500e+00 -6.472854614257812500e+00 5.211502075195312500e+00
1.449279464808487892e+09 -6.005371093750000000e+00 -1.552685546875000000e+01 1.195680236816406250e+01
1.449279464828629494e+09 -2.438796997070312500e+00 -2.808100891113281250e+01 1.411914062500000000e+01
1.449279464848771095e+09 -4.683547973632812500e+00 -2.277984619140625000e+01 7.015869140625000000e+00
1.449279464868912697e+09 -6.256607055664062500e+00 -1.044265747070312500e+01 2.659790039062500000e+00
1.449279464889054537e+09 -8.224487304687500000e-03 -7.658660888671875000e+00 -6.369796752929687500e+00
1.449279464909196138e+09 4.763793945312500000e-01 -1.218318176269531250e+01 -1.364599609375000000e+01
1.449279464929337502e+09 -1.869262695312500000e+00 -1.697666931152343750e+01 1.017591857910156250e+01
1.449279464949479103e+09 -8.201599121093750000e-01 -7.143386840820312500e+00 -5.516189575195312500e+00
1.449279464969620705e+09 -2.101821899414062500e+00 -5.198211669921875000e-01 -1.277287292480468750e+01
1.449279464989762306e+09 -1.270278930664062500e+00 -2.969696044921875000e+00 -6.335479736328125000e+00
1.449279465009903908e+09 6.953582763671875000e-01 -9.413421630859375000e+00 -1.774749755859375000e-01
1.449279465030045509e+09 5.968658447265625000e+00 -1.679370117187500000e+01 5.326812744140625000e+00
1.449279465050187349e+09 9.463653564453125000e+00 -1.275892639160156250e+01 -2.648132324218750000e+00
1.449279465070328951e+09 5.182556152343750000e+00 -8.352340698242187500e+00 -1.395599365234375000e+00
1.449279465090470314e+09 1.623382568359375000e-01 -6.821899414062500000e+00 -1.276412963867187500e+00
1.449279465110611916e+09 -1.349319458007812500e+00 -8.835723876953125000e+00 3.954269409179687500e+00
1.449279465130753517e+09 5.093383789062500000e-02 -1.093194580078125000e+01 2.404022216796875000e-01
1.449279465150895119e+09 9.212799072265625000e-01 -9.328109741210937500e+00 -4.117126464843750000e-01
1.449279465171036720e+09 -1.052642822265625000e+00 -6.707870483398437500e+00 -1.215362548828125000e-01
1.449279465191178322e+09 -3.248962402343750000e+00 -6.157730102539062500e+00 -8.641204833984375000e-01
1.449279465211320162e+09 -3.445297241210937500e+00 -7.596176147460937500e+00 -9.152832031250000000e-01
1.449279465231461525e+09 -1.124374389648437500e+00 -9.993164062500000000e+00 -2.031234741210937500e+00
1.449279465251603127e+09 2.778137207031250000e+00 -1.119273376464843750e+01 9.622497558593750000e-01
1.449279465271744728e+09 3.284698486328125000e+00 -1.210284423828125000e+01 2.385742187500000000e+00
1.449279465291886330e+09 5.830383300781250000e-02 -1.389768981933593750e+01 5.077484130859375000e+00
1.449279465312027931e+09 -4.571228027343750000e-01 -1.335319519042968750e+01 6.289321899414062500e+00
1.449279465332169533e+09 4.378707885742187500e+00 -1.462919616699218750e+01 2.029876708984375000e+00
1.449279465352311373e+09 3.042404174804687500e+00 -1.498507690429687500e+01 4.177947998046875000e+00
1.449279465372452974e+09 9.605560302734375000e-01 -1.578184509277343750e+01 8.774993896484375000e+00
1.449279465392594337e+09 3.050827026367187500e+00 -1.380113220214843750e+01 9.430496215820312500e+00
1.449279465412735939e+09 2.843063354492187500e+00 -1.322915649414062500e+01 3.202484130859375000e+00
1.449279465432877541e+09 1.215957641601562500e+00 -1.408120727539062500e+01 -8.678131103515625000e-01
1.449279465453019142e+09 1.577697753906250000e+00 -1.413218688964843750e+01 -8.314208984375000000e+00
1.449279465473160744e+09 -4.880325317382812500e+00 -1.599635314941406250e+01 -3.959182739257812500e+00
1.449279465493302345e+09 -7.678527832031250000e+00 -1.525067138671875000e+01 -1.369995117187500000e+00
1.449279465513444185e+09 -5.121292114257812500e+00 -1.278031921386718750e+01 3.987365722656250000e+00
1.449279465533585548e+09 -3.873916625976562500e+00 -1.249098205566406250e+01 3.935363769531250000e+00
1.449279465553727150e+09 3.460952758789062500e+00 -8.874267578125000000e+00 -5.677932739257812500e+00
1.449279465573868752e+09 3.545471191406250000e+00 -6.729797363281250000e+00 -3.399795532226562500e+00
1.449279465594010353e+09 7.911224365234375000e-01 -6.300384521484375000e+00 -1.543395996093750000e+00
1.449279465614151955e+09 1.961563110351562500e+00 -4.237274169921875000e+00 -3.152633666992187500e+00
1.449279465634293556e+09 2.089691162109375000e-01 -3.618759155273437500e+00 -3.799697875976562500e+00
1.449279465654435396e+09 -5.791168212890625000e-01 -3.382705688476562500e+00 -4.136367797851562500e+00
1.449279465674576998e+09 -6.007690429687500000e-01 -2.752670288085937500e+00 -4.317337036132812500e+00
1.449279465694718361e+09 9.706115722656250000e-02 -1.692794799804687500e+00 -3.328750610351562500e+00
1.449279465714859962e+09 5.254974365234375000e-01 -1.229827880859375000e+00 2.822875976562500000e-03
1.449279465735001564e+09 -1.025711059570312500e+00 -1.787704467773437500e+00 3.504364013671875000e+00
1.449279465755143166e+09 -4.518112182617187500e+00 -4.278717041015625000e+00 4.852920532226562500e+00
1.449279465775284767e+09 -5.695861816406250000e+00 -1.204397583007812500e+01 9.994903564453125000e+00
1.449279465795426369e+09 -3.296157836914062500e+00 -2.487948608398437500e+01 1.195010375976562500e+01
1.449279465815568209e+09 -5.798675537109375000e+00 -2.747102355957031250e+01 9.963684082031250000e+00
1.449279465835709810e+09 -6.130813598632812500e+00 -7.196975708007812500e+00 2.789413452148437500e+00
1.449279465855851173e+09 -4.778976440429687500e+00 -4.154418945312500000e+00 -6.175842285156250000e+00
1.449279465875992775e+09 1.163238525390625000e+00 -1.211943054199218750e+01 -2.123191833496093750e+01
1.449279465896134377e+09 -2.587127685546875000e-01 -2.165246582031250000e+01 4.733947753906250000e+00
1.449279465916275978e+09 3.359680175781250000e-01 -1.796475219726562500e+01 1.363130187988281250e+01
1.449279465936417580e+09 1.636657714843750000e+00 -2.874725341796875000e+00 -1.554318237304687500e+01
1.449279465956559181e+09 -8.739471435546875000e-01 -9.338378906250000000e-01 -7.956222534179687500e+00
1.449279465976701021e+09 -2.815246582031250000e-02 -4.232284545898437500e+00 -7.207946777343750000e-01
1.449279465996842384e+09 2.988677978515625000e+00 -1.206875610351562500e+01 6.722885131835937500e+00
1.449279466016983986e+09 5.879440307617187500e+00 -1.468920898437500000e+01 -2.265136718750000000e+00
1.449279466037125587e+09 5.618865966796875000e+00 -9.959777832031250000e+00 -3.496322631835937500e+00
1.449279466057267189e+09 1.617187500000000000e+00 -7.500000000000000000e+00 -1.395736694335937500e+00
1.449279466077408791e+09 4.348144531250000000e-01 -6.989089965820312500e+00 1.067626953125000000e+00
1.449279466097550392e+09 -2.851104736328125000e-01 -8.923767089843750000e+00 5.897674560546875000e-01
1.449279466117692232e+09 3.448944091796875000e-01 -1.001696777343750000e+01 -4.958038330078125000e-01
1.449279466137833834e+09 -9.062652587890625000e-01 -8.199630737304687500e+00 -3.801269531250000000e-01
1.449279466157975197e+09 -2.661087036132812500e+00 -6.387878417968750000e+00 3.925933837890625000e-01
1.449279466178116798e+09 -3.937179565429687500e+00 -7.910507202148437500e+00 2.011184692382812500e+00
1.449279466198258400e+09 -1.392456054687500000e+00 -9.658935546875000000e+00 -6.673889160156250000e-01
1.449279466218400002e+09 3.032226562500000000e+00 -9.834716796875000000e+00 4.951019287109375000e-01
1.449279466238541603e+09 4.439697265625000000e+00 -1.122132873535156250e+01 2.084838867187500000e+00
1.449279466258683205e+09 2.861190795898437500e+00 -1.397817993164062500e+01 2.993362426757812500e+00
1.449279466278825045e+09 1.034133911132812500e+00 -1.400456237792968750e+01 6.545944213867187500e+00
1.449279466298966646e+09 2.675262451171875000e+00 -1.476068115234375000e+01 4.167816162109375000e+00
1.449279466319108009e+09 2.143844604492187500e+00 -1.486370849609375000e+01 5.479965209960937500e+00
1.449279466339249611e+09 1.098358154296875000e+00 -1.585545349121093750e+01 1.034265136718750000e+01
1.449279466359391212e+09 4.782333374023437500e+00 -1.485845947265625000e+01 7.851303100585937500e+00
1.449279466379532814e+09 5.810897827148437500e+00 -1.349504089355468750e+01 2.061721801757812500e+00
1.449279466399674416e+09 3.025985717773437500e+00 -1.470671081542968750e+01 -4.359619140625000000e+00
1.449279466419816017e+09 4.950561523437500000e-01 -1.606837463378906250e+01 -6.501190185546875000e+00
1.449279466439957857e+09 -8.083328247070312500e+00 -1.952101135253906250e+01 -4.998168945312500000e-01
1.449279466460099220e+09 -6.798019409179687500e+00 -1.578074645996093750e+01 -1.403610229492187500e+00
1.449279466480240822e+09 -3.297958374023437500e+00 -1.248875427246093750e+01 3.651824951171875000e+00
1.449279466500382423e+09 -6.094360351562500000e-01 -1.164855957031250000e+01 -9.175262451171875000e-01
1.449279466520524025e+09 5.885177612304687500e+00 -6.422836303710937500e+00 -9.762527465820312500e+00
1.449279466540665627e+09 1.212142944335937500e+00 -6.433074951171875000e+00 -1.510757446289062500e+00
1.449279466560807228e+09 5.306396484375000000e-01 -4.800445556640625000e+00 -2.952255249023437500e+00
1.449279466580949068e+09 2.330734252929687500e+00 -3.444625854492187500e+00 -3.686203002929687500e+00
1.449279466601090670e+09 2.214981079101562500e+00 -3.869613647460937500e+00 -5.160339355468750000e+00
1.449279466621232033e+09 5.476379394531250000e-02 -3.629058837890625000e+00 -5.844772338867187500e+00
1.449279466641373634e+09 -8.242645263671875000e-01 -1.988311767578125000e+00 -5.899719238281250000e+00
1.449279466661515236e+09 -4.873504638671875000e-01 -5.759582519531250000e-01 -4.204849243164062500e+00
1.449279466681656837e+09 -1.339492797851562500e+00 -7.619018554687500000e-01 -6.281127929687500000e-01
1.449279466701798439e+09 -4.338317871093750000e+00 -1.782531738281250000e+00 1.431701660156250000e+00
1.449279466721940041e+09 -7.655944824218750000e+00 -7.923492431640625000e+00 6.324844360351562500e+00
1.449279466742081881e+09 -6.992660522460937500e+00 -2.193315124511718750e+01 1.515458679199218750e+01
1.449279466762223244e+09 -5.476348876953125000e+00 -2.969760131835937500e+01 1.165994262695312500e+01
1.449279466782364845e+09 -8.206222534179687500e+00 -1.929438781738281250e+01 3.507080078125000000e+00
1.449279466802506447e+09 -3.440139770507812500e+00 -1.323434448242187500e+01 -2.880447387695312500e+00
1.449279466822648048e+09 6.467620849609375000e+00 -9.755584716796875000e+00 -1.077093505859375000e+01
1.449279466842789650e+09 -1.252319335937500000e+00 -1.531829833984375000e+01 5.029800415039062500e+00
1.449279466862931252e+09 -1.829376220703125000e-01 -4.104934692382812500e+00 -7.722930908203125000e+00
1.449279466883073092e+09 -1.405471801757812500e+00 1.246673583984375000e+00 -1.260838317871093750e+01
1.449279466903214693e+09 -2.189788818359375000e-01 -1.823074340820312500e+00 -4.239761352539062500e+00
1.449279466923356056e+09 1.251632690429687500e+00 -1.054174804687500000e+01 2.521209716796875000e+00
1.449279466943497658e+09 6.754165649414062500e+00 -1.959272766113281250e+01 4.546997070312500000e+00
1.449279466963639259e+09 8.807983398437500000e+00 -1.306700134277343750e+01 -1.695358276367187500e+00
1.449279466983780861e+09 3.637237548828125000e+00 -7.451309204101562500e+00 -1.322738647460937500e+00
1.449279467003922462e+09 4.466247558593750000e-01 -6.537582397460937500e+00 1.943862915039062500e+00
1.449279467024064064e+09 -2.816085815429687500e+00 -9.034088134765625000e+00 6.732620239257812500e+00
1.449279467044205904e+09 -2.032775878906250000e+00 -9.647735595703125000e+00 -1.652526855468750000e-02
1.449279467064347506e+09 -1.193237304687500000e-01 -8.973480224609375000e+00 -3.303833007812500000e+00
1.449279467084488869e+09 -1.674850463867187500e+00 -7.296722412109375000e+00 -6.904449462890625000e-01
1.449279467104630470e+09 -3.861236572265625000e+00 -6.457656860351562500e+00 -3.311462402343750000e-01
1.449279467124772072e+09 -1.490341186523437500e+00 -8.649078369140625000e+00 -1.755691528320312500e+00
1.449279467144913673e+09 1.895935058593750000e+00 -1.106207275390625000e+01 -4.552764892578125000e-01
1.449279467165055275e+09 2.746063232421875000e+00 -1.087889099121093750e+01 2.319992065429687500e+00
1.449279467185196877e+09 1.980590820312500000e-01 -1.270549011230468750e+01 5.166503906250000000e+00
1.449279467205338717e+09 1.575180053710937500e+00 -1.361509704589843750e+01 6.072540283203125000e+00
1.449279467225480080e+09 6.197433471679687500e+00 -1.433799743652343750e+01 2.096679687500000000e+00
1.449279467245621681e+09 3.703781127929687500e+00 -1.502674865722656250e+01 4.493148803710937500e+00
1.449279467265763283e+09 2.334915161132812500e+00 -1.654995727539062500e+01 8.137039184570312500e+00
1.449279467285904884e+09 3.928314208984375000e+00 -1.525894165039062500e+01 8.835632324218750000e+00
1.449279467306046486e+09 2.863220214843750000e+00 -1.468344116210937500e+01 1.322433471679687500e+00
1.449279467326188087e+09 1.364532470703125000e+00 -1.519656372070312500e+01 -2.360382080078125000e+00
1.449279467346329927e+09 5.792388916015625000e-01 -1.483197021484375000e+01 -7.624633789062500000e+00
1.449279467366471529e+09 -5.528350830078125000e+00 -1.627865600585937500e+01 -2.081954956054687500e+00
1.449279467386612892e+09 -7.545791625976562500e+00 -1.576640319824218750e+01 -1.885986328125000000e-02
1.449279467406754494e+09 -4.754425048828125000e+00 -1.188044738769531250e+01 -1.130065917968750000e-01
1.449279467426896095e+09 -2.301849365234375000e+00 -1.088957214355468750e+01 8.989410400390625000e-01
1.449279467447037697e+09 8.056793212890625000e-01 -8.805023193359375000e+00 -6.877746582031250000e-01
1.449279467467179298e+09 2.683761596679687500e+00 -6.941375732421875000e+00 -3.970825195312500000e+00
1.449279467487320900e+09 3.000701904296875000e+00 -5.268035888671875000e+00 -2.988082885742187500e+00
1.449279467507462740e+09 2.564086914062500000e-01 -4.348098754882812500e+00 -3.549972534179687500e+00
1.449279467527604342e+09 9.777679443359375000e-01 -2.952194213867187500e+00 -4.286941528320312500e+00
1.449279467547745705e+09 1.154357910156250000e+00 -3.495666503906250000e+00 -5.830276489257812500e+00
1.449279467567887306e+09 -5.016479492187500000e-01 -3.912551879882812500e+00 -6.766677856445312500e+00
1.449279467588028908e+09 -1.476028442382812500e+00 -2.496017456054687500e+00 -5.550720214843750000e+00
1.449279467608170509e+09 -3.490295410156250000e-01 -9.308166503906250000e-01 -2.017654418945312500e+00
1.449279467628312111e+09 -1.130218505859375000e+00 -1.438812255859375000e+00 8.182525634765625000e-01
1.449279467648453712e+09 -5.010070800781250000e+00 -5.678710937500000000e+00 4.781585693359375000e+00
1.449279467668595552e+09 -7.185485839843750000e+00 -1.671382141113281250e+01 1.502775573730468750e+01
1.449279467688736916e+09 -6.024398803710937500e+00 -2.887995910644531250e+01 1.552037048339843750e+01
1.449279467708878517e+09 -3.865921020507812500e+00 -1.755723571777343750e+01 5.767578125000000000e+00
1.449279467729020119e+09 -3.764678955078125000e+00 -1.772781372070312500e+00 -2.819259643554687500e+00
1.449279467749161720e+09 7.063751220703125000e-01 -7.054061889648437500e+00 -6.936553955078125000e+00
1.449279467769303322e+09 3.397567749023437500e+00 -2.300607299804687500e+01 -9.814514160156250000e+00
1.449279467789444923e+09 -4.128417968750000000e-01 -2.445959472656250000e+01 2.110346984863281250e+01
1.449279467809586763e+09 -1.698455810546875000e-01 -7.457656860351562500e+00 3.994766235351562500e+00
1.449279467829728365e+09 -2.309753417968750000e+00 2.334533691406250000e+00 -1.738897705078125000e+01
1.449279467849869728e+09 -3.056427001953125000e+00 -9.847412109375000000e-01 -8.889724731445312500e+00
1.449279467870011330e+09 -3.374206542968750000e+00 -8.848663330078125000e+00 -1.436676025390625000e+00
1.449279467890152931e+09 1.304321289062500000e+00 -1.743487548828125000e+01 1.071188354492187500e+01
1.449279467910294533e+09 8.626419067382812500e+00 -1.417506408691406250e+01 1.431182861328125000e+00
1.449279467930436134e+09 5.656646728515625000e+00 -5.426589965820312500e+00 -8.378540039062500000e+00
1.449279467950577736e+09 5.932617187500000000e-01 -5.860260009765625000e+00 -4.237991333007812500e+00
1.449279467970719576e+09 -1.882400512695312500e+00 -6.324935913085937500e+00 4.592239379882812500e+00
1.449279467990860939e+09 -3.064697265625000000e+00 -8.977111816406250000e+00 5.572219848632812500e+00
1.449279468011002541e+09 -1.061813354492187500e+00 -9.839797973632812500e+00 -2.889511108398437500e+00
1.449279468031144142e+09 -7.380676269531250000e-02 -9.027465820312500000e+00 -2.100936889648437500e+00
1.449279468051285744e+09 -1.091613769531250000e-01 -7.738265991210937500e+00 -1.021575927734375000e-01
1.449279468071427345e+09 1.391448974609375000e-01 -7.773086547851562500e+00 -1.706954956054687500e+00
1.449279468091568947e+09 4.779052734375000000e-01 -9.291000366210937500e+00 -1.605911254882812500e+00
1.449279468111710787e+09 4.507141113281250000e-01 -1.000213623046875000e+01 -5.188140869140625000e-01
1.449279468131852388e+09 4.820098876953125000e-01 -9.762298583984375000e+00 1.459732055664062500e+00
1.449279468151993752e+09 -1.355865478515625000e+00 -1.241687011718750000e+01 2.809631347656250000e+00
1.449279468172135353e+09 -1.720108032226562500e+00 -1.408840942382812500e+01 6.651519775390625000e+00
1.449279468192276955e+09 2.095031738281250000e+00 -1.459657287597656250e+01 3.782882690429687500e+00
1.449279468212418556e+09 3.524139404296875000e+00 -1.653897094726562500e+01 3.627532958984375000e+00
1.449279468232560158e+09 -3.375549316406250000e-01 -1.585821533203125000e+01 8.446105957031250000e+00
1.449279468252701759e+09 -6.423187255859375000e-01 -1.789280700683593750e+01 1.078547668457031250e+01
1.449279468272843599e+09 2.244781494140625000e+00 -1.804527282714843750e+01 3.200256347656250000e+00
1.449279468292985201e+09 -4.754791259765625000e-01 -2.081404113769531250e+01 -2.436660766601562500e+00
1.449279468313126564e+09 -7.741546630859375000e+00 -2.257516479492187500e+01 -1.470338439941406250e+01
1.449279468333268166e+09 -8.116241455078125000e+00 -1.661610412597656250e+01 -8.200180053710937500e+00
1.449279468353409767e+09 3.372619628906250000e+00 -8.028793334960937500e+00 4.421646118164062500e+00
1.449279468373551369e+09 4.736083984375000000e+00 -5.106033325195312500e+00 -6.983688354492187500e+00
1.449279468393692970e+09 -2.195617675781250000e+00 -7.059051513671875000e+00 -3.409652709960937500e+00
1.449279468413834572e+09 -4.050903320312500000e-01 -7.352691650390625000e+00 -1.801956176757812500e+00
1.449279468433976412e+09 2.365158081054687500e+00 -2.649826049804687500e+00 -5.731842041015625000e+00
1.449279468454117775e+09 -2.893585205078125000e+00 1.383911132812500000e+00 -4.602706909179687500e+00
1.449279468474259377e+09 -5.778747558593750000e+00 3.247970581054687500e+00 -1.994125366210937500e+00
1.449279468494400978e+09 -2.771713256835937500e+00 -4.664169311523437500e+00 1.240951538085937500e+00
1.449279468514542580e+09 -1.212783813476562500e+00 -7.110946655273437500e+00 1.008361816406250000e+00
1.449279468534684181e+09 -2.210479736328125000e+00 -7.399810791015625000e+00 1.475997924804687500e+00
1.449279468554825783e+09 -1.111648559570312500e+00 -6.788696289062500000e+00 1.906494140625000000e+00
1.449279468574967623e+09 -1.315612792968750000e+00 -5.050155639648437500e+00 2.517715454101562500e+00
1.449279468595109224e+09 -2.227294921875000000e+00 -4.381881713867187500e+00 3.671096801757812500e+00
1.449279468615250587e+09 -1.772003173828125000e+00 -5.174652099609375000e+00 4.924743652343750000e+00
1.449279468635392189e+09 -1.212448120117187500e+00 -6.350646972656250000e+00 5.191818237304687500e+00
1.449279468655533791e+09 -1.848571777343750000e+00 -7.168609619140625000e+00 5.676269531250000000e+00
1.449279468675675392e+09 -3.137039184570312500e+00 -7.757476806640625000e+00 8.251770019531250000e+00
1.449279468695816994e+09 -4.382049560546875000e+00 -1.100053405761718750e+01 1.128363037109375000e+01
1.449279468715958595e+09 -5.405059814453125000e+00 -1.539981079101562500e+01 7.223922729492187500e+00
1.449279468736100435e+09 -5.606704711914062500e+00 -9.730239868164062500e+00 3.093429565429687500e+00
1.449279468756242037e+09 -5.185516357421875000e+00 -4.252334594726562500e+00 3.026489257812500000e+00
1.449279468776383400e+09 -2.145324707031250000e+00 -1.206234741210937500e+01 -8.682281494140625000e+00
1.449279468796525002e+09 7.680908203125000000e+00 -2.032113647460937500e+01 -1.992279052734375000e+01
1.449279468816666603e+09 -3.746246337890625000e+00 -2.446144104003906250e+01 1.559986877441406250e+01
1.449279468836808205e+09 -3.829696655273437500e+00 -1.065531921386718750e+01 2.685852050781250000e-01
1.449279468856949806e+09 -3.324584960937500000e-01 5.769943237304687500e+00 -1.296203613281250000e+01
1.449279468877091408e+09 -2.422332763671875000e-01 3.377700805664062500e+00 -6.976470947265625000e-01
1.449279468897233248e+09 2.244522094726562500e+00 -7.887680053710937500e+00 5.418548583984375000e-01
1.449279468917374611e+09 7.437393188476562500e+00 -1.334304809570312500e+01 9.772949218750000000e-01
1.449279468937516212e+09 3.637786865234375000e+00 -1.539392089843750000e+01 -1.637954711914062500e+00
1.449279468957657814e+09 7.022094726562500000e-01 -1.149427795410156250e+01 2.251083374023437500e+00
1.449279468977799416e+09 -2.509475708007812500e+00 -6.191146850585937500e+00 4.303771972656250000e+00
1.449279468997941017e+09 -1.073883056640625000e+00 -6.799865722656250000e+00 -2.749404907226562500e+00
1.449279469018082619e+09 1.337432861328125000e-01 -7.726150512695312500e+00 -4.140579223632812500e+00
1.449279469038224459e+09 -5.104522705078125000e-01 -8.160629272460937500e+00 -1.209716796875000000e-01
1.449279469058366060e+09 -8.916015625000000000e-01 -9.334426879882812500e+00 -1.378784179687500000e-01
1.449279469078507423e+09 -1.853332519531250000e-01 -9.667510986328125000e+00 -1.925018310546875000e+00
1.449279469098649025e+09 -2.461242675781250000e-01 -9.559844970703125000e+00 1.034393310546875000e-01
1.449279469118790627e+09 2.225646972656250000e-01 -9.741531372070312500e+00 2.681915283203125000e+00
1.449279469138932228e+09 1.938476562500000000e-01 -1.177735900878906250e+01 2.408935546875000000e+00
1.449279469159073830e+09 1.387405395507812500e+00 -1.483050537109375000e+01 4.842437744140625000e+00
1.449279469179215431e+09 2.815063476562500000e+00 -1.389524841308593750e+01 2.814147949218750000e+00
1.449279469199357271e+09 9.908294677734375000e-01 -1.398315429687500000e+01 4.580642700195312500e+00
1.449279469219498634e+09 2.639328002929687500e+00 -1.722013854980468750e+01 6.761886596679687500e+00
1.449279469239640236e+09 3.475967407226562500e+00 -1.644500732421875000e+01 5.023529052734375000e+00
1.449279469259781837e+09 -1.503448486328125000e-01 -1.445960998535156250e+01 1.454589843750000000e+00
1.449279469279923439e+09 -2.482620239257812500e+00 -1.372314453125000000e+01 -3.644912719726562500e+00
1.449279469300065041e+09 -2.227035522460937500e+00 -1.561204528808593750e+01 -5.172973632812500000e+00
1.449279469320206642e+09 2.803344726562500000e-01 -1.984729003906250000e+01 4.054183959960937500e+00
1.449279469340348482e+09 -1.434005737304687500e+00 -1.777868652343750000e+01 8.973693847656250000e-01
1.449279469360490084e+09 -4.584671020507812500e+00 -1.023962402343750000e+01 -1.088745117187500000e+00
1.449279469380631447e+09 -4.058364868164062500e+00 -6.677963256835937500e+00 -1.500213623046875000e+00
1.449279469400773048e+09 -1.993118286132812500e+00 -4.920135498046875000e+00 -8.114166259765625000e-01
1.449279469420914650e+09 1.274108886718750000e-01 -4.773239135742187500e+00 -4.298553466796875000e-01
1.449279469441056252e+09 9.591369628906250000e-01 -4.814712524414062500e+00 -5.251770019531250000e-01
1.449279469461197853e+09 7.835845947265625000e-01 -4.346786499023437500e+00 -1.127624511718750000e+00
1.449279469481339455e+09 -2.373962402343750000e-01 -3.155395507812500000e+00 -2.866973876953125000e+00
1.449279469501481295e+09 -1.060958862304687500e+00 -2.551467895507812500e+00 -4.054016113281250000e+00
1.449279469521622896e+09 -1.620895385742187500e+00 -1.873611450195312500e+00 -4.535232543945312500e+00
1.449279469541764259e+09 -1.747863769531250000e+00 -1.209533691406250000e+00 -3.753875732421875000e+00
1.449279469561905861e+09 -1.641159057617187500e+00 -1.245269775390625000e+00 -8.832397460937500000e-01
1.449279469582047462e+09 -1.356033325195312500e+00 -2.753417968750000000e+00 3.090347290039062500e+00
1.449279469602189064e+09 -2.298202514648437500e+00 -6.648345947265625000e+00 7.304153442382812500e+00
1.449279469622330666e+09 -4.359710693359375000e+00 -1.370491027832031250e+01 1.584292602539062500e+01
1.449279469642472267e+09 -3.623199462890625000e+00 -2.429187011718750000e+01 1.348150634765625000e+01
1.449279469662614107e+09 -4.095581054687500000e+00 -2.194989013671875000e+01 6.287475585937500000e+00
1.449279469682755470e+09 -5.958221435546875000e+00 -4.808639526367187500e+00 2.121231079101562500e+00
1.449279469702897072e+09 -6.439941406250000000e+00 -4.991455078125000000e+00 -7.581298828125000000e+00
1.449279469723038673e+09 3.298309326171875000e+00 -1.116946411132812500e+01 -1.635246276855468750e+01
1.449279469743180275e+09 -2.085769653320312500e+00 -2.353298950195312500e+01 1.327973937988281250e+01
1.449279469763321877e+09 -1.203628540039062500e+00 -2.211563110351562500e+01 8.797256469726562500e+00
