1.449513753156881571e+09 1.384963989257812500e+00 5.331146240234375000e+00 8.097961425781250000e+00
1.449513753177023172e+09 1.388717651367187500e+00 5.345306396484375000e+00 8.083816528320312500e+00
1.449513753197164774e+09 1.379959106445312500e+00 5.345306396484375000e+00 8.099609375000000000e+00
1.449513753217306376e+09 1.379959106445312500e+00 5.328491210937500000e+00 8.117431640625000000e+00
1.449513753237447977e+09 1.372360229492187500e+00 5.345306396484375000e+00 8.091415405273437500e+00
1.449513753257589579e+09 1.387100219726562500e+00 5.345306396484375000e+00 8.102966308593750000e+00
1.449513753277731180e+09 1.361404418945312500e+00 5.345306396484375000e+00 8.121841430664062500e+00
1.449513753297872782e+09 1.374725341796875000e+00 5.326141357421875000e+00 8.102966308593750000e+00
1.449513753318014383e+09 1.371520996093750000e+00 5.326141357421875000e+00 8.092254638671875000e+00
1.449513753338155985e+09 1.363754272460937500e+00 5.342346191406250000e+00 8.116241455078125000e+00
1.449513753358297586e+09 1.382522583007812500e+00 5.328704833984375000e+00 8.119567871093750000e+00
1.449513753378439188e+09 1.391052246093750000e+00 5.345306396484375000e+00 8.102966308593750000e+00
1.449513753398580790e+09 1.379959106445312500e+00 5.331710815429687500e+00 8.089401245117187500e+00
1.449513753418722391e+09 1.379959106445312500e+00 5.345230102539062500e+00 8.102905273437500000e+00
1.449513753438864231e+09 1.379959106445312500e+00 5.345306396484375000e+00 8.122131347656250000e+00
1.449513753459005594e+09 1.390899658203125000e+00 5.334350585937500000e+00 8.122131347656250000e+00
1.449513753479147196e+09 1.382675170898437500e+00 5.326141357421875000e+00 8.105697631835937500e+00
1.449513753499288797e+09 1.379959106445312500e+00 5.326141357421875000e+00 8.122131347656250000e+00
1.449513753519430399e+09 1.379959106445312500e+00 5.326141357421875000e+00 8.122131347656250000e+00
1.449513753539572001e+09 1.393768310546875000e+00 5.339950561523437500e+00 8.122131347656250000e+00
1.449513753559713602e+09 1.380096435546875000e+00 5.345153808593750000e+00 8.121994018554687500e+00
1.449513753579855204e+09 1.399124145507812500e+00 5.331115722656250000e+00 8.102966308593750000e+00
1.449513753599997044e+09 1.387954711914062500e+00 5.345306396484375000e+00 8.114135742187500000e+00
1.449513753620138407e+09 1.379959106445312500e+00 5.345306396484375000e+00 8.122131347656250000e+00
1.449513753640280008e+09 1.379959106445312500e+00 5.326141357421875000e+00 8.122131347656250000e+00
1.449513753660421610e+09 1.379959106445312500e+00 5.334625244140625000e+00 8.113647460937500000e+00
1.449513753680563211e+09 1.393341064453125000e+00 5.331909179687500000e+00 8.102966308593750000e+00
1.449513753700704813e+09 1.379577636718750000e+00 5.326507568359375000e+00 8.122512817382812500e+00
1.449513753720846415e+09 1.360809326171875000e+00 5.339431762695312500e+00 8.129562377929687500e+00
1.449513753740988255e+09 1.372146606445312500e+00 5.326141357421875000e+00 8.102966308593750000e+00
1.449513753761129618e+09 1.379959106445312500e+00 5.342987060546875000e+00 8.119827270507812500e+00
1.449513753781271219e+09 1.379959106445312500e+00 5.342086791992187500e+00 8.122131347656250000e+00
1.449513753801412821e+09 1.388671875000000000e+00 5.326141357421875000e+00 8.113418579101562500e+00
1.449513753821554422e+09 1.384887695312500000e+00 5.326141357421875000e+00 8.117202758789062500e+00
1.449513753841696024e+09 1.379959106445312500e+00 5.326141357421875000e+00 8.122131347656250000e+00
1.449513753861837626e+09 1.379959106445312500e+00 5.320053100585937500e+00 8.122131347656250000e+00
1.449513753881979227e+09 1.379959106445312500e+00 5.318557739257812500e+00 8.122131347656250000e+00
1.449513753902121067e+09 1.379959106445312500e+00 5.326141357421875000e+00 8.122131347656250000e+00
1.449513753922262430e+09 1.379959106445312500e+00 5.326141357421875000e+00 8.122131347656250000e+00
1.449513753942404032e+09 1.379959106445312500e+00 5.343978881835937500e+00 8.113204956054687500e+00
1.449513753962545633e+09 1.394393920898437500e+00 5.335556030273437500e+00 8.102966308593750000e+00
1.449513753982687235e+09 1.361587524414062500e+00 5.345306396484375000e+00 8.103759765625000000e+00
1.449513754002828836e+09 1.386245727539062500e+00 5.339004516601562500e+00 8.128417968750000000e+00
1.449513754022970438e+09 1.399124145507812500e+00 5.326141357421875000e+00 8.129623413085937500e+00
1.449513754043112040e+09 1.381805419921875000e+00 5.343444824218750000e+00 8.139434814453125000e+00
1.449513754063253641e+09 1.379959106445312500e+00 5.326141357421875000e+00 8.122131347656250000e+00
1.449513754083395243e+09 1.370773315429687500e+00 5.335327148437500000e+00 8.122131347656250000e+00
1.449513754103536844e+09 1.360809326171875000e+00 5.330612182617187500e+00 8.107452392578125000e+00
1.449513754123678446e+09 1.379959106445312500e+00 5.344268798828125000e+00 8.122131347656250000e+00
1.449513754143820047e+09 1.379959106445312500e+00 5.326141357421875000e+00 8.122131347656250000e+00
1.449513754163961649e+09 1.368347167968750000e+00 5.337738037109375000e+00 8.133743286132812500e+00
1.449513754184103251e+09 1.378341674804687500e+00 5.345306396484375000e+00 8.141281127929687500e+00
1.449513754204245090e+09 1.379959106445312500e+00 5.345306396484375000e+00 8.118240356445312500e+00
1.449513754224386454e+09 1.389358520507812500e+00 5.345306396484375000e+00 8.112380981445312500e+00
1.449513754244528055e+09 1.369323730468750000e+00 5.330398559570312500e+00 8.122131347656250000e+00
1.449513754264669657e+09 1.380065917968750000e+00 5.326141357421875000e+00 8.141174316406250000e+00
1.449513754284811258e+09 1.392349243164062500e+00 5.332901000976562500e+00 8.122131347656250000e+00
1.449513754304952860e+09 1.392211914062500000e+00 5.333038330078125000e+00 8.109878540039062500e+00
1.449513754325094461e+09 1.381332397460937500e+00 5.326141357421875000e+00 8.102966308593750000e+00
1.449513754345236063e+09 1.395004272460937500e+00 5.345306396484375000e+00 8.126251220703125000e+00
1.449513754365377903e+09 1.379959106445312500e+00 5.335678100585937500e+00 8.141281127929687500e+00
1.449513754385519266e+09 1.379959106445312500e+00 5.341262817382812500e+00 8.141281127929687500e+00
1.449513754405660868e+09 1.379959106445312500e+00 5.326141357421875000e+00 8.122131347656250000e+00
1.449513754425802469e+09 1.379959106445312500e+00 5.333114624023437500e+00 8.129119873046875000e+00
1.449513754445944071e+09 1.379959106445312500e+00 5.332824707031250000e+00 8.128814697265625000e+00
1.449513754466085672e+09 1.379959106445312500e+00 5.326141357421875000e+00 8.140090942382812500e+00
1.449513754486227274e+09 1.365127563476562500e+00 5.326141357421875000e+00 8.141281127929687500e+00
1.449513754506368876e+09 1.379959106445312500e+00 5.335952758789062500e+00 8.131469726562500000e+00
1.449513754526510477e+09 1.379959106445312500e+00 5.345306396484375000e+00 8.122131347656250000e+00
1.449513754546652079e+09 1.379959106445312500e+00 5.326141357421875000e+00 8.123825073242187500e+00
1.449513754566793680e+09 1.379959106445312500e+00 5.318954467773437500e+00 8.126922607421875000e+00
1.449513754586935282e+09 1.379959106445312500e+00 5.319656372070312500e+00 8.128311157226562500e+00
1.449513754607076883e+09 1.379959106445312500e+00 5.326141357421875000e+00 8.141281127929687500e+00
1.449513754627218485e+09 1.379959106445312500e+00 5.330657958984375000e+00 8.136779785156250000e+00
1.449513754647360086e+09 1.379959106445312500e+00 5.335266113281250000e+00 8.122131347656250000e+00
1.449513754667501926e+09 1.364425659179687500e+00 5.326141357421875000e+00 8.137664794921875000e+00
1.449513754687643290e+09 1.362701416015625000e+00 5.345306396484375000e+00 8.141281127929687500e+00
1.449513754707784891e+09 1.379959106445312500e+00 5.338165283203125000e+00 8.134155273437500000e+00
1.449513754727926493e+09 1.379959106445312500e+00 5.337921142578125000e+00 8.122131347656250000e+00
1.449513754748068094e+09 1.379959106445312500e+00 5.345306396484375000e+00 8.140487670898437500e+00
1.449513754768209696e+09 1.389633178710937500e+00 5.359710693359375000e+00 8.136550903320312500e+00
1.449513754788351297e+09 1.371047973632812500e+00 5.335037231445312500e+00 8.132385253906250000e+00
1.449513754808492899e+09 1.379959106445312500e+00 5.310379028320312500e+00 8.125534057617187500e+00
1.449513754828634739e+09 1.379959106445312500e+00 5.343231201171875000e+00 8.143356323242187500e+00
1.449513754848776102e+09 1.379959106445312500e+00 5.326141357421875000e+00 8.145584106445312500e+00
1.449513754868917704e+09 1.366851806640625000e+00 5.326141357421875000e+00 8.122131347656250000e+00
1.449513754889059305e+09 1.379394531250000000e+00 5.326141357421875000e+00 8.122131347656250000e+00
1.449513754909200907e+09 1.379959106445312500e+00 5.345306396484375000e+00 8.141281127929687500e+00
1.449513754929342508e+09 1.379959106445312500e+00 5.334838867187500000e+00 8.141281127929687500e+00
1.449513754949484110e+09 1.379959106445312500e+00 5.326141357421875000e+00 8.125350952148437500e+00
1.449513754969625711e+09 1.379959106445312500e+00 5.340728759765625000e+00 8.141281127929687500e+00
1.449513754989767313e+09 1.372146606445312500e+00 5.322586059570312500e+00 8.149093627929687500e+00
1.449513755009908915e+09 1.374084472656250000e+00 5.332000732421875000e+00 8.160446166992187500e+00
1.449513755030050516e+09 1.379959106445312500e+00 5.326141357421875000e+00 8.141632080078125000e+00
1.449513755050192118e+09 1.365951538085937500e+00 5.326141357421875000e+00 8.141281127929687500e+00
1.449513755070333719e+09 1.379959106445312500e+00 5.315490722656250000e+00 8.141281127929687500e+00
1.449513755090475321e+09 1.379959106445312500e+00 5.323135375976562500e+00 8.125137329101562500e+00
1.449513755110616922e+09 1.382461547851562500e+00 5.342788696289062500e+00 8.138793945312500000e+00
1.449513755130758762e+09 1.391113281250000000e+00 5.334136962890625000e+00 8.138153076171875000e+00
1.449513755150900126e+09 1.366439819335937500e+00 5.345306396484375000e+00 8.146926879882812500e+00
1.449513755171041727e+09 1.379806518554687500e+00 5.345306396484375000e+00 8.141281127929687500e+00
1.449513755191183329e+09 1.375320434570312500e+00 5.330764770507812500e+00 8.145919799804687500e+00
1.449513755211324930e+09 1.371643066406250000e+00 5.345306396484375000e+00 8.160446166992187500e+00
1.449513755231466532e+09 1.379959106445312500e+00 5.345306396484375000e+00 8.144088745117187500e+00
1.449513755251608133e+09 1.379959106445312500e+00 5.326141357421875000e+00 8.143981933593750000e+00
1.449513755271749735e+09 1.379959106445312500e+00 5.334350585937500000e+00 8.144027709960937500e+00
1.449513755291891575e+09 1.379959106445312500e+00 5.332077026367187500e+00 8.148574829101562500e+00
1.449513755312032938e+09 1.379959106445312500e+00 5.326141357421875000e+00 8.141281127929687500e+00
1.449513755332174540e+09 1.385498046875000000e+00 5.331680297851562500e+00 8.141281127929687500e+00
1.449513755352316141e+09 1.388061523437500000e+00 5.323196411132812500e+00 8.152343750000000000e+00
1.449513755372457743e+09 1.396530151367187500e+00 5.323547363281250000e+00 8.160446166992187500e+00
1.449513755392599344e+09 1.379959106445312500e+00 5.326141357421875000e+00 8.141281127929687500e+00
1.449513755412740946e+09 1.379959106445312500e+00 5.334533691406250000e+00 8.149688720703125000e+00
1.449513755432882786e+09 1.379959106445312500e+00 5.345306396484375000e+00 8.146530151367187500e+00
1.449513755453024149e+09 1.379959106445312500e+00 5.345031738281250000e+00 8.160446166992187500e+00
1.449513755473165751e+09 1.379959106445312500e+00 5.326141357421875000e+00 8.154693603515625000e+00
1.449513755493307352e+09 1.379959106445312500e+00 5.326141357421875000e+00 8.152557373046875000e+00
1.449513755513448954e+09 1.363189697265625000e+00 5.342910766601562500e+00 8.143676757812500000e+00
1.449513755533590555e+09 1.379959106445312500e+00 5.329238891601562500e+00 8.157348632812500000e+00
1.449513755553732157e+09 1.379959106445312500e+00 5.345306396484375000e+00 8.141281127929687500e+00
1.449513755573873758e+09 1.379959106445312500e+00 5.331192016601562500e+00 8.141281127929687500e+00
1.449513755594015598e+09 1.379959106445312500e+00 5.326583862304687500e+00 8.160003662109375000e+00
1.449513755614156961e+09 1.379959106445312500e+00 5.345306396484375000e+00 8.141281127929687500e+00
1.449513755634298563e+09 1.379959106445312500e+00 5.333847045898437500e+00 8.152740478515625000e+00
1.449513755654440165e+09 1.396911621093750000e+00 5.326141357421875000e+00 8.143493652343750000e+00
1.449513755674581766e+09 1.395828247070312500e+00 5.342010498046875000e+00 8.144577026367187500e+00
1.449513755694723368e+09 1.379959106445312500e+00 5.334930419921875000e+00 8.142868041992187500e+00
1.449513755714864969e+09 1.365661621093750000e+00 5.345306396484375000e+00 8.150741577148437500e+00
1.449513755735006571e+09 1.379959106445312500e+00 5.344665527343750000e+00 8.159820556640625000e+00
1.449513755755148172e+09 1.385864257812500000e+00 5.326141357421875000e+00 8.141281127929687500e+00
1.449513755775289774e+09 1.387756347656250000e+00 5.337493896484375000e+00 8.129928588867187500e+00
1.449513755795431376e+09 1.379959106445312500e+00 5.328155517578125000e+00 8.139266967773437500e+00
1.449513755815572977e+09 1.379959106445312500e+00 5.345306396484375000e+00 8.125610351562500000e+00
1.449513755835714579e+09 1.388931274414062500e+00 5.336318969726562500e+00 8.141281127929687500e+00
1.449513755855856180e+09 1.384628295898437500e+00 5.326141357421875000e+00 8.155776977539062500e+00
1.449513755875997782e+09 1.379959106445312500e+00 5.326141357421875000e+00 8.141281127929687500e+00
1.449513755896139622e+09 1.386260986328125000e+00 5.332443237304687500e+00 8.147598266601562500e+00
1.449513755916280985e+09 1.399124145507812500e+00 5.345306396484375000e+00 8.148651123046875000e+00
1.449513755936422586e+09 1.381790161132812500e+00 5.327972412109375000e+00 8.123977661132812500e+00
1.449513755956564188e+09 1.383605957031250000e+00 5.329788208007812500e+00 8.144943237304687500e+00
1.449513755976705790e+09 1.389938354492187500e+00 5.336120605468750000e+00 8.151275634765625000e+00
1.449513755996847391e+09 1.379959106445312500e+00 5.326141357421875000e+00 8.141281127929687500e+00
1.449513756016988993e+09 1.379959106445312500e+00 5.326141357421875000e+00 8.159439086914062500e+00
1.449513756037130594e+09 1.386459350585937500e+00 5.326141357421875000e+00 8.141281127929687500e+00
1.449513756057272434e+09 1.387084960937500000e+00 5.338165283203125000e+00 8.153320312500000000e+00
1.449513756077413797e+09 1.379959106445312500e+00 5.345306396484375000e+00 8.142929077148437500e+00
1.449513756097555399e+09 1.376098632812500000e+00 5.341445922851562500e+00 8.125991821289062500e+00
1.449513756117697001e+09 1.370178222656250000e+00 5.326141357421875000e+00 8.141281127929687500e+00
1.449513756137838602e+09 1.379959106445312500e+00 5.341003417968750000e+00 8.156158447265625000e+00
1.449513756157980204e+09 1.379959106445312500e+00 5.345306396484375000e+00 8.142486572265625000e+00
1.449513756178121805e+09 1.379959106445312500e+00 5.345306396484375000e+00 8.153732299804687500e+00
1.449513756198263407e+09 1.379959106445312500e+00 5.333084106445312500e+00 8.141281127929687500e+00
1.449513756218405008e+09 1.379959106445312500e+00 5.326141357421875000e+00 8.141281127929687500e+00
1.449513756238546610e+09 1.364868164062500000e+00 5.326141357421875000e+00 8.141281127929687500e+00
1.449513756258688211e+09 1.379959106445312500e+00 5.326141357421875000e+00 8.141281127929687500e+00
1.449513756278829813e+09 1.395004272460937500e+00 5.341186523437500000e+00 8.141281127929687500e+00
1.449513756298971415e+09 1.363632202148437500e+00 5.343872070312500000e+00 8.160446166992187500e+00
1.449513756319113016e+09 1.392211914062500000e+00 5.333038330078125000e+00 8.153549194335937500e+00
1.449513756339254618e+09 1.379959106445312500e+00 5.333450317382812500e+00 8.153137207031250000e+00
1.449513756359396458e+09 1.379959106445312500e+00 5.344009399414062500e+00 8.160446166992187500e+00
1.449513756379537821e+09 1.390579223632812500e+00 5.341033935546875000e+00 8.145553588867187500e+00
1.449513756399679422e+09 1.370574951171875000e+00 5.335922241210937500e+00 8.150665283203125000e+00
1.449513756419821024e+09 1.379959106445312500e+00 5.345306396484375000e+00 8.141281127929687500e+00
1.449513756439962626e+09 1.397552490234375000e+00 5.326141357421875000e+00 8.141281127929687500e+00
1.449513756460104227e+09 1.379959106445312500e+00 5.326141357421875000e+00 8.141281127929687500e+00
1.449513756480245829e+09 1.392578125000000000e+00 5.326141357421875000e+00 8.153915405273437500e+00
1.449513756500387430e+09 1.380966186523437500e+00 5.344284057617187500e+00 8.160446166992187500e+00
1.449513756520529270e+09 1.365280151367187500e+00 5.340820312500000000e+00 8.131103515625000000e+00
1.449513756540670633e+09 1.379959106445312500e+00 5.326141357421875000e+00 8.150466918945312500e+00
1.449513756560812235e+09 1.364456176757812500e+00 5.326141357421875000e+00 8.141281127929687500e+00
1.449513756580953836e+09 1.395446777343750000e+00 5.343460083007812500e+00 8.158615112304687500e+00
1.449513756601095438e+09 1.368148803710937500e+00 5.333496093750000000e+00 8.141281127929687500e+00
1.449513756621237040e+09 1.392807006835937500e+00 5.332443237304687500e+00 8.154144287109375000e+00
1.449513756641378641e+09 1.362365722656250000e+00 5.326141357421875000e+00 8.160446166992187500e+00
1.449513756661520481e+09 1.394393920898437500e+00 5.326141357421875000e+00 8.141281127929687500e+00
1.449513756681661844e+09 1.390182495117187500e+00 5.326141357421875000e+00 8.151519775390625000e+00
1.449513756701803446e+09 1.383392333984375000e+00 5.326141357421875000e+00 8.144729614257812500e+00
1.449513756721945047e+09 1.377868652343750000e+00 5.326141357421875000e+00 8.143386840820312500e+00
1.449513756742086649e+09 1.368392944335937500e+00 5.333724975585937500e+00 8.145263671875000000e+00
1.449513756762228251e+09 1.379959106445312500e+00 5.345306396484375000e+00 8.148361206054687500e+00
1.449513756782369852e+09 1.379959106445312500e+00 5.345306396484375000e+00 8.141845703125000000e+00
1.449513756802511454e+09 1.389572143554687500e+00 5.345306396484375000e+00 8.155685424804687500e+00
1.449513756822653294e+09 1.360809326171875000e+00 5.334838867187500000e+00 8.141281127929687500e+00
1.449513756842794657e+09 1.376770019531250000e+00 5.326141357421875000e+00 8.157272338867187500e+00
1.449513756862936258e+09 1.399124145507812500e+00 5.326141357421875000e+00 8.141281127929687500e+00
1.449513756883077860e+09 1.391296386718750000e+00 5.333953857421875000e+00 8.141281127929687500e+00
1.449513756903219461e+09 1.366806030273437500e+00 5.332138061523437500e+00 8.141281127929687500e+00
1.449513756923361063e+09 1.378555297851562500e+00 5.343902587890625000e+00 8.141281127929687500e+00
1.449513756943502665e+09 1.379959106445312500e+00 5.326141357421875000e+00 8.136093139648437500e+00
1.449513756963644266e+09 1.390640258789062500e+00 5.336822509765625000e+00 8.143493652343750000e+00
1.449513756983785868e+09 1.382904052734375000e+00 5.345306396484375000e+00 8.128051757812500000e+00
1.449513757003927469e+09 1.379959106445312500e+00 5.326141357421875000e+00 8.141281127929687500e+00
1.449513757024069071e+09 1.379959106445312500e+00 5.326141357421875000e+00 8.141281127929687500e+00
1.449513757044210672e+09 1.379959106445312500e+00 5.326141357421875000e+00 8.141281127929687500e+00
1.449513757064352274e+09 1.399002075195312500e+00 5.326141357421875000e+00 8.141281127929687500e+00
1.449513757084493876e+09 1.385345458984375000e+00 5.345306396484375000e+00 8.141281127929687500e+00
1.449513757104635477e+09 1.399124145507812500e+00 5.334396362304687500e+00 8.141281127929687500e+00
1.449513757124777317e+09 1.399124145507812500e+00 5.342559814453125000e+00 8.141281127929687500e+00
1.449513757144918680e+09 1.360809326171875000e+00 5.326141357421875000e+00 8.138748168945312500e+00
1.449513757165060282e+09 1.369064331054687500e+00 5.334411621093750000e+00 8.130401611328125000e+00
1.449513757185201883e+09 1.379959106445312500e+00 5.331512451171875000e+00 8.155075073242187500e+00
1.449513757205343485e+09 1.379959106445312500e+00 5.345306396484375000e+00 8.160339355468750000e+00
1.449513757225485086e+09 1.374343872070312500e+00 5.339691162109375000e+00 8.141281127929687500e+00
1.449513757245626688e+09 1.371932983398437500e+00 5.326141357421875000e+00 8.152420043945312500e+00
1.449513757265768290e+09 1.379959106445312500e+00 5.326141357421875000e+00 8.160446166992187500e+00
1.449513757285910130e+09 1.376968383789062500e+00 5.342315673828125000e+00 8.144271850585937500e+00
1.449513757306051493e+09 1.369277954101562500e+00 5.326141357421875000e+00 8.151977539062500000e+00
1.449513757326193094e+09 1.379959106445312500e+00 5.326141357421875000e+00 8.141281127929687500e+00
1.449513757346334696e+09 1.380294799804687500e+00 5.326141357421875000e+00 8.122817993164062500e+00
1.449513757366476297e+09 1.393493652343750000e+00 5.326141357421875000e+00 8.154830932617187500e+00
1.449513757386617899e+09 1.379959106445312500e+00 5.337158203125000000e+00 8.141281127929687500e+00
1.449513757406759501e+09 1.379959106445312500e+00 5.328460693359375000e+00 8.158126831054687500e+00
1.449513757426901102e+09 1.379959106445312500e+00 5.326141357421875000e+00 8.141281127929687500e+00
1.449513757447042704e+09 1.379959106445312500e+00 5.334823608398437500e+00 8.149978637695312500e+00
1.449513757467184305e+09 1.379959106445312500e+00 5.345306396484375000e+00 8.132080078125000000e+00
1.449513757487325907e+09 1.379989624023437500e+00 5.345260620117187500e+00 8.122177124023437500e+00
1.449513757507467508e+09 1.394302368164062500e+00 5.326141357421875000e+00 8.141281127929687500e+00
1.449513757527609110e+09 1.368423461914062500e+00 5.337677001953125000e+00 8.141281127929687500e+00
1.449513757547750711e+09 1.377853393554687500e+00 5.328231811523437500e+00 8.141281127929687500e+00
1.449513757567892313e+09 1.379959106445312500e+00 5.329528808593750000e+00 8.125534057617187500e+00
1.449513757588034153e+09 1.379959106445312500e+00 5.345306396484375000e+00 8.159072875976562500e+00
1.449513757608175516e+09 1.379959106445312500e+00 5.345306396484375000e+00 8.150848388671875000e+00
1.449513757628317118e+09 1.379196166992187500e+00 5.326141357421875000e+00 8.141281127929687500e+00
1.449513757648458719e+09 1.367065429687500000e+00 5.326141357421875000e+00 8.135025024414062500e+00
1.449513757668600321e+09 1.379959106445312500e+00 5.337905883789062500e+00 8.145660400390625000e+00
1.449513757688741922e+09 1.379959106445312500e+00 5.345306396484375000e+00 8.143188476562500000e+00
1.449513757708883524e+09 1.379959106445312500e+00 5.326141357421875000e+00 8.141281127929687500e+00
1.449513757729025126e+09 1.370849609375000000e+00 5.326141357421875000e+00 8.141281127929687500e+00
1.449513757749166965e+09 1.375427246093750000e+00 5.340774536132812500e+00 8.141281127929687500e+00
1.449513757769308329e+09 1.379959106445312500e+00 5.327102661132812500e+00 8.159484863281250000e+00
1.449513757789449930e+09 1.379959106445312500e+00 5.345306396484375000e+00 8.141281127929687500e+00
1.449513757809591532e+09 1.379959106445312500e+00 5.333343505859375000e+00 8.153244018554687500e+00
1.449513757829733133e+09 1.362487792968750000e+00 5.326141357421875000e+00 8.142974853515625000e+00
1.449513757849874735e+09 1.364608764648437500e+00 5.326141357421875000e+00 8.160446166992187500e+00
1.449513757870016336e+09 1.379959106445312500e+00 5.326141357421875000e+00 8.151138305664062500e+00
1.449513757890158176e+09 1.365127563476562500e+00 5.326141357421875000e+00 8.156112670898437500e+00
1.449513757910299540e+09 1.379959106445312500e+00 5.345306396484375000e+00 8.158126831054687500e+00
1.449513757930441141e+09 1.379959106445312500e+00 5.345306396484375000e+00 8.128814697265625000e+00
1.449513757950582743e+09 1.379959106445312500e+00 5.345306396484375000e+00 8.147384643554687500e+00
1.449513757970724344e+09 1.379959106445312500e+00 5.345306396484375000e+00 8.159729003906250000e+00
1.449513757990865946e+09 1.375915527343750000e+00 5.341262817382812500e+00 8.160446166992187500e+00
1.449513758011007547e+09 1.370315551757812500e+00 5.326141357421875000e+00 8.160446166992187500e+00
1.449513758031149149e+09 1.379959106445312500e+00 5.341186523437500000e+00 8.160446166992187500e+00
1.449513758051290989e+09 1.381301879882812500e+00 5.326141357421875000e+00 8.141281127929687500e+00
1.449513758071432352e+09 1.392547607421875000e+00 5.326141357421875000e+00 8.141281127929687500e+00
1.449513758091573954e+09 1.392349243164062500e+00 5.338531494140625000e+00 8.153686523437500000e+00
1.449513758111715555e+09 1.363342285156250000e+00 5.327407836914062500e+00 8.160446166992187500e+00
1.449513758131857157e+09 1.379959106445312500e+00 5.345306396484375000e+00 8.145553588867187500e+00
1.449513758151998758e+09 1.379959106445312500e+00 5.345306396484375000e+00 8.160446166992187500e+00
1.449513758172140360e+09 1.379959106445312500e+00 5.345306396484375000e+00 8.160446166992187500e+00
1.449513758192281961e+09 1.379959106445312500e+00 5.345306396484375000e+00 8.141281127929687500e+00
1.449513758212423563e+09 1.379959106445312500e+00 5.338195800781250000e+00 8.141281127929687500e+00
1.449513758232565165e+09 1.392547607421875000e+00 5.326141357421875000e+00 8.141281127929687500e+00
1.449513758252706766e+09 1.362960815429687500e+00 5.326141357421875000e+00 8.159362792968750000e+00
1.449513758272848368e+09 1.379959106445312500e+00 5.345306396484375000e+00 8.126586914062500000e+00
1.449513758292989969e+09 1.379959106445312500e+00 5.345306396484375000e+00 8.151245117187500000e+00
1.449513758313131571e+09 1.364501953125000000e+00 5.329833984375000000e+00 8.144989013671875000e+00
1.449513758333273172e+09 1.379959106445312500e+00 5.343505859375000000e+00 8.160446166992187500e+00
1.449513758353415012e+09 1.387237548828125000e+00 5.333419799804687500e+00 8.153167724609375000e+00
1.449513758373556376e+09 1.386322021484375000e+00 5.332504272460937500e+00 8.141281127929687500e+00
1.449513758393697977e+09 1.361618041992187500e+00 5.326141357421875000e+00 8.159637451171875000e+00
1.449513758413839579e+09 1.379959106445312500e+00 5.326141357421875000e+00 8.136627197265625000e+00
1.449513758433981180e+09 1.379959106445312500e+00 5.336288452148437500e+00 8.122131347656250000e+00
1.449513758454122782e+09 1.379959106445312500e+00 5.345306396484375000e+00 8.153427124023437500e+00
1.449513758474264383e+09 1.379959106445312500e+00 5.328125000000000000e+00 8.158462524414062500e+00
1.449513758494405985e+09 1.379959106445312500e+00 5.337783813476562500e+00 8.141281127929687500e+00
1.449513758514547825e+09 1.379959106445312500e+00 5.326141357421875000e+00 8.141281127929687500e+00
1.449513758534689188e+09 1.379959106445312500e+00 5.343795776367187500e+00 8.158950805664062500e+00
1.449513758554830790e+09 1.399124145507812500e+00 5.326141357421875000e+00 8.146148681640625000e+00
1.449513758574972391e+09 1.388763427734375000e+00 5.336486816406250000e+00 8.139770507812500000e+00
1.449513758595113993e+09 1.379959106445312500e+00 5.345306396484375000e+00 8.169647216796875000e+00
1.449513758615255594e+09 1.377746582031250000e+00 5.328338623046875000e+00 8.158248901367187500e+00
1.449513758635397196e+09 1.368225097656250000e+00 5.337860107421875000e+00 8.141281127929687500e+00
1.449513758655538797e+09 1.366958618164062500e+00 5.339126586914062500e+00 8.154281616210937500e+00
1.449513758675680399e+09 1.360809326171875000e+00 5.345306396484375000e+00 8.141738891601562500e+00
1.449513758695822001e+09 1.379959106445312500e+00 5.340255737304687500e+00 8.146331787109375000e+00
1.449513758715963602e+09 1.379959106445312500e+00 5.336669921875000000e+00 8.149917602539062500e+00
1.449513758736105204e+09 1.379959106445312500e+00 5.345306396484375000e+00 8.157318115234375000e+00
1.449513758756246805e+09 1.363189697265625000e+00 5.345306396484375000e+00 8.162841796875000000e+00
1.449513758776388407e+09 1.387832641601562500e+00 5.337417602539062500e+00 8.163848876953125000e+00
1.449513758796530008e+09 1.385711669921875000e+00 5.326141357421875000e+00 8.141281127929687500e+00
1.449513758816671848e+09 1.379959106445312500e+00 5.345031738281250000e+00 8.141281127929687500e+00
1.449513758836813211e+09 1.379959106445312500e+00 5.334823608398437500e+00 8.151763916015625000e+00
1.449513758856954813e+09 1.379959106445312500e+00 5.328491210937500000e+00 8.168853759765625000e+00
1.449513758877096415e+09 1.347457885742187500e+00 5.345306396484375000e+00 8.160446166992187500e+00
1.449513758897238016e+09 1.377365112304687500e+00 5.328720092773437500e+00 8.157867431640625000e+00
1.449513758917379618e+09 1.360809326171875000e+00 5.345306396484375000e+00 8.141281127929687500e+00
1.449513758937521219e+09 1.374389648437500000e+00 5.345306396484375000e+00 8.154891967773437500e+00
1.449513758957662821e+09 1.379959106445312500e+00 5.345306396484375000e+00 8.160446166992187500e+00
1.449513758977804661e+09 1.393722534179687500e+00 5.326141357421875000e+00 8.152069091796875000e+00
1.449513758997946024e+09 1.379959106445312500e+00 5.336975097656250000e+00 8.157928466796875000e+00
1.449513759018087626e+09 1.363494873046875000e+00 5.328826904296875000e+00 8.141281127929687500e+00
1.449513759038229227e+09 1.379959106445312500e+00 5.342498779296875000e+00 8.144088745117187500e+00
1.449513759058370829e+09 1.379959106445312500e+00 5.326141357421875000e+00 8.152160644531250000e+00
1.449513759078512430e+09 1.379959106445312500e+00 5.326141357421875000e+00 8.141281127929687500e+00
1.449513759098654032e+09 1.380096435546875000e+00 5.326141357421875000e+00 8.160308837890625000e+00
1.449513759118795872e+09 1.394332885742187500e+00 5.330917358398437500e+00 8.141281127929687500e+00
1.449513759138937235e+09 1.379959106445312500e+00 5.334121704101562500e+00 8.141281127929687500e+00
1.449513759159078836e+09 1.379959106445312500e+00 5.342788696289062500e+00 8.141281127929687500e+00
1.449513759179220438e+09 1.396087646484375000e+00 5.329162597656250000e+00 8.144317626953125000e+00
1.449513759199362040e+09 1.379959106445312500e+00 5.336776733398437500e+00 8.160446166992187500e+00
1.449513759219503641e+09 1.366577148437500000e+00 5.339523315429687500e+00 8.160446166992187500e+00
1.449513759239645243e+09 1.379577636718750000e+00 5.326141357421875000e+00 8.141662597656250000e+00
1.449513759259786844e+09 1.366668701171875000e+00 5.326141357421875000e+00 8.154571533203125000e+00
1.449513759279928684e+09 1.379959106445312500e+00 5.326141357421875000e+00 8.141281127929687500e+00
1.449513759300070047e+09 1.379959106445312500e+00 5.326141357421875000e+00 8.141281127929687500e+00
1.449513759320211649e+09 1.395904541015625000e+00 5.326141357421875000e+00 8.125350952148437500e+00
1.449513759340353251e+09 1.379959106445312500e+00 5.334869384765625000e+00 8.141281127929687500e+00
1.449513759360494852e+09 1.379959106445312500e+00 5.345306396484375000e+00 8.155517578125000000e+00
1.449513759380636454e+09 1.361358642578125000e+00 5.344741821289062500e+00 8.160446166992187500e+00
1.449513759400778055e+09 1.386047363281250000e+00 5.326141357421875000e+00 8.154357910156250000e+00
1.449513759420919657e+09 1.387542724609375000e+00 5.326141357421875000e+00 8.141281127929687500e+00
1.449513759441061258e+09 1.379959106445312500e+00 5.342788696289062500e+00 8.141281127929687500e+00
1.449513759461202860e+09 1.379959106445312500e+00 5.341888427734375000e+00 8.137878417968750000e+00
1.449513759481344461e+09 1.371032714843750000e+00 5.326141357421875000e+00 8.131057739257812500e+00
1.449513759501486063e+09 1.360809326171875000e+00 5.340560913085937500e+00 8.141281127929687500e+00
1.449513759521627665e+09 1.379959106445312500e+00 5.326141357421875000e+00 8.142852783203125000e+00
1.449513759541769266e+09 1.379959106445312500e+00 5.332412719726562500e+00 8.173339843750000000e+00
1.449513759561910868e+09 1.379959106445312500e+00 5.333816528320312500e+00 8.148971557617187500e+00
1.449513759582052708e+09 1.379959106445312500e+00 5.326141357421875000e+00 8.141281127929687500e+00
1.449513759602194071e+09 1.379959106445312500e+00 5.310607910156250000e+00 8.160446166992187500e+00
1.449513759622335672e+09 1.379959106445312500e+00 5.335250854492187500e+00 8.151336669921875000e+00
1.449513759642477274e+09 1.379959106445312500e+00 5.330657958984375000e+00 8.141281127929687500e+00
1.449513759662618876e+09 1.379959106445312500e+00 5.326141357421875000e+00 8.142227172851562500e+00
1.449513759682760477e+09 1.379959106445312500e+00 5.331741333007812500e+00 8.149246215820312500e+00
1.449513759702902079e+09 1.391464233398437500e+00 5.345306396484375000e+00 8.133636474609375000e+00
1.449513759723043680e+09 1.381637573242187500e+00 5.327819824218750000e+00 8.141281127929687500e+00
1.449513759743185520e+09 1.379959106445312500e+00 5.314620971679687500e+00 8.145111083984375000e+00
1.449513759763326883e+09 1.379959106445312500e+00 5.335952758789062500e+00 8.151107788085937500e+00
1.449513759783468485e+09 1.379959106445312500e+00 5.326141357421875000e+00 8.141281127929687500e+00
1.449513759803610086e+09 1.379959106445312500e+00 5.345306396484375000e+00 8.141281127929687500e+00
1.449513759823751688e+09 1.379959106445312500e+00 5.345306396484375000e+00 8.141281127929687500e+00
1.449513759843893290e+09 1.379959106445312500e+00 5.333114624023437500e+00 8.141281127929687500e+00
1.449513759864034891e+09 1.362289428710937500e+00 5.343811035156250000e+00 8.158966064453125000e+00
1.449513759884176493e+09 1.375915527343750000e+00 5.345306396484375000e+00 8.152389526367187500e+00
1.449513759904318094e+09 1.370315551757812500e+00 5.345306396484375000e+00 8.141189575195312500e+00
1.449513759924459696e+09 1.379959106445312500e+00 5.345306396484375000e+00 8.145431518554687500e+00
1.449513759944601297e+09 1.378570556640625000e+00 5.327514648437500000e+00 8.159072875976562500e+00
1.449513759964742899e+09 1.367675781250000000e+00 5.338424682617187500e+00 8.141281127929687500e+00
1.449513759984884501e+09 1.379959106445312500e+00 5.326141357421875000e+00 8.153671264648437500e+00
1.449513760005026102e+09 1.362075805664062500e+00 5.326141357421875000e+00 8.124679565429687500e+00
1.449513760025167704e+09 1.379959106445312500e+00 5.326141357421875000e+00 8.126358032226562500e+00
1.449513760045309544e+09 1.379959106445312500e+00 5.326141357421875000e+00 8.141281127929687500e+00
1.449513760065450907e+09 1.364715576171875000e+00 5.341369628906250000e+00 8.141281127929687500e+00
1.449513760085592508e+09 1.379959106445312500e+00 5.345306396484375000e+00 8.160446166992187500e+00
1.449513760105734110e+09 1.372863769531250000e+00 5.338195800781250000e+00 8.153350830078125000e+00
1.449513760125875711e+09 1.373382568359375000e+00 5.338729858398437500e+00 8.166473388671875000e+00
1.449513760146017313e+09 1.379959106445312500e+00 5.327865600585937500e+00 8.144744873046875000e+00
1.449513760166158915e+09 1.379959106445312500e+00 5.311401367187500000e+00 8.156036376953125000e+00
1.449513760186300516e+09 1.379959106445312500e+00 5.326141357421875000e+00 8.131362915039062500e+00
1.449513760206442356e+09 1.379959106445312500e+00 5.341567993164062500e+00 8.122131347656250000e+00
1.449513760226583719e+09 1.379959106445312500e+00 5.326141357421875000e+00 8.141281127929687500e+00
1.449513760246725321e+09 1.387145996093750000e+00 5.326141357421875000e+00 8.141281127929687500e+00
1.449513760266866922e+09 1.387435913085937500e+00 5.326141357421875000e+00 8.152969360351562500e+00
1.449513760287008524e+09 1.379959106445312500e+00 5.326141357421875000e+00 8.160446166992187500e+00
1.449513760307150126e+09 1.379959106445312500e+00 5.345306396484375000e+00 8.136657714843750000e+00
1.449513760327291727e+09 1.390106201171875000e+00 5.345306396484375000e+00 8.142456054687500000e+00
1.449513760347433567e+09 1.383438110351562500e+00 5.329620361328125000e+00 8.160446166992187500e+00
1.449513760367574930e+09 1.379959106445312500e+00 5.343276977539062500e+00 8.141281127929687500e+00
1.449513760387716532e+09 1.387466430664062500e+00 5.333648681640625000e+00 8.141281127929687500e+00
1.449513760407858133e+09 1.386108398437500000e+00 5.345306396484375000e+00 8.154296875000000000e+00
1.449513760427999735e+09 1.379959106445312500e+00 5.326766967773437500e+00 8.141921997070312500e+00
1.449513760448141336e+09 1.379959106445312500e+00 5.345306396484375000e+00 8.141281127929687500e+00
1.449513760468282938e+09 1.379959106445312500e+00 5.334945678710937500e+00 8.151641845703125000e+00
1.449513760488424540e+09 1.379959106445312500e+00 5.326141357421875000e+00 8.160446166992187500e+00
1.449513760508566380e+09 1.377746582031250000e+00 5.345306396484375000e+00 8.141281127929687500e+00
1.449513760528707743e+09 1.368484497070312500e+00 5.345306396484375000e+00 8.148986816406250000e+00
1.449513760548849344e+09 1.379959106445312500e+00 5.332107543945312500e+00 8.147262573242187500e+00
1.449513760568990946e+09 1.379959106445312500e+00 5.344848632812500000e+00 8.141281127929687500e+00
1.449513760589132547e+09 1.379959106445312500e+00 5.340240478515625000e+00 8.141281127929687500e+00
1.449513760609274149e+09 1.379959106445312500e+00 5.336700439453125000e+00 8.141281127929687500e+00
1.449513760629415751e+09 1.396011352539062500e+00 5.329238891601562500e+00 8.141281127929687500e+00
1.449513760649557352e+09 1.377563476562500000e+00 5.345306396484375000e+00 8.143676757812500000e+00
1.449513760669698954e+09 1.368698120117187500e+00 5.337402343750000000e+00 8.152557373046875000e+00
1.449513760689840555e+09 1.379959106445312500e+00 5.339569091796875000e+00 8.154724121093750000e+00
1.449513760709982157e+09 1.379959106445312500e+00 5.326354980468750000e+00 8.141510009765625000e+00
1.449513760730123758e+09 1.379959106445312500e+00 5.326141357421875000e+00 8.153503417968750000e+00
1.449513760750265360e+09 1.379959106445312500e+00 5.336914062500000000e+00 8.160446166992187500e+00
1.449513760770406961e+09 1.379959106445312500e+00 5.345306396484375000e+00 8.144165039062500000e+00
1.449513760790548563e+09 1.379959106445312500e+00 5.342681884765625000e+00 8.160446166992187500e+00
1.449513760810690403e+09 1.379959106445312500e+00 5.334274291992187500e+00 8.160446166992187500e+00
1.449513760830831766e+09 1.393280029296875000e+00 5.331970214843750000e+00 8.147125244140625000e+00
1.449513760850973368e+09 1.399124145507812500e+00 5.326141357421875000e+00 8.141281127929687500e+00
1.449513760871114969e+09 1.379959106445312500e+00 5.339813232421875000e+00 8.141281127929687500e+00
1.449513760891256571e+09 1.379959106445312500e+00 5.326141357421875000e+00 8.152297973632812500e+00
1.449513760911398172e+09 1.379959106445312500e+00 5.342651367187500000e+00 8.143936157226562500e+00
1.449513760931539774e+09 1.379959106445312500e+00 5.342453002929687500e+00 8.157608032226562500e+00
1.449513760951681376e+09 1.388305664062500000e+00 5.334487915039062500e+00 8.141281127929687500e+00
1.449513760971823215e+09 1.385253906250000000e+00 5.345306396484375000e+00 8.155151367187500000e+00
1.449513760991964579e+09 1.360992431640625000e+00 5.326141357421875000e+00 8.141281127929687500e+00
1.449513761012106180e+09 1.374267578125000000e+00 5.331817626953125000e+00 8.141281127929687500e+00
1.449513761032247782e+09 1.360809326171875000e+00 5.345306396484375000e+00 8.141281127929687500e+00
1.449513761052389383e+09 1.377487182617187500e+00 5.328598022460937500e+00 8.141281127929687500e+00
1.449513761072530985e+09 1.379959106445312500e+00 5.342269897460937500e+00 8.160446166992187500e+00
1.449513761092672586e+09 1.379959106445312500e+00 5.334671020507812500e+00 8.151916503906250000e+00
1.449513761112814188e+09 1.379959106445312500e+00 5.331253051757812500e+00 8.141281127929687500e+00
1.449513761132955790e+09 1.379959106445312500e+00 5.326141357421875000e+00 8.160446166992187500e+00
1.449513761153097391e+09 1.379959106445312500e+00 5.332015991210937500e+00 8.160446166992187500e+00
1.449513761173238993e+09 1.391342163085937500e+00 5.333908081054687500e+00 8.137680053710937500e+00
1.449513761193380594e+09 1.382232666015625000e+00 5.343017578125000000e+00 8.139007568359375000e+00
1.449513761213522196e+09 1.379959106445312500e+00 5.326141357421875000e+00 8.141281127929687500e+00
1.449513761233663797e+09 1.371215820312500000e+00 5.334869384765625000e+00 8.141281127929687500e+00
1.449513761253805399e+09 1.375030517578125000e+00 5.345306396484375000e+00 8.141281127929687500e+00
1.449513761273947239e+09 1.380508422851562500e+00 5.326690673828125000e+00 8.141281127929687500e+00
1.449513761294088602e+09 1.393234252929687500e+00 5.345306396484375000e+00 8.147171020507812500e+00
1.449513761314230204e+09 1.379959106445312500e+00 5.333999633789062500e+00 8.149154663085937500e+00
1.449513761334371805e+09 1.379959106445312500e+00 5.343200683593750000e+00 8.141281127929687500e+00
1.449513761354513407e+09 1.376510620117187500e+00 5.310424804687500000e+00 8.137847900390625000e+00
1.449513761374655008e+09 1.360809326171875000e+00 5.334960937500000000e+00 8.130950927734375000e+00
1.449513761394796610e+09 1.375183105468750000e+00 5.330902099609375000e+00 8.141281127929687500e+00
1.449513761414938211e+09 1.379959106445312500e+00 5.336105346679687500e+00 8.151260375976562500e+00
1.449513761435080051e+09 1.373687744140625000e+00 5.339019775390625000e+00 8.160446166992187500e+00
1.449513761455221415e+09 1.360809326171875000e+00 5.337905883789062500e+00 8.148681640625000000e+00
1.449513761475363016e+09 1.378051757812500000e+00 5.328033447265625000e+00 8.175811767578125000e+00
1.449513761495504618e+09 1.383575439453125000e+00 5.345306396484375000e+00 8.160446166992187500e+00
1.449513761515646219e+09 1.389999389648437500e+00 5.345306396484375000e+00 8.151336669921875000e+00
1.449513761535787821e+09 1.379959106445312500e+00 5.345306396484375000e+00 8.155899047851562500e+00
1.449513761555929422e+09 1.379959106445312500e+00 5.326141357421875000e+00 8.123107910156250000e+00
1.449513761576071262e+09 1.379959106445312500e+00 5.326141357421875000e+00 8.141281127929687500e+00
1.449513761596212626e+09 1.368011474609375000e+00 5.338088989257812500e+00 8.141281127929687500e+00
1.449513761616354227e+09 1.360809326171875000e+00 5.345306396484375000e+00 8.141281127929687500e+00
1.449513761636495829e+09 1.379959106445312500e+00 5.326141357421875000e+00 8.141281127929687500e+00
1.449513761656637430e+09 1.370651245117187500e+00 5.326141357421875000e+00 8.141281127929687500e+00
1.449513761676779032e+09 1.375610351562500000e+00 5.326141357421875000e+00 8.156112670898437500e+00
1.449513761696920633e+09 1.360809326171875000e+00 5.345306396484375000e+00 8.142440795898437500e+00
1.449513761717062235e+09 1.360809326171875000e+00 5.345306396484375000e+00 8.153808593750000000e+00
1.449513761737204075e+09 1.372940063476562500e+00 5.333160400390625000e+00 8.141281127929687500e+00
1.449513761757345438e+09 1.362533569335937500e+00 5.326141357421875000e+00 8.141281127929687500e+00
1.449513761777487040e+09 1.379959106445312500e+00 5.341308593750000000e+00 8.141281127929687500e+00
1.449513761797628641e+09 1.379959106445312500e+00 5.335647583007812500e+00 8.150802612304687500e+00
1.449513761817770243e+09 1.379959106445312500e+00 5.345306396484375000e+00 8.160446166992187500e+00
1.449513761837911844e+09 1.396423339843750000e+00 5.327484130859375000e+00 8.157760620117187500e+00
1.449513761858053446e+09 1.367645263671875000e+00 5.338455200195312500e+00 8.135833740234375000e+00
1.449513761878195047e+09 1.379959106445312500e+00 5.337921142578125000e+00 8.136886596679687500e+00
1.449513761898336649e+09 1.362182617187500000e+00 5.327514648437500000e+00 8.157699584960937500e+00
1.449513761918478251e+09 1.379959106445312500e+00 5.345306396484375000e+00 8.126327514648437500e+00
1.449513761938619852e+09 1.379959106445312500e+00 5.335586547851562500e+00 8.141281127929687500e+00
1.449513761958761454e+09 1.379959106445312500e+00 5.326141357421875000e+00 8.141281127929687500e+00
1.449513761978903055e+09 1.379959106445312500e+00 5.309936523437500000e+00 8.142761230468750000e+00
1.449513761999044657e+09 1.379959106445312500e+00 5.345306396484375000e+00 8.153854370117187500e+00
1.449513762019186258e+09 1.379959106445312500e+00 5.345306396484375000e+00 8.141281127929687500e+00
1.449513762039328098e+09 1.379959106445312500e+00 5.327224731445312500e+00 8.159362792968750000e+00
1.449513762059469461e+09 1.379959106445312500e+00 5.340896606445312500e+00 8.141281127929687500e+00
1.449513762079611063e+09 1.379959106445312500e+00 5.336029052734375000e+00 8.141281127929687500e+00
1.449513762099752665e+09 1.379959106445312500e+00 5.329910278320312500e+00 8.125915527343750000e+00
1.449513762119894266e+09 1.395599365234375000e+00 5.343536376953125000e+00 8.141281127929687500e+00
1.449513762140035868e+09 1.360809326171875000e+00 5.326141357421875000e+00 8.148529052734375000e+00
1.449513762160177469e+09 1.373535156250000000e+00 5.326141357421875000e+00 8.147720336914062500e+00
1.449513762180319071e+09 1.379959106445312500e+00 5.326141357421875000e+00 8.141281127929687500e+00
1.449513762200460911e+09 1.375366210937500000e+00 5.326141357421875000e+00 8.141281127929687500e+00
1.449513762220602274e+09 1.370864868164062500e+00 5.326141357421875000e+00 8.151351928710937500e+00
1.449513762240743876e+09 1.379959106445312500e+00 5.341705322265625000e+00 8.160446166992187500e+00
1.449513762260885477e+09 1.397171020507812500e+00 5.343353271484375000e+00 8.139343261718750000e+00
1.449513762281027079e+09 1.372528076171875000e+00 5.326141357421875000e+00 8.129562377929687500e+00
1.449513762301168680e+09 1.373718261718750000e+00 5.339065551757812500e+00 8.141281127929687500e+00
1.449513762321310282e+09 1.379959106445312500e+00 5.326843261718750000e+00 8.141281127929687500e+00
1.449513762341451883e+09 1.379959106445312500e+00 5.326141357421875000e+00 8.141281127929687500e+00
1.449513762361593485e+09 1.379959106445312500e+00 5.326141357421875000e+00 8.151580810546875000e+00
1.449513762381735086e+09 1.364166259765625000e+00 5.341934204101562500e+00 8.160446166992187500e+00
1.449513762401876688e+09 1.396987915039062500e+00 5.343170166015625000e+00 8.160446166992187500e+00
1.449513762422018290e+09 1.379959106445312500e+00 5.333786010742187500e+00 8.152801513671875000e+00
1.449513762442159891e+09 1.379959106445312500e+00 5.332153320312500000e+00 8.128143310546875000e+00
1.449513762462301493e+09 1.379959106445312500e+00 5.343719482421875000e+00 8.139709472656250000e+00
1.449513762482443094e+09 1.365798950195312500e+00 5.340286254882812500e+00 8.160446166992187500e+00
1.449513762502584934e+09 1.379959106445312500e+00 5.336624145507812500e+00 8.160446166992187500e+00
1.449513762522726297e+09 1.379959106445312500e+00 5.313262939453125000e+00 8.160446166992187500e+00
1.449513762542867899e+09 1.379959106445312500e+00 5.328491210937500000e+00 8.141281127929687500e+00
1.449513762563009501e+09 1.379959106445312500e+00 5.345306396484375000e+00 8.148773193359375000e+00
1.449513762583151102e+09 1.366897583007812500e+00 5.345306396484375000e+00 8.147384643554687500e+00
1.449513762603292704e+09 1.379653930664062500e+00 5.345306396484375000e+00 8.141281127929687500e+00
1.449513762623434305e+09 1.393920898437500000e+00 5.326141357421875000e+00 8.136093139648437500e+00
1.449513762643575907e+09 1.379959106445312500e+00 5.336822509765625000e+00 8.122131347656250000e+00
1.449513762663717747e+09 1.379959106445312500e+00 5.329086303710937500e+00 8.154541015625000000e+00
1.449513762683859110e+09 1.379959106445312500e+00 5.323623657226562500e+00 8.138778686523437500e+00
1.449513762704000711e+09 1.371932983398437500e+00 5.315002441406250000e+00 8.130157470703125000e+00
1.449513762724142313e+09 1.374313354492187500e+00 5.339660644531250000e+00 8.141281127929687500e+00
1.449513762744283915e+09 1.379959106445312500e+00 5.345306396484375000e+00 8.160308837890625000e+00
1.449513762764425516e+09 1.379959106445312500e+00 5.326141357421875000e+00 8.160446166992187500e+00
1.449513762784567118e+09 1.379959106445312500e+00 5.315277099609375000e+00 8.149581909179687500e+00
1.449513762804708958e+09 1.379959106445312500e+00 5.339691162109375000e+00 8.157653808593750000e+00
1.449513762824850321e+09 1.379959106445312500e+00 5.326141357421875000e+00 8.124862670898437500e+00
1.449513762844991922e+09 1.388168334960937500e+00 5.334350585937500000e+00 8.149505615234375000e+00
1.449513762865133524e+09 1.385375976562500000e+00 5.331558227539062500e+00 8.146713256835937500e+00
1.449513762885275126e+09 1.360870361328125000e+00 5.345306396484375000e+00 8.141281127929687500e+00
1.449513762905416727e+09 1.379959106445312500e+00 5.339797973632812500e+00 8.141281127929687500e+00
1.449513762925558329e+09 1.379959106445312500e+00 5.326141357421875000e+00 8.141281127929687500e+00
1.449513762945699930e+09 1.379959106445312500e+00 5.326141357421875000e+00 8.141281127929687500e+00
1.449513762965841770e+09 1.363708496093750000e+00 5.342391967773437500e+00 8.144195556640625000e+00
1.449513762985983133e+09 1.379959106445312500e+00 5.334548950195312500e+00 8.160446166992187500e+00
1.449513763006124735e+09 1.379959106445312500e+00 5.331359863281250000e+00 8.146514892578125000e+00
1.449513763026259422e+09 1.398880004882812500e+00 5.345306396484375000e+00 8.141281127929687500e+00
1.449513763046401024e+09 1.379959106445312500e+00 5.345306396484375000e+00 8.145797729492187500e+00
1.449513763066542625e+09 1.379959106445312500e+00 5.345306396484375000e+00 8.149169921875000000e+00
1.449513763086684465e+09 1.379959106445312500e+00 5.345306396484375000e+00 8.141281127929687500e+00
1.449513763106826067e+09 1.379959106445312500e+00 5.342163085937500000e+00 8.141281127929687500e+00
1.449513763126967669e+09 1.379959106445312500e+00 5.326141357421875000e+00 8.141281127929687500e+00
1.449513763147109032e+09 1.379959106445312500e+00 5.326141357421875000e+00 8.141281127929687500e+00
1.449513763167250633e+09 1.379959106445312500e+00 5.326614379882812500e+00 8.140808105468750000e+00
1.449513763187392235e+09 1.379959106445312500e+00 5.345306396484375000e+00 8.128112792968750000e+00
1.449513763207533836e+09 1.368469238281250000e+00 5.333801269531250000e+00 8.141281127929687500e+00
1.449513763227675676e+09 1.377792358398437500e+00 5.326141357421875000e+00 8.124298095703125000e+00
1.449513763247817278e+09 1.364120483398437500e+00 5.326141357421875000e+00 8.128784179687500000e+00
1.449513763267958879e+09 1.388778686523437500e+00 5.334960937500000000e+00 8.160446166992187500e+00
1.449513763288100243e+09 1.399124145507812500e+00 5.345306396484375000e+00 8.146102905273437500e+00
1.449513763308241844e+09 1.379959106445312500e+00 5.344665527343750000e+00 8.122131347656250000e+00
1.449513763328383446e+09 1.373779296875000000e+00 5.332305908203125000e+00 8.128311157226562500e+00
1.449513763348525047e+09 1.372482299804687500e+00 5.345306396484375000e+00 8.129608154296875000e+00
1.449513763368666649e+09 1.362777709960937500e+00 5.345306396484375000e+00 8.156494140625000000e+00
1.449513763388808489e+09 1.379959106445312500e+00 5.326141357421875000e+00 8.156936645507812500e+00
1.449513763408950090e+09 1.379959106445312500e+00 5.326141357421875000e+00 8.141281127929687500e+00
1.449513763429091692e+09 1.379959106445312500e+00 5.326141357421875000e+00 8.141281127929687500e+00
1.449513763449233055e+09 1.379959106445312500e+00 5.326141357421875000e+00 8.141281127929687500e+00
1.449513763469374657e+09 1.379959106445312500e+00 5.326141357421875000e+00 8.141281127929687500e+00
1.449513763489516258e+09 1.379959106445312500e+00 5.326141357421875000e+00 8.141281127929687500e+00
1.449513763509657860e+09 1.379959106445312500e+00 5.326141357421875000e+00 8.141281127929687500e+00
1.449513763529799461e+09 1.379959106445312500e+00 5.326141357421875000e+00 8.144989013671875000e+00
1.449513763549941301e+09 1.379959106445312500e+00 5.326141357421875000e+00 8.151245117187500000e+00
1.449513763570082903e+09 1.365249633789062500e+00 5.326141357421875000e+00 8.141281127929687500e+00
1.449513763590224266e+09 1.379959106445312500e+00 5.326141357421875000e+00 8.124282836914062500e+00
1.449513763610365868e+09 1.379959106445312500e+00 5.326141357421875000e+00 8.154403686523437500e+00
1.449513763630507469e+09 1.379959106445312500e+00 5.326141357421875000e+00 8.141281127929687500e+00
1.449513763650649071e+09 1.379959106445312500e+00 5.326141357421875000e+00 8.141281127929687500e+00
1.449513763670790672e+09 1.379959106445312500e+00 5.326141357421875000e+00 8.137374877929687500e+00
1.449513763690932512e+09 1.379959106445312500e+00 5.326141357421875000e+00 8.131561279296875000e+00
1.449513763711074114e+09 1.365020751953125000e+00 5.341079711914062500e+00 8.141281127929687500e+00
1.449513763731215715e+09 1.379959106445312500e+00 5.326293945312500000e+00 8.179306030273437500e+00
1.449513763751357079e+09 1.379959106445312500e+00 5.338500976562500000e+00 8.148086547851562500e+00
1.449513763771498680e+09 1.379959106445312500e+00 5.338424682617187500e+00 8.160446166992187500e+00
1.449513763791640282e+09 1.379959106445312500e+00 5.327514648437500000e+00 8.124908447265625000e+00
1.449513763811781883e+09 1.379959106445312500e+00 5.326141357421875000e+00 8.137145996093750000e+00
1.449513763831923485e+09 1.379959106445312500e+00 5.326141357421875000e+00 8.131774902343750000e+00
1.449513763852065325e+09 1.379959106445312500e+00 5.341262817382812500e+00 8.141281127929687500e+00
1.449513763872206926e+09 1.379959106445312500e+00 5.343811035156250000e+00 8.141281127929687500e+00
1.449513763892348528e+09 1.379959106445312500e+00 5.326141357421875000e+00 8.141281127929687500e+00
1.449513763912489891e+09 1.379959106445312500e+00 5.338607788085937500e+00 8.128814697265625000e+00
1.449513763932631493e+09 1.397918701171875000e+00 5.327331542968750000e+00 8.140090942382812500e+00
1.449513763952773094e+09 1.375625610351562500e+00 5.340957641601562500e+00 8.141281127929687500e+00
1.449513763972914696e+09 1.360809326171875000e+00 5.335952758789062500e+00 8.141281127929687500e+00
1.449513763993056297e+09 1.376129150390625000e+00 5.329956054687500000e+00 8.141281127929687500e+00
1.449513764013198137e+09 1.397430419921875000e+00 5.326141357421875000e+00 8.142974853515625000e+00
1.449513764033339739e+09 1.379959106445312500e+00 5.326141357421875000e+00 8.153274536132812500e+00
1.449513764053481102e+09 1.379959106445312500e+00 5.326141357421875000e+00 8.128631591796875000e+00
1.449513764073622704e+09 1.379959106445312500e+00 5.326141357421875000e+00 8.157608032226562500e+00
1.449513764093764305e+09 1.379959106445312500e+00 5.326141357421875000e+00 8.145812988281250000e+00
1.449513764113905907e+09 1.369903564453125000e+00 5.326141357421875000e+00 8.150405883789062500e+00
1.449513764134047508e+09 1.360809326171875000e+00 5.341674804687500000e+00 8.125762939453125000e+00
1.449513764154189348e+09 1.399124145507812500e+00 5.343429565429687500e+00 8.141281127929687500e+00
1.449513764174330950e+09 1.391921997070312500e+00 5.333328247070312500e+00 8.148483276367187500e+00
1.449513764194472551e+09 1.379959106445312500e+00 5.333450317382812500e+00 8.148605346679687500e+00
1.449513764214613914e+09 1.361648559570312500e+00 5.326141357421875000e+00 8.141281127929687500e+00
1.449513764234755516e+09 1.379959106445312500e+00 5.330856323242187500e+00 8.160446166992187500e+00
1.449513764254897118e+09 1.379959106445312500e+00 5.335067749023437500e+00 8.150222778320312500e+00
1.449513764275038719e+09 1.379959106445312500e+00 5.326141357421875000e+00 8.125579833984375000e+00
1.449513764295180321e+09 1.382003784179687500e+00 5.326141357421875000e+00 8.141281127929687500e+00
1.449513764315322161e+09 1.399124145507812500e+00 5.333694458007812500e+00 8.141281127929687500e+00
1.449513764335463762e+09 1.386047363281250000e+00 5.332229614257812500e+00 8.141281127929687500e+00
1.449513764355605364e+09 1.379959106445312500e+00 5.344741821289062500e+00 8.159896850585937500e+00
1.449513764375746727e+09 1.379959106445312500e+00 5.326141357421875000e+00 8.141281127929687500e+00
1.449513764395888329e+09 1.369537353515625000e+00 5.326141357421875000e+00 8.141281127929687500e+00
1.449513764416029930e+09 1.376739501953125000e+00 5.326141357421875000e+00 8.157241821289062500e+00
1.449513764436171532e+09 1.379959106445312500e+00 5.345306396484375000e+00 8.139007568359375000e+00
1.449513764456313133e+09 1.372192382812500000e+00 5.337524414062500000e+00 8.129898071289062500e+00
1.449513764476454973e+09 1.360809326171875000e+00 5.326141357421875000e+00 8.141281127929687500e+00
1.449513764496596575e+09 1.360809326171875000e+00 5.326141357421875000e+00 8.141281127929687500e+00
1.449513764516737938e+09 1.374832153320312500e+00 5.326141357421875000e+00 8.141281127929687500e+00
1.449513764536879539e+09 1.371444702148437500e+00 5.315490722656250000e+00 8.141281127929687500e+00
1.449513764557021141e+09 1.363830566406250000e+00 5.339248657226562500e+00 8.125167846679687500e+00
1.449513764577162743e+09 1.377456665039062500e+00 5.326141357421875000e+00 8.141281127929687500e+00
1.449513764597304344e+09 1.368804931640625000e+00 5.326141357421875000e+00 8.141281127929687500e+00
1.449513764617446184e+09 1.366439819335937500e+00 5.339660644531250000e+00 8.141281127929687500e+00
1.449513764637587786e+09 1.360809326171875000e+00 5.326278686523437500e+00 8.141281127929687500e+00
1.449513764657729387e+09 1.373062133789062500e+00 5.338394165039062500e+00 8.141281127929687500e+00
1.449513764677870750e+09 1.379959106445312500e+00 5.334426879882812500e+00 8.152160644531250000e+00
1.449513764698012352e+09 1.379959106445312500e+00 5.326141357421875000e+00 8.144088745117187500e+00
1.449513764718153954e+09 1.379959106445312500e+00 5.342575073242187500e+00 8.141281127929687500e+00
1.449513764738295555e+09 1.379959106445312500e+00 5.334350585937500000e+00 8.133071899414062500e+00
1.449513764758437157e+09 1.379959106445312500e+00 5.332077026367187500e+00 8.135345458984375000e+00
1.449513764778578997e+09 1.379959106445312500e+00 5.307052612304687500e+00 8.141281127929687500e+00
1.449513764798720598e+09 1.379959106445312500e+00 5.326141357421875000e+00 8.146850585937500000e+00
1.449513764818861961e+09 1.379959106445312500e+00 5.326141357421875000e+00 8.149368286132812500e+00
1.449513764839003563e+09 1.396545410156250000e+00 5.342727661132812500e+00 8.124710083007812500e+00
1.449513764859145164e+09 1.377044677734375000e+00 5.342391967773437500e+00 8.144195556640625000e+00
1.449513764879286766e+09 1.369201660156250000e+00 5.326141357421875000e+00 8.143646240234375000e+00
1.449513764899428368e+09 1.379959106445312500e+00 5.326141357421875000e+00 8.149978637695312500e+00
1.449513764919570208e+09 1.379684448242187500e+00 5.345031738281250000e+00 8.141281127929687500e+00
1.449513764939711809e+09 1.366561889648437500e+00 5.326141357421875000e+00 8.141281127929687500e+00
1.449513764959853411e+09 1.368682861328125000e+00 5.337417602539062500e+00 8.130020141601562500e+00
1.449513764979994774e+09 1.377365112304687500e+00 5.345306396484375000e+00 8.138702392578125000e+00
1.449513765000136375e+09 1.379959106445312500e+00 5.329238891601562500e+00 8.144393920898437500e+00
1.449513765020277977e+09 1.379959106445312500e+00 5.345306396484375000e+00 8.151840209960937500e+00
1.449513765040419579e+09 1.379959106445312500e+00 5.331176757812500000e+00 8.155410766601562500e+00
1.449513765060561180e+09 1.380432128906250000e+00 5.326614379882812500e+00 8.159973144531250000e+00
1.449513765080703020e+09 1.393142700195312500e+00 5.345306396484375000e+00 8.141281127929687500e+00
1.449513765100844622e+09 1.379959106445312500e+00 5.333831787109375000e+00 8.129821777343750000e+00
1.449513765120986223e+09 1.363006591796875000e+00 5.343093872070312500e+00 8.139083862304687500e+00
1.449513765141127586e+09 1.379959106445312500e+00 5.341979980468750000e+00 8.128784179687500000e+00
1.449513765161269188e+09 1.379959106445312500e+00 5.326141357421875000e+00 8.151641845703125000e+00
1.449513765181410789e+09 1.379959106445312500e+00 5.326141357421875000e+00 8.126968383789062500e+00
1.449513765201552391e+09 1.379959106445312500e+00 5.326812744140625000e+00 8.141281127929687500e+00
1.449513765221693993e+09 1.379959106445312500e+00 5.345306396484375000e+00 8.147094726562500000e+00
1.449513765241835833e+09 1.379959106445312500e+00 5.345306396484375000e+00 8.149261474609375000e+00
1.449513765261977434e+09 1.379959106445312500e+00 5.345306396484375000e+00 8.141281127929687500e+00
1.449513765282118797e+09 1.379959106445312500e+00 5.326141357421875000e+00 8.137786865234375000e+00
1.449513765302260399e+09 1.379959106445312500e+00 5.326141357421875000e+00 8.140167236328125000e+00
1.449513765322402000e+09 1.394485473632812500e+00 5.340667724609375000e+00 8.160446166992187500e+00
1.449513765342543602e+09 1.399124145507812500e+00 5.335281372070312500e+00 8.150436401367187500e+00
1.449513765362685204e+09 1.386413574218750000e+00 5.332489013671875000e+00 8.134948730468750000e+00
1.449513765382827044e+09 1.372634887695312500e+00 5.345306396484375000e+00 8.122131347656250000e+00
1.449513765402968645e+09 1.379959106445312500e+00 5.327926635742187500e+00 8.156860351562500000e+00
1.449513765423110247e+09 1.376251220703125000e+00 5.329833984375000000e+00 8.141281127929687500e+00
1.449513765443251610e+09 1.369979858398437500e+00 5.336105346679687500e+00 8.141281127929687500e+00
1.449513765463393211e+09 1.365280151367187500e+00 5.326141357421875000e+00 8.155975341796875000e+00
1.449513765483534813e+09 1.378906250000000000e+00 5.344253540039062500e+00 8.140243530273437500e+00
1.449513765503676414e+09 1.367340087890625000e+00 5.319595336914062500e+00 8.128677368164062500e+00
1.449513765523818016e+09 1.391998291015625000e+00 5.331085205078125000e+00 8.141281127929687500e+00
1.449513765543959856e+09 1.381561279296875000e+00 5.327743530273437500e+00 8.141281127929687500e+00
1.449513765564101458e+09 1.383850097656250000e+00 5.326141357421875000e+00 8.137405395507812500e+00
1.449513765584243059e+09 1.389709472656250000e+00 5.335540771484375000e+00 8.131546020507812500e+00
1.449513765604384422e+09 1.379959106445312500e+00 5.330398559570312500e+00 8.141281127929687500e+00
1.449513765624526024e+09 1.362030029296875000e+00 5.344070434570312500e+00 8.142517089843750000e+00
1.449513765644667625e+09 1.379959106445312500e+00 5.332870483398437500e+00 8.153717041015625000e+00
1.449513765664809227e+09 1.379959106445312500e+00 5.333038330078125000e+00 8.141281127929687500e+00
1.449513765684950829e+09 1.379959106445312500e+00 5.343872070312500000e+00 8.123550415039062500e+00
1.449513765705092669e+09 1.379959106445312500e+00 5.330200195312500000e+00 8.156387329101562500e+00
1.449513765725234270e+09 1.379959106445312500e+00 5.345306396484375000e+00 8.131729125976562500e+00
1.449513765745375633e+09 1.379959106445312500e+00 5.345306396484375000e+00 8.129669189453125000e+00
1.449513765765517235e+09 1.379959106445312500e+00 5.345306396484375000e+00 8.139877319335937500e+00
1.449513765785658836e+09 1.386856079101562500e+00 5.338394165039062500e+00 8.122131347656250000e+00
1.449513765805800438e+09 1.375732421875000000e+00 5.326141357421875000e+00 8.133819580078125000e+00
1.449513765825942039e+09 1.378601074218750000e+00 5.326141357421875000e+00 8.159103393554687500e+00
1.449513765846083879e+09 1.379959106445312500e+00 5.326141357421875000e+00 8.141281127929687500e+00
1.449513765866225481e+09 1.379959106445312500e+00 5.326141357421875000e+00 8.141281127929687500e+00
1.449513765886367083e+09 1.379959106445312500e+00 5.326141357421875000e+00 8.141281127929687500e+00
1.449513765906508446e+09 1.396057128906250000e+00 5.345306396484375000e+00 8.158920288085937500e+00
1.449513765926650047e+09 1.367279052734375000e+00 5.345306396484375000e+00 8.141281127929687500e+00
1.449513765946791649e+09 1.379959106445312500e+00 5.320129394531250000e+00 8.153884887695312500e+00
1.449513765966933250e+09 1.379959106445312500e+00 5.325057983398437500e+00 8.142379760742187500e+00
1.449513765987074852e+09 1.379959106445312500e+00 5.340850830078125000e+00 8.156005859375000000e+00
1.449513766007216692e+09 1.370025634765625000e+00 5.336074829101562500e+00 8.131362915039062500e+00
1.449513766027358294e+09 1.360809326171875000e+00 5.345306396484375000e+00 8.137588500976562500e+00
1.449513766047499895e+09 1.379959106445312500e+00 5.326141357421875000e+00 8.160446166992187500e+00
1.449513766067641258e+09 1.387237548828125000e+00 5.333419799804687500e+00 8.153167724609375000e+00
1.449513766087782860e+09 1.386322021484375000e+00 5.332504272460937500e+00 8.141281127929687500e+00
1.449513766107924461e+09 1.379959106445312500e+00 5.344436645507812500e+00 8.141281127929687500e+00
1.449513766128066063e+09 1.379959106445312500e+00 5.345306396484375000e+00 8.145919799804687500e+00
1.449513766148207903e+09 1.379959106445312500e+00 5.335174560546875000e+00 8.160446166992187500e+00
1.449513766168349504e+09 1.379959106445312500e+00 5.326141357421875000e+00 8.129180908203125000e+00
1.449513766188491106e+09 1.381927490234375000e+00 5.345306396484375000e+00 8.141281127929687500e+00
1.449513766208632469e+09 1.391647338867187500e+00 5.337829589843750000e+00 8.141281127929687500e+00
1.449513766228774071e+09 1.379959106445312500e+00 5.339126586914062500e+00 8.141281127929687500e+00
1.449513766248915672e+09 1.379959106445312500e+00 5.326812744140625000e+00 8.159774780273437500e+00
1.449513766269057274e+09 1.394470214843750000e+00 5.345306396484375000e+00 8.126785278320312500e+00
1.449513766289198875e+09 1.379959106445312500e+00 5.334991455078125000e+00 8.141281127929687500e+00
1.449513766309340715e+09 1.379959106445312500e+00 5.341964721679687500e+00 8.141281127929687500e+00
1.449513766329482317e+09 1.379959106445312500e+00 5.326141357421875000e+00 8.141281127929687500e+00
1.449513766349623919e+09 1.379959106445312500e+00 5.326141357421875000e+00 8.148941040039062500e+00
1.449513766369765282e+09 1.379959106445312500e+00 5.326141357421875000e+00 8.147308349609375000e+00
1.449513766389906883e+09 1.379959106445312500e+00 5.326141357421875000e+00 8.141281127929687500e+00
1.449513766410048485e+09 1.379959106445312500e+00 5.331146240234375000e+00 8.155441284179687500e+00
1.449513766430190086e+09 1.379959106445312500e+00 5.334777832031250000e+00 8.141281127929687500e+00
1.449513766450331688e+09 1.379959106445312500e+00 5.326141357421875000e+00 8.141281127929687500e+00
1.449513766470473528e+09 1.379959106445312500e+00 5.328491210937500000e+00 8.158096313476562500e+00
1.449513766490615129e+09 1.383880615234375000e+00 5.341369628906250000e+00 8.141281127929687500e+00
1.449513766510756493e+09 1.396224975585937500e+00 5.329025268554687500e+00 8.141281127929687500e+00
1.449513766530898094e+09 1.380249023437500000e+00 5.326141357421875000e+00 8.160156250000000000e+00
1.449513766551039696e+09 1.385147094726562500e+00 5.345306396484375000e+00 8.141281127929687500e+00
1.449513766571181297e+09 1.388427734375000000e+00 5.345306396484375000e+00 8.141281127929687500e+00
1.449513766591322899e+09 1.396163940429687500e+00 5.329086303710937500e+00 8.141281127929687500e+00
1.449513766611464739e+09 1.379959106445312500e+00 5.342758178710937500e+00 8.141281127929687500e+00
1.449513766631606340e+09 1.379959106445312500e+00 5.334167480468750000e+00 8.149322509765625000e+00
1.449513766651747942e+09 1.379959106445312500e+00 5.331741333007812500e+00 8.146896362304687500e+00
1.449513766671889305e+09 1.399002075195312500e+00 5.345184326171875000e+00 8.141281127929687500e+00
1.449513766692030907e+09 1.379959106445312500e+00 5.326141357421875000e+00 8.141281127929687500e+00
1.449513766712172508e+09 1.379959106445312500e+00 5.337020874023437500e+00 8.141281127929687500e+00
1.449513766732314110e+09 1.379959106445312500e+00 5.345306396484375000e+00 8.157684326171875000e+00
1.449513766752455711e+09 1.377227783203125000e+00 5.328857421875000000e+00 8.157730102539062500e+00
1.449513766772597551e+09 1.369033813476562500e+00 5.345306396484375000e+00 8.141281127929687500e+00
1.449513766792739153e+09 1.379959106445312500e+00 5.331558227539062500e+00 8.155029296875000000e+00
1.449513766812880754e+09 1.379882812500000000e+00 5.345230102539062500e+00 8.141281127929687500e+00
1.449513766833022118e+09 1.366333007812500000e+00 5.326141357421875000e+00 8.141281127929687500e+00
1.449513766853163719e+09 1.379959106445312500e+00 5.337112426757812500e+00 8.152267456054687500e+00
1.449513766873305321e+09 1.379959106445312500e+00 5.328704833984375000e+00 8.143859863281250000e+00
1.449513766893446922e+09 1.377029418945312500e+00 5.326141357421875000e+00 8.160446166992187500e+00
1.449513766913588524e+09 1.369232177734375000e+00 5.334579467773437500e+00 8.152008056640625000e+00
1.449513766933730364e+09 1.379959106445312500e+00 5.345306396484375000e+00 8.141281127929687500e+00
1.449513766953871965e+09 1.379959106445312500e+00 5.326141357421875000e+00 8.122131347656250000e+00
1.449513766974013329e+09 1.379959106445312500e+00 5.331069946289062500e+00 8.146224975585937500e+00
1.449513766994154930e+09 1.368682861328125000e+00 5.345306396484375000e+00 8.149169921875000000e+00
1.449513767014296532e+09 1.377563476562500000e+00 5.328521728515625000e+00 8.141281127929687500e+00
1.449513767034438133e+09 1.376846313476562500e+00 5.326141357421875000e+00 8.160446166992187500e+00
1.449513767054579735e+09 1.369430541992187500e+00 5.334762573242187500e+00 8.151824951171875000e+00
1.449513767074721575e+09 1.393417358398437500e+00 5.331832885742187500e+00 8.127838134765625000e+00
1.449513767094863176e+09 1.361251831054687500e+00 5.326583862304687500e+00 8.141738891601562500e+00
1.449513767115004778e+09 1.379959106445312500e+00 5.339355468750000000e+00 8.154510498046875000e+00
1.449513767135146141e+09 1.368499755859375000e+00 5.326141357421875000e+00 8.141281127929687500e+00
1.449513767155287743e+09 1.377746582031250000e+00 5.343093872070312500e+00 8.141281127929687500e+00
1.449513767175429344e+09 1.379959106445312500e+00 5.345306396484375000e+00 8.157165527343750000e+00
1.449513767195570946e+09 1.379959106445312500e+00 5.345306396484375000e+00 8.141281127929687500e+00
1.449513767215712547e+09 1.379959106445312500e+00 5.330993652343750000e+00 8.141281127929687500e+00
1.449513767235854387e+09 1.379959106445312500e+00 5.345306396484375000e+00 8.141921997070312500e+00
1.449513767255995989e+09 1.386093139648437500e+00 5.345306396484375000e+00 8.154312133789062500e+00
1.449513767276137590e+09 1.387466430664062500e+00 5.333648681640625000e+00 8.152938842773437500e+00
1.449513767296278954e+09 1.379959106445312500e+00 5.326141357421875000e+00 8.160446166992187500e+00
1.449513767316420555e+09 1.379959106445312500e+00 5.329605102539062500e+00 8.141281127929687500e+00
1.449513767336562157e+09 1.379959106445312500e+00 5.345306396484375000e+00 8.141281127929687500e+00
1.449513767356703758e+09 1.365463256835937500e+00 5.330810546875000000e+00 8.141281127929687500e+00
1.449513767376845598e+09 1.379959106445312500e+00 5.326141357421875000e+00 8.141281127929687500e+00
1.449513767396987200e+09 1.379959106445312500e+00 5.326141357421875000e+00 8.141281127929687500e+00
1.449513767417128801e+09 1.379959106445312500e+00 5.326141357421875000e+00 8.141281127929687500e+00
1.449513767437270164e+09 1.379959106445312500e+00 5.326141357421875000e+00 8.141281127929687500e+00
1.449513767457411766e+09 1.376251220703125000e+00 5.341598510742187500e+00 8.156753540039062500e+00
1.449513767477553368e+09 1.360809326171875000e+00 5.326141357421875000e+00 8.150482177734375000e+00
1.449513767497694969e+09 1.375503540039062500e+00 5.326141357421875000e+00 8.145736694335937500e+00
1.449513767517836571e+09 1.361816406250000000e+00 5.326141357421875000e+00 8.142303466796875000e+00
1.449513767537978411e+09 1.379959106445312500e+00 5.331985473632812500e+00 8.148757934570312500e+00
1.449513767558120012e+09 1.379959106445312500e+00 5.345306396484375000e+00 8.133697509765625000e+00
1.449513767578261614e+09 1.397506713867187500e+00 5.327743530273437500e+00 8.141281127929687500e+00
1.449513767598402977e+09 1.379959106445312500e+00 5.326141357421875000e+00 8.160446166992187500e+00
1.449513767618544579e+09 1.370574951171875000e+00 5.326141357421875000e+00 8.160446166992187500e+00
1.449513767638686180e+09 1.375656127929687500e+00 5.326141357421875000e+00 8.145584106445312500e+00
1.449513767658827782e+09 1.379959106445312500e+00 5.326141357421875000e+00 8.122177124023437500e+00
1.449513767678969383e+09 1.373229980468750000e+00 5.326141357421875000e+00 8.141281127929687500e+00
1.449513767699111223e+09 1.373001098632812500e+00 5.338348388671875000e+00 8.141281127929687500e+00
1.449513767719252825e+09 1.379959106445312500e+00 5.345306396484375000e+00 8.158996582031250000e+00
1.449513767739394188e+09 1.379959106445312500e+00 5.326141357421875000e+00 8.141281127929687500e+00
1.449513767759535789e+09 1.379959106445312500e+00 5.326141357421875000e+00 8.150833129882812500e+00
1.449513767779677391e+09 1.379959106445312500e+00 5.341186523437500000e+00 8.145401000976562500e+00
1.449513767799818993e+09 1.362213134765625000e+00 5.345306396484375000e+00 8.142715454101562500e+00
1.449513767819960594e+09 1.379959106445312500e+00 5.338394165039062500e+00 8.153549194335937500e+00
1.449513767840102434e+09 1.379959106445312500e+00 5.338531494140625000e+00 8.141281127929687500e+00
1.449513767860244036e+09 1.379959106445312500e+00 5.345306396484375000e+00 8.159179687500000000e+00
1.449513767880385637e+09 1.379959106445312500e+00 5.326141357421875000e+00 8.145553588867187500e+00
1.449513767900527000e+09 1.379959106445312500e+00 5.326141357421875000e+00 8.150695800781250000e+00
1.449513767920668602e+09 1.379959106445312500e+00 5.326141357421875000e+00 8.126052856445312500e+00
1.449513767940810204e+09 1.399124145507812500e+00 5.327743530273437500e+00 8.123748779296875000e+00
1.449513767960951805e+09 1.384933471679687500e+00 5.338195800781250000e+00 8.134201049804687500e+00
1.449513767981093407e+09 1.360809326171875000e+00 5.338745117187500000e+00 8.134750366210937500e+00
1.449513768001235247e+09 1.378036499023437500e+00 5.345306396484375000e+00 8.158538818359375000e+00
1.449513768021376848e+09 1.394668579101562500e+00 5.326141357421875000e+00 8.141281127929687500e+00
1.449513768041518450e+09 1.379959106445312500e+00 5.336090087890625000e+00 8.141281127929687500e+00
1.449513768061659813e+09 1.379959106445312500e+00 5.329833984375000000e+00 8.141281127929687500e+00
1.449513768081801414e+09 1.379959106445312500e+00 5.327926635742187500e+00 8.156875610351562500e+00
1.449513768101943016e+09 1.379959106445312500e+00 5.345306396484375000e+00 8.122131347656250000e+00
1.449513768122084618e+09 1.379959106445312500e+00 5.333557128906250000e+00 8.122131347656250000e+00
1.449513768142226219e+09 1.379959106445312500e+00 5.326141357421875000e+00 8.158599853515625000e+00
1.449513768162368059e+09 1.360809326171875000e+00 5.340667724609375000e+00 8.155822753906250000e+00
1.449513768182509661e+09 1.370941162109375000e+00 5.326141357421875000e+00 8.141281127929687500e+00
1.449513768202651024e+09 1.379959106445312500e+00 5.341781616210937500e+00 8.141281127929687500e+00
1.449513768222792625e+09 1.379959106445312500e+00 5.327957153320312500e+00 8.141281127929687500e+00
1.449513768242934227e+09 1.373611450195312500e+00 5.338958740234375000e+00 8.153976440429687500e+00
1.449513768263075829e+09 1.360809326171875000e+00 5.326141357421875000e+00 8.153686523437500000e+00
1.449513768283217430e+09 1.379272460937500000e+00 5.326141357421875000e+00 8.141281127929687500e+00
1.449513768303359270e+09 1.379959106445312500e+00 5.330947875976562500e+00 8.141281127929687500e+00
1.449513768323500872e+09 1.379959106445312500e+00 5.334991455078125000e+00 8.130981445312500000e+00
1.449513768343642473e+09 1.379959106445312500e+00 5.341934204101562500e+00 8.153732299804687500e+00
1.449513768363783836e+09 1.382095336914062500e+00 5.345306396484375000e+00 8.141281127929687500e+00
1.449513768383925438e+09 1.391616821289062500e+00 5.345306396484375000e+00 8.148788452148437500e+00
1.449513768404067039e+09 1.393096923828125000e+00 5.332153320312500000e+00 8.160446166992187500e+00
1.449513768424208641e+09 1.380432128906250000e+00 5.344818115234375000e+00 8.141769409179687500e+00
1.449513768444350243e+09 1.379959106445312500e+00 5.345306396484375000e+00 8.141281127929687500e+00
1.449513768464492083e+09 1.369430541992187500e+00 5.345306396484375000e+00 8.151824951171875000e+00
1.449513768484633684e+09 1.376815795898437500e+00 5.329269409179687500e+00 8.144424438476562500e+00
1.449513768504775286e+09 1.363159179687500000e+00 5.326141357421875000e+00 8.141281127929687500e+00
1.449513768524916649e+09 1.379959106445312500e+00 5.333999633789062500e+00 8.141281127929687500e+00
1.449513768545058250e+09 1.379959106445312500e+00 5.345306396484375000e+00 8.141281127929687500e+00
1.449513768565199852e+09 1.361099243164062500e+00 5.345306396484375000e+00 8.160156250000000000e+00
1.449513768585341454e+09 1.375091552734375000e+00 5.340423583984375000e+00 8.160446166992187500e+00
1.449513768605483294e+09 1.371520996093750000e+00 5.336853027343750000e+00 8.149734497070312500e+00
1.449513768625624895e+09 1.379959106445312500e+00 5.329086303710937500e+00 8.141281127929687500e+00
1.449513768645766497e+09 1.379959106445312500e+00 5.331283569335937500e+00 8.141281127929687500e+00
1.449513768665907860e+09 1.388015747070312500e+00 5.356384277343750000e+00 8.141281127929687500e+00
1.449513768686049461e+09 1.385894775390625000e+00 5.332077026367187500e+00 8.141281127929687500e+00
1.449513768706191063e+09 1.379959106445312500e+00 5.343414306640625000e+00 8.141281127929687500e+00
1.449513768726332664e+09 1.371582031250000000e+00 5.339904785156250000e+00 8.141281127929687500e+00
1.449513768746474266e+09 1.388214111328125000e+00 5.326141357421875000e+00 8.152191162109375000e+00
1.449513768766616106e+09 1.379959106445312500e+00 5.342529296875000000e+00 8.144058227539062500e+00
1.449513768786757708e+09 1.363525390625000000e+00 5.326141357421875000e+00 8.127609252929687500e+00
1.449513768806899309e+09 1.371704101562500000e+00 5.326141357421875000e+00 8.143951416015625000e+00
1.449513768827040672e+09 1.360809326171875000e+00 5.326141357421875000e+00 8.135879516601562500e+00
1.449513768847182274e+09 1.360946655273437500e+00 5.345306396484375000e+00 8.141357421875000000e+00
1.449513768867323875e+09 1.393539428710937500e+00 5.345306396484375000e+00 8.154876708984375000e+00
1.449513768887465477e+09 1.379959106445312500e+00 5.334197998046875000e+00 8.141281127929687500e+00
1.449513768907607079e+09 1.379959106445312500e+00 5.326141357421875000e+00 8.124710083007812500e+00
1.449513768927748919e+09 1.376998901367187500e+00 5.332031250000000000e+00 8.144241333007812500e+00
1.449513768947890520e+09 1.369232177734375000e+00 5.356018066406250000e+00 8.152008056640625000e+00
1.449513768968031883e+09 1.379959106445312500e+00 5.331359863281250000e+00 8.141281127929687500e+00
1.449513768988173485e+09 1.379959106445312500e+00 5.326141357421875000e+00 8.141281127929687500e+00
1.449513769008315086e+09 1.379959106445312500e+00 5.331924438476562500e+00 8.141281127929687500e+00
1.449513769028456688e+09 1.379959106445312500e+00 5.345306396484375000e+00 8.141281127929687500e+00
1.449513769048598289e+09 1.379959106445312500e+00 5.328491210937500000e+00 8.141281127929687500e+00
1.449513769068740129e+09 1.363937377929687500e+00 5.329269409179687500e+00 8.141281127929687500e+00
1.449513769088881731e+09 1.379959106445312500e+00 5.336669921875000000e+00 8.141281127929687500e+00
1.449513769109023333e+09 1.365814208984375000e+00 5.340286254882812500e+00 8.155441284179687500e+00
1.449513769129164696e+09 1.398635864257812500e+00 5.326141357421875000e+00 8.141769409179687500e+00
1.449513769149306297e+09 1.379959106445312500e+00 5.329132080078125000e+00 8.157455444335937500e+00
1.449513769169447899e+09 1.379959106445312500e+00 5.341461181640625000e+00 8.145126342773437500e+00
1.449513769189589500e+09 1.396942138671875000e+00 5.328308105468750000e+00 8.141281127929687500e+00
1.449513769209731102e+09 1.395751953125000000e+00 5.345306396484375000e+00 8.160446166992187500e+00
1.449513769229872942e+09 1.379959106445312500e+00 5.345306396484375000e+00 8.151596069335937500e+00
1.449513769250014544e+09 1.379959106445312500e+00 5.359634399414062500e+00 8.141281127929687500e+00
